,Dual_Value
cons[火电机组分段中标量约束_0_0_0],-250.61399999999958
cons[火电机组分段中标量约束_0_0_1],-222.76800000000003
cons[火电机组分段中标量约束_0_0_2],-194.92199999999957
cons[火电机组分段中标量约束_0_0_3],-167.0759999999991
cons[火电机组分段中标量约束_0_0_4],-139.22999999999956
cons[火电机组分段中标量约束_0_0_5],-111.3839999999991
cons[火电机组分段中标量约束_0_0_6],-83.53799999999956
cons[火电机组分段中标量约束_0_0_7],-55.69200000000001
cons[火电机组分段中标量约束_0_0_8],-27.84599999999955
cons[火电机组分段中标量约束_0_0_9],0.0
cons[火电机组出力之和约束_0_0],-5810.349999999999
cons[火电机组分段中标量约束_0_1_0],-250.61399999999958
cons[火电机组分段中标量约束_0_1_1],-222.76800000000003
cons[火电机组分段中标量约束_0_1_2],-194.92199999999957
cons[火电机组分段中标量约束_0_1_3],-167.0759999999991
cons[火电机组分段中标量约束_0_1_4],-139.22999999999956
cons[火电机组分段中标量约束_0_1_5],-111.3839999999991
cons[火电机组分段中标量约束_0_1_6],-83.53799999999956
cons[火电机组分段中标量约束_0_1_7],-55.69200000000001
cons[火电机组分段中标量约束_0_1_8],-27.84599999999955
cons[火电机组分段中标量约束_0_1_9],0.0
cons[火电机组出力之和约束_0_1],-5810.349999999999
cons[火电机组分段中标量约束_0_2_0],-250.61399999999958
cons[火电机组分段中标量约束_0_2_1],-222.76800000000003
cons[火电机组分段中标量约束_0_2_2],-194.92199999999957
cons[火电机组分段中标量约束_0_2_3],-167.0759999999991
cons[火电机组分段中标量约束_0_2_4],-139.22999999999956
cons[火电机组分段中标量约束_0_2_5],-111.3839999999991
cons[火电机组分段中标量约束_0_2_6],-83.53799999999956
cons[火电机组分段中标量约束_0_2_7],-55.69200000000001
cons[火电机组分段中标量约束_0_2_8],-27.84599999999955
cons[火电机组分段中标量约束_0_2_9],0.0
cons[火电机组出力之和约束_0_2],-5810.349999999999
cons[火电机组分段中标量约束_0_3_0],-558.3760000000002
cons[火电机组分段中标量约束_0_3_1],-530.5300000000007
cons[火电机组分段中标量约束_0_3_2],-502.6840000000002
cons[火电机组分段中标量约束_0_3_3],-474.83799999999974
cons[火电机组分段中标量约束_0_3_4],-446.9920000000002
cons[火电机组分段中标量约束_0_3_5],-419.14599999999973
cons[火电机组分段中标量约束_0_3_6],-391.3000000000002
cons[火电机组分段中标量约束_0_3_7],-363.45400000000063
cons[火电机组分段中标量约束_0_3_8],-335.6080000000002
cons[火电机组分段中标量约束_0_3_9],-307.7620000000006
cons[火电机组出力之和约束_0_3],-6118.112
cons[火电机组分段中标量约束_0_4_0],-548.2749999999996
cons[火电机组分段中标量约束_0_4_1],-520.4290000000001
cons[火电机组分段中标量约束_0_4_2],-492.58299999999963
cons[火电机组分段中标量约束_0_4_3],-464.73699999999917
cons[火电机组分段中标量约束_0_4_4],-436.8909999999996
cons[火电机组分段中标量约束_0_4_5],-409.04499999999916
cons[火电机组分段中标量约束_0_4_6],-381.1989999999996
cons[火电机组分段中标量约束_0_4_7],-353.35300000000007
cons[火电机组分段中标量约束_0_4_8],-325.5069999999996
cons[火电机组分段中标量约束_0_4_9],-297.66100000000006
cons[火电机组出力之和约束_0_4],-6108.0109999999995
cons[火电机组分段中标量约束_0_5_0],-323.6870000000008
cons[火电机组分段中标量约束_0_5_1],-295.84100000000126
cons[火电机组分段中标量约束_0_5_2],-267.9950000000008
cons[火电机组分段中标量约束_0_5_3],-240.14900000000034
cons[火电机组分段中标量约束_0_5_4],-212.3030000000008
cons[火电机组分段中标量约束_0_5_5],-184.45700000000033
cons[火电机组分段中标量约束_0_5_6],-156.6110000000008
cons[火电机组分段中标量约束_0_5_7],-128.76500000000124
cons[火电机组分段中标量约束_0_5_8],-100.91900000000078
cons[火电机组分段中标量约束_0_5_9],-73.07300000000123
cons[火电机组出力之和约束_0_5],-5883.423000000001
cons[火电机组分段中标量约束_0_6_0],-250.61399999999958
cons[火电机组分段中标量约束_0_6_1],-222.76800000000003
cons[火电机组分段中标量约束_0_6_2],-194.92199999999957
cons[火电机组分段中标量约束_0_6_3],-167.0759999999991
cons[火电机组分段中标量约束_0_6_4],-139.22999999999956
cons[火电机组分段中标量约束_0_6_5],-111.3839999999991
cons[火电机组分段中标量约束_0_6_6],-83.53799999999956
cons[火电机组分段中标量约束_0_6_7],-55.69200000000001
cons[火电机组分段中标量约束_0_6_8],-27.84599999999955
cons[火电机组分段中标量约束_0_6_9],0.0
cons[火电机组出力之和约束_0_6],-5810.349999999999
cons[火电机组分段中标量约束_0_7_0],-222.76800000000003
cons[火电机组分段中标量约束_0_7_1],-194.92200000000048
cons[火电机组分段中标量约束_0_7_2],-167.07600000000002
cons[火电机组分段中标量约束_0_7_3],-139.22999999999956
cons[火电机组分段中标量约束_0_7_4],-111.38400000000001
cons[火电机组分段中标量约束_0_7_5],-83.53799999999956
cons[火电机组分段中标量约束_0_7_6],-55.69200000000001
cons[火电机组分段中标量约束_0_7_7],-27.84600000000046
cons[火电机组分段中标量约束_0_7_8],0.0
cons[火电机组分段中标量约束_0_7_9],0.0
cons[火电机组出力之和约束_0_7],-5782.504
cons[火电机组分段中标量约束_0_8_0],-167.07600000000002
cons[火电机组分段中标量约束_0_8_1],-139.23000000000047
cons[火电机组分段中标量约束_0_8_2],-111.38400000000001
cons[火电机组分段中标量约束_0_8_3],-83.53799999999956
cons[火电机组分段中标量约束_0_8_4],-55.69200000000001
cons[火电机组分段中标量约束_0_8_5],-27.84599999999955
cons[火电机组分段中标量约束_0_8_6],0.0
cons[火电机组分段中标量约束_0_8_7],0.0
cons[火电机组分段中标量约束_0_8_8],0.0
cons[火电机组分段中标量约束_0_8_9],0.0
cons[火电机组出力之和约束_0_8],-5726.812
cons[火电机组分段中标量约束_0_9_0],-139.23000000000047
cons[火电机组分段中标量约束_0_9_1],-111.38400000000092
cons[火电机组分段中标量约束_0_9_2],-83.53800000000047
cons[火电机组分段中标量约束_0_9_3],-55.69200000000001
cons[火电机组分段中标量约束_0_9_4],-27.84600000000046
cons[火电机组分段中标量约束_0_9_5],0.0
cons[火电机组分段中标量约束_0_9_6],0.0
cons[火电机组分段中标量约束_0_9_7],0.0
cons[火电机组分段中标量约束_0_9_8],0.0
cons[火电机组分段中标量约束_0_9_9],0.0
cons[火电机组出力之和约束_0_9],-5698.966
cons[火电机组分段中标量约束_0_10_0],-111.38400000000001
cons[火电机组分段中标量约束_0_10_1],-83.53800000000047
cons[火电机组分段中标量约束_0_10_2],-55.69200000000001
cons[火电机组分段中标量约束_0_10_3],-27.84599999999955
cons[火电机组分段中标量约束_0_10_4],0.0
cons[火电机组分段中标量约束_0_10_5],0.0
cons[火电机组分段中标量约束_0_10_6],0.0
cons[火电机组分段中标量约束_0_10_7],0.0
cons[火电机组分段中标量约束_0_10_8],0.0
cons[火电机组分段中标量约束_0_10_9],0.0
cons[火电机组出力之和约束_0_10],-5671.12
cons[火电机组分段中标量约束_0_11_0],-83.53800000000047
cons[火电机组分段中标量约束_0_11_1],-55.69200000000092
cons[火电机组分段中标量约束_0_11_2],-27.84600000000046
cons[火电机组分段中标量约束_0_11_3],0.0
cons[火电机组分段中标量约束_0_11_4],0.0
cons[火电机组分段中标量约束_0_11_5],0.0
cons[火电机组分段中标量约束_0_11_6],0.0
cons[火电机组分段中标量约束_0_11_7],0.0
cons[火电机组分段中标量约束_0_11_8],0.0
cons[火电机组分段中标量约束_0_11_9],0.0
cons[火电机组出力之和约束_0_11],-5643.274
cons[火电机组分段中标量约束_0_12_0],-83.53800000000047
cons[火电机组分段中标量约束_0_12_1],-55.69200000000092
cons[火电机组分段中标量约束_0_12_2],-27.84600000000046
cons[火电机组分段中标量约束_0_12_3],0.0
cons[火电机组分段中标量约束_0_12_4],0.0
cons[火电机组分段中标量约束_0_12_5],0.0
cons[火电机组分段中标量约束_0_12_6],0.0
cons[火电机组分段中标量约束_0_12_7],0.0
cons[火电机组分段中标量约束_0_12_8],0.0
cons[火电机组分段中标量约束_0_12_9],0.0
cons[火电机组出力之和约束_0_12],-5643.274
cons[火电机组分段中标量约束_0_13_0],-83.53800000000047
cons[火电机组分段中标量约束_0_13_1],-55.69200000000092
cons[火电机组分段中标量约束_0_13_2],-27.84600000000046
cons[火电机组分段中标量约束_0_13_3],0.0
cons[火电机组分段中标量约束_0_13_4],0.0
cons[火电机组分段中标量约束_0_13_5],0.0
cons[火电机组分段中标量约束_0_13_6],0.0
cons[火电机组分段中标量约束_0_13_7],0.0
cons[火电机组分段中标量约束_0_13_8],0.0
cons[火电机组分段中标量约束_0_13_9],0.0
cons[火电机组出力之和约束_0_13],-5643.274
cons[火电机组分段中标量约束_0_14_0],-83.53800000000047
cons[火电机组分段中标量约束_0_14_1],-55.69200000000092
cons[火电机组分段中标量约束_0_14_2],-27.84600000000046
cons[火电机组分段中标量约束_0_14_3],0.0
cons[火电机组分段中标量约束_0_14_4],0.0
cons[火电机组分段中标量约束_0_14_5],0.0
cons[火电机组分段中标量约束_0_14_6],0.0
cons[火电机组分段中标量约束_0_14_7],0.0
cons[火电机组分段中标量约束_0_14_8],0.0
cons[火电机组分段中标量约束_0_14_9],0.0
cons[火电机组出力之和约束_0_14],-5643.274
cons[火电机组分段中标量约束_0_15_0],-83.53800000000047
cons[火电机组分段中标量约束_0_15_1],-55.69200000000092
cons[火电机组分段中标量约束_0_15_2],-27.84600000000046
cons[火电机组分段中标量约束_0_15_3],0.0
cons[火电机组分段中标量约束_0_15_4],0.0
cons[火电机组分段中标量约束_0_15_5],0.0
cons[火电机组分段中标量约束_0_15_6],0.0
cons[火电机组分段中标量约束_0_15_7],0.0
cons[火电机组分段中标量约束_0_15_8],0.0
cons[火电机组分段中标量约束_0_15_9],0.0
cons[火电机组出力之和约束_0_15],-5643.274
cons[火电机组分段中标量约束_0_16_0],-83.53800000000047
cons[火电机组分段中标量约束_0_16_1],-55.69200000000092
cons[火电机组分段中标量约束_0_16_2],-27.84600000000046
cons[火电机组分段中标量约束_0_16_3],0.0
cons[火电机组分段中标量约束_0_16_4],0.0
cons[火电机组分段中标量约束_0_16_5],0.0
cons[火电机组分段中标量约束_0_16_6],0.0
cons[火电机组分段中标量约束_0_16_7],0.0
cons[火电机组分段中标量约束_0_16_8],0.0
cons[火电机组分段中标量约束_0_16_9],0.0
cons[火电机组出力之和约束_0_16],-5643.274
cons[火电机组分段中标量约束_0_17_0],-83.53800000000047
cons[火电机组分段中标量约束_0_17_1],-55.69200000000092
cons[火电机组分段中标量约束_0_17_2],-27.84600000000046
cons[火电机组分段中标量约束_0_17_3],0.0
cons[火电机组分段中标量约束_0_17_4],0.0
cons[火电机组分段中标量约束_0_17_5],0.0
cons[火电机组分段中标量约束_0_17_6],0.0
cons[火电机组分段中标量约束_0_17_7],0.0
cons[火电机组分段中标量约束_0_17_8],0.0
cons[火电机组分段中标量约束_0_17_9],0.0
cons[火电机组出力之和约束_0_17],-5643.274
cons[火电机组分段中标量约束_0_18_0],-83.53800000000047
cons[火电机组分段中标量约束_0_18_1],-55.69200000000092
cons[火电机组分段中标量约束_0_18_2],-27.84600000000046
cons[火电机组分段中标量约束_0_18_3],0.0
cons[火电机组分段中标量约束_0_18_4],0.0
cons[火电机组分段中标量约束_0_18_5],0.0
cons[火电机组分段中标量约束_0_18_6],0.0
cons[火电机组分段中标量约束_0_18_7],0.0
cons[火电机组分段中标量约束_0_18_8],0.0
cons[火电机组分段中标量约束_0_18_9],0.0
cons[火电机组出力之和约束_0_18],-5643.274
cons[火电机组分段中标量约束_0_19_0],-83.53800000000047
cons[火电机组分段中标量约束_0_19_1],-55.69200000000092
cons[火电机组分段中标量约束_0_19_2],-27.84600000000046
cons[火电机组分段中标量约束_0_19_3],0.0
cons[火电机组分段中标量约束_0_19_4],0.0
cons[火电机组分段中标量约束_0_19_5],0.0
cons[火电机组分段中标量约束_0_19_6],0.0
cons[火电机组分段中标量约束_0_19_7],0.0
cons[火电机组分段中标量约束_0_19_8],0.0
cons[火电机组分段中标量约束_0_19_9],0.0
cons[火电机组出力之和约束_0_19],-5643.274
cons[火电机组分段中标量约束_0_20_0],-83.53800000000047
cons[火电机组分段中标量约束_0_20_1],-55.69200000000092
cons[火电机组分段中标量约束_0_20_2],-27.84600000000046
cons[火电机组分段中标量约束_0_20_3],0.0
cons[火电机组分段中标量约束_0_20_4],0.0
cons[火电机组分段中标量约束_0_20_5],0.0
cons[火电机组分段中标量约束_0_20_6],0.0
cons[火电机组分段中标量约束_0_20_7],0.0
cons[火电机组分段中标量约束_0_20_8],0.0
cons[火电机组分段中标量约束_0_20_9],0.0
cons[火电机组出力之和约束_0_20],-5643.274
cons[火电机组分段中标量约束_0_21_0],-111.38400000000001
cons[火电机组分段中标量约束_0_21_1],-83.53800000000047
cons[火电机组分段中标量约束_0_21_2],-55.69200000000001
cons[火电机组分段中标量约束_0_21_3],-27.84599999999955
cons[火电机组分段中标量约束_0_21_4],0.0
cons[火电机组分段中标量约束_0_21_5],0.0
cons[火电机组分段中标量约束_0_21_6],0.0
cons[火电机组分段中标量约束_0_21_7],0.0
cons[火电机组分段中标量约束_0_21_8],0.0
cons[火电机组分段中标量约束_0_21_9],0.0
cons[火电机组出力之和约束_0_21],-5671.12
cons[火电机组分段中标量约束_0_22_0],-194.92199999999957
cons[火电机组分段中标量约束_0_22_1],-167.07600000000002
cons[火电机组分段中标量约束_0_22_2],-139.22999999999956
cons[火电机组分段中标量约束_0_22_3],-111.3839999999991
cons[火电机组分段中标量约束_0_22_4],-83.53799999999956
cons[火电机组分段中标量约束_0_22_5],-55.6919999999991
cons[火电机组分段中标量约束_0_22_6],-27.84599999999955
cons[火电机组分段中标量约束_0_22_7],0.0
cons[火电机组分段中标量约束_0_22_8],0.0
cons[火电机组分段中标量约束_0_22_9],0.0
cons[火电机组出力之和约束_0_22],-5754.657999999999
cons[火电机组分段中标量约束_0_23_0],-167.07600000000002
cons[火电机组分段中标量约束_0_23_1],-139.23000000000047
cons[火电机组分段中标量约束_0_23_2],-111.38400000000001
cons[火电机组分段中标量约束_0_23_3],-83.53799999999956
cons[火电机组分段中标量约束_0_23_4],-55.69200000000001
cons[火电机组分段中标量约束_0_23_5],-27.84599999999955
cons[火电机组分段中标量约束_0_23_6],0.0
cons[火电机组分段中标量约束_0_23_7],0.0
cons[火电机组分段中标量约束_0_23_8],0.0
cons[火电机组分段中标量约束_0_23_9],0.0
cons[火电机组出力之和约束_0_23],-5726.812
cons[火电机组分段中标量约束_0_24_0],-194.92199999999957
cons[火电机组分段中标量约束_0_24_1],-167.07600000000002
cons[火电机组分段中标量约束_0_24_2],-139.22999999999956
cons[火电机组分段中标量约束_0_24_3],-111.3839999999991
cons[火电机组分段中标量约束_0_24_4],-83.53799999999956
cons[火电机组分段中标量约束_0_24_5],-55.6919999999991
cons[火电机组分段中标量约束_0_24_6],-27.84599999999955
cons[火电机组分段中标量约束_0_24_7],0.0
cons[火电机组分段中标量约束_0_24_8],0.0
cons[火电机组分段中标量约束_0_24_9],0.0
cons[火电机组出力之和约束_0_24],-5754.657999999999
cons[火电机组分段中标量约束_0_25_0],-194.92199999999957
cons[火电机组分段中标量约束_0_25_1],-167.07600000000002
cons[火电机组分段中标量约束_0_25_2],-139.22999999999956
cons[火电机组分段中标量约束_0_25_3],-111.3839999999991
cons[火电机组分段中标量约束_0_25_4],-83.53799999999956
cons[火电机组分段中标量约束_0_25_5],-55.6919999999991
cons[火电机组分段中标量约束_0_25_6],-27.84599999999955
cons[火电机组分段中标量约束_0_25_7],0.0
cons[火电机组分段中标量约束_0_25_8],0.0
cons[火电机组分段中标量约束_0_25_9],0.0
cons[火电机组出力之和约束_0_25],-5754.657999999999
cons[火电机组分段中标量约束_0_26_0],-328.14599999999973
cons[火电机组分段中标量约束_0_26_1],-300.3000000000002
cons[火电机组分段中标量约束_0_26_2],-272.4539999999997
cons[火电机组分段中标量约束_0_26_3],-244.60799999999927
cons[火电机组分段中标量约束_0_26_4],-216.76199999999972
cons[火电机组分段中标量约束_0_26_5],-188.91599999999926
cons[火电机组分段中标量约束_0_26_6],-161.0699999999997
cons[火电机组分段中标量约束_0_26_7],-133.22400000000016
cons[火电机组分段中标量约束_0_26_8],-105.3779999999997
cons[火电机组分段中标量约束_0_26_9],-77.53200000000015
cons[火电机组出力之和约束_0_26],-5887.882
cons[火电机组分段中标量约束_0_27_0],-250.61399999999958
cons[火电机组分段中标量约束_0_27_1],-222.76800000000003
cons[火电机组分段中标量约束_0_27_2],-194.92199999999957
cons[火电机组分段中标量约束_0_27_3],-167.0759999999991
cons[火电机组分段中标量约束_0_27_4],-139.22999999999956
cons[火电机组分段中标量约束_0_27_5],-111.3839999999991
cons[火电机组分段中标量约束_0_27_6],-83.53799999999956
cons[火电机组分段中标量约束_0_27_7],-55.69200000000001
cons[火电机组分段中标量约束_0_27_8],-27.84599999999955
cons[火电机组分段中标量约束_0_27_9],0.0
cons[火电机组出力之和约束_0_27],-5810.349999999999
cons[火电机组分段中标量约束_0_28_0],-250.61399999999958
cons[火电机组分段中标量约束_0_28_1],-222.76800000000003
cons[火电机组分段中标量约束_0_28_2],-194.92199999999957
cons[火电机组分段中标量约束_0_28_3],-167.0759999999991
cons[火电机组分段中标量约束_0_28_4],-139.22999999999956
cons[火电机组分段中标量约束_0_28_5],-111.3839999999991
cons[火电机组分段中标量约束_0_28_6],-83.53799999999956
cons[火电机组分段中标量约束_0_28_7],-55.69200000000001
cons[火电机组分段中标量约束_0_28_8],-27.84599999999955
cons[火电机组分段中标量约束_0_28_9],0.0
cons[火电机组出力之和约束_0_28],-5810.349999999999
cons[火电机组分段中标量约束_0_29_0],-250.61399999999958
cons[火电机组分段中标量约束_0_29_1],-222.76800000000003
cons[火电机组分段中标量约束_0_29_2],-194.92199999999957
cons[火电机组分段中标量约束_0_29_3],-167.0759999999991
cons[火电机组分段中标量约束_0_29_4],-139.22999999999956
cons[火电机组分段中标量约束_0_29_5],-111.3839999999991
cons[火电机组分段中标量约束_0_29_6],-83.53799999999956
cons[火电机组分段中标量约束_0_29_7],-55.69200000000001
cons[火电机组分段中标量约束_0_29_8],-27.84599999999955
cons[火电机组分段中标量约束_0_29_9],0.0
cons[火电机组出力之和约束_0_29],-5810.349999999999
cons[火电机组分段中标量约束_0_30_0],-250.61399999999958
cons[火电机组分段中标量约束_0_30_1],-222.76800000000003
cons[火电机组分段中标量约束_0_30_2],-194.92199999999957
cons[火电机组分段中标量约束_0_30_3],-167.0759999999991
cons[火电机组分段中标量约束_0_30_4],-139.22999999999956
cons[火电机组分段中标量约束_0_30_5],-111.3839999999991
cons[火电机组分段中标量约束_0_30_6],-83.53799999999956
cons[火电机组分段中标量约束_0_30_7],-55.69200000000001
cons[火电机组分段中标量约束_0_30_8],-27.84599999999955
cons[火电机组分段中标量约束_0_30_9],0.0
cons[火电机组出力之和约束_0_30],-5810.349999999999
cons[火电机组分段中标量约束_0_31_0],-548.2749999999996
cons[火电机组分段中标量约束_0_31_1],-520.4290000000001
cons[火电机组分段中标量约束_0_31_2],-492.58299999999963
cons[火电机组分段中标量约束_0_31_3],-464.73699999999917
cons[火电机组分段中标量约束_0_31_4],-436.8909999999996
cons[火电机组分段中标量约束_0_31_5],-409.04499999999916
cons[火电机组分段中标量约束_0_31_6],-381.1989999999996
cons[火电机组分段中标量约束_0_31_7],-353.35300000000007
cons[火电机组分段中标量约束_0_31_8],-325.5069999999996
cons[火电机组分段中标量约束_0_31_9],-297.66100000000006
cons[火电机组出力之和约束_0_31],-6108.0109999999995
cons[火电机组分段中标量约束_0_32_0],-250.61399999999958
cons[火电机组分段中标量约束_0_32_1],-222.76800000000003
cons[火电机组分段中标量约束_0_32_2],-194.92199999999957
cons[火电机组分段中标量约束_0_32_3],-167.0759999999991
cons[火电机组分段中标量约束_0_32_4],-139.22999999999956
cons[火电机组分段中标量约束_0_32_5],-111.3839999999991
cons[火电机组分段中标量约束_0_32_6],-83.53799999999956
cons[火电机组分段中标量约束_0_32_7],-55.69200000000001
cons[火电机组分段中标量约束_0_32_8],-27.84599999999955
cons[火电机组分段中标量约束_0_32_9],0.0
cons[火电机组出力之和约束_0_32],-5810.349999999999
cons[火电机组分段中标量约束_0_33_0],-250.61399999999958
cons[火电机组分段中标量约束_0_33_1],-222.76800000000003
cons[火电机组分段中标量约束_0_33_2],-194.92199999999957
cons[火电机组分段中标量约束_0_33_3],-167.0759999999991
cons[火电机组分段中标量约束_0_33_4],-139.22999999999956
cons[火电机组分段中标量约束_0_33_5],-111.3839999999991
cons[火电机组分段中标量约束_0_33_6],-83.53799999999956
cons[火电机组分段中标量约束_0_33_7],-55.69200000000001
cons[火电机组分段中标量约束_0_33_8],-27.84599999999955
cons[火电机组分段中标量约束_0_33_9],0.0
cons[火电机组出力之和约束_0_33],-5810.349999999999
cons[火电机组分段中标量约束_0_34_0],-250.61399999999958
cons[火电机组分段中标量约束_0_34_1],-222.76800000000003
cons[火电机组分段中标量约束_0_34_2],-194.92199999999957
cons[火电机组分段中标量约束_0_34_3],-167.0759999999991
cons[火电机组分段中标量约束_0_34_4],-139.22999999999956
cons[火电机组分段中标量约束_0_34_5],-111.3839999999991
cons[火电机组分段中标量约束_0_34_6],-83.53799999999956
cons[火电机组分段中标量约束_0_34_7],-55.69200000000001
cons[火电机组分段中标量约束_0_34_8],-27.84599999999955
cons[火电机组分段中标量约束_0_34_9],0.0
cons[火电机组出力之和约束_0_34],-5810.349999999999
cons[火电机组分段中标量约束_0_35_0],-250.61399999999958
cons[火电机组分段中标量约束_0_35_1],-222.76800000000003
cons[火电机组分段中标量约束_0_35_2],-194.92199999999957
cons[火电机组分段中标量约束_0_35_3],-167.0759999999991
cons[火电机组分段中标量约束_0_35_4],-139.22999999999956
cons[火电机组分段中标量约束_0_35_5],-111.3839999999991
cons[火电机组分段中标量约束_0_35_6],-83.53799999999956
cons[火电机组分段中标量约束_0_35_7],-55.69200000000001
cons[火电机组分段中标量约束_0_35_8],-27.84599999999955
cons[火电机组分段中标量约束_0_35_9],0.0
cons[火电机组出力之和约束_0_35],-5810.349999999999
cons[火电机组分段中标量约束_0_36_0],-250.61399999999958
cons[火电机组分段中标量约束_0_36_1],-222.76800000000003
cons[火电机组分段中标量约束_0_36_2],-194.92199999999957
cons[火电机组分段中标量约束_0_36_3],-167.0759999999991
cons[火电机组分段中标量约束_0_36_4],-139.22999999999956
cons[火电机组分段中标量约束_0_36_5],-111.3839999999991
cons[火电机组分段中标量约束_0_36_6],-83.53799999999956
cons[火电机组分段中标量约束_0_36_7],-55.69200000000001
cons[火电机组分段中标量约束_0_36_8],-27.84599999999955
cons[火电机组分段中标量约束_0_36_9],0.0
cons[火电机组出力之和约束_0_36],-5810.349999999999
cons[火电机组分段中标量约束_0_37_0],-250.61399999999958
cons[火电机组分段中标量约束_0_37_1],-222.76800000000003
cons[火电机组分段中标量约束_0_37_2],-194.92199999999957
cons[火电机组分段中标量约束_0_37_3],-167.0759999999991
cons[火电机组分段中标量约束_0_37_4],-139.22999999999956
cons[火电机组分段中标量约束_0_37_5],-111.3839999999991
cons[火电机组分段中标量约束_0_37_6],-83.53799999999956
cons[火电机组分段中标量约束_0_37_7],-55.69200000000001
cons[火电机组分段中标量约束_0_37_8],-27.84599999999955
cons[火电机组分段中标量约束_0_37_9],0.0
cons[火电机组出力之和约束_0_37],-5810.349999999999
cons[火电机组分段中标量约束_0_38_0],-250.61399999999958
cons[火电机组分段中标量约束_0_38_1],-222.76800000000003
cons[火电机组分段中标量约束_0_38_2],-194.92199999999957
cons[火电机组分段中标量约束_0_38_3],-167.0759999999991
cons[火电机组分段中标量约束_0_38_4],-139.22999999999956
cons[火电机组分段中标量约束_0_38_5],-111.3839999999991
cons[火电机组分段中标量约束_0_38_6],-83.53799999999956
cons[火电机组分段中标量约束_0_38_7],-55.69200000000001
cons[火电机组分段中标量约束_0_38_8],-27.84599999999955
cons[火电机组分段中标量约束_0_38_9],0.0
cons[火电机组出力之和约束_0_38],-5810.349999999999
cons[火电机组分段中标量约束_0_39_0],-250.61399999999958
cons[火电机组分段中标量约束_0_39_1],-222.76800000000003
cons[火电机组分段中标量约束_0_39_2],-194.92199999999957
cons[火电机组分段中标量约束_0_39_3],-167.0759999999991
cons[火电机组分段中标量约束_0_39_4],-139.22999999999956
cons[火电机组分段中标量约束_0_39_5],-111.3839999999991
cons[火电机组分段中标量约束_0_39_6],-83.53799999999956
cons[火电机组分段中标量约束_0_39_7],-55.69200000000001
cons[火电机组分段中标量约束_0_39_8],-27.84599999999955
cons[火电机组分段中标量约束_0_39_9],0.0
cons[火电机组出力之和约束_0_39],-5810.349999999999
cons[火电机组分段中标量约束_0_40_0],-250.61399999999958
cons[火电机组分段中标量约束_0_40_1],-222.76800000000003
cons[火电机组分段中标量约束_0_40_2],-194.92199999999957
cons[火电机组分段中标量约束_0_40_3],-167.0759999999991
cons[火电机组分段中标量约束_0_40_4],-139.22999999999956
cons[火电机组分段中标量约束_0_40_5],-111.3839999999991
cons[火电机组分段中标量约束_0_40_6],-83.53799999999956
cons[火电机组分段中标量约束_0_40_7],-55.69200000000001
cons[火电机组分段中标量约束_0_40_8],-27.84599999999955
cons[火电机组分段中标量约束_0_40_9],0.0
cons[火电机组出力之和约束_0_40],-5810.349999999999
cons[火电机组分段中标量约束_0_41_0],-250.61399999999958
cons[火电机组分段中标量约束_0_41_1],-222.76800000000003
cons[火电机组分段中标量约束_0_41_2],-194.92199999999957
cons[火电机组分段中标量约束_0_41_3],-167.0759999999991
cons[火电机组分段中标量约束_0_41_4],-139.22999999999956
cons[火电机组分段中标量约束_0_41_5],-111.3839999999991
cons[火电机组分段中标量约束_0_41_6],-83.53799999999956
cons[火电机组分段中标量约束_0_41_7],-55.69200000000001
cons[火电机组分段中标量约束_0_41_8],-27.84599999999955
cons[火电机组分段中标量约束_0_41_9],0.0
cons[火电机组出力之和约束_0_41],-5810.349999999999
cons[火电机组分段中标量约束_0_42_0],-250.61399999999958
cons[火电机组分段中标量约束_0_42_1],-222.76800000000003
cons[火电机组分段中标量约束_0_42_2],-194.92199999999957
cons[火电机组分段中标量约束_0_42_3],-167.0759999999991
cons[火电机组分段中标量约束_0_42_4],-139.22999999999956
cons[火电机组分段中标量约束_0_42_5],-111.3839999999991
cons[火电机组分段中标量约束_0_42_6],-83.53799999999956
cons[火电机组分段中标量约束_0_42_7],-55.69200000000001
cons[火电机组分段中标量约束_0_42_8],-27.84599999999955
cons[火电机组分段中标量约束_0_42_9],0.0
cons[火电机组出力之和约束_0_42],-5810.349999999999
cons[火电机组分段中标量约束_0_43_0],-250.61399999999958
cons[火电机组分段中标量约束_0_43_1],-222.76800000000003
cons[火电机组分段中标量约束_0_43_2],-194.92199999999957
cons[火电机组分段中标量约束_0_43_3],-167.0759999999991
cons[火电机组分段中标量约束_0_43_4],-139.22999999999956
cons[火电机组分段中标量约束_0_43_5],-111.3839999999991
cons[火电机组分段中标量约束_0_43_6],-83.53799999999956
cons[火电机组分段中标量约束_0_43_7],-55.69200000000001
cons[火电机组分段中标量约束_0_43_8],-27.84599999999955
cons[火电机组分段中标量约束_0_43_9],0.0
cons[火电机组出力之和约束_0_43],-5810.349999999999
cons[火电机组分段中标量约束_0_44_0],-250.61399999999958
cons[火电机组分段中标量约束_0_44_1],-222.76800000000003
cons[火电机组分段中标量约束_0_44_2],-194.92199999999957
cons[火电机组分段中标量约束_0_44_3],-167.0759999999991
cons[火电机组分段中标量约束_0_44_4],-139.22999999999956
cons[火电机组分段中标量约束_0_44_5],-111.3839999999991
cons[火电机组分段中标量约束_0_44_6],-83.53799999999956
cons[火电机组分段中标量约束_0_44_7],-55.69200000000001
cons[火电机组分段中标量约束_0_44_8],-27.84599999999955
cons[火电机组分段中标量约束_0_44_9],0.0
cons[火电机组出力之和约束_0_44],-5810.349999999999
cons[火电机组分段中标量约束_0_45_0],-250.61399999999958
cons[火电机组分段中标量约束_0_45_1],-222.76800000000003
cons[火电机组分段中标量约束_0_45_2],-194.92199999999957
cons[火电机组分段中标量约束_0_45_3],-167.0759999999991
cons[火电机组分段中标量约束_0_45_4],-139.22999999999956
cons[火电机组分段中标量约束_0_45_5],-111.3839999999991
cons[火电机组分段中标量约束_0_45_6],-83.53799999999956
cons[火电机组分段中标量约束_0_45_7],-55.69200000000001
cons[火电机组分段中标量约束_0_45_8],-27.84599999999955
cons[火电机组分段中标量约束_0_45_9],0.0
cons[火电机组出力之和约束_0_45],-5810.349999999999
cons[火电机组分段中标量约束_0_46_0],-250.61399999999958
cons[火电机组分段中标量约束_0_46_1],-222.76800000000003
cons[火电机组分段中标量约束_0_46_2],-194.92199999999957
cons[火电机组分段中标量约束_0_46_3],-167.0759999999991
cons[火电机组分段中标量约束_0_46_4],-139.22999999999956
cons[火电机组分段中标量约束_0_46_5],-111.3839999999991
cons[火电机组分段中标量约束_0_46_6],-83.53799999999956
cons[火电机组分段中标量约束_0_46_7],-55.69200000000001
cons[火电机组分段中标量约束_0_46_8],-27.84599999999955
cons[火电机组分段中标量约束_0_46_9],0.0
cons[火电机组出力之和约束_0_46],-5810.349999999999
cons[火电机组分段中标量约束_0_47_0],-250.61399999999958
cons[火电机组分段中标量约束_0_47_1],-222.76800000000003
cons[火电机组分段中标量约束_0_47_2],-194.92199999999957
cons[火电机组分段中标量约束_0_47_3],-167.0759999999991
cons[火电机组分段中标量约束_0_47_4],-139.22999999999956
cons[火电机组分段中标量约束_0_47_5],-111.3839999999991
cons[火电机组分段中标量约束_0_47_6],-83.53799999999956
cons[火电机组分段中标量约束_0_47_7],-55.69200000000001
cons[火电机组分段中标量约束_0_47_8],-27.84599999999955
cons[火电机组分段中标量约束_0_47_9],0.0
cons[火电机组出力之和约束_0_47],-5810.349999999999
cons[火电机组分段中标量约束_0_48_0],-250.61399999999958
cons[火电机组分段中标量约束_0_48_1],-222.76800000000003
cons[火电机组分段中标量约束_0_48_2],-194.92199999999957
cons[火电机组分段中标量约束_0_48_3],-167.0759999999991
cons[火电机组分段中标量约束_0_48_4],-139.22999999999956
cons[火电机组分段中标量约束_0_48_5],-111.3839999999991
cons[火电机组分段中标量约束_0_48_6],-83.53799999999956
cons[火电机组分段中标量约束_0_48_7],-55.69200000000001
cons[火电机组分段中标量约束_0_48_8],-27.84599999999955
cons[火电机组分段中标量约束_0_48_9],0.0
cons[火电机组出力之和约束_0_48],-5810.349999999999
cons[火电机组分段中标量约束_0_49_0],-250.61399999999958
cons[火电机组分段中标量约束_0_49_1],-222.76800000000003
cons[火电机组分段中标量约束_0_49_2],-194.92199999999957
cons[火电机组分段中标量约束_0_49_3],-167.0759999999991
cons[火电机组分段中标量约束_0_49_4],-139.22999999999956
cons[火电机组分段中标量约束_0_49_5],-111.3839999999991
cons[火电机组分段中标量约束_0_49_6],-83.53799999999956
cons[火电机组分段中标量约束_0_49_7],-55.69200000000001
cons[火电机组分段中标量约束_0_49_8],-27.84599999999955
cons[火电机组分段中标量约束_0_49_9],0.0
cons[火电机组出力之和约束_0_49],-5810.349999999999
cons[火电机组分段中标量约束_0_50_0],-250.61399999999958
cons[火电机组分段中标量约束_0_50_1],-222.76800000000003
cons[火电机组分段中标量约束_0_50_2],-194.92199999999957
cons[火电机组分段中标量约束_0_50_3],-167.0759999999991
cons[火电机组分段中标量约束_0_50_4],-139.22999999999956
cons[火电机组分段中标量约束_0_50_5],-111.3839999999991
cons[火电机组分段中标量约束_0_50_6],-83.53799999999956
cons[火电机组分段中标量约束_0_50_7],-55.69200000000001
cons[火电机组分段中标量约束_0_50_8],-27.84599999999955
cons[火电机组分段中标量约束_0_50_9],0.0
cons[火电机组出力之和约束_0_50],-5810.349999999999
cons[火电机组分段中标量约束_0_51_0],-250.61399999999958
cons[火电机组分段中标量约束_0_51_1],-222.76800000000003
cons[火电机组分段中标量约束_0_51_2],-194.92199999999957
cons[火电机组分段中标量约束_0_51_3],-167.0759999999991
cons[火电机组分段中标量约束_0_51_4],-139.22999999999956
cons[火电机组分段中标量约束_0_51_5],-111.3839999999991
cons[火电机组分段中标量约束_0_51_6],-83.53799999999956
cons[火电机组分段中标量约束_0_51_7],-55.69200000000001
cons[火电机组分段中标量约束_0_51_8],-27.84599999999955
cons[火电机组分段中标量约束_0_51_9],0.0
cons[火电机组出力之和约束_0_51],-5810.349999999999
cons[火电机组分段中标量约束_0_52_0],-250.61399999999958
cons[火电机组分段中标量约束_0_52_1],-222.76800000000003
cons[火电机组分段中标量约束_0_52_2],-194.92199999999957
cons[火电机组分段中标量约束_0_52_3],-167.0759999999991
cons[火电机组分段中标量约束_0_52_4],-139.22999999999956
cons[火电机组分段中标量约束_0_52_5],-111.3839999999991
cons[火电机组分段中标量约束_0_52_6],-83.53799999999956
cons[火电机组分段中标量约束_0_52_7],-55.69200000000001
cons[火电机组分段中标量约束_0_52_8],-27.84599999999955
cons[火电机组分段中标量约束_0_52_9],0.0
cons[火电机组出力之和约束_0_52],-5810.349999999999
cons[火电机组分段中标量约束_0_53_0],-250.61399999999958
cons[火电机组分段中标量约束_0_53_1],-222.76800000000003
cons[火电机组分段中标量约束_0_53_2],-194.92199999999957
cons[火电机组分段中标量约束_0_53_3],-167.0759999999991
cons[火电机组分段中标量约束_0_53_4],-139.22999999999956
cons[火电机组分段中标量约束_0_53_5],-111.3839999999991
cons[火电机组分段中标量约束_0_53_6],-83.53799999999956
cons[火电机组分段中标量约束_0_53_7],-55.69200000000001
cons[火电机组分段中标量约束_0_53_8],-27.84599999999955
cons[火电机组分段中标量约束_0_53_9],0.0
cons[火电机组出力之和约束_0_53],-5810.349999999999
cons[火电机组分段中标量约束_0_54_0],-250.61399999999958
cons[火电机组分段中标量约束_0_54_1],-222.76800000000003
cons[火电机组分段中标量约束_0_54_2],-194.92199999999957
cons[火电机组分段中标量约束_0_54_3],-167.0759999999991
cons[火电机组分段中标量约束_0_54_4],-139.22999999999956
cons[火电机组分段中标量约束_0_54_5],-111.3839999999991
cons[火电机组分段中标量约束_0_54_6],-83.53799999999956
cons[火电机组分段中标量约束_0_54_7],-55.69200000000001
cons[火电机组分段中标量约束_0_54_8],-27.84599999999955
cons[火电机组分段中标量约束_0_54_9],0.0
cons[火电机组出力之和约束_0_54],-5810.349999999999
cons[火电机组分段中标量约束_0_55_0],-250.61399999999958
cons[火电机组分段中标量约束_0_55_1],-222.76800000000003
cons[火电机组分段中标量约束_0_55_2],-194.92199999999957
cons[火电机组分段中标量约束_0_55_3],-167.0759999999991
cons[火电机组分段中标量约束_0_55_4],-139.22999999999956
cons[火电机组分段中标量约束_0_55_5],-111.3839999999991
cons[火电机组分段中标量约束_0_55_6],-83.53799999999956
cons[火电机组分段中标量约束_0_55_7],-55.69200000000001
cons[火电机组分段中标量约束_0_55_8],-27.84599999999955
cons[火电机组分段中标量约束_0_55_9],0.0
cons[火电机组出力之和约束_0_55],-5810.349999999999
cons[火电机组分段中标量约束_0_56_0],-250.61399999999958
cons[火电机组分段中标量约束_0_56_1],-222.76800000000003
cons[火电机组分段中标量约束_0_56_2],-194.92199999999957
cons[火电机组分段中标量约束_0_56_3],-167.0759999999991
cons[火电机组分段中标量约束_0_56_4],-139.22999999999956
cons[火电机组分段中标量约束_0_56_5],-111.3839999999991
cons[火电机组分段中标量约束_0_56_6],-83.53799999999956
cons[火电机组分段中标量约束_0_56_7],-55.69200000000001
cons[火电机组分段中标量约束_0_56_8],-27.84599999999955
cons[火电机组分段中标量约束_0_56_9],0.0
cons[火电机组出力之和约束_0_56],-5810.349999999999
cons[火电机组分段中标量约束_0_57_0],-250.61399999999958
cons[火电机组分段中标量约束_0_57_1],-222.76800000000003
cons[火电机组分段中标量约束_0_57_2],-194.92199999999957
cons[火电机组分段中标量约束_0_57_3],-167.0759999999991
cons[火电机组分段中标量约束_0_57_4],-139.22999999999956
cons[火电机组分段中标量约束_0_57_5],-111.3839999999991
cons[火电机组分段中标量约束_0_57_6],-83.53799999999956
cons[火电机组分段中标量约束_0_57_7],-55.69200000000001
cons[火电机组分段中标量约束_0_57_8],-27.84599999999955
cons[火电机组分段中标量约束_0_57_9],0.0
cons[火电机组出力之和约束_0_57],-5810.349999999999
cons[火电机组分段中标量约束_0_58_0],-250.61399999999958
cons[火电机组分段中标量约束_0_58_1],-222.76800000000003
cons[火电机组分段中标量约束_0_58_2],-194.92199999999957
cons[火电机组分段中标量约束_0_58_3],-167.0759999999991
cons[火电机组分段中标量约束_0_58_4],-139.22999999999956
cons[火电机组分段中标量约束_0_58_5],-111.3839999999991
cons[火电机组分段中标量约束_0_58_6],-83.53799999999956
cons[火电机组分段中标量约束_0_58_7],-55.69200000000001
cons[火电机组分段中标量约束_0_58_8],-27.84599999999955
cons[火电机组分段中标量约束_0_58_9],0.0
cons[火电机组出力之和约束_0_58],-5810.349999999999
cons[火电机组分段中标量约束_0_59_0],-250.61399999999958
cons[火电机组分段中标量约束_0_59_1],-222.76800000000003
cons[火电机组分段中标量约束_0_59_2],-194.92199999999957
cons[火电机组分段中标量约束_0_59_3],-167.0759999999991
cons[火电机组分段中标量约束_0_59_4],-139.22999999999956
cons[火电机组分段中标量约束_0_59_5],-111.3839999999991
cons[火电机组分段中标量约束_0_59_6],-83.53799999999956
cons[火电机组分段中标量约束_0_59_7],-55.69200000000001
cons[火电机组分段中标量约束_0_59_8],-27.84599999999955
cons[火电机组分段中标量约束_0_59_9],0.0
cons[火电机组出力之和约束_0_59],-5810.349999999999
cons[火电机组分段中标量约束_0_60_0],-250.61399999999958
cons[火电机组分段中标量约束_0_60_1],-222.76800000000003
cons[火电机组分段中标量约束_0_60_2],-194.92199999999957
cons[火电机组分段中标量约束_0_60_3],-167.0759999999991
cons[火电机组分段中标量约束_0_60_4],-139.22999999999956
cons[火电机组分段中标量约束_0_60_5],-111.3839999999991
cons[火电机组分段中标量约束_0_60_6],-83.53799999999956
cons[火电机组分段中标量约束_0_60_7],-55.69200000000001
cons[火电机组分段中标量约束_0_60_8],-27.84599999999955
cons[火电机组分段中标量约束_0_60_9],0.0
cons[火电机组出力之和约束_0_60],-5810.349999999999
cons[火电机组分段中标量约束_0_61_0],-250.61399999999958
cons[火电机组分段中标量约束_0_61_1],-222.76800000000003
cons[火电机组分段中标量约束_0_61_2],-194.92199999999957
cons[火电机组分段中标量约束_0_61_3],-167.0759999999991
cons[火电机组分段中标量约束_0_61_4],-139.22999999999956
cons[火电机组分段中标量约束_0_61_5],-111.3839999999991
cons[火电机组分段中标量约束_0_61_6],-83.53799999999956
cons[火电机组分段中标量约束_0_61_7],-55.69200000000001
cons[火电机组分段中标量约束_0_61_8],-27.84599999999955
cons[火电机组分段中标量约束_0_61_9],0.0
cons[火电机组出力之和约束_0_61],-5810.349999999999
cons[火电机组分段中标量约束_0_62_0],-250.61399999999958
cons[火电机组分段中标量约束_0_62_1],-222.76800000000003
cons[火电机组分段中标量约束_0_62_2],-194.92199999999957
cons[火电机组分段中标量约束_0_62_3],-167.0759999999991
cons[火电机组分段中标量约束_0_62_4],-139.22999999999956
cons[火电机组分段中标量约束_0_62_5],-111.3839999999991
cons[火电机组分段中标量约束_0_62_6],-83.53799999999956
cons[火电机组分段中标量约束_0_62_7],-55.69200000000001
cons[火电机组分段中标量约束_0_62_8],-27.84599999999955
cons[火电机组分段中标量约束_0_62_9],0.0
cons[火电机组出力之和约束_0_62],-5810.349999999999
cons[火电机组分段中标量约束_0_63_0],-250.61399999999958
cons[火电机组分段中标量约束_0_63_1],-222.76800000000003
cons[火电机组分段中标量约束_0_63_2],-194.92199999999957
cons[火电机组分段中标量约束_0_63_3],-167.0759999999991
cons[火电机组分段中标量约束_0_63_4],-139.22999999999956
cons[火电机组分段中标量约束_0_63_5],-111.3839999999991
cons[火电机组分段中标量约束_0_63_6],-83.53799999999956
cons[火电机组分段中标量约束_0_63_7],-55.69200000000001
cons[火电机组分段中标量约束_0_63_8],-27.84599999999955
cons[火电机组分段中标量约束_0_63_9],0.0
cons[火电机组出力之和约束_0_63],-5810.349999999999
cons[火电机组分段中标量约束_0_64_0],-250.61399999999958
cons[火电机组分段中标量约束_0_64_1],-222.76800000000003
cons[火电机组分段中标量约束_0_64_2],-194.92199999999957
cons[火电机组分段中标量约束_0_64_3],-167.0759999999991
cons[火电机组分段中标量约束_0_64_4],-139.22999999999956
cons[火电机组分段中标量约束_0_64_5],-111.3839999999991
cons[火电机组分段中标量约束_0_64_6],-83.53799999999956
cons[火电机组分段中标量约束_0_64_7],-55.69200000000001
cons[火电机组分段中标量约束_0_64_8],-27.84599999999955
cons[火电机组分段中标量约束_0_64_9],0.0
cons[火电机组出力之和约束_0_64],-5810.349999999999
cons[火电机组分段中标量约束_0_65_0],-250.61399999999958
cons[火电机组分段中标量约束_0_65_1],-222.76800000000003
cons[火电机组分段中标量约束_0_65_2],-194.92199999999957
cons[火电机组分段中标量约束_0_65_3],-167.0759999999991
cons[火电机组分段中标量约束_0_65_4],-139.22999999999956
cons[火电机组分段中标量约束_0_65_5],-111.3839999999991
cons[火电机组分段中标量约束_0_65_6],-83.53799999999956
cons[火电机组分段中标量约束_0_65_7],-55.69200000000001
cons[火电机组分段中标量约束_0_65_8],-27.84599999999955
cons[火电机组分段中标量约束_0_65_9],0.0
cons[火电机组出力之和约束_0_65],-5810.349999999999
cons[火电机组分段中标量约束_0_66_0],-250.61399999999958
cons[火电机组分段中标量约束_0_66_1],-222.76800000000003
cons[火电机组分段中标量约束_0_66_2],-194.92199999999957
cons[火电机组分段中标量约束_0_66_3],-167.0759999999991
cons[火电机组分段中标量约束_0_66_4],-139.22999999999956
cons[火电机组分段中标量约束_0_66_5],-111.3839999999991
cons[火电机组分段中标量约束_0_66_6],-83.53799999999956
cons[火电机组分段中标量约束_0_66_7],-55.69200000000001
cons[火电机组分段中标量约束_0_66_8],-27.84599999999955
cons[火电机组分段中标量约束_0_66_9],0.0
cons[火电机组出力之和约束_0_66],-5810.349999999999
cons[火电机组分段中标量约束_0_67_0],-250.61399999999958
cons[火电机组分段中标量约束_0_67_1],-222.76800000000003
cons[火电机组分段中标量约束_0_67_2],-194.92199999999957
cons[火电机组分段中标量约束_0_67_3],-167.0759999999991
cons[火电机组分段中标量约束_0_67_4],-139.22999999999956
cons[火电机组分段中标量约束_0_67_5],-111.3839999999991
cons[火电机组分段中标量约束_0_67_6],-83.53799999999956
cons[火电机组分段中标量约束_0_67_7],-55.69200000000001
cons[火电机组分段中标量约束_0_67_8],-27.84599999999955
cons[火电机组分段中标量约束_0_67_9],0.0
cons[火电机组出力之和约束_0_67],-5810.349999999999
cons[火电机组分段中标量约束_0_68_0],-250.61399999999958
cons[火电机组分段中标量约束_0_68_1],-222.76800000000003
cons[火电机组分段中标量约束_0_68_2],-194.92199999999957
cons[火电机组分段中标量约束_0_68_3],-167.0759999999991
cons[火电机组分段中标量约束_0_68_4],-139.22999999999956
cons[火电机组分段中标量约束_0_68_5],-111.3839999999991
cons[火电机组分段中标量约束_0_68_6],-83.53799999999956
cons[火电机组分段中标量约束_0_68_7],-55.69200000000001
cons[火电机组分段中标量约束_0_68_8],-27.84599999999955
cons[火电机组分段中标量约束_0_68_9],0.0
cons[火电机组出力之和约束_0_68],-5810.349999999999
cons[火电机组分段中标量约束_0_69_0],-250.61399999999958
cons[火电机组分段中标量约束_0_69_1],-222.76800000000003
cons[火电机组分段中标量约束_0_69_2],-194.92199999999957
cons[火电机组分段中标量约束_0_69_3],-167.0759999999991
cons[火电机组分段中标量约束_0_69_4],-139.22999999999956
cons[火电机组分段中标量约束_0_69_5],-111.3839999999991
cons[火电机组分段中标量约束_0_69_6],-83.53799999999956
cons[火电机组分段中标量约束_0_69_7],-55.69200000000001
cons[火电机组分段中标量约束_0_69_8],-27.84599999999955
cons[火电机组分段中标量约束_0_69_9],0.0
cons[火电机组出力之和约束_0_69],-5810.349999999999
cons[火电机组分段中标量约束_0_70_0],-250.61399999999958
cons[火电机组分段中标量约束_0_70_1],-222.76800000000003
cons[火电机组分段中标量约束_0_70_2],-194.92199999999957
cons[火电机组分段中标量约束_0_70_3],-167.0759999999991
cons[火电机组分段中标量约束_0_70_4],-139.22999999999956
cons[火电机组分段中标量约束_0_70_5],-111.3839999999991
cons[火电机组分段中标量约束_0_70_6],-83.53799999999956
cons[火电机组分段中标量约束_0_70_7],-55.69200000000001
cons[火电机组分段中标量约束_0_70_8],-27.84599999999955
cons[火电机组分段中标量约束_0_70_9],0.0
cons[火电机组出力之和约束_0_70],-5810.349999999999
cons[火电机组分段中标量约束_0_71_0],-250.61399999999958
cons[火电机组分段中标量约束_0_71_1],-222.76800000000003
cons[火电机组分段中标量约束_0_71_2],-194.92199999999957
cons[火电机组分段中标量约束_0_71_3],-167.0759999999991
cons[火电机组分段中标量约束_0_71_4],-139.22999999999956
cons[火电机组分段中标量约束_0_71_5],-111.3839999999991
cons[火电机组分段中标量约束_0_71_6],-83.53799999999956
cons[火电机组分段中标量约束_0_71_7],-55.69200000000001
cons[火电机组分段中标量约束_0_71_8],-27.84599999999955
cons[火电机组分段中标量约束_0_71_9],0.0
cons[火电机组出力之和约束_0_71],-5810.349999999999
cons[火电机组分段中标量约束_0_72_0],-250.61399999999958
cons[火电机组分段中标量约束_0_72_1],-222.76800000000003
cons[火电机组分段中标量约束_0_72_2],-194.92199999999957
cons[火电机组分段中标量约束_0_72_3],-167.0759999999991
cons[火电机组分段中标量约束_0_72_4],-139.22999999999956
cons[火电机组分段中标量约束_0_72_5],-111.3839999999991
cons[火电机组分段中标量约束_0_72_6],-83.53799999999956
cons[火电机组分段中标量约束_0_72_7],-55.69200000000001
cons[火电机组分段中标量约束_0_72_8],-27.84599999999955
cons[火电机组分段中标量约束_0_72_9],0.0
cons[火电机组出力之和约束_0_72],-5810.349999999999
cons[火电机组分段中标量约束_0_73_0],-250.61399999999958
cons[火电机组分段中标量约束_0_73_1],-222.76800000000003
cons[火电机组分段中标量约束_0_73_2],-194.92199999999957
cons[火电机组分段中标量约束_0_73_3],-167.0759999999991
cons[火电机组分段中标量约束_0_73_4],-139.22999999999956
cons[火电机组分段中标量约束_0_73_5],-111.3839999999991
cons[火电机组分段中标量约束_0_73_6],-83.53799999999956
cons[火电机组分段中标量约束_0_73_7],-55.69200000000001
cons[火电机组分段中标量约束_0_73_8],-27.84599999999955
cons[火电机组分段中标量约束_0_73_9],0.0
cons[火电机组出力之和约束_0_73],-5810.349999999999
cons[火电机组分段中标量约束_0_74_0],-250.61399999999958
cons[火电机组分段中标量约束_0_74_1],-222.76800000000003
cons[火电机组分段中标量约束_0_74_2],-194.92199999999957
cons[火电机组分段中标量约束_0_74_3],-167.0759999999991
cons[火电机组分段中标量约束_0_74_4],-139.22999999999956
cons[火电机组分段中标量约束_0_74_5],-111.3839999999991
cons[火电机组分段中标量约束_0_74_6],-83.53799999999956
cons[火电机组分段中标量约束_0_74_7],-55.69200000000001
cons[火电机组分段中标量约束_0_74_8],-27.84599999999955
cons[火电机组分段中标量约束_0_74_9],0.0
cons[火电机组出力之和约束_0_74],-5810.349999999999
cons[火电机组分段中标量约束_0_75_0],-250.61399999999958
cons[火电机组分段中标量约束_0_75_1],-222.76800000000003
cons[火电机组分段中标量约束_0_75_2],-194.92199999999957
cons[火电机组分段中标量约束_0_75_3],-167.0759999999991
cons[火电机组分段中标量约束_0_75_4],-139.22999999999956
cons[火电机组分段中标量约束_0_75_5],-111.3839999999991
cons[火电机组分段中标量约束_0_75_6],-83.53799999999956
cons[火电机组分段中标量约束_0_75_7],-55.69200000000001
cons[火电机组分段中标量约束_0_75_8],-27.84599999999955
cons[火电机组分段中标量约束_0_75_9],0.0
cons[火电机组出力之和约束_0_75],-5810.349999999999
cons[火电机组分段中标量约束_0_76_0],-250.61399999999958
cons[火电机组分段中标量约束_0_76_1],-222.76800000000003
cons[火电机组分段中标量约束_0_76_2],-194.92199999999957
cons[火电机组分段中标量约束_0_76_3],-167.0759999999991
cons[火电机组分段中标量约束_0_76_4],-139.22999999999956
cons[火电机组分段中标量约束_0_76_5],-111.3839999999991
cons[火电机组分段中标量约束_0_76_6],-83.53799999999956
cons[火电机组分段中标量约束_0_76_7],-55.69200000000001
cons[火电机组分段中标量约束_0_76_8],-27.84599999999955
cons[火电机组分段中标量约束_0_76_9],0.0
cons[火电机组出力之和约束_0_76],-5810.349999999999
cons[火电机组分段中标量约束_0_77_0],-250.61399999999958
cons[火电机组分段中标量约束_0_77_1],-222.76800000000003
cons[火电机组分段中标量约束_0_77_2],-194.92199999999957
cons[火电机组分段中标量约束_0_77_3],-167.0759999999991
cons[火电机组分段中标量约束_0_77_4],-139.22999999999956
cons[火电机组分段中标量约束_0_77_5],-111.3839999999991
cons[火电机组分段中标量约束_0_77_6],-83.53799999999956
cons[火电机组分段中标量约束_0_77_7],-55.69200000000001
cons[火电机组分段中标量约束_0_77_8],-27.84599999999955
cons[火电机组分段中标量约束_0_77_9],0.0
cons[火电机组出力之和约束_0_77],-5810.349999999999
cons[火电机组分段中标量约束_0_78_0],-250.61399999999958
cons[火电机组分段中标量约束_0_78_1],-222.76800000000003
cons[火电机组分段中标量约束_0_78_2],-194.92199999999957
cons[火电机组分段中标量约束_0_78_3],-167.0759999999991
cons[火电机组分段中标量约束_0_78_4],-139.22999999999956
cons[火电机组分段中标量约束_0_78_5],-111.3839999999991
cons[火电机组分段中标量约束_0_78_6],-83.53799999999956
cons[火电机组分段中标量约束_0_78_7],-55.69200000000001
cons[火电机组分段中标量约束_0_78_8],-27.84599999999955
cons[火电机组分段中标量约束_0_78_9],0.0
cons[火电机组出力之和约束_0_78],-5810.349999999999
cons[火电机组分段中标量约束_0_79_0],-250.61399999999958
cons[火电机组分段中标量约束_0_79_1],-222.76800000000003
cons[火电机组分段中标量约束_0_79_2],-194.92199999999957
cons[火电机组分段中标量约束_0_79_3],-167.0759999999991
cons[火电机组分段中标量约束_0_79_4],-139.22999999999956
cons[火电机组分段中标量约束_0_79_5],-111.3839999999991
cons[火电机组分段中标量约束_0_79_6],-83.53799999999956
cons[火电机组分段中标量约束_0_79_7],-55.69200000000001
cons[火电机组分段中标量约束_0_79_8],-27.84599999999955
cons[火电机组分段中标量约束_0_79_9],0.0
cons[火电机组出力之和约束_0_79],-5810.349999999999
cons[火电机组分段中标量约束_0_80_0],-250.61399999999958
cons[火电机组分段中标量约束_0_80_1],-222.76800000000003
cons[火电机组分段中标量约束_0_80_2],-194.92199999999957
cons[火电机组分段中标量约束_0_80_3],-167.0759999999991
cons[火电机组分段中标量约束_0_80_4],-139.22999999999956
cons[火电机组分段中标量约束_0_80_5],-111.3839999999991
cons[火电机组分段中标量约束_0_80_6],-83.53799999999956
cons[火电机组分段中标量约束_0_80_7],-55.69200000000001
cons[火电机组分段中标量约束_0_80_8],-27.84599999999955
cons[火电机组分段中标量约束_0_80_9],0.0
cons[火电机组出力之和约束_0_80],-5810.349999999999
cons[火电机组分段中标量约束_0_81_0],-250.61399999999958
cons[火电机组分段中标量约束_0_81_1],-222.76800000000003
cons[火电机组分段中标量约束_0_81_2],-194.92199999999957
cons[火电机组分段中标量约束_0_81_3],-167.0759999999991
cons[火电机组分段中标量约束_0_81_4],-139.22999999999956
cons[火电机组分段中标量约束_0_81_5],-111.3839999999991
cons[火电机组分段中标量约束_0_81_6],-83.53799999999956
cons[火电机组分段中标量约束_0_81_7],-55.69200000000001
cons[火电机组分段中标量约束_0_81_8],-27.84599999999955
cons[火电机组分段中标量约束_0_81_9],0.0
cons[火电机组出力之和约束_0_81],-5810.349999999999
cons[火电机组分段中标量约束_0_82_0],-250.61399999999958
cons[火电机组分段中标量约束_0_82_1],-222.76800000000003
cons[火电机组分段中标量约束_0_82_2],-194.92199999999957
cons[火电机组分段中标量约束_0_82_3],-167.0759999999991
cons[火电机组分段中标量约束_0_82_4],-139.22999999999956
cons[火电机组分段中标量约束_0_82_5],-111.3839999999991
cons[火电机组分段中标量约束_0_82_6],-83.53799999999956
cons[火电机组分段中标量约束_0_82_7],-55.69200000000001
cons[火电机组分段中标量约束_0_82_8],-27.84599999999955
cons[火电机组分段中标量约束_0_82_9],0.0
cons[火电机组出力之和约束_0_82],-5810.349999999999
cons[火电机组分段中标量约束_0_83_0],-250.61399999999958
cons[火电机组分段中标量约束_0_83_1],-222.76800000000003
cons[火电机组分段中标量约束_0_83_2],-194.92199999999957
cons[火电机组分段中标量约束_0_83_3],-167.0759999999991
cons[火电机组分段中标量约束_0_83_4],-139.22999999999956
cons[火电机组分段中标量约束_0_83_5],-111.3839999999991
cons[火电机组分段中标量约束_0_83_6],-83.53799999999956
cons[火电机组分段中标量约束_0_83_7],-55.69200000000001
cons[火电机组分段中标量约束_0_83_8],-27.84599999999955
cons[火电机组分段中标量约束_0_83_9],0.0
cons[火电机组出力之和约束_0_83],-5810.349999999999
cons[火电机组分段中标量约束_0_84_0],-250.61399999999958
cons[火电机组分段中标量约束_0_84_1],-222.76800000000003
cons[火电机组分段中标量约束_0_84_2],-194.92199999999957
cons[火电机组分段中标量约束_0_84_3],-167.0759999999991
cons[火电机组分段中标量约束_0_84_4],-139.22999999999956
cons[火电机组分段中标量约束_0_84_5],-111.3839999999991
cons[火电机组分段中标量约束_0_84_6],-83.53799999999956
cons[火电机组分段中标量约束_0_84_7],-55.69200000000001
cons[火电机组分段中标量约束_0_84_8],-27.84599999999955
cons[火电机组分段中标量约束_0_84_9],0.0
cons[火电机组出力之和约束_0_84],-5810.349999999999
cons[火电机组分段中标量约束_0_85_0],-250.61399999999958
cons[火电机组分段中标量约束_0_85_1],-222.76800000000003
cons[火电机组分段中标量约束_0_85_2],-194.92199999999957
cons[火电机组分段中标量约束_0_85_3],-167.0759999999991
cons[火电机组分段中标量约束_0_85_4],-139.22999999999956
cons[火电机组分段中标量约束_0_85_5],-111.3839999999991
cons[火电机组分段中标量约束_0_85_6],-83.53799999999956
cons[火电机组分段中标量约束_0_85_7],-55.69200000000001
cons[火电机组分段中标量约束_0_85_8],-27.84599999999955
cons[火电机组分段中标量约束_0_85_9],0.0
cons[火电机组出力之和约束_0_85],-5810.349999999999
cons[火电机组分段中标量约束_0_86_0],-250.61399999999958
cons[火电机组分段中标量约束_0_86_1],-222.76800000000003
cons[火电机组分段中标量约束_0_86_2],-194.92199999999957
cons[火电机组分段中标量约束_0_86_3],-167.0759999999991
cons[火电机组分段中标量约束_0_86_4],-139.22999999999956
cons[火电机组分段中标量约束_0_86_5],-111.3839999999991
cons[火电机组分段中标量约束_0_86_6],-83.53799999999956
cons[火电机组分段中标量约束_0_86_7],-55.69200000000001
cons[火电机组分段中标量约束_0_86_8],-27.84599999999955
cons[火电机组分段中标量约束_0_86_9],0.0
cons[火电机组出力之和约束_0_86],-5810.349999999999
cons[火电机组分段中标量约束_0_87_0],-250.61399999999958
cons[火电机组分段中标量约束_0_87_1],-222.76800000000003
cons[火电机组分段中标量约束_0_87_2],-194.92199999999957
cons[火电机组分段中标量约束_0_87_3],-167.0759999999991
cons[火电机组分段中标量约束_0_87_4],-139.22999999999956
cons[火电机组分段中标量约束_0_87_5],-111.3839999999991
cons[火电机组分段中标量约束_0_87_6],-83.53799999999956
cons[火电机组分段中标量约束_0_87_7],-55.69200000000001
cons[火电机组分段中标量约束_0_87_8],-27.84599999999955
cons[火电机组分段中标量约束_0_87_9],0.0
cons[火电机组出力之和约束_0_87],-5810.349999999999
cons[火电机组分段中标量约束_0_88_0],-250.61399999999958
cons[火电机组分段中标量约束_0_88_1],-222.76800000000003
cons[火电机组分段中标量约束_0_88_2],-194.92199999999957
cons[火电机组分段中标量约束_0_88_3],-167.0759999999991
cons[火电机组分段中标量约束_0_88_4],-139.22999999999956
cons[火电机组分段中标量约束_0_88_5],-111.3839999999991
cons[火电机组分段中标量约束_0_88_6],-83.53799999999956
cons[火电机组分段中标量约束_0_88_7],-55.69200000000001
cons[火电机组分段中标量约束_0_88_8],-27.84599999999955
cons[火电机组分段中标量约束_0_88_9],0.0
cons[火电机组出力之和约束_0_88],-5810.349999999999
cons[火电机组分段中标量约束_0_89_0],-250.61399999999958
cons[火电机组分段中标量约束_0_89_1],-222.76800000000003
cons[火电机组分段中标量约束_0_89_2],-194.92199999999957
cons[火电机组分段中标量约束_0_89_3],-167.0759999999991
cons[火电机组分段中标量约束_0_89_4],-139.22999999999956
cons[火电机组分段中标量约束_0_89_5],-111.3839999999991
cons[火电机组分段中标量约束_0_89_6],-83.53799999999956
cons[火电机组分段中标量约束_0_89_7],-55.69200000000001
cons[火电机组分段中标量约束_0_89_8],-27.84599999999955
cons[火电机组分段中标量约束_0_89_9],0.0
cons[火电机组出力之和约束_0_89],-5810.349999999999
cons[火电机组分段中标量约束_0_90_0],-250.61399999999958
cons[火电机组分段中标量约束_0_90_1],-222.76800000000003
cons[火电机组分段中标量约束_0_90_2],-194.92199999999957
cons[火电机组分段中标量约束_0_90_3],-167.0759999999991
cons[火电机组分段中标量约束_0_90_4],-139.22999999999956
cons[火电机组分段中标量约束_0_90_5],-111.3839999999991
cons[火电机组分段中标量约束_0_90_6],-83.53799999999956
cons[火电机组分段中标量约束_0_90_7],-55.69200000000001
cons[火电机组分段中标量约束_0_90_8],-27.84599999999955
cons[火电机组分段中标量约束_0_90_9],0.0
cons[火电机组出力之和约束_0_90],-5810.349999999999
cons[火电机组分段中标量约束_0_91_0],-250.61399999999958
cons[火电机组分段中标量约束_0_91_1],-222.76800000000003
cons[火电机组分段中标量约束_0_91_2],-194.92199999999957
cons[火电机组分段中标量约束_0_91_3],-167.0759999999991
cons[火电机组分段中标量约束_0_91_4],-139.22999999999956
cons[火电机组分段中标量约束_0_91_5],-111.3839999999991
cons[火电机组分段中标量约束_0_91_6],-83.53799999999956
cons[火电机组分段中标量约束_0_91_7],-55.69200000000001
cons[火电机组分段中标量约束_0_91_8],-27.84599999999955
cons[火电机组分段中标量约束_0_91_9],0.0
cons[火电机组出力之和约束_0_91],-5810.349999999999
cons[火电机组分段中标量约束_0_92_0],-250.61399999999958
cons[火电机组分段中标量约束_0_92_1],-222.76800000000003
cons[火电机组分段中标量约束_0_92_2],-194.92199999999957
cons[火电机组分段中标量约束_0_92_3],-167.0759999999991
cons[火电机组分段中标量约束_0_92_4],-139.22999999999956
cons[火电机组分段中标量约束_0_92_5],-111.3839999999991
cons[火电机组分段中标量约束_0_92_6],-83.53799999999956
cons[火电机组分段中标量约束_0_92_7],-55.69200000000001
cons[火电机组分段中标量约束_0_92_8],-27.84599999999955
cons[火电机组分段中标量约束_0_92_9],0.0
cons[火电机组出力之和约束_0_92],-5810.349999999999
cons[火电机组分段中标量约束_0_93_0],-250.61399999999958
cons[火电机组分段中标量约束_0_93_1],-222.76800000000003
cons[火电机组分段中标量约束_0_93_2],-194.92199999999957
cons[火电机组分段中标量约束_0_93_3],-167.0759999999991
cons[火电机组分段中标量约束_0_93_4],-139.22999999999956
cons[火电机组分段中标量约束_0_93_5],-111.3839999999991
cons[火电机组分段中标量约束_0_93_6],-83.53799999999956
cons[火电机组分段中标量约束_0_93_7],-55.69200000000001
cons[火电机组分段中标量约束_0_93_8],-27.84599999999955
cons[火电机组分段中标量约束_0_93_9],0.0
cons[火电机组出力之和约束_0_93],-5810.349999999999
cons[火电机组分段中标量约束_0_94_0],-194.92199999999957
cons[火电机组分段中标量约束_0_94_1],-167.07600000000002
cons[火电机组分段中标量约束_0_94_2],-139.22999999999956
cons[火电机组分段中标量约束_0_94_3],-111.3839999999991
cons[火电机组分段中标量约束_0_94_4],-83.53799999999956
cons[火电机组分段中标量约束_0_94_5],-55.6919999999991
cons[火电机组分段中标量约束_0_94_6],-27.84599999999955
cons[火电机组分段中标量约束_0_94_7],0.0
cons[火电机组分段中标量约束_0_94_8],0.0
cons[火电机组分段中标量约束_0_94_9],0.0
cons[火电机组出力之和约束_0_94],-5754.657999999999
cons[火电机组分段中标量约束_0_95_0],-111.38400000000001
cons[火电机组分段中标量约束_0_95_1],-83.53800000000047
cons[火电机组分段中标量约束_0_95_2],-55.69200000000001
cons[火电机组分段中标量约束_0_95_3],-27.84599999999955
cons[火电机组分段中标量约束_0_95_4],0.0
cons[火电机组分段中标量约束_0_95_5],0.0
cons[火电机组分段中标量约束_0_95_6],0.0
cons[火电机组分段中标量约束_0_95_7],0.0
cons[火电机组分段中标量约束_0_95_8],0.0
cons[火电机组分段中标量约束_0_95_9],0.0
cons[火电机组出力之和约束_0_95],-5671.12
cons[火电机组分段中标量约束_1_0_0],-250.61399999999958
cons[火电机组分段中标量约束_1_0_1],-222.76800000000003
cons[火电机组分段中标量约束_1_0_2],-194.92199999999957
cons[火电机组分段中标量约束_1_0_3],-167.0759999999991
cons[火电机组分段中标量约束_1_0_4],-139.22999999999956
cons[火电机组分段中标量约束_1_0_5],-111.3839999999991
cons[火电机组分段中标量约束_1_0_6],-83.53799999999956
cons[火电机组分段中标量约束_1_0_7],-55.69200000000001
cons[火电机组分段中标量约束_1_0_8],-27.84599999999955
cons[火电机组分段中标量约束_1_0_9],0.0
cons[火电机组出力之和约束_1_0],-5810.349999999999
cons[火电机组分段中标量约束_1_1_0],-250.61399999999958
cons[火电机组分段中标量约束_1_1_1],-222.76800000000003
cons[火电机组分段中标量约束_1_1_2],-194.92199999999957
cons[火电机组分段中标量约束_1_1_3],-167.0759999999991
cons[火电机组分段中标量约束_1_1_4],-139.22999999999956
cons[火电机组分段中标量约束_1_1_5],-111.3839999999991
cons[火电机组分段中标量约束_1_1_6],-83.53799999999956
cons[火电机组分段中标量约束_1_1_7],-55.69200000000001
cons[火电机组分段中标量约束_1_1_8],-27.84599999999955
cons[火电机组分段中标量约束_1_1_9],0.0
cons[火电机组出力之和约束_1_1],-5810.349999999999
cons[火电机组分段中标量约束_1_2_0],-250.61399999999958
cons[火电机组分段中标量约束_1_2_1],-222.76800000000003
cons[火电机组分段中标量约束_1_2_2],-194.92199999999957
cons[火电机组分段中标量约束_1_2_3],-167.0759999999991
cons[火电机组分段中标量约束_1_2_4],-139.22999999999956
cons[火电机组分段中标量约束_1_2_5],-111.3839999999991
cons[火电机组分段中标量约束_1_2_6],-83.53799999999956
cons[火电机组分段中标量约束_1_2_7],-55.69200000000001
cons[火电机组分段中标量约束_1_2_8],-27.84599999999955
cons[火电机组分段中标量约束_1_2_9],0.0
cons[火电机组出力之和约束_1_2],-5810.349999999999
cons[火电机组分段中标量约束_1_3_0],-558.3760000000002
cons[火电机组分段中标量约束_1_3_1],-530.5300000000007
cons[火电机组分段中标量约束_1_3_2],-502.6840000000002
cons[火电机组分段中标量约束_1_3_3],-474.83799999999974
cons[火电机组分段中标量约束_1_3_4],-446.9920000000002
cons[火电机组分段中标量约束_1_3_5],-419.14599999999973
cons[火电机组分段中标量约束_1_3_6],-391.3000000000002
cons[火电机组分段中标量约束_1_3_7],-363.45400000000063
cons[火电机组分段中标量约束_1_3_8],-335.6080000000002
cons[火电机组分段中标量约束_1_3_9],-307.7620000000006
cons[火电机组出力之和约束_1_3],-6118.112
cons[火电机组分段中标量约束_1_4_0],-548.2749999999996
cons[火电机组分段中标量约束_1_4_1],-520.4290000000001
cons[火电机组分段中标量约束_1_4_2],-492.58299999999963
cons[火电机组分段中标量约束_1_4_3],-464.73699999999917
cons[火电机组分段中标量约束_1_4_4],-436.8909999999996
cons[火电机组分段中标量约束_1_4_5],-409.04499999999916
cons[火电机组分段中标量约束_1_4_6],-381.1989999999996
cons[火电机组分段中标量约束_1_4_7],-353.35300000000007
cons[火电机组分段中标量约束_1_4_8],-325.5069999999996
cons[火电机组分段中标量约束_1_4_9],-297.66100000000006
cons[火电机组出力之和约束_1_4],-6108.0109999999995
cons[火电机组分段中标量约束_1_5_0],-323.6870000000008
cons[火电机组分段中标量约束_1_5_1],-295.84100000000126
cons[火电机组分段中标量约束_1_5_2],-267.9950000000008
cons[火电机组分段中标量约束_1_5_3],-240.14900000000034
cons[火电机组分段中标量约束_1_5_4],-212.3030000000008
cons[火电机组分段中标量约束_1_5_5],-184.45700000000033
cons[火电机组分段中标量约束_1_5_6],-156.6110000000008
cons[火电机组分段中标量约束_1_5_7],-128.76500000000124
cons[火电机组分段中标量约束_1_5_8],-100.91900000000078
cons[火电机组分段中标量约束_1_5_9],-73.07300000000123
cons[火电机组出力之和约束_1_5],-5883.423000000001
cons[火电机组分段中标量约束_1_6_0],-250.61399999999958
cons[火电机组分段中标量约束_1_6_1],-222.76800000000003
cons[火电机组分段中标量约束_1_6_2],-194.92199999999957
cons[火电机组分段中标量约束_1_6_3],-167.0759999999991
cons[火电机组分段中标量约束_1_6_4],-139.22999999999956
cons[火电机组分段中标量约束_1_6_5],-111.3839999999991
cons[火电机组分段中标量约束_1_6_6],-83.53799999999956
cons[火电机组分段中标量约束_1_6_7],-55.69200000000001
cons[火电机组分段中标量约束_1_6_8],-27.84599999999955
cons[火电机组分段中标量约束_1_6_9],0.0
cons[火电机组出力之和约束_1_6],-5810.349999999999
cons[火电机组分段中标量约束_1_7_0],-222.76800000000003
cons[火电机组分段中标量约束_1_7_1],-194.92200000000048
cons[火电机组分段中标量约束_1_7_2],-167.07600000000002
cons[火电机组分段中标量约束_1_7_3],-139.22999999999956
cons[火电机组分段中标量约束_1_7_4],-111.38400000000001
cons[火电机组分段中标量约束_1_7_5],-83.53799999999956
cons[火电机组分段中标量约束_1_7_6],-55.69200000000001
cons[火电机组分段中标量约束_1_7_7],-27.84600000000046
cons[火电机组分段中标量约束_1_7_8],0.0
cons[火电机组分段中标量约束_1_7_9],0.0
cons[火电机组出力之和约束_1_7],-5782.504
cons[火电机组分段中标量约束_1_8_0],-167.07600000000002
cons[火电机组分段中标量约束_1_8_1],-139.23000000000047
cons[火电机组分段中标量约束_1_8_2],-111.38400000000001
cons[火电机组分段中标量约束_1_8_3],-83.53799999999956
cons[火电机组分段中标量约束_1_8_4],-55.69200000000001
cons[火电机组分段中标量约束_1_8_5],-27.84599999999955
cons[火电机组分段中标量约束_1_8_6],0.0
cons[火电机组分段中标量约束_1_8_7],0.0
cons[火电机组分段中标量约束_1_8_8],0.0
cons[火电机组分段中标量约束_1_8_9],0.0
cons[火电机组出力之和约束_1_8],-5726.812
cons[火电机组分段中标量约束_1_9_0],-139.23000000000047
cons[火电机组分段中标量约束_1_9_1],-111.38400000000092
cons[火电机组分段中标量约束_1_9_2],-83.53800000000047
cons[火电机组分段中标量约束_1_9_3],-55.69200000000001
cons[火电机组分段中标量约束_1_9_4],-27.84600000000046
cons[火电机组分段中标量约束_1_9_5],0.0
cons[火电机组分段中标量约束_1_9_6],0.0
cons[火电机组分段中标量约束_1_9_7],0.0
cons[火电机组分段中标量约束_1_9_8],0.0
cons[火电机组分段中标量约束_1_9_9],0.0
cons[火电机组出力之和约束_1_9],-5698.966
cons[火电机组分段中标量约束_1_10_0],-111.38400000000001
cons[火电机组分段中标量约束_1_10_1],-83.53800000000047
cons[火电机组分段中标量约束_1_10_2],-55.69200000000001
cons[火电机组分段中标量约束_1_10_3],-27.84599999999955
cons[火电机组分段中标量约束_1_10_4],0.0
cons[火电机组分段中标量约束_1_10_5],0.0
cons[火电机组分段中标量约束_1_10_6],0.0
cons[火电机组分段中标量约束_1_10_7],0.0
cons[火电机组分段中标量约束_1_10_8],0.0
cons[火电机组分段中标量约束_1_10_9],0.0
cons[火电机组出力之和约束_1_10],-5671.12
cons[火电机组分段中标量约束_1_11_0],-83.53800000000047
cons[火电机组分段中标量约束_1_11_1],-55.69200000000092
cons[火电机组分段中标量约束_1_11_2],-27.84600000000046
cons[火电机组分段中标量约束_1_11_3],0.0
cons[火电机组分段中标量约束_1_11_4],0.0
cons[火电机组分段中标量约束_1_11_5],0.0
cons[火电机组分段中标量约束_1_11_6],0.0
cons[火电机组分段中标量约束_1_11_7],0.0
cons[火电机组分段中标量约束_1_11_8],0.0
cons[火电机组分段中标量约束_1_11_9],0.0
cons[火电机组出力之和约束_1_11],-5643.274
cons[火电机组分段中标量约束_1_12_0],-83.53800000000138
cons[火电机组分段中标量约束_1_12_1],-55.692000000001826
cons[火电机组分段中标量约束_1_12_2],-27.846000000001368
cons[火电机组分段中标量约束_1_12_3],-9.094947017729282e-13
cons[火电机组分段中标量约束_1_12_4],0.0
cons[火电机组分段中标量约束_1_12_5],0.0
cons[火电机组分段中标量约束_1_12_6],0.0
cons[火电机组分段中标量约束_1_12_7],0.0
cons[火电机组分段中标量约束_1_12_8],0.0
cons[火电机组分段中标量约束_1_12_9],0.0
cons[火电机组出力之和约束_1_12],-5643.274000000001
cons[火电机组分段中标量约束_1_13_0],-83.53800000000138
cons[火电机组分段中标量约束_1_13_1],-55.692000000001826
cons[火电机组分段中标量约束_1_13_2],-27.846000000001368
cons[火电机组分段中标量约束_1_13_3],-9.094947017729282e-13
cons[火电机组分段中标量约束_1_13_4],0.0
cons[火电机组分段中标量约束_1_13_5],0.0
cons[火电机组分段中标量约束_1_13_6],0.0
cons[火电机组分段中标量约束_1_13_7],0.0
cons[火电机组分段中标量约束_1_13_8],0.0
cons[火电机组分段中标量约束_1_13_9],0.0
cons[火电机组出力之和约束_1_13],-5643.274000000001
cons[火电机组分段中标量约束_1_14_0],-83.53800000000138
cons[火电机组分段中标量约束_1_14_1],-55.692000000001826
cons[火电机组分段中标量约束_1_14_2],-27.846000000001368
cons[火电机组分段中标量约束_1_14_3],-9.094947017729282e-13
cons[火电机组分段中标量约束_1_14_4],0.0
cons[火电机组分段中标量约束_1_14_5],0.0
cons[火电机组分段中标量约束_1_14_6],0.0
cons[火电机组分段中标量约束_1_14_7],0.0
cons[火电机组分段中标量约束_1_14_8],0.0
cons[火电机组分段中标量约束_1_14_9],0.0
cons[火电机组出力之和约束_1_14],-5643.274000000001
cons[火电机组分段中标量约束_1_15_0],-83.53800000000138
cons[火电机组分段中标量约束_1_15_1],-55.692000000001826
cons[火电机组分段中标量约束_1_15_2],-27.846000000001368
cons[火电机组分段中标量约束_1_15_3],-9.094947017729282e-13
cons[火电机组分段中标量约束_1_15_4],0.0
cons[火电机组分段中标量约束_1_15_5],0.0
cons[火电机组分段中标量约束_1_15_6],0.0
cons[火电机组分段中标量约束_1_15_7],0.0
cons[火电机组分段中标量约束_1_15_8],0.0
cons[火电机组分段中标量约束_1_15_9],0.0
cons[火电机组出力之和约束_1_15],-5643.274000000001
cons[火电机组分段中标量约束_1_16_0],-83.53800000000138
cons[火电机组分段中标量约束_1_16_1],-55.692000000001826
cons[火电机组分段中标量约束_1_16_2],-27.846000000001368
cons[火电机组分段中标量约束_1_16_3],-9.094947017729282e-13
cons[火电机组分段中标量约束_1_16_4],0.0
cons[火电机组分段中标量约束_1_16_5],0.0
cons[火电机组分段中标量约束_1_16_6],0.0
cons[火电机组分段中标量约束_1_16_7],0.0
cons[火电机组分段中标量约束_1_16_8],0.0
cons[火电机组分段中标量约束_1_16_9],0.0
cons[火电机组出力之和约束_1_16],-5643.274000000001
cons[火电机组分段中标量约束_1_17_0],-83.53800000000138
cons[火电机组分段中标量约束_1_17_1],-55.692000000001826
cons[火电机组分段中标量约束_1_17_2],-27.846000000001368
cons[火电机组分段中标量约束_1_17_3],-9.094947017729282e-13
cons[火电机组分段中标量约束_1_17_4],0.0
cons[火电机组分段中标量约束_1_17_5],0.0
cons[火电机组分段中标量约束_1_17_6],0.0
cons[火电机组分段中标量约束_1_17_7],0.0
cons[火电机组分段中标量约束_1_17_8],0.0
cons[火电机组分段中标量约束_1_17_9],0.0
cons[火电机组出力之和约束_1_17],-5643.274000000001
cons[火电机组分段中标量约束_1_18_0],-83.53800000000138
cons[火电机组分段中标量约束_1_18_1],-55.692000000001826
cons[火电机组分段中标量约束_1_18_2],-27.846000000001368
cons[火电机组分段中标量约束_1_18_3],-9.094947017729282e-13
cons[火电机组分段中标量约束_1_18_4],0.0
cons[火电机组分段中标量约束_1_18_5],0.0
cons[火电机组分段中标量约束_1_18_6],0.0
cons[火电机组分段中标量约束_1_18_7],0.0
cons[火电机组分段中标量约束_1_18_8],0.0
cons[火电机组分段中标量约束_1_18_9],0.0
cons[火电机组出力之和约束_1_18],-5643.274000000001
cons[火电机组分段中标量约束_1_19_0],-83.53800000000138
cons[火电机组分段中标量约束_1_19_1],-55.692000000001826
cons[火电机组分段中标量约束_1_19_2],-27.846000000001368
cons[火电机组分段中标量约束_1_19_3],-9.094947017729282e-13
cons[火电机组分段中标量约束_1_19_4],0.0
cons[火电机组分段中标量约束_1_19_5],0.0
cons[火电机组分段中标量约束_1_19_6],0.0
cons[火电机组分段中标量约束_1_19_7],0.0
cons[火电机组分段中标量约束_1_19_8],0.0
cons[火电机组分段中标量约束_1_19_9],0.0
cons[火电机组出力之和约束_1_19],-5643.274000000001
cons[火电机组分段中标量约束_1_20_0],-83.53800000000138
cons[火电机组分段中标量约束_1_20_1],-55.692000000001826
cons[火电机组分段中标量约束_1_20_2],-27.846000000001368
cons[火电机组分段中标量约束_1_20_3],-9.094947017729282e-13
cons[火电机组分段中标量约束_1_20_4],0.0
cons[火电机组分段中标量约束_1_20_5],0.0
cons[火电机组分段中标量约束_1_20_6],0.0
cons[火电机组分段中标量约束_1_20_7],0.0
cons[火电机组分段中标量约束_1_20_8],0.0
cons[火电机组分段中标量约束_1_20_9],0.0
cons[火电机组出力之和约束_1_20],-5643.274000000001
cons[火电机组分段中标量约束_1_21_0],-111.38400000000001
cons[火电机组分段中标量约束_1_21_1],-83.53800000000047
cons[火电机组分段中标量约束_1_21_2],-55.69200000000001
cons[火电机组分段中标量约束_1_21_3],-27.84599999999955
cons[火电机组分段中标量约束_1_21_4],0.0
cons[火电机组分段中标量约束_1_21_5],0.0
cons[火电机组分段中标量约束_1_21_6],0.0
cons[火电机组分段中标量约束_1_21_7],0.0
cons[火电机组分段中标量约束_1_21_8],0.0
cons[火电机组分段中标量约束_1_21_9],0.0
cons[火电机组出力之和约束_1_21],-5671.12
cons[火电机组分段中标量约束_1_22_0],-194.92199999999957
cons[火电机组分段中标量约束_1_22_1],-167.07600000000002
cons[火电机组分段中标量约束_1_22_2],-139.22999999999956
cons[火电机组分段中标量约束_1_22_3],-111.3839999999991
cons[火电机组分段中标量约束_1_22_4],-83.53799999999956
cons[火电机组分段中标量约束_1_22_5],-55.6919999999991
cons[火电机组分段中标量约束_1_22_6],-27.84599999999955
cons[火电机组分段中标量约束_1_22_7],0.0
cons[火电机组分段中标量约束_1_22_8],0.0
cons[火电机组分段中标量约束_1_22_9],0.0
cons[火电机组出力之和约束_1_22],-5754.657999999999
cons[火电机组分段中标量约束_1_23_0],-167.07600000000002
cons[火电机组分段中标量约束_1_23_1],-139.23000000000047
cons[火电机组分段中标量约束_1_23_2],-111.38400000000001
cons[火电机组分段中标量约束_1_23_3],-83.53799999999956
cons[火电机组分段中标量约束_1_23_4],-55.69200000000001
cons[火电机组分段中标量约束_1_23_5],-27.84599999999955
cons[火电机组分段中标量约束_1_23_6],0.0
cons[火电机组分段中标量约束_1_23_7],0.0
cons[火电机组分段中标量约束_1_23_8],0.0
cons[火电机组分段中标量约束_1_23_9],0.0
cons[火电机组出力之和约束_1_23],-5726.812
cons[火电机组分段中标量约束_1_24_0],-194.92199999999957
cons[火电机组分段中标量约束_1_24_1],-167.07600000000002
cons[火电机组分段中标量约束_1_24_2],-139.22999999999956
cons[火电机组分段中标量约束_1_24_3],-111.3839999999991
cons[火电机组分段中标量约束_1_24_4],-83.53799999999956
cons[火电机组分段中标量约束_1_24_5],-55.6919999999991
cons[火电机组分段中标量约束_1_24_6],-27.84599999999955
cons[火电机组分段中标量约束_1_24_7],0.0
cons[火电机组分段中标量约束_1_24_8],0.0
cons[火电机组分段中标量约束_1_24_9],0.0
cons[火电机组出力之和约束_1_24],-5754.657999999999
cons[火电机组分段中标量约束_1_25_0],-194.92199999999957
cons[火电机组分段中标量约束_1_25_1],-167.07600000000002
cons[火电机组分段中标量约束_1_25_2],-139.22999999999956
cons[火电机组分段中标量约束_1_25_3],-111.3839999999991
cons[火电机组分段中标量约束_1_25_4],-83.53799999999956
cons[火电机组分段中标量约束_1_25_5],-55.6919999999991
cons[火电机组分段中标量约束_1_25_6],-27.84599999999955
cons[火电机组分段中标量约束_1_25_7],0.0
cons[火电机组分段中标量约束_1_25_8],0.0
cons[火电机组分段中标量约束_1_25_9],0.0
cons[火电机组出力之和约束_1_25],-5754.657999999999
cons[火电机组分段中标量约束_1_26_0],-328.14599999999973
cons[火电机组分段中标量约束_1_26_1],-300.3000000000002
cons[火电机组分段中标量约束_1_26_2],-272.4539999999997
cons[火电机组分段中标量约束_1_26_3],-244.60799999999927
cons[火电机组分段中标量约束_1_26_4],-216.76199999999972
cons[火电机组分段中标量约束_1_26_5],-188.91599999999926
cons[火电机组分段中标量约束_1_26_6],-161.0699999999997
cons[火电机组分段中标量约束_1_26_7],-133.22400000000016
cons[火电机组分段中标量约束_1_26_8],-105.3779999999997
cons[火电机组分段中标量约束_1_26_9],-77.53200000000015
cons[火电机组出力之和约束_1_26],-5887.882
cons[火电机组分段中标量约束_1_27_0],-250.61399999999958
cons[火电机组分段中标量约束_1_27_1],-222.76800000000003
cons[火电机组分段中标量约束_1_27_2],-194.92199999999957
cons[火电机组分段中标量约束_1_27_3],-167.0759999999991
cons[火电机组分段中标量约束_1_27_4],-139.22999999999956
cons[火电机组分段中标量约束_1_27_5],-111.3839999999991
cons[火电机组分段中标量约束_1_27_6],-83.53799999999956
cons[火电机组分段中标量约束_1_27_7],-55.69200000000001
cons[火电机组分段中标量约束_1_27_8],-27.84599999999955
cons[火电机组分段中标量约束_1_27_9],0.0
cons[火电机组出力之和约束_1_27],-5810.349999999999
cons[火电机组分段中标量约束_1_28_0],-250.61399999999958
cons[火电机组分段中标量约束_1_28_1],-222.76800000000003
cons[火电机组分段中标量约束_1_28_2],-194.92199999999957
cons[火电机组分段中标量约束_1_28_3],-167.0759999999991
cons[火电机组分段中标量约束_1_28_4],-139.22999999999956
cons[火电机组分段中标量约束_1_28_5],-111.3839999999991
cons[火电机组分段中标量约束_1_28_6],-83.53799999999956
cons[火电机组分段中标量约束_1_28_7],-55.69200000000001
cons[火电机组分段中标量约束_1_28_8],-27.84599999999955
cons[火电机组分段中标量约束_1_28_9],0.0
cons[火电机组出力之和约束_1_28],-5810.349999999999
cons[火电机组分段中标量约束_1_29_0],-250.61399999999958
cons[火电机组分段中标量约束_1_29_1],-222.76800000000003
cons[火电机组分段中标量约束_1_29_2],-194.92199999999957
cons[火电机组分段中标量约束_1_29_3],-167.0759999999991
cons[火电机组分段中标量约束_1_29_4],-139.22999999999956
cons[火电机组分段中标量约束_1_29_5],-111.3839999999991
cons[火电机组分段中标量约束_1_29_6],-83.53799999999956
cons[火电机组分段中标量约束_1_29_7],-55.69200000000001
cons[火电机组分段中标量约束_1_29_8],-27.84599999999955
cons[火电机组分段中标量约束_1_29_9],0.0
cons[火电机组出力之和约束_1_29],-5810.349999999999
cons[火电机组分段中标量约束_1_30_0],-250.61399999999958
cons[火电机组分段中标量约束_1_30_1],-222.76800000000003
cons[火电机组分段中标量约束_1_30_2],-194.92199999999957
cons[火电机组分段中标量约束_1_30_3],-167.0759999999991
cons[火电机组分段中标量约束_1_30_4],-139.22999999999956
cons[火电机组分段中标量约束_1_30_5],-111.3839999999991
cons[火电机组分段中标量约束_1_30_6],-83.53799999999956
cons[火电机组分段中标量约束_1_30_7],-55.69200000000001
cons[火电机组分段中标量约束_1_30_8],-27.84599999999955
cons[火电机组分段中标量约束_1_30_9],0.0
cons[火电机组出力之和约束_1_30],-5810.349999999999
cons[火电机组分段中标量约束_1_31_0],-548.2749999999996
cons[火电机组分段中标量约束_1_31_1],-520.4290000000001
cons[火电机组分段中标量约束_1_31_2],-492.58299999999963
cons[火电机组分段中标量约束_1_31_3],-464.73699999999917
cons[火电机组分段中标量约束_1_31_4],-436.8909999999996
cons[火电机组分段中标量约束_1_31_5],-409.04499999999916
cons[火电机组分段中标量约束_1_31_6],-381.1989999999996
cons[火电机组分段中标量约束_1_31_7],-353.35300000000007
cons[火电机组分段中标量约束_1_31_8],-325.5069999999996
cons[火电机组分段中标量约束_1_31_9],-297.66100000000006
cons[火电机组出力之和约束_1_31],-6108.0109999999995
cons[火电机组分段中标量约束_1_32_0],-250.61399999999958
cons[火电机组分段中标量约束_1_32_1],-222.76800000000003
cons[火电机组分段中标量约束_1_32_2],-194.92199999999957
cons[火电机组分段中标量约束_1_32_3],-167.0759999999991
cons[火电机组分段中标量约束_1_32_4],-139.22999999999956
cons[火电机组分段中标量约束_1_32_5],-111.3839999999991
cons[火电机组分段中标量约束_1_32_6],-83.53799999999956
cons[火电机组分段中标量约束_1_32_7],-55.69200000000001
cons[火电机组分段中标量约束_1_32_8],-27.84599999999955
cons[火电机组分段中标量约束_1_32_9],0.0
cons[火电机组出力之和约束_1_32],-5810.349999999999
cons[火电机组分段中标量约束_1_33_0],-250.61399999999958
cons[火电机组分段中标量约束_1_33_1],-222.76800000000003
cons[火电机组分段中标量约束_1_33_2],-194.92199999999957
cons[火电机组分段中标量约束_1_33_3],-167.0759999999991
cons[火电机组分段中标量约束_1_33_4],-139.22999999999956
cons[火电机组分段中标量约束_1_33_5],-111.3839999999991
cons[火电机组分段中标量约束_1_33_6],-83.53799999999956
cons[火电机组分段中标量约束_1_33_7],-55.69200000000001
cons[火电机组分段中标量约束_1_33_8],-27.84599999999955
cons[火电机组分段中标量约束_1_33_9],0.0
cons[火电机组出力之和约束_1_33],-5810.349999999999
cons[火电机组分段中标量约束_1_34_0],-250.61399999999958
cons[火电机组分段中标量约束_1_34_1],-222.76800000000003
cons[火电机组分段中标量约束_1_34_2],-194.92199999999957
cons[火电机组分段中标量约束_1_34_3],-167.0759999999991
cons[火电机组分段中标量约束_1_34_4],-139.22999999999956
cons[火电机组分段中标量约束_1_34_5],-111.3839999999991
cons[火电机组分段中标量约束_1_34_6],-83.53799999999956
cons[火电机组分段中标量约束_1_34_7],-55.69200000000001
cons[火电机组分段中标量约束_1_34_8],-27.84599999999955
cons[火电机组分段中标量约束_1_34_9],0.0
cons[火电机组出力之和约束_1_34],-5810.349999999999
cons[火电机组分段中标量约束_1_35_0],-250.61399999999958
cons[火电机组分段中标量约束_1_35_1],-222.76800000000003
cons[火电机组分段中标量约束_1_35_2],-194.92199999999957
cons[火电机组分段中标量约束_1_35_3],-167.0759999999991
cons[火电机组分段中标量约束_1_35_4],-139.22999999999956
cons[火电机组分段中标量约束_1_35_5],-111.3839999999991
cons[火电机组分段中标量约束_1_35_6],-83.53799999999956
cons[火电机组分段中标量约束_1_35_7],-55.69200000000001
cons[火电机组分段中标量约束_1_35_8],-27.84599999999955
cons[火电机组分段中标量约束_1_35_9],0.0
cons[火电机组出力之和约束_1_35],-5810.349999999999
cons[火电机组分段中标量约束_1_36_0],-250.61399999999958
cons[火电机组分段中标量约束_1_36_1],-222.76800000000003
cons[火电机组分段中标量约束_1_36_2],-194.92199999999957
cons[火电机组分段中标量约束_1_36_3],-167.0759999999991
cons[火电机组分段中标量约束_1_36_4],-139.22999999999956
cons[火电机组分段中标量约束_1_36_5],-111.3839999999991
cons[火电机组分段中标量约束_1_36_6],-83.53799999999956
cons[火电机组分段中标量约束_1_36_7],-55.69200000000001
cons[火电机组分段中标量约束_1_36_8],-27.84599999999955
cons[火电机组分段中标量约束_1_36_9],0.0
cons[火电机组出力之和约束_1_36],-5810.349999999999
cons[火电机组分段中标量约束_1_37_0],-250.61399999999958
cons[火电机组分段中标量约束_1_37_1],-222.76800000000003
cons[火电机组分段中标量约束_1_37_2],-194.92199999999957
cons[火电机组分段中标量约束_1_37_3],-167.0759999999991
cons[火电机组分段中标量约束_1_37_4],-139.22999999999956
cons[火电机组分段中标量约束_1_37_5],-111.3839999999991
cons[火电机组分段中标量约束_1_37_6],-83.53799999999956
cons[火电机组分段中标量约束_1_37_7],-55.69200000000001
cons[火电机组分段中标量约束_1_37_8],-27.84599999999955
cons[火电机组分段中标量约束_1_37_9],0.0
cons[火电机组出力之和约束_1_37],-5810.349999999999
cons[火电机组分段中标量约束_1_38_0],-250.61399999999958
cons[火电机组分段中标量约束_1_38_1],-222.76800000000003
cons[火电机组分段中标量约束_1_38_2],-194.92199999999957
cons[火电机组分段中标量约束_1_38_3],-167.0759999999991
cons[火电机组分段中标量约束_1_38_4],-139.22999999999956
cons[火电机组分段中标量约束_1_38_5],-111.3839999999991
cons[火电机组分段中标量约束_1_38_6],-83.53799999999956
cons[火电机组分段中标量约束_1_38_7],-55.69200000000001
cons[火电机组分段中标量约束_1_38_8],-27.84599999999955
cons[火电机组分段中标量约束_1_38_9],0.0
cons[火电机组出力之和约束_1_38],-5810.349999999999
cons[火电机组分段中标量约束_1_39_0],-250.61399999999958
cons[火电机组分段中标量约束_1_39_1],-222.76800000000003
cons[火电机组分段中标量约束_1_39_2],-194.92199999999957
cons[火电机组分段中标量约束_1_39_3],-167.0759999999991
cons[火电机组分段中标量约束_1_39_4],-139.22999999999956
cons[火电机组分段中标量约束_1_39_5],-111.3839999999991
cons[火电机组分段中标量约束_1_39_6],-83.53799999999956
cons[火电机组分段中标量约束_1_39_7],-55.69200000000001
cons[火电机组分段中标量约束_1_39_8],-27.84599999999955
cons[火电机组分段中标量约束_1_39_9],0.0
cons[火电机组出力之和约束_1_39],-5810.349999999999
cons[火电机组分段中标量约束_1_40_0],-250.61399999999958
cons[火电机组分段中标量约束_1_40_1],-222.76800000000003
cons[火电机组分段中标量约束_1_40_2],-194.92199999999957
cons[火电机组分段中标量约束_1_40_3],-167.0759999999991
cons[火电机组分段中标量约束_1_40_4],-139.22999999999956
cons[火电机组分段中标量约束_1_40_5],-111.3839999999991
cons[火电机组分段中标量约束_1_40_6],-83.53799999999956
cons[火电机组分段中标量约束_1_40_7],-55.69200000000001
cons[火电机组分段中标量约束_1_40_8],-27.84599999999955
cons[火电机组分段中标量约束_1_40_9],0.0
cons[火电机组出力之和约束_1_40],-5810.349999999999
cons[火电机组分段中标量约束_1_41_0],-250.61399999999958
cons[火电机组分段中标量约束_1_41_1],-222.76800000000003
cons[火电机组分段中标量约束_1_41_2],-194.92199999999957
cons[火电机组分段中标量约束_1_41_3],-167.0759999999991
cons[火电机组分段中标量约束_1_41_4],-139.22999999999956
cons[火电机组分段中标量约束_1_41_5],-111.3839999999991
cons[火电机组分段中标量约束_1_41_6],-83.53799999999956
cons[火电机组分段中标量约束_1_41_7],-55.69200000000001
cons[火电机组分段中标量约束_1_41_8],-27.84599999999955
cons[火电机组分段中标量约束_1_41_9],0.0
cons[火电机组出力之和约束_1_41],-5810.349999999999
cons[火电机组分段中标量约束_1_42_0],-250.61399999999958
cons[火电机组分段中标量约束_1_42_1],-222.76800000000003
cons[火电机组分段中标量约束_1_42_2],-194.92199999999957
cons[火电机组分段中标量约束_1_42_3],-167.0759999999991
cons[火电机组分段中标量约束_1_42_4],-139.22999999999956
cons[火电机组分段中标量约束_1_42_5],-111.3839999999991
cons[火电机组分段中标量约束_1_42_6],-83.53799999999956
cons[火电机组分段中标量约束_1_42_7],-55.69200000000001
cons[火电机组分段中标量约束_1_42_8],-27.84599999999955
cons[火电机组分段中标量约束_1_42_9],0.0
cons[火电机组出力之和约束_1_42],-5810.349999999999
cons[火电机组分段中标量约束_1_43_0],-250.61399999999958
cons[火电机组分段中标量约束_1_43_1],-222.76800000000003
cons[火电机组分段中标量约束_1_43_2],-194.92199999999957
cons[火电机组分段中标量约束_1_43_3],-167.0759999999991
cons[火电机组分段中标量约束_1_43_4],-139.22999999999956
cons[火电机组分段中标量约束_1_43_5],-111.3839999999991
cons[火电机组分段中标量约束_1_43_6],-83.53799999999956
cons[火电机组分段中标量约束_1_43_7],-55.69200000000001
cons[火电机组分段中标量约束_1_43_8],-27.84599999999955
cons[火电机组分段中标量约束_1_43_9],0.0
cons[火电机组出力之和约束_1_43],-5810.349999999999
cons[火电机组分段中标量约束_1_44_0],-250.61399999999958
cons[火电机组分段中标量约束_1_44_1],-222.76800000000003
cons[火电机组分段中标量约束_1_44_2],-194.92199999999957
cons[火电机组分段中标量约束_1_44_3],-167.0759999999991
cons[火电机组分段中标量约束_1_44_4],-139.22999999999956
cons[火电机组分段中标量约束_1_44_5],-111.3839999999991
cons[火电机组分段中标量约束_1_44_6],-83.53799999999956
cons[火电机组分段中标量约束_1_44_7],-55.69200000000001
cons[火电机组分段中标量约束_1_44_8],-27.84599999999955
cons[火电机组分段中标量约束_1_44_9],0.0
cons[火电机组出力之和约束_1_44],-5810.349999999999
cons[火电机组分段中标量约束_1_45_0],-250.61399999999958
cons[火电机组分段中标量约束_1_45_1],-222.76800000000003
cons[火电机组分段中标量约束_1_45_2],-194.92199999999957
cons[火电机组分段中标量约束_1_45_3],-167.0759999999991
cons[火电机组分段中标量约束_1_45_4],-139.22999999999956
cons[火电机组分段中标量约束_1_45_5],-111.3839999999991
cons[火电机组分段中标量约束_1_45_6],-83.53799999999956
cons[火电机组分段中标量约束_1_45_7],-55.69200000000001
cons[火电机组分段中标量约束_1_45_8],-27.84599999999955
cons[火电机组分段中标量约束_1_45_9],0.0
cons[火电机组出力之和约束_1_45],-5810.349999999999
cons[火电机组分段中标量约束_1_46_0],-250.61399999999958
cons[火电机组分段中标量约束_1_46_1],-222.76800000000003
cons[火电机组分段中标量约束_1_46_2],-194.92199999999957
cons[火电机组分段中标量约束_1_46_3],-167.0759999999991
cons[火电机组分段中标量约束_1_46_4],-139.22999999999956
cons[火电机组分段中标量约束_1_46_5],-111.3839999999991
cons[火电机组分段中标量约束_1_46_6],-83.53799999999956
cons[火电机组分段中标量约束_1_46_7],-55.69200000000001
cons[火电机组分段中标量约束_1_46_8],-27.84599999999955
cons[火电机组分段中标量约束_1_46_9],0.0
cons[火电机组出力之和约束_1_46],-5810.349999999999
cons[火电机组分段中标量约束_1_47_0],-250.61399999999958
cons[火电机组分段中标量约束_1_47_1],-222.76800000000003
cons[火电机组分段中标量约束_1_47_2],-194.92199999999957
cons[火电机组分段中标量约束_1_47_3],-167.0759999999991
cons[火电机组分段中标量约束_1_47_4],-139.22999999999956
cons[火电机组分段中标量约束_1_47_5],-111.3839999999991
cons[火电机组分段中标量约束_1_47_6],-83.53799999999956
cons[火电机组分段中标量约束_1_47_7],-55.69200000000001
cons[火电机组分段中标量约束_1_47_8],-27.84599999999955
cons[火电机组分段中标量约束_1_47_9],0.0
cons[火电机组出力之和约束_1_47],-5810.349999999999
cons[火电机组分段中标量约束_1_48_0],-250.61399999999958
cons[火电机组分段中标量约束_1_48_1],-222.76800000000003
cons[火电机组分段中标量约束_1_48_2],-194.92199999999957
cons[火电机组分段中标量约束_1_48_3],-167.0759999999991
cons[火电机组分段中标量约束_1_48_4],-139.22999999999956
cons[火电机组分段中标量约束_1_48_5],-111.3839999999991
cons[火电机组分段中标量约束_1_48_6],-83.53799999999956
cons[火电机组分段中标量约束_1_48_7],-55.69200000000001
cons[火电机组分段中标量约束_1_48_8],-27.84599999999955
cons[火电机组分段中标量约束_1_48_9],0.0
cons[火电机组出力之和约束_1_48],-5810.349999999999
cons[火电机组分段中标量约束_1_49_0],-250.61399999999958
cons[火电机组分段中标量约束_1_49_1],-222.76800000000003
cons[火电机组分段中标量约束_1_49_2],-194.92199999999957
cons[火电机组分段中标量约束_1_49_3],-167.0759999999991
cons[火电机组分段中标量约束_1_49_4],-139.22999999999956
cons[火电机组分段中标量约束_1_49_5],-111.3839999999991
cons[火电机组分段中标量约束_1_49_6],-83.53799999999956
cons[火电机组分段中标量约束_1_49_7],-55.69200000000001
cons[火电机组分段中标量约束_1_49_8],-27.84599999999955
cons[火电机组分段中标量约束_1_49_9],0.0
cons[火电机组出力之和约束_1_49],-5810.349999999999
cons[火电机组分段中标量约束_1_50_0],-250.61399999999958
cons[火电机组分段中标量约束_1_50_1],-222.76800000000003
cons[火电机组分段中标量约束_1_50_2],-194.92199999999957
cons[火电机组分段中标量约束_1_50_3],-167.0759999999991
cons[火电机组分段中标量约束_1_50_4],-139.22999999999956
cons[火电机组分段中标量约束_1_50_5],-111.3839999999991
cons[火电机组分段中标量约束_1_50_6],-83.53799999999956
cons[火电机组分段中标量约束_1_50_7],-55.69200000000001
cons[火电机组分段中标量约束_1_50_8],-27.84599999999955
cons[火电机组分段中标量约束_1_50_9],0.0
cons[火电机组出力之和约束_1_50],-5810.349999999999
cons[火电机组分段中标量约束_1_51_0],-250.61399999999958
cons[火电机组分段中标量约束_1_51_1],-222.76800000000003
cons[火电机组分段中标量约束_1_51_2],-194.92199999999957
cons[火电机组分段中标量约束_1_51_3],-167.0759999999991
cons[火电机组分段中标量约束_1_51_4],-139.22999999999956
cons[火电机组分段中标量约束_1_51_5],-111.3839999999991
cons[火电机组分段中标量约束_1_51_6],-83.53799999999956
cons[火电机组分段中标量约束_1_51_7],-55.69200000000001
cons[火电机组分段中标量约束_1_51_8],-27.84599999999955
cons[火电机组分段中标量约束_1_51_9],0.0
cons[火电机组出力之和约束_1_51],-5810.349999999999
cons[火电机组分段中标量约束_1_52_0],-250.61399999999958
cons[火电机组分段中标量约束_1_52_1],-222.76800000000003
cons[火电机组分段中标量约束_1_52_2],-194.92199999999957
cons[火电机组分段中标量约束_1_52_3],-167.0759999999991
cons[火电机组分段中标量约束_1_52_4],-139.22999999999956
cons[火电机组分段中标量约束_1_52_5],-111.3839999999991
cons[火电机组分段中标量约束_1_52_6],-83.53799999999956
cons[火电机组分段中标量约束_1_52_7],-55.69200000000001
cons[火电机组分段中标量约束_1_52_8],-27.84599999999955
cons[火电机组分段中标量约束_1_52_9],0.0
cons[火电机组出力之和约束_1_52],-5810.349999999999
cons[火电机组分段中标量约束_1_53_0],-250.61399999999958
cons[火电机组分段中标量约束_1_53_1],-222.76800000000003
cons[火电机组分段中标量约束_1_53_2],-194.92199999999957
cons[火电机组分段中标量约束_1_53_3],-167.0759999999991
cons[火电机组分段中标量约束_1_53_4],-139.22999999999956
cons[火电机组分段中标量约束_1_53_5],-111.3839999999991
cons[火电机组分段中标量约束_1_53_6],-83.53799999999956
cons[火电机组分段中标量约束_1_53_7],-55.69200000000001
cons[火电机组分段中标量约束_1_53_8],-27.84599999999955
cons[火电机组分段中标量约束_1_53_9],0.0
cons[火电机组出力之和约束_1_53],-5810.349999999999
cons[火电机组分段中标量约束_1_54_0],-250.61399999999958
cons[火电机组分段中标量约束_1_54_1],-222.76800000000003
cons[火电机组分段中标量约束_1_54_2],-194.92199999999957
cons[火电机组分段中标量约束_1_54_3],-167.0759999999991
cons[火电机组分段中标量约束_1_54_4],-139.22999999999956
cons[火电机组分段中标量约束_1_54_5],-111.3839999999991
cons[火电机组分段中标量约束_1_54_6],-83.53799999999956
cons[火电机组分段中标量约束_1_54_7],-55.69200000000001
cons[火电机组分段中标量约束_1_54_8],-27.84599999999955
cons[火电机组分段中标量约束_1_54_9],0.0
cons[火电机组出力之和约束_1_54],-5810.349999999999
cons[火电机组分段中标量约束_1_55_0],-250.61399999999958
cons[火电机组分段中标量约束_1_55_1],-222.76800000000003
cons[火电机组分段中标量约束_1_55_2],-194.92199999999957
cons[火电机组分段中标量约束_1_55_3],-167.0759999999991
cons[火电机组分段中标量约束_1_55_4],-139.22999999999956
cons[火电机组分段中标量约束_1_55_5],-111.3839999999991
cons[火电机组分段中标量约束_1_55_6],-83.53799999999956
cons[火电机组分段中标量约束_1_55_7],-55.69200000000001
cons[火电机组分段中标量约束_1_55_8],-27.84599999999955
cons[火电机组分段中标量约束_1_55_9],0.0
cons[火电机组出力之和约束_1_55],-5810.349999999999
cons[火电机组分段中标量约束_1_56_0],-250.61399999999958
cons[火电机组分段中标量约束_1_56_1],-222.76800000000003
cons[火电机组分段中标量约束_1_56_2],-194.92199999999957
cons[火电机组分段中标量约束_1_56_3],-167.0759999999991
cons[火电机组分段中标量约束_1_56_4],-139.22999999999956
cons[火电机组分段中标量约束_1_56_5],-111.3839999999991
cons[火电机组分段中标量约束_1_56_6],-83.53799999999956
cons[火电机组分段中标量约束_1_56_7],-55.69200000000001
cons[火电机组分段中标量约束_1_56_8],-27.84599999999955
cons[火电机组分段中标量约束_1_56_9],0.0
cons[火电机组出力之和约束_1_56],-5810.349999999999
cons[火电机组分段中标量约束_1_57_0],-250.61399999999958
cons[火电机组分段中标量约束_1_57_1],-222.76800000000003
cons[火电机组分段中标量约束_1_57_2],-194.92199999999957
cons[火电机组分段中标量约束_1_57_3],-167.0759999999991
cons[火电机组分段中标量约束_1_57_4],-139.22999999999956
cons[火电机组分段中标量约束_1_57_5],-111.3839999999991
cons[火电机组分段中标量约束_1_57_6],-83.53799999999956
cons[火电机组分段中标量约束_1_57_7],-55.69200000000001
cons[火电机组分段中标量约束_1_57_8],-27.84599999999955
cons[火电机组分段中标量约束_1_57_9],0.0
cons[火电机组出力之和约束_1_57],-5810.349999999999
cons[火电机组分段中标量约束_1_58_0],-250.61399999999958
cons[火电机组分段中标量约束_1_58_1],-222.76800000000003
cons[火电机组分段中标量约束_1_58_2],-194.92199999999957
cons[火电机组分段中标量约束_1_58_3],-167.0759999999991
cons[火电机组分段中标量约束_1_58_4],-139.22999999999956
cons[火电机组分段中标量约束_1_58_5],-111.3839999999991
cons[火电机组分段中标量约束_1_58_6],-83.53799999999956
cons[火电机组分段中标量约束_1_58_7],-55.69200000000001
cons[火电机组分段中标量约束_1_58_8],-27.84599999999955
cons[火电机组分段中标量约束_1_58_9],0.0
cons[火电机组出力之和约束_1_58],-5810.349999999999
cons[火电机组分段中标量约束_1_59_0],-250.61399999999958
cons[火电机组分段中标量约束_1_59_1],-222.76800000000003
cons[火电机组分段中标量约束_1_59_2],-194.92199999999957
cons[火电机组分段中标量约束_1_59_3],-167.0759999999991
cons[火电机组分段中标量约束_1_59_4],-139.22999999999956
cons[火电机组分段中标量约束_1_59_5],-111.3839999999991
cons[火电机组分段中标量约束_1_59_6],-83.53799999999956
cons[火电机组分段中标量约束_1_59_7],-55.69200000000001
cons[火电机组分段中标量约束_1_59_8],-27.84599999999955
cons[火电机组分段中标量约束_1_59_9],0.0
cons[火电机组出力之和约束_1_59],-5810.349999999999
cons[火电机组分段中标量约束_1_60_0],-250.61399999999958
cons[火电机组分段中标量约束_1_60_1],-222.76800000000003
cons[火电机组分段中标量约束_1_60_2],-194.92199999999957
cons[火电机组分段中标量约束_1_60_3],-167.0759999999991
cons[火电机组分段中标量约束_1_60_4],-139.22999999999956
cons[火电机组分段中标量约束_1_60_5],-111.3839999999991
cons[火电机组分段中标量约束_1_60_6],-83.53799999999956
cons[火电机组分段中标量约束_1_60_7],-55.69200000000001
cons[火电机组分段中标量约束_1_60_8],-27.84599999999955
cons[火电机组分段中标量约束_1_60_9],0.0
cons[火电机组出力之和约束_1_60],-5810.349999999999
cons[火电机组分段中标量约束_1_61_0],-250.61399999999958
cons[火电机组分段中标量约束_1_61_1],-222.76800000000003
cons[火电机组分段中标量约束_1_61_2],-194.92199999999957
cons[火电机组分段中标量约束_1_61_3],-167.0759999999991
cons[火电机组分段中标量约束_1_61_4],-139.22999999999956
cons[火电机组分段中标量约束_1_61_5],-111.3839999999991
cons[火电机组分段中标量约束_1_61_6],-83.53799999999956
cons[火电机组分段中标量约束_1_61_7],-55.69200000000001
cons[火电机组分段中标量约束_1_61_8],-27.84599999999955
cons[火电机组分段中标量约束_1_61_9],0.0
cons[火电机组出力之和约束_1_61],-5810.349999999999
cons[火电机组分段中标量约束_1_62_0],-250.61399999999958
cons[火电机组分段中标量约束_1_62_1],-222.76800000000003
cons[火电机组分段中标量约束_1_62_2],-194.92199999999957
cons[火电机组分段中标量约束_1_62_3],-167.0759999999991
cons[火电机组分段中标量约束_1_62_4],-139.22999999999956
cons[火电机组分段中标量约束_1_62_5],-111.3839999999991
cons[火电机组分段中标量约束_1_62_6],-83.53799999999956
cons[火电机组分段中标量约束_1_62_7],-55.69200000000001
cons[火电机组分段中标量约束_1_62_8],-27.84599999999955
cons[火电机组分段中标量约束_1_62_9],0.0
cons[火电机组出力之和约束_1_62],-5810.349999999999
cons[火电机组分段中标量约束_1_63_0],-250.61399999999958
cons[火电机组分段中标量约束_1_63_1],-222.76800000000003
cons[火电机组分段中标量约束_1_63_2],-194.92199999999957
cons[火电机组分段中标量约束_1_63_3],-167.0759999999991
cons[火电机组分段中标量约束_1_63_4],-139.22999999999956
cons[火电机组分段中标量约束_1_63_5],-111.3839999999991
cons[火电机组分段中标量约束_1_63_6],-83.53799999999956
cons[火电机组分段中标量约束_1_63_7],-55.69200000000001
cons[火电机组分段中标量约束_1_63_8],-27.84599999999955
cons[火电机组分段中标量约束_1_63_9],0.0
cons[火电机组出力之和约束_1_63],-5810.349999999999
cons[火电机组分段中标量约束_1_64_0],-250.61399999999958
cons[火电机组分段中标量约束_1_64_1],-222.76800000000003
cons[火电机组分段中标量约束_1_64_2],-194.92199999999957
cons[火电机组分段中标量约束_1_64_3],-167.0759999999991
cons[火电机组分段中标量约束_1_64_4],-139.22999999999956
cons[火电机组分段中标量约束_1_64_5],-111.3839999999991
cons[火电机组分段中标量约束_1_64_6],-83.53799999999956
cons[火电机组分段中标量约束_1_64_7],-55.69200000000001
cons[火电机组分段中标量约束_1_64_8],-27.84599999999955
cons[火电机组分段中标量约束_1_64_9],0.0
cons[火电机组出力之和约束_1_64],-5810.349999999999
cons[火电机组分段中标量约束_1_65_0],-250.61399999999958
cons[火电机组分段中标量约束_1_65_1],-222.76800000000003
cons[火电机组分段中标量约束_1_65_2],-194.92199999999957
cons[火电机组分段中标量约束_1_65_3],-167.0759999999991
cons[火电机组分段中标量约束_1_65_4],-139.22999999999956
cons[火电机组分段中标量约束_1_65_5],-111.3839999999991
cons[火电机组分段中标量约束_1_65_6],-83.53799999999956
cons[火电机组分段中标量约束_1_65_7],-55.69200000000001
cons[火电机组分段中标量约束_1_65_8],-27.84599999999955
cons[火电机组分段中标量约束_1_65_9],0.0
cons[火电机组出力之和约束_1_65],-5810.349999999999
cons[火电机组分段中标量约束_1_66_0],-250.61399999999958
cons[火电机组分段中标量约束_1_66_1],-222.76800000000003
cons[火电机组分段中标量约束_1_66_2],-194.92199999999957
cons[火电机组分段中标量约束_1_66_3],-167.0759999999991
cons[火电机组分段中标量约束_1_66_4],-139.22999999999956
cons[火电机组分段中标量约束_1_66_5],-111.3839999999991
cons[火电机组分段中标量约束_1_66_6],-83.53799999999956
cons[火电机组分段中标量约束_1_66_7],-55.69200000000001
cons[火电机组分段中标量约束_1_66_8],-27.84599999999955
cons[火电机组分段中标量约束_1_66_9],0.0
cons[火电机组出力之和约束_1_66],-5810.349999999999
cons[火电机组分段中标量约束_1_67_0],-250.61399999999958
cons[火电机组分段中标量约束_1_67_1],-222.76800000000003
cons[火电机组分段中标量约束_1_67_2],-194.92199999999957
cons[火电机组分段中标量约束_1_67_3],-167.0759999999991
cons[火电机组分段中标量约束_1_67_4],-139.22999999999956
cons[火电机组分段中标量约束_1_67_5],-111.3839999999991
cons[火电机组分段中标量约束_1_67_6],-83.53799999999956
cons[火电机组分段中标量约束_1_67_7],-55.69200000000001
cons[火电机组分段中标量约束_1_67_8],-27.84599999999955
cons[火电机组分段中标量约束_1_67_9],0.0
cons[火电机组出力之和约束_1_67],-5810.349999999999
cons[火电机组分段中标量约束_1_68_0],-250.61399999999958
cons[火电机组分段中标量约束_1_68_1],-222.76800000000003
cons[火电机组分段中标量约束_1_68_2],-194.92199999999957
cons[火电机组分段中标量约束_1_68_3],-167.0759999999991
cons[火电机组分段中标量约束_1_68_4],-139.22999999999956
cons[火电机组分段中标量约束_1_68_5],-111.3839999999991
cons[火电机组分段中标量约束_1_68_6],-83.53799999999956
cons[火电机组分段中标量约束_1_68_7],-55.69200000000001
cons[火电机组分段中标量约束_1_68_8],-27.84599999999955
cons[火电机组分段中标量约束_1_68_9],0.0
cons[火电机组出力之和约束_1_68],-5810.349999999999
cons[火电机组分段中标量约束_1_69_0],-250.61399999999958
cons[火电机组分段中标量约束_1_69_1],-222.76800000000003
cons[火电机组分段中标量约束_1_69_2],-194.92199999999957
cons[火电机组分段中标量约束_1_69_3],-167.0759999999991
cons[火电机组分段中标量约束_1_69_4],-139.22999999999956
cons[火电机组分段中标量约束_1_69_5],-111.3839999999991
cons[火电机组分段中标量约束_1_69_6],-83.53799999999956
cons[火电机组分段中标量约束_1_69_7],-55.69200000000001
cons[火电机组分段中标量约束_1_69_8],-27.84599999999955
cons[火电机组分段中标量约束_1_69_9],0.0
cons[火电机组出力之和约束_1_69],-5810.349999999999
cons[火电机组分段中标量约束_1_70_0],-250.61399999999958
cons[火电机组分段中标量约束_1_70_1],-222.76800000000003
cons[火电机组分段中标量约束_1_70_2],-194.92199999999957
cons[火电机组分段中标量约束_1_70_3],-167.0759999999991
cons[火电机组分段中标量约束_1_70_4],-139.22999999999956
cons[火电机组分段中标量约束_1_70_5],-111.3839999999991
cons[火电机组分段中标量约束_1_70_6],-83.53799999999956
cons[火电机组分段中标量约束_1_70_7],-55.69200000000001
cons[火电机组分段中标量约束_1_70_8],-27.84599999999955
cons[火电机组分段中标量约束_1_70_9],0.0
cons[火电机组出力之和约束_1_70],-5810.349999999999
cons[火电机组分段中标量约束_1_71_0],-250.61399999999958
cons[火电机组分段中标量约束_1_71_1],-222.76800000000003
cons[火电机组分段中标量约束_1_71_2],-194.92199999999957
cons[火电机组分段中标量约束_1_71_3],-167.0759999999991
cons[火电机组分段中标量约束_1_71_4],-139.22999999999956
cons[火电机组分段中标量约束_1_71_5],-111.3839999999991
cons[火电机组分段中标量约束_1_71_6],-83.53799999999956
cons[火电机组分段中标量约束_1_71_7],-55.69200000000001
cons[火电机组分段中标量约束_1_71_8],-27.84599999999955
cons[火电机组分段中标量约束_1_71_9],0.0
cons[火电机组出力之和约束_1_71],-5810.349999999999
cons[火电机组分段中标量约束_1_72_0],-250.61399999999958
cons[火电机组分段中标量约束_1_72_1],-222.76800000000003
cons[火电机组分段中标量约束_1_72_2],-194.92199999999957
cons[火电机组分段中标量约束_1_72_3],-167.0759999999991
cons[火电机组分段中标量约束_1_72_4],-139.22999999999956
cons[火电机组分段中标量约束_1_72_5],-111.3839999999991
cons[火电机组分段中标量约束_1_72_6],-83.53799999999956
cons[火电机组分段中标量约束_1_72_7],-55.69200000000001
cons[火电机组分段中标量约束_1_72_8],-27.84599999999955
cons[火电机组分段中标量约束_1_72_9],0.0
cons[火电机组出力之和约束_1_72],-5810.349999999999
cons[火电机组分段中标量约束_1_73_0],-250.61399999999958
cons[火电机组分段中标量约束_1_73_1],-222.76800000000003
cons[火电机组分段中标量约束_1_73_2],-194.92199999999957
cons[火电机组分段中标量约束_1_73_3],-167.0759999999991
cons[火电机组分段中标量约束_1_73_4],-139.22999999999956
cons[火电机组分段中标量约束_1_73_5],-111.3839999999991
cons[火电机组分段中标量约束_1_73_6],-83.53799999999956
cons[火电机组分段中标量约束_1_73_7],-55.69200000000001
cons[火电机组分段中标量约束_1_73_8],-27.84599999999955
cons[火电机组分段中标量约束_1_73_9],0.0
cons[火电机组出力之和约束_1_73],-5810.349999999999
cons[火电机组分段中标量约束_1_74_0],-250.61399999999958
cons[火电机组分段中标量约束_1_74_1],-222.76800000000003
cons[火电机组分段中标量约束_1_74_2],-194.92199999999957
cons[火电机组分段中标量约束_1_74_3],-167.0759999999991
cons[火电机组分段中标量约束_1_74_4],-139.22999999999956
cons[火电机组分段中标量约束_1_74_5],-111.3839999999991
cons[火电机组分段中标量约束_1_74_6],-83.53799999999956
cons[火电机组分段中标量约束_1_74_7],-55.69200000000001
cons[火电机组分段中标量约束_1_74_8],-27.84599999999955
cons[火电机组分段中标量约束_1_74_9],0.0
cons[火电机组出力之和约束_1_74],-5810.349999999999
cons[火电机组分段中标量约束_1_75_0],-250.61399999999958
cons[火电机组分段中标量约束_1_75_1],-222.76800000000003
cons[火电机组分段中标量约束_1_75_2],-194.92199999999957
cons[火电机组分段中标量约束_1_75_3],-167.0759999999991
cons[火电机组分段中标量约束_1_75_4],-139.22999999999956
cons[火电机组分段中标量约束_1_75_5],-111.3839999999991
cons[火电机组分段中标量约束_1_75_6],-83.53799999999956
cons[火电机组分段中标量约束_1_75_7],-55.69200000000001
cons[火电机组分段中标量约束_1_75_8],-27.84599999999955
cons[火电机组分段中标量约束_1_75_9],0.0
cons[火电机组出力之和约束_1_75],-5810.349999999999
cons[火电机组分段中标量约束_1_76_0],-250.61399999999958
cons[火电机组分段中标量约束_1_76_1],-222.76800000000003
cons[火电机组分段中标量约束_1_76_2],-194.92199999999957
cons[火电机组分段中标量约束_1_76_3],-167.0759999999991
cons[火电机组分段中标量约束_1_76_4],-139.22999999999956
cons[火电机组分段中标量约束_1_76_5],-111.3839999999991
cons[火电机组分段中标量约束_1_76_6],-83.53799999999956
cons[火电机组分段中标量约束_1_76_7],-55.69200000000001
cons[火电机组分段中标量约束_1_76_8],-27.84599999999955
cons[火电机组分段中标量约束_1_76_9],0.0
cons[火电机组出力之和约束_1_76],-5810.349999999999
cons[火电机组分段中标量约束_1_77_0],-250.61399999999958
cons[火电机组分段中标量约束_1_77_1],-222.76800000000003
cons[火电机组分段中标量约束_1_77_2],-194.92199999999957
cons[火电机组分段中标量约束_1_77_3],-167.0759999999991
cons[火电机组分段中标量约束_1_77_4],-139.22999999999956
cons[火电机组分段中标量约束_1_77_5],-111.3839999999991
cons[火电机组分段中标量约束_1_77_6],-83.53799999999956
cons[火电机组分段中标量约束_1_77_7],-55.69200000000001
cons[火电机组分段中标量约束_1_77_8],-27.84599999999955
cons[火电机组分段中标量约束_1_77_9],0.0
cons[火电机组出力之和约束_1_77],-5810.349999999999
cons[火电机组分段中标量约束_1_78_0],-250.61399999999958
cons[火电机组分段中标量约束_1_78_1],-222.76800000000003
cons[火电机组分段中标量约束_1_78_2],-194.92199999999957
cons[火电机组分段中标量约束_1_78_3],-167.0759999999991
cons[火电机组分段中标量约束_1_78_4],-139.22999999999956
cons[火电机组分段中标量约束_1_78_5],-111.3839999999991
cons[火电机组分段中标量约束_1_78_6],-83.53799999999956
cons[火电机组分段中标量约束_1_78_7],-55.69200000000001
cons[火电机组分段中标量约束_1_78_8],-27.84599999999955
cons[火电机组分段中标量约束_1_78_9],0.0
cons[火电机组出力之和约束_1_78],-5810.349999999999
cons[火电机组分段中标量约束_1_79_0],-250.61399999999958
cons[火电机组分段中标量约束_1_79_1],-222.76800000000003
cons[火电机组分段中标量约束_1_79_2],-194.92199999999957
cons[火电机组分段中标量约束_1_79_3],-167.0759999999991
cons[火电机组分段中标量约束_1_79_4],-139.22999999999956
cons[火电机组分段中标量约束_1_79_5],-111.3839999999991
cons[火电机组分段中标量约束_1_79_6],-83.53799999999956
cons[火电机组分段中标量约束_1_79_7],-55.69200000000001
cons[火电机组分段中标量约束_1_79_8],-27.84599999999955
cons[火电机组分段中标量约束_1_79_9],0.0
cons[火电机组出力之和约束_1_79],-5810.349999999999
cons[火电机组分段中标量约束_1_80_0],-250.61399999999958
cons[火电机组分段中标量约束_1_80_1],-222.76800000000003
cons[火电机组分段中标量约束_1_80_2],-194.92199999999957
cons[火电机组分段中标量约束_1_80_3],-167.0759999999991
cons[火电机组分段中标量约束_1_80_4],-139.22999999999956
cons[火电机组分段中标量约束_1_80_5],-111.3839999999991
cons[火电机组分段中标量约束_1_80_6],-83.53799999999956
cons[火电机组分段中标量约束_1_80_7],-55.69200000000001
cons[火电机组分段中标量约束_1_80_8],-27.84599999999955
cons[火电机组分段中标量约束_1_80_9],0.0
cons[火电机组出力之和约束_1_80],-5810.349999999999
cons[火电机组分段中标量约束_1_81_0],-250.61399999999958
cons[火电机组分段中标量约束_1_81_1],-222.76800000000003
cons[火电机组分段中标量约束_1_81_2],-194.92199999999957
cons[火电机组分段中标量约束_1_81_3],-167.0759999999991
cons[火电机组分段中标量约束_1_81_4],-139.22999999999956
cons[火电机组分段中标量约束_1_81_5],-111.3839999999991
cons[火电机组分段中标量约束_1_81_6],-83.53799999999956
cons[火电机组分段中标量约束_1_81_7],-55.69200000000001
cons[火电机组分段中标量约束_1_81_8],-27.84599999999955
cons[火电机组分段中标量约束_1_81_9],0.0
cons[火电机组出力之和约束_1_81],-5810.349999999999
cons[火电机组分段中标量约束_1_82_0],-250.61399999999958
cons[火电机组分段中标量约束_1_82_1],-222.76800000000003
cons[火电机组分段中标量约束_1_82_2],-194.92199999999957
cons[火电机组分段中标量约束_1_82_3],-167.0759999999991
cons[火电机组分段中标量约束_1_82_4],-139.22999999999956
cons[火电机组分段中标量约束_1_82_5],-111.3839999999991
cons[火电机组分段中标量约束_1_82_6],-83.53799999999956
cons[火电机组分段中标量约束_1_82_7],-55.69200000000001
cons[火电机组分段中标量约束_1_82_8],-27.84599999999955
cons[火电机组分段中标量约束_1_82_9],0.0
cons[火电机组出力之和约束_1_82],-5810.349999999999
cons[火电机组分段中标量约束_1_83_0],-250.61399999999958
cons[火电机组分段中标量约束_1_83_1],-222.76800000000003
cons[火电机组分段中标量约束_1_83_2],-194.92199999999957
cons[火电机组分段中标量约束_1_83_3],-167.0759999999991
cons[火电机组分段中标量约束_1_83_4],-139.22999999999956
cons[火电机组分段中标量约束_1_83_5],-111.3839999999991
cons[火电机组分段中标量约束_1_83_6],-83.53799999999956
cons[火电机组分段中标量约束_1_83_7],-55.69200000000001
cons[火电机组分段中标量约束_1_83_8],-27.84599999999955
cons[火电机组分段中标量约束_1_83_9],0.0
cons[火电机组出力之和约束_1_83],-5810.349999999999
cons[火电机组分段中标量约束_1_84_0],-250.61399999999958
cons[火电机组分段中标量约束_1_84_1],-222.76800000000003
cons[火电机组分段中标量约束_1_84_2],-194.92199999999957
cons[火电机组分段中标量约束_1_84_3],-167.0759999999991
cons[火电机组分段中标量约束_1_84_4],-139.22999999999956
cons[火电机组分段中标量约束_1_84_5],-111.3839999999991
cons[火电机组分段中标量约束_1_84_6],-83.53799999999956
cons[火电机组分段中标量约束_1_84_7],-55.69200000000001
cons[火电机组分段中标量约束_1_84_8],-27.84599999999955
cons[火电机组分段中标量约束_1_84_9],0.0
cons[火电机组出力之和约束_1_84],-5810.349999999999
cons[火电机组分段中标量约束_1_85_0],-250.61399999999958
cons[火电机组分段中标量约束_1_85_1],-222.76800000000003
cons[火电机组分段中标量约束_1_85_2],-194.92199999999957
cons[火电机组分段中标量约束_1_85_3],-167.0759999999991
cons[火电机组分段中标量约束_1_85_4],-139.22999999999956
cons[火电机组分段中标量约束_1_85_5],-111.3839999999991
cons[火电机组分段中标量约束_1_85_6],-83.53799999999956
cons[火电机组分段中标量约束_1_85_7],-55.69200000000001
cons[火电机组分段中标量约束_1_85_8],-27.84599999999955
cons[火电机组分段中标量约束_1_85_9],0.0
cons[火电机组出力之和约束_1_85],-5810.349999999999
cons[火电机组分段中标量约束_1_86_0],-250.61399999999958
cons[火电机组分段中标量约束_1_86_1],-222.76800000000003
cons[火电机组分段中标量约束_1_86_2],-194.92199999999957
cons[火电机组分段中标量约束_1_86_3],-167.0759999999991
cons[火电机组分段中标量约束_1_86_4],-139.22999999999956
cons[火电机组分段中标量约束_1_86_5],-111.3839999999991
cons[火电机组分段中标量约束_1_86_6],-83.53799999999956
cons[火电机组分段中标量约束_1_86_7],-55.69200000000001
cons[火电机组分段中标量约束_1_86_8],-27.84599999999955
cons[火电机组分段中标量约束_1_86_9],0.0
cons[火电机组出力之和约束_1_86],-5810.349999999999
cons[火电机组分段中标量约束_1_87_0],-250.61399999999958
cons[火电机组分段中标量约束_1_87_1],-222.76800000000003
cons[火电机组分段中标量约束_1_87_2],-194.92199999999957
cons[火电机组分段中标量约束_1_87_3],-167.0759999999991
cons[火电机组分段中标量约束_1_87_4],-139.22999999999956
cons[火电机组分段中标量约束_1_87_5],-111.3839999999991
cons[火电机组分段中标量约束_1_87_6],-83.53799999999956
cons[火电机组分段中标量约束_1_87_7],-55.69200000000001
cons[火电机组分段中标量约束_1_87_8],-27.84599999999955
cons[火电机组分段中标量约束_1_87_9],0.0
cons[火电机组出力之和约束_1_87],-5810.349999999999
cons[火电机组分段中标量约束_1_88_0],-250.61399999999958
cons[火电机组分段中标量约束_1_88_1],-222.76800000000003
cons[火电机组分段中标量约束_1_88_2],-194.92199999999957
cons[火电机组分段中标量约束_1_88_3],-167.0759999999991
cons[火电机组分段中标量约束_1_88_4],-139.22999999999956
cons[火电机组分段中标量约束_1_88_5],-111.3839999999991
cons[火电机组分段中标量约束_1_88_6],-83.53799999999956
cons[火电机组分段中标量约束_1_88_7],-55.69200000000001
cons[火电机组分段中标量约束_1_88_8],-27.84599999999955
cons[火电机组分段中标量约束_1_88_9],0.0
cons[火电机组出力之和约束_1_88],-5810.349999999999
cons[火电机组分段中标量约束_1_89_0],-250.61399999999958
cons[火电机组分段中标量约束_1_89_1],-222.76800000000003
cons[火电机组分段中标量约束_1_89_2],-194.92199999999957
cons[火电机组分段中标量约束_1_89_3],-167.0759999999991
cons[火电机组分段中标量约束_1_89_4],-139.22999999999956
cons[火电机组分段中标量约束_1_89_5],-111.3839999999991
cons[火电机组分段中标量约束_1_89_6],-83.53799999999956
cons[火电机组分段中标量约束_1_89_7],-55.69200000000001
cons[火电机组分段中标量约束_1_89_8],-27.84599999999955
cons[火电机组分段中标量约束_1_89_9],0.0
cons[火电机组出力之和约束_1_89],-5810.349999999999
cons[火电机组分段中标量约束_1_90_0],-250.61399999999958
cons[火电机组分段中标量约束_1_90_1],-222.76800000000003
cons[火电机组分段中标量约束_1_90_2],-194.92199999999957
cons[火电机组分段中标量约束_1_90_3],-167.0759999999991
cons[火电机组分段中标量约束_1_90_4],-139.22999999999956
cons[火电机组分段中标量约束_1_90_5],-111.3839999999991
cons[火电机组分段中标量约束_1_90_6],-83.53799999999956
cons[火电机组分段中标量约束_1_90_7],-55.69200000000001
cons[火电机组分段中标量约束_1_90_8],-27.84599999999955
cons[火电机组分段中标量约束_1_90_9],0.0
cons[火电机组出力之和约束_1_90],-5810.349999999999
cons[火电机组分段中标量约束_1_91_0],-250.61399999999958
cons[火电机组分段中标量约束_1_91_1],-222.76800000000003
cons[火电机组分段中标量约束_1_91_2],-194.92199999999957
cons[火电机组分段中标量约束_1_91_3],-167.0759999999991
cons[火电机组分段中标量约束_1_91_4],-139.22999999999956
cons[火电机组分段中标量约束_1_91_5],-111.3839999999991
cons[火电机组分段中标量约束_1_91_6],-83.53799999999956
cons[火电机组分段中标量约束_1_91_7],-55.69200000000001
cons[火电机组分段中标量约束_1_91_8],-27.84599999999955
cons[火电机组分段中标量约束_1_91_9],0.0
cons[火电机组出力之和约束_1_91],-5810.349999999999
cons[火电机组分段中标量约束_1_92_0],-250.61399999999958
cons[火电机组分段中标量约束_1_92_1],-222.76800000000003
cons[火电机组分段中标量约束_1_92_2],-194.92199999999957
cons[火电机组分段中标量约束_1_92_3],-167.0759999999991
cons[火电机组分段中标量约束_1_92_4],-139.22999999999956
cons[火电机组分段中标量约束_1_92_5],-111.3839999999991
cons[火电机组分段中标量约束_1_92_6],-83.53799999999956
cons[火电机组分段中标量约束_1_92_7],-55.69200000000001
cons[火电机组分段中标量约束_1_92_8],-27.84599999999955
cons[火电机组分段中标量约束_1_92_9],0.0
cons[火电机组出力之和约束_1_92],-5810.349999999999
cons[火电机组分段中标量约束_1_93_0],-250.61399999999958
cons[火电机组分段中标量约束_1_93_1],-222.76800000000003
cons[火电机组分段中标量约束_1_93_2],-194.92199999999957
cons[火电机组分段中标量约束_1_93_3],-167.0759999999991
cons[火电机组分段中标量约束_1_93_4],-139.22999999999956
cons[火电机组分段中标量约束_1_93_5],-111.3839999999991
cons[火电机组分段中标量约束_1_93_6],-83.53799999999956
cons[火电机组分段中标量约束_1_93_7],-55.69200000000001
cons[火电机组分段中标量约束_1_93_8],-27.84599999999955
cons[火电机组分段中标量约束_1_93_9],0.0
cons[火电机组出力之和约束_1_93],-5810.349999999999
cons[火电机组分段中标量约束_1_94_0],-194.92199999999957
cons[火电机组分段中标量约束_1_94_1],-167.07600000000002
cons[火电机组分段中标量约束_1_94_2],-139.22999999999956
cons[火电机组分段中标量约束_1_94_3],-111.3839999999991
cons[火电机组分段中标量约束_1_94_4],-83.53799999999956
cons[火电机组分段中标量约束_1_94_5],-55.6919999999991
cons[火电机组分段中标量约束_1_94_6],-27.84599999999955
cons[火电机组分段中标量约束_1_94_7],0.0
cons[火电机组分段中标量约束_1_94_8],0.0
cons[火电机组分段中标量约束_1_94_9],0.0
cons[火电机组出力之和约束_1_94],-5754.657999999999
cons[火电机组分段中标量约束_1_95_0],-111.38400000000001
cons[火电机组分段中标量约束_1_95_1],-83.53800000000047
cons[火电机组分段中标量约束_1_95_2],-55.69200000000001
cons[火电机组分段中标量约束_1_95_3],-27.84599999999955
cons[火电机组分段中标量约束_1_95_4],0.0
cons[火电机组分段中标量约束_1_95_5],0.0
cons[火电机组分段中标量约束_1_95_6],0.0
cons[火电机组分段中标量约束_1_95_7],0.0
cons[火电机组分段中标量约束_1_95_8],0.0
cons[火电机组分段中标量约束_1_95_9],0.0
cons[火电机组出力之和约束_1_95],-5671.12
cons[火电机组分段中标量约束_2_0_0],0.0
cons[火电机组分段中标量约束_2_0_1],0.0
cons[火电机组分段中标量约束_2_0_2],0.0
cons[火电机组分段中标量约束_2_0_3],0.0
cons[火电机组分段中标量约束_2_0_4],0.0
cons[火电机组分段中标量约束_2_0_5],0.0
cons[火电机组分段中标量约束_2_0_6],0.0
cons[火电机组分段中标量约束_2_0_7],0.0
cons[火电机组分段中标量约束_2_0_8],0.0
cons[火电机组分段中标量约束_2_0_9],0.0
cons[火电机组出力之和约束_2_0],0.0
cons[火电机组分段中标量约束_2_1_0],0.0
cons[火电机组分段中标量约束_2_1_1],0.0
cons[火电机组分段中标量约束_2_1_2],0.0
cons[火电机组分段中标量约束_2_1_3],0.0
cons[火电机组分段中标量约束_2_1_4],0.0
cons[火电机组分段中标量约束_2_1_5],0.0
cons[火电机组分段中标量约束_2_1_6],0.0
cons[火电机组分段中标量约束_2_1_7],0.0
cons[火电机组分段中标量约束_2_1_8],0.0
cons[火电机组分段中标量约束_2_1_9],0.0
cons[火电机组出力之和约束_2_1],0.0
cons[火电机组分段中标量约束_2_2_0],0.0
cons[火电机组分段中标量约束_2_2_1],0.0
cons[火电机组分段中标量约束_2_2_2],0.0
cons[火电机组分段中标量约束_2_2_3],0.0
cons[火电机组分段中标量约束_2_2_4],0.0
cons[火电机组分段中标量约束_2_2_5],0.0
cons[火电机组分段中标量约束_2_2_6],0.0
cons[火电机组分段中标量约束_2_2_7],0.0
cons[火电机组分段中标量约束_2_2_8],0.0
cons[火电机组分段中标量约束_2_2_9],0.0
cons[火电机组出力之和约束_2_2],0.0
cons[火电机组分段中标量约束_2_3_0],0.0
cons[火电机组分段中标量约束_2_3_1],0.0
cons[火电机组分段中标量约束_2_3_2],0.0
cons[火电机组分段中标量约束_2_3_3],0.0
cons[火电机组分段中标量约束_2_3_4],0.0
cons[火电机组分段中标量约束_2_3_5],0.0
cons[火电机组分段中标量约束_2_3_6],0.0
cons[火电机组分段中标量约束_2_3_7],0.0
cons[火电机组分段中标量约束_2_3_8],0.0
cons[火电机组分段中标量约束_2_3_9],0.0
cons[火电机组出力之和约束_2_3],0.0
cons[火电机组分段中标量约束_2_4_0],0.0
cons[火电机组分段中标量约束_2_4_1],0.0
cons[火电机组分段中标量约束_2_4_2],0.0
cons[火电机组分段中标量约束_2_4_3],0.0
cons[火电机组分段中标量约束_2_4_4],0.0
cons[火电机组分段中标量约束_2_4_5],0.0
cons[火电机组分段中标量约束_2_4_6],0.0
cons[火电机组分段中标量约束_2_4_7],0.0
cons[火电机组分段中标量约束_2_4_8],0.0
cons[火电机组分段中标量约束_2_4_9],0.0
cons[火电机组出力之和约束_2_4],0.0
cons[火电机组分段中标量约束_2_5_0],0.0
cons[火电机组分段中标量约束_2_5_1],0.0
cons[火电机组分段中标量约束_2_5_2],0.0
cons[火电机组分段中标量约束_2_5_3],0.0
cons[火电机组分段中标量约束_2_5_4],0.0
cons[火电机组分段中标量约束_2_5_5],0.0
cons[火电机组分段中标量约束_2_5_6],0.0
cons[火电机组分段中标量约束_2_5_7],0.0
cons[火电机组分段中标量约束_2_5_8],0.0
cons[火电机组分段中标量约束_2_5_9],0.0
cons[火电机组出力之和约束_2_5],0.0
cons[火电机组分段中标量约束_2_6_0],0.0
cons[火电机组分段中标量约束_2_6_1],0.0
cons[火电机组分段中标量约束_2_6_2],0.0
cons[火电机组分段中标量约束_2_6_3],0.0
cons[火电机组分段中标量约束_2_6_4],0.0
cons[火电机组分段中标量约束_2_6_5],0.0
cons[火电机组分段中标量约束_2_6_6],0.0
cons[火电机组分段中标量约束_2_6_7],0.0
cons[火电机组分段中标量约束_2_6_8],0.0
cons[火电机组分段中标量约束_2_6_9],0.0
cons[火电机组出力之和约束_2_6],0.0
cons[火电机组分段中标量约束_2_7_0],0.0
cons[火电机组分段中标量约束_2_7_1],0.0
cons[火电机组分段中标量约束_2_7_2],0.0
cons[火电机组分段中标量约束_2_7_3],0.0
cons[火电机组分段中标量约束_2_7_4],0.0
cons[火电机组分段中标量约束_2_7_5],0.0
cons[火电机组分段中标量约束_2_7_6],0.0
cons[火电机组分段中标量约束_2_7_7],0.0
cons[火电机组分段中标量约束_2_7_8],0.0
cons[火电机组分段中标量约束_2_7_9],0.0
cons[火电机组出力之和约束_2_7],0.0
cons[火电机组分段中标量约束_2_8_0],0.0
cons[火电机组分段中标量约束_2_8_1],0.0
cons[火电机组分段中标量约束_2_8_2],0.0
cons[火电机组分段中标量约束_2_8_3],0.0
cons[火电机组分段中标量约束_2_8_4],0.0
cons[火电机组分段中标量约束_2_8_5],0.0
cons[火电机组分段中标量约束_2_8_6],0.0
cons[火电机组分段中标量约束_2_8_7],0.0
cons[火电机组分段中标量约束_2_8_8],0.0
cons[火电机组分段中标量约束_2_8_9],0.0
cons[火电机组出力之和约束_2_8],0.0
cons[火电机组分段中标量约束_2_9_0],0.0
cons[火电机组分段中标量约束_2_9_1],0.0
cons[火电机组分段中标量约束_2_9_2],0.0
cons[火电机组分段中标量约束_2_9_3],0.0
cons[火电机组分段中标量约束_2_9_4],0.0
cons[火电机组分段中标量约束_2_9_5],0.0
cons[火电机组分段中标量约束_2_9_6],0.0
cons[火电机组分段中标量约束_2_9_7],0.0
cons[火电机组分段中标量约束_2_9_8],0.0
cons[火电机组分段中标量约束_2_9_9],0.0
cons[火电机组出力之和约束_2_9],0.0
cons[火电机组分段中标量约束_2_10_0],0.0
cons[火电机组分段中标量约束_2_10_1],0.0
cons[火电机组分段中标量约束_2_10_2],0.0
cons[火电机组分段中标量约束_2_10_3],0.0
cons[火电机组分段中标量约束_2_10_4],0.0
cons[火电机组分段中标量约束_2_10_5],0.0
cons[火电机组分段中标量约束_2_10_6],0.0
cons[火电机组分段中标量约束_2_10_7],0.0
cons[火电机组分段中标量约束_2_10_8],0.0
cons[火电机组分段中标量约束_2_10_9],0.0
cons[火电机组出力之和约束_2_10],0.0
cons[火电机组分段中标量约束_2_11_0],0.0
cons[火电机组分段中标量约束_2_11_1],0.0
cons[火电机组分段中标量约束_2_11_2],0.0
cons[火电机组分段中标量约束_2_11_3],0.0
cons[火电机组分段中标量约束_2_11_4],0.0
cons[火电机组分段中标量约束_2_11_5],0.0
cons[火电机组分段中标量约束_2_11_6],0.0
cons[火电机组分段中标量约束_2_11_7],0.0
cons[火电机组分段中标量约束_2_11_8],0.0
cons[火电机组分段中标量约束_2_11_9],0.0
cons[火电机组出力之和约束_2_11],0.0
cons[火电机组分段中标量约束_2_12_0],0.0
cons[火电机组分段中标量约束_2_12_1],0.0
cons[火电机组分段中标量约束_2_12_2],0.0
cons[火电机组分段中标量约束_2_12_3],0.0
cons[火电机组分段中标量约束_2_12_4],0.0
cons[火电机组分段中标量约束_2_12_5],0.0
cons[火电机组分段中标量约束_2_12_6],0.0
cons[火电机组分段中标量约束_2_12_7],0.0
cons[火电机组分段中标量约束_2_12_8],0.0
cons[火电机组分段中标量约束_2_12_9],0.0
cons[火电机组出力之和约束_2_12],0.0
cons[火电机组分段中标量约束_2_13_0],0.0
cons[火电机组分段中标量约束_2_13_1],0.0
cons[火电机组分段中标量约束_2_13_2],0.0
cons[火电机组分段中标量约束_2_13_3],0.0
cons[火电机组分段中标量约束_2_13_4],0.0
cons[火电机组分段中标量约束_2_13_5],0.0
cons[火电机组分段中标量约束_2_13_6],0.0
cons[火电机组分段中标量约束_2_13_7],0.0
cons[火电机组分段中标量约束_2_13_8],0.0
cons[火电机组分段中标量约束_2_13_9],0.0
cons[火电机组出力之和约束_2_13],0.0
cons[火电机组分段中标量约束_2_14_0],0.0
cons[火电机组分段中标量约束_2_14_1],0.0
cons[火电机组分段中标量约束_2_14_2],0.0
cons[火电机组分段中标量约束_2_14_3],0.0
cons[火电机组分段中标量约束_2_14_4],0.0
cons[火电机组分段中标量约束_2_14_5],0.0
cons[火电机组分段中标量约束_2_14_6],0.0
cons[火电机组分段中标量约束_2_14_7],0.0
cons[火电机组分段中标量约束_2_14_8],0.0
cons[火电机组分段中标量约束_2_14_9],0.0
cons[火电机组出力之和约束_2_14],0.0
cons[火电机组分段中标量约束_2_15_0],0.0
cons[火电机组分段中标量约束_2_15_1],0.0
cons[火电机组分段中标量约束_2_15_2],0.0
cons[火电机组分段中标量约束_2_15_3],0.0
cons[火电机组分段中标量约束_2_15_4],0.0
cons[火电机组分段中标量约束_2_15_5],0.0
cons[火电机组分段中标量约束_2_15_6],0.0
cons[火电机组分段中标量约束_2_15_7],0.0
cons[火电机组分段中标量约束_2_15_8],0.0
cons[火电机组分段中标量约束_2_15_9],0.0
cons[火电机组出力之和约束_2_15],0.0
cons[火电机组分段中标量约束_2_16_0],0.0
cons[火电机组分段中标量约束_2_16_1],0.0
cons[火电机组分段中标量约束_2_16_2],0.0
cons[火电机组分段中标量约束_2_16_3],0.0
cons[火电机组分段中标量约束_2_16_4],0.0
cons[火电机组分段中标量约束_2_16_5],0.0
cons[火电机组分段中标量约束_2_16_6],0.0
cons[火电机组分段中标量约束_2_16_7],0.0
cons[火电机组分段中标量约束_2_16_8],0.0
cons[火电机组分段中标量约束_2_16_9],0.0
cons[火电机组出力之和约束_2_16],0.0
cons[火电机组分段中标量约束_2_17_0],0.0
cons[火电机组分段中标量约束_2_17_1],0.0
cons[火电机组分段中标量约束_2_17_2],0.0
cons[火电机组分段中标量约束_2_17_3],0.0
cons[火电机组分段中标量约束_2_17_4],0.0
cons[火电机组分段中标量约束_2_17_5],0.0
cons[火电机组分段中标量约束_2_17_6],0.0
cons[火电机组分段中标量约束_2_17_7],0.0
cons[火电机组分段中标量约束_2_17_8],0.0
cons[火电机组分段中标量约束_2_17_9],0.0
cons[火电机组出力之和约束_2_17],0.0
cons[火电机组分段中标量约束_2_18_0],0.0
cons[火电机组分段中标量约束_2_18_1],0.0
cons[火电机组分段中标量约束_2_18_2],0.0
cons[火电机组分段中标量约束_2_18_3],0.0
cons[火电机组分段中标量约束_2_18_4],0.0
cons[火电机组分段中标量约束_2_18_5],0.0
cons[火电机组分段中标量约束_2_18_6],0.0
cons[火电机组分段中标量约束_2_18_7],0.0
cons[火电机组分段中标量约束_2_18_8],0.0
cons[火电机组分段中标量约束_2_18_9],0.0
cons[火电机组出力之和约束_2_18],0.0
cons[火电机组分段中标量约束_2_19_0],0.0
cons[火电机组分段中标量约束_2_19_1],0.0
cons[火电机组分段中标量约束_2_19_2],0.0
cons[火电机组分段中标量约束_2_19_3],0.0
cons[火电机组分段中标量约束_2_19_4],0.0
cons[火电机组分段中标量约束_2_19_5],0.0
cons[火电机组分段中标量约束_2_19_6],0.0
cons[火电机组分段中标量约束_2_19_7],0.0
cons[火电机组分段中标量约束_2_19_8],0.0
cons[火电机组分段中标量约束_2_19_9],0.0
cons[火电机组出力之和约束_2_19],0.0
cons[火电机组分段中标量约束_2_20_0],0.0
cons[火电机组分段中标量约束_2_20_1],0.0
cons[火电机组分段中标量约束_2_20_2],0.0
cons[火电机组分段中标量约束_2_20_3],0.0
cons[火电机组分段中标量约束_2_20_4],0.0
cons[火电机组分段中标量约束_2_20_5],0.0
cons[火电机组分段中标量约束_2_20_6],0.0
cons[火电机组分段中标量约束_2_20_7],0.0
cons[火电机组分段中标量约束_2_20_8],0.0
cons[火电机组分段中标量约束_2_20_9],0.0
cons[火电机组出力之和约束_2_20],0.0
cons[火电机组分段中标量约束_2_21_0],0.0
cons[火电机组分段中标量约束_2_21_1],0.0
cons[火电机组分段中标量约束_2_21_2],0.0
cons[火电机组分段中标量约束_2_21_3],0.0
cons[火电机组分段中标量约束_2_21_4],0.0
cons[火电机组分段中标量约束_2_21_5],0.0
cons[火电机组分段中标量约束_2_21_6],0.0
cons[火电机组分段中标量约束_2_21_7],0.0
cons[火电机组分段中标量约束_2_21_8],0.0
cons[火电机组分段中标量约束_2_21_9],0.0
cons[火电机组出力之和约束_2_21],0.0
cons[火电机组分段中标量约束_2_22_0],0.0
cons[火电机组分段中标量约束_2_22_1],0.0
cons[火电机组分段中标量约束_2_22_2],0.0
cons[火电机组分段中标量约束_2_22_3],0.0
cons[火电机组分段中标量约束_2_22_4],0.0
cons[火电机组分段中标量约束_2_22_5],0.0
cons[火电机组分段中标量约束_2_22_6],0.0
cons[火电机组分段中标量约束_2_22_7],0.0
cons[火电机组分段中标量约束_2_22_8],0.0
cons[火电机组分段中标量约束_2_22_9],0.0
cons[火电机组出力之和约束_2_22],0.0
cons[火电机组分段中标量约束_2_23_0],0.0
cons[火电机组分段中标量约束_2_23_1],0.0
cons[火电机组分段中标量约束_2_23_2],0.0
cons[火电机组分段中标量约束_2_23_3],0.0
cons[火电机组分段中标量约束_2_23_4],0.0
cons[火电机组分段中标量约束_2_23_5],0.0
cons[火电机组分段中标量约束_2_23_6],0.0
cons[火电机组分段中标量约束_2_23_7],0.0
cons[火电机组分段中标量约束_2_23_8],0.0
cons[火电机组分段中标量约束_2_23_9],0.0
cons[火电机组出力之和约束_2_23],0.0
cons[火电机组分段中标量约束_2_24_0],0.0
cons[火电机组分段中标量约束_2_24_1],0.0
cons[火电机组分段中标量约束_2_24_2],0.0
cons[火电机组分段中标量约束_2_24_3],0.0
cons[火电机组分段中标量约束_2_24_4],0.0
cons[火电机组分段中标量约束_2_24_5],0.0
cons[火电机组分段中标量约束_2_24_6],0.0
cons[火电机组分段中标量约束_2_24_7],0.0
cons[火电机组分段中标量约束_2_24_8],0.0
cons[火电机组分段中标量约束_2_24_9],0.0
cons[火电机组出力之和约束_2_24],0.0
cons[火电机组分段中标量约束_2_25_0],0.0
cons[火电机组分段中标量约束_2_25_1],0.0
cons[火电机组分段中标量约束_2_25_2],0.0
cons[火电机组分段中标量约束_2_25_3],0.0
cons[火电机组分段中标量约束_2_25_4],0.0
cons[火电机组分段中标量约束_2_25_5],0.0
cons[火电机组分段中标量约束_2_25_6],0.0
cons[火电机组分段中标量约束_2_25_7],0.0
cons[火电机组分段中标量约束_2_25_8],0.0
cons[火电机组分段中标量约束_2_25_9],0.0
cons[火电机组出力之和约束_2_25],-5969.236
cons[火电机组分段中标量约束_2_26_0],0.0
cons[火电机组分段中标量约束_2_26_1],0.0
cons[火电机组分段中标量约束_2_26_2],0.0
cons[火电机组分段中标量约束_2_26_3],0.0
cons[火电机组分段中标量约束_2_26_4],0.0
cons[火电机组分段中标量约束_2_26_5],0.0
cons[火电机组分段中标量约束_2_26_6],0.0
cons[火电机组分段中标量约束_2_26_7],0.0
cons[火电机组分段中标量约束_2_26_8],0.0
cons[火电机组分段中标量约束_2_26_9],0.0
cons[火电机组出力之和约束_2_26],-5969.236
cons[火电机组分段中标量约束_2_27_0],-10.738000000003012
cons[火电机组分段中标量约束_2_27_1],0.0
cons[火电机组分段中标量约束_2_27_2],0.0
cons[火电机组分段中标量约束_2_27_3],0.0
cons[火电机组分段中标量约束_2_27_4],0.0
cons[火电机组分段中标量约束_2_27_5],0.0
cons[火电机组分段中标量约束_2_27_6],0.0
cons[火电机组分段中标量约束_2_27_7],0.0
cons[火电机组分段中标量约束_2_27_8],0.0
cons[火电机组分段中标量约束_2_27_9],0.0
cons[火电机组出力之和约束_2_27],-5979.974000000003
cons[火电机组分段中标量约束_2_28_0],-55.69200000000001
cons[火电机组分段中标量约束_2_28_1],-27.84599999999955
cons[火电机组分段中标量约束_2_28_2],0.0
cons[火电机组分段中标量约束_2_28_3],0.0
cons[火电机组分段中标量约束_2_28_4],0.0
cons[火电机组分段中标量约束_2_28_5],0.0
cons[火电机组分段中标量约束_2_28_6],0.0
cons[火电机组分段中标量约束_2_28_7],0.0
cons[火电机组分段中标量约束_2_28_8],0.0
cons[火电机组分段中标量约束_2_28_9],0.0
cons[火电机组出力之和约束_2_28],-6024.928
cons[火电机组分段中标量约束_2_29_0],-83.53800000000047
cons[火电机组分段中标量约束_2_29_1],-55.69200000000001
cons[火电机组分段中标量约束_2_29_2],-27.84600000000046
cons[火电机组分段中标量约束_2_29_3],0.0
cons[火电机组分段中标量约束_2_29_4],0.0
cons[火电机组分段中标量约束_2_29_5],0.0
cons[火电机组分段中标量约束_2_29_6],0.0
cons[火电机组分段中标量约束_2_29_7],0.0
cons[火电机组分段中标量约束_2_29_8],0.0
cons[火电机组分段中标量约束_2_29_9],0.0
cons[火电机组出力之和约束_2_29],-6052.774
cons[火电机组分段中标量约束_2_30_0],-111.38400000000001
cons[火电机组分段中标量约束_2_30_1],-83.53799999999956
cons[火电机组分段中标量约束_2_30_2],-55.69200000000001
cons[火电机组分段中标量约束_2_30_3],-27.84599999999955
cons[火电机组分段中标量约束_2_30_4],0.0
cons[火电机组分段中标量约束_2_30_5],0.0
cons[火电机组分段中标量约束_2_30_6],0.0
cons[火电机组分段中标量约束_2_30_7],0.0
cons[火电机组分段中标量约束_2_30_8],0.0
cons[火电机组分段中标量约束_2_30_9],0.0
cons[火电机组出力之和约束_2_30],-6080.62
cons[火电机组分段中标量约束_2_31_0],-138.77499999999964
cons[火电机组分段中标量约束_2_31_1],-110.92899999999918
cons[火电机组分段中标量约束_2_31_2],-83.08299999999963
cons[火电机组分段中标量约束_2_31_3],-55.23699999999917
cons[火电机组分段中标量约束_2_31_4],-27.39099999999962
cons[火电机组分段中标量约束_2_31_5],0.0
cons[火电机组分段中标量约束_2_31_6],0.0
cons[火电机组分段中标量约束_2_31_7],0.0
cons[火电机组分段中标量约束_2_31_8],0.0
cons[火电机组分段中标量约束_2_31_9],0.0
cons[火电机组出力之和约束_2_31],-6108.0109999999995
cons[火电机组分段中标量约束_2_32_0],-139.23000000000047
cons[火电机组分段中标量约束_2_32_1],-111.38400000000001
cons[火电机组分段中标量约束_2_32_2],-83.53800000000047
cons[火电机组分段中标量约束_2_32_3],-55.69200000000001
cons[火电机组分段中标量约束_2_32_4],-27.84600000000046
cons[火电机组分段中标量约束_2_32_5],0.0
cons[火电机组分段中标量约束_2_32_6],0.0
cons[火电机组分段中标量约束_2_32_7],0.0
cons[火电机组分段中标量约束_2_32_8],0.0
cons[火电机组分段中标量约束_2_32_9],0.0
cons[火电机组出力之和约束_2_32],-6108.466
cons[火电机组分段中标量约束_2_33_0],-148.8760000000002
cons[火电机组分段中标量约束_2_33_1],-121.02999999999975
cons[火电机组分段中标量约束_2_33_2],-93.1840000000002
cons[火电机组分段中标量约束_2_33_3],-65.33799999999974
cons[火电机组分段中标量约束_2_33_4],-37.49200000000019
cons[火电机组分段中标量约束_2_33_5],-9.64599999999973
cons[火电机组分段中标量约束_2_33_6],0.0
cons[火电机组分段中标量约束_2_33_7],0.0
cons[火电机组分段中标量约束_2_33_8],0.0
cons[火电机组分段中标量约束_2_33_9],0.0
cons[火电机组出力之和约束_2_33],-6118.112
cons[火电机组分段中标量约束_2_34_0],-148.8760000000002
cons[火电机组分段中标量约束_2_34_1],-121.02999999999975
cons[火电机组分段中标量约束_2_34_2],-93.1840000000002
cons[火电机组分段中标量约束_2_34_3],-65.33799999999974
cons[火电机组分段中标量约束_2_34_4],-37.49200000000019
cons[火电机组分段中标量约束_2_34_5],-9.64599999999973
cons[火电机组分段中标量约束_2_34_6],0.0
cons[火电机组分段中标量约束_2_34_7],0.0
cons[火电机组分段中标量约束_2_34_8],0.0
cons[火电机组分段中标量约束_2_34_9],0.0
cons[火电机组出力之和约束_2_34],-6118.112
cons[火电机组分段中标量约束_2_35_0],-148.8760000000002
cons[火电机组分段中标量约束_2_35_1],-121.02999999999975
cons[火电机组分段中标量约束_2_35_2],-93.1840000000002
cons[火电机组分段中标量约束_2_35_3],-65.33799999999974
cons[火电机组分段中标量约束_2_35_4],-37.49200000000019
cons[火电机组分段中标量约束_2_35_5],-9.64599999999973
cons[火电机组分段中标量约束_2_35_6],0.0
cons[火电机组分段中标量约束_2_35_7],0.0
cons[火电机组分段中标量约束_2_35_8],0.0
cons[火电机组分段中标量约束_2_35_9],0.0
cons[火电机组出力之和约束_2_35],-6118.112
cons[火电机组分段中标量约束_2_36_0],-148.8760000000002
cons[火电机组分段中标量约束_2_36_1],-121.02999999999975
cons[火电机组分段中标量约束_2_36_2],-93.1840000000002
cons[火电机组分段中标量约束_2_36_3],-65.33799999999974
cons[火电机组分段中标量约束_2_36_4],-37.49200000000019
cons[火电机组分段中标量约束_2_36_5],-9.64599999999973
cons[火电机组分段中标量约束_2_36_6],0.0
cons[火电机组分段中标量约束_2_36_7],0.0
cons[火电机组分段中标量约束_2_36_8],0.0
cons[火电机组分段中标量约束_2_36_9],0.0
cons[火电机组出力之和约束_2_36],-6118.112
cons[火电机组分段中标量约束_2_37_0],-139.23000000000047
cons[火电机组分段中标量约束_2_37_1],-111.38400000000001
cons[火电机组分段中标量约束_2_37_2],-83.53800000000047
cons[火电机组分段中标量约束_2_37_3],-55.69200000000001
cons[火电机组分段中标量约束_2_37_4],-27.84600000000046
cons[火电机组分段中标量约束_2_37_5],0.0
cons[火电机组分段中标量约束_2_37_6],0.0
cons[火电机组分段中标量约束_2_37_7],0.0
cons[火电机组分段中标量约束_2_37_8],0.0
cons[火电机组分段中标量约束_2_37_9],0.0
cons[火电机组出力之和约束_2_37],-6108.466
cons[火电机组分段中标量约束_2_38_0],-139.23000000000047
cons[火电机组分段中标量约束_2_38_1],-111.38400000000001
cons[火电机组分段中标量约束_2_38_2],-83.53800000000047
cons[火电机组分段中标量约束_2_38_3],-55.69200000000001
cons[火电机组分段中标量约束_2_38_4],-27.84600000000046
cons[火电机组分段中标量约束_2_38_5],0.0
cons[火电机组分段中标量约束_2_38_6],0.0
cons[火电机组分段中标量约束_2_38_7],0.0
cons[火电机组分段中标量约束_2_38_8],0.0
cons[火电机组分段中标量约束_2_38_9],0.0
cons[火电机组出力之和约束_2_38],-6108.466
cons[火电机组分段中标量约束_2_39_0],-139.23000000000047
cons[火电机组分段中标量约束_2_39_1],-111.38400000000001
cons[火电机组分段中标量约束_2_39_2],-83.53800000000047
cons[火电机组分段中标量约束_2_39_3],-55.69200000000001
cons[火电机组分段中标量约束_2_39_4],-27.84600000000046
cons[火电机组分段中标量约束_2_39_5],0.0
cons[火电机组分段中标量约束_2_39_6],0.0
cons[火电机组分段中标量约束_2_39_7],0.0
cons[火电机组分段中标量约束_2_39_8],0.0
cons[火电机组分段中标量约束_2_39_9],0.0
cons[火电机组出力之和约束_2_39],-6108.466
cons[火电机组分段中标量约束_2_40_0],-139.23000000000047
cons[火电机组分段中标量约束_2_40_1],-111.38400000000001
cons[火电机组分段中标量约束_2_40_2],-83.53800000000047
cons[火电机组分段中标量约束_2_40_3],-55.69200000000001
cons[火电机组分段中标量约束_2_40_4],-27.84600000000046
cons[火电机组分段中标量约束_2_40_5],0.0
cons[火电机组分段中标量约束_2_40_6],0.0
cons[火电机组分段中标量约束_2_40_7],0.0
cons[火电机组分段中标量约束_2_40_8],0.0
cons[火电机组分段中标量约束_2_40_9],0.0
cons[火电机组出力之和约束_2_40],-6108.466
cons[火电机组分段中标量约束_2_41_0],-139.23000000000047
cons[火电机组分段中标量约束_2_41_1],-111.38400000000001
cons[火电机组分段中标量约束_2_41_2],-83.53800000000047
cons[火电机组分段中标量约束_2_41_3],-55.69200000000001
cons[火电机组分段中标量约束_2_41_4],-27.84600000000046
cons[火电机组分段中标量约束_2_41_5],0.0
cons[火电机组分段中标量约束_2_41_6],0.0
cons[火电机组分段中标量约束_2_41_7],0.0
cons[火电机组分段中标量约束_2_41_8],0.0
cons[火电机组分段中标量约束_2_41_9],0.0
cons[火电机组出力之和约束_2_41],-6108.466
cons[火电机组分段中标量约束_2_42_0],-139.23000000000047
cons[火电机组分段中标量约束_2_42_1],-111.38400000000001
cons[火电机组分段中标量约束_2_42_2],-83.53800000000047
cons[火电机组分段中标量约束_2_42_3],-55.69200000000001
cons[火电机组分段中标量约束_2_42_4],-27.84600000000046
cons[火电机组分段中标量约束_2_42_5],0.0
cons[火电机组分段中标量约束_2_42_6],0.0
cons[火电机组分段中标量约束_2_42_7],0.0
cons[火电机组分段中标量约束_2_42_8],0.0
cons[火电机组分段中标量约束_2_42_9],0.0
cons[火电机组出力之和约束_2_42],-6108.466
cons[火电机组分段中标量约束_2_43_0],-139.23000000000047
cons[火电机组分段中标量约束_2_43_1],-111.38400000000001
cons[火电机组分段中标量约束_2_43_2],-83.53800000000047
cons[火电机组分段中标量约束_2_43_3],-55.69200000000001
cons[火电机组分段中标量约束_2_43_4],-27.84600000000046
cons[火电机组分段中标量约束_2_43_5],0.0
cons[火电机组分段中标量约束_2_43_6],0.0
cons[火电机组分段中标量约束_2_43_7],0.0
cons[火电机组分段中标量约束_2_43_8],0.0
cons[火电机组分段中标量约束_2_43_9],0.0
cons[火电机组出力之和约束_2_43],-6108.466
cons[火电机组分段中标量约束_2_44_0],-139.23000000000047
cons[火电机组分段中标量约束_2_44_1],-111.38400000000001
cons[火电机组分段中标量约束_2_44_2],-83.53800000000047
cons[火电机组分段中标量约束_2_44_3],-55.69200000000001
cons[火电机组分段中标量约束_2_44_4],-27.84600000000046
cons[火电机组分段中标量约束_2_44_5],0.0
cons[火电机组分段中标量约束_2_44_6],0.0
cons[火电机组分段中标量约束_2_44_7],0.0
cons[火电机组分段中标量约束_2_44_8],0.0
cons[火电机组分段中标量约束_2_44_9],0.0
cons[火电机组出力之和约束_2_44],-6108.466
cons[火电机组分段中标量约束_2_45_0],-138.77499999999964
cons[火电机组分段中标量约束_2_45_1],-110.92899999999918
cons[火电机组分段中标量约束_2_45_2],-83.08299999999963
cons[火电机组分段中标量约束_2_45_3],-55.23699999999917
cons[火电机组分段中标量约束_2_45_4],-27.39099999999962
cons[火电机组分段中标量约束_2_45_5],0.0
cons[火电机组分段中标量约束_2_45_6],0.0
cons[火电机组分段中标量约束_2_45_7],0.0
cons[火电机组分段中标量约束_2_45_8],0.0
cons[火电机组分段中标量约束_2_45_9],0.0
cons[火电机组出力之和约束_2_45],-6108.0109999999995
cons[火电机组分段中标量约束_2_46_0],-138.77499999999964
cons[火电机组分段中标量约束_2_46_1],-110.92899999999918
cons[火电机组分段中标量约束_2_46_2],-83.08299999999963
cons[火电机组分段中标量约束_2_46_3],-55.23699999999917
cons[火电机组分段中标量约束_2_46_4],-27.39099999999962
cons[火电机组分段中标量约束_2_46_5],0.0
cons[火电机组分段中标量约束_2_46_6],0.0
cons[火电机组分段中标量约束_2_46_7],0.0
cons[火电机组分段中标量约束_2_46_8],0.0
cons[火电机组分段中标量约束_2_46_9],0.0
cons[火电机组出力之和约束_2_46],-6108.0109999999995
cons[火电机组分段中标量约束_2_47_0],-138.77499999999964
cons[火电机组分段中标量约束_2_47_1],-110.92899999999918
cons[火电机组分段中标量约束_2_47_2],-83.08299999999963
cons[火电机组分段中标量约束_2_47_3],-55.23699999999917
cons[火电机组分段中标量约束_2_47_4],-27.39099999999962
cons[火电机组分段中标量约束_2_47_5],0.0
cons[火电机组分段中标量约束_2_47_6],0.0
cons[火电机组分段中标量约束_2_47_7],0.0
cons[火电机组分段中标量约束_2_47_8],0.0
cons[火电机组分段中标量约束_2_47_9],0.0
cons[火电机组出力之和约束_2_47],-6108.0109999999995
cons[火电机组分段中标量约束_2_48_0],-138.77499999999964
cons[火电机组分段中标量约束_2_48_1],-110.92899999999918
cons[火电机组分段中标量约束_2_48_2],-83.08299999999963
cons[火电机组分段中标量约束_2_48_3],-55.23699999999917
cons[火电机组分段中标量约束_2_48_4],-27.39099999999962
cons[火电机组分段中标量约束_2_48_5],0.0
cons[火电机组分段中标量约束_2_48_6],0.0
cons[火电机组分段中标量约束_2_48_7],0.0
cons[火电机组分段中标量约束_2_48_8],0.0
cons[火电机组分段中标量约束_2_48_9],0.0
cons[火电机组出力之和约束_2_48],-6108.0109999999995
cons[火电机组分段中标量约束_2_49_0],-138.77499999999964
cons[火电机组分段中标量约束_2_49_1],-110.92899999999918
cons[火电机组分段中标量约束_2_49_2],-83.08299999999963
cons[火电机组分段中标量约束_2_49_3],-55.23699999999917
cons[火电机组分段中标量约束_2_49_4],-27.39099999999962
cons[火电机组分段中标量约束_2_49_5],0.0
cons[火电机组分段中标量约束_2_49_6],0.0
cons[火电机组分段中标量约束_2_49_7],0.0
cons[火电机组分段中标量约束_2_49_8],0.0
cons[火电机组分段中标量约束_2_49_9],0.0
cons[火电机组出力之和约束_2_49],-6108.0109999999995
cons[火电机组分段中标量约束_2_50_0],-138.77499999999964
cons[火电机组分段中标量约束_2_50_1],-110.92899999999918
cons[火电机组分段中标量约束_2_50_2],-83.08299999999963
cons[火电机组分段中标量约束_2_50_3],-55.23699999999917
cons[火电机组分段中标量约束_2_50_4],-27.39099999999962
cons[火电机组分段中标量约束_2_50_5],0.0
cons[火电机组分段中标量约束_2_50_6],0.0
cons[火电机组分段中标量约束_2_50_7],0.0
cons[火电机组分段中标量约束_2_50_8],0.0
cons[火电机组分段中标量约束_2_50_9],0.0
cons[火电机组出力之和约束_2_50],-6108.0109999999995
cons[火电机组分段中标量约束_2_51_0],-138.77499999999964
cons[火电机组分段中标量约束_2_51_1],-110.92899999999918
cons[火电机组分段中标量约束_2_51_2],-83.08299999999963
cons[火电机组分段中标量约束_2_51_3],-55.23699999999917
cons[火电机组分段中标量约束_2_51_4],-27.39099999999962
cons[火电机组分段中标量约束_2_51_5],0.0
cons[火电机组分段中标量约束_2_51_6],0.0
cons[火电机组分段中标量约束_2_51_7],0.0
cons[火电机组分段中标量约束_2_51_8],0.0
cons[火电机组分段中标量约束_2_51_9],0.0
cons[火电机组出力之和约束_2_51],-6108.0109999999995
cons[火电机组分段中标量约束_2_52_0],-138.77499999999964
cons[火电机组分段中标量约束_2_52_1],-110.92899999999918
cons[火电机组分段中标量约束_2_52_2],-83.08299999999963
cons[火电机组分段中标量约束_2_52_3],-55.23699999999917
cons[火电机组分段中标量约束_2_52_4],-27.39099999999962
cons[火电机组分段中标量约束_2_52_5],0.0
cons[火电机组分段中标量约束_2_52_6],0.0
cons[火电机组分段中标量约束_2_52_7],0.0
cons[火电机组分段中标量约束_2_52_8],0.0
cons[火电机组分段中标量约束_2_52_9],0.0
cons[火电机组出力之和约束_2_52],-6108.0109999999995
cons[火电机组分段中标量约束_2_53_0],-111.38400000000001
cons[火电机组分段中标量约束_2_53_1],-83.53799999999956
cons[火电机组分段中标量约束_2_53_2],-55.69200000000001
cons[火电机组分段中标量约束_2_53_3],-27.84599999999955
cons[火电机组分段中标量约束_2_53_4],0.0
cons[火电机组分段中标量约束_2_53_5],0.0
cons[火电机组分段中标量约束_2_53_6],0.0
cons[火电机组分段中标量约束_2_53_7],0.0
cons[火电机组分段中标量约束_2_53_8],0.0
cons[火电机组分段中标量约束_2_53_9],0.0
cons[火电机组出力之和约束_2_53],-6080.62
cons[火电机组分段中标量约束_2_54_0],-111.38400000000001
cons[火电机组分段中标量约束_2_54_1],-83.53799999999956
cons[火电机组分段中标量约束_2_54_2],-55.69200000000001
cons[火电机组分段中标量约束_2_54_3],-27.84599999999955
cons[火电机组分段中标量约束_2_54_4],0.0
cons[火电机组分段中标量约束_2_54_5],0.0
cons[火电机组分段中标量约束_2_54_6],0.0
cons[火电机组分段中标量约束_2_54_7],0.0
cons[火电机组分段中标量约束_2_54_8],0.0
cons[火电机组分段中标量约束_2_54_9],0.0
cons[火电机组出力之和约束_2_54],-6080.62
cons[火电机组分段中标量约束_2_55_0],-111.38400000000001
cons[火电机组分段中标量约束_2_55_1],-83.53799999999956
cons[火电机组分段中标量约束_2_55_2],-55.69200000000001
cons[火电机组分段中标量约束_2_55_3],-27.84599999999955
cons[火电机组分段中标量约束_2_55_4],0.0
cons[火电机组分段中标量约束_2_55_5],0.0
cons[火电机组分段中标量约束_2_55_6],0.0
cons[火电机组分段中标量约束_2_55_7],0.0
cons[火电机组分段中标量约束_2_55_8],0.0
cons[火电机组分段中标量约束_2_55_9],0.0
cons[火电机组出力之和约束_2_55],-6080.62
cons[火电机组分段中标量约束_2_56_0],-111.38400000000001
cons[火电机组分段中标量约束_2_56_1],-83.53799999999956
cons[火电机组分段中标量约束_2_56_2],-55.69200000000001
cons[火电机组分段中标量约束_2_56_3],-27.84599999999955
cons[火电机组分段中标量约束_2_56_4],0.0
cons[火电机组分段中标量约束_2_56_5],0.0
cons[火电机组分段中标量约束_2_56_6],0.0
cons[火电机组分段中标量约束_2_56_7],0.0
cons[火电机组分段中标量约束_2_56_8],0.0
cons[火电机组分段中标量约束_2_56_9],0.0
cons[火电机组出力之和约束_2_56],-6080.62
cons[火电机组分段中标量约束_2_57_0],-111.38400000000001
cons[火电机组分段中标量约束_2_57_1],-83.53799999999956
cons[火电机组分段中标量约束_2_57_2],-55.69200000000001
cons[火电机组分段中标量约束_2_57_3],-27.84599999999955
cons[火电机组分段中标量约束_2_57_4],0.0
cons[火电机组分段中标量约束_2_57_5],0.0
cons[火电机组分段中标量约束_2_57_6],0.0
cons[火电机组分段中标量约束_2_57_7],0.0
cons[火电机组分段中标量约束_2_57_8],0.0
cons[火电机组分段中标量约束_2_57_9],0.0
cons[火电机组出力之和约束_2_57],-6080.62
cons[火电机组分段中标量约束_2_58_0],-111.38400000000001
cons[火电机组分段中标量约束_2_58_1],-83.53799999999956
cons[火电机组分段中标量约束_2_58_2],-55.69200000000001
cons[火电机组分段中标量约束_2_58_3],-27.84599999999955
cons[火电机组分段中标量约束_2_58_4],0.0
cons[火电机组分段中标量约束_2_58_5],0.0
cons[火电机组分段中标量约束_2_58_6],0.0
cons[火电机组分段中标量约束_2_58_7],0.0
cons[火电机组分段中标量约束_2_58_8],0.0
cons[火电机组分段中标量约束_2_58_9],0.0
cons[火电机组出力之和约束_2_58],-6080.62
cons[火电机组分段中标量约束_2_59_0],-138.77499999999964
cons[火电机组分段中标量约束_2_59_1],-110.92899999999918
cons[火电机组分段中标量约束_2_59_2],-83.08299999999963
cons[火电机组分段中标量约束_2_59_3],-55.23699999999917
cons[火电机组分段中标量约束_2_59_4],-27.39099999999962
cons[火电机组分段中标量约束_2_59_5],0.0
cons[火电机组分段中标量约束_2_59_6],0.0
cons[火电机组分段中标量约束_2_59_7],0.0
cons[火电机组分段中标量约束_2_59_8],0.0
cons[火电机组分段中标量约束_2_59_9],0.0
cons[火电机组出力之和约束_2_59],-6108.0109999999995
cons[火电机组分段中标量约束_2_60_0],-139.23000000000047
cons[火电机组分段中标量约束_2_60_1],-111.38400000000001
cons[火电机组分段中标量约束_2_60_2],-83.53800000000047
cons[火电机组分段中标量约束_2_60_3],-55.69200000000001
cons[火电机组分段中标量约束_2_60_4],-27.84600000000046
cons[火电机组分段中标量约束_2_60_5],0.0
cons[火电机组分段中标量约束_2_60_6],0.0
cons[火电机组分段中标量约束_2_60_7],0.0
cons[火电机组分段中标量约束_2_60_8],0.0
cons[火电机组分段中标量约束_2_60_9],0.0
cons[火电机组出力之和约束_2_60],-6108.466
cons[火电机组分段中标量约束_2_61_0],-167.07600000000002
cons[火电机组分段中标量约束_2_61_1],-139.22999999999956
cons[火电机组分段中标量约束_2_61_2],-111.38400000000001
cons[火电机组分段中标量约束_2_61_3],-83.53799999999956
cons[火电机组分段中标量约束_2_61_4],-55.69200000000001
cons[火电机组分段中标量约束_2_61_5],-27.84599999999955
cons[火电机组分段中标量约束_2_61_6],0.0
cons[火电机组分段中标量约束_2_61_7],0.0
cons[火电机组分段中标量约束_2_61_8],0.0
cons[火电机组分段中标量约束_2_61_9],0.0
cons[火电机组出力之和约束_2_61],-6136.312
cons[火电机组分段中标量约束_2_62_0],-194.92199999999957
cons[火电机组分段中标量约束_2_62_1],-167.0759999999991
cons[火电机组分段中标量约束_2_62_2],-139.22999999999956
cons[火电机组分段中标量约束_2_62_3],-111.3839999999991
cons[火电机组分段中标量约束_2_62_4],-83.53799999999956
cons[火电机组分段中标量约束_2_62_5],-55.6919999999991
cons[火电机组分段中标量约束_2_62_6],-27.84599999999955
cons[火电机组分段中标量约束_2_62_7],0.0
cons[火电机组分段中标量约束_2_62_8],0.0
cons[火电机组分段中标量约束_2_62_9],0.0
cons[火电机组出力之和约束_2_62],-6164.157999999999
cons[火电机组分段中标量约束_2_63_0],-194.92199999999957
cons[火电机组分段中标量约束_2_63_1],-167.0759999999991
cons[火电机组分段中标量约束_2_63_2],-139.22999999999956
cons[火电机组分段中标量约束_2_63_3],-111.3839999999991
cons[火电机组分段中标量约束_2_63_4],-83.53799999999956
cons[火电机组分段中标量约束_2_63_5],-55.6919999999991
cons[火电机组分段中标量约束_2_63_6],-27.84599999999955
cons[火电机组分段中标量约束_2_63_7],0.0
cons[火电机组分段中标量约束_2_63_8],0.0
cons[火电机组分段中标量约束_2_63_9],0.0
cons[火电机组出力之和约束_2_63],-6164.157999999999
cons[火电机组分段中标量约束_2_64_0],-222.76800000000185
cons[火电机组分段中标量约束_2_64_1],-194.9220000000014
cons[火电机组分段中标量约束_2_64_2],-167.07600000000184
cons[火电机组分段中标量约束_2_64_3],-139.23000000000138
cons[火电机组分段中标量约束_2_64_4],-111.38400000000183
cons[火电机组分段中标量约束_2_64_5],-83.53800000000138
cons[火电机组分段中标量约束_2_64_6],-55.692000000001826
cons[火电机组分段中标量约束_2_64_7],-27.846000000002277
cons[火电机组分段中标量约束_2_64_8],0.0
cons[火电机组分段中标量约束_2_64_9],0.0
cons[火电机组出力之和约束_2_64],-6192.004000000002
cons[火电机组分段中标量约束_2_65_0],-230.8670000000002
cons[火电机组分段中标量约束_2_65_1],-203.02099999999973
cons[火电机组分段中标量约束_2_65_2],-175.17500000000018
cons[火电机组分段中标量约束_2_65_3],-147.32899999999972
cons[火电机组分段中标量约束_2_65_4],-119.48300000000017
cons[火电机组分段中标量约束_2_65_5],-91.63699999999972
cons[火电机组分段中标量约束_2_65_6],-63.79100000000017
cons[火电机组分段中标量约束_2_65_7],-35.94500000000062
cons[火电机组分段中标量约束_2_65_8],-8.098999999998341
cons[火电机组分段中标量约束_2_65_9],0.0
cons[火电机组出力之和约束_2_65],-6200.103
cons[火电机组分段中标量约束_2_66_0],-250.6140000000005
cons[火电机组分段中标量约束_2_66_1],-222.76800000000003
cons[火电机组分段中标量约束_2_66_2],-194.92200000000048
cons[火电机组分段中标量约束_2_66_3],-167.07600000000002
cons[火电机组分段中标量约束_2_66_4],-139.23000000000047
cons[火电机组分段中标量约束_2_66_5],-111.38400000000001
cons[火电机组分段中标量约束_2_66_6],-83.53800000000047
cons[火电机组分段中标量约束_2_66_7],-55.69200000000092
cons[火电机组分段中标量约束_2_66_8],-27.84599999999864
cons[火电机组分段中标量约束_2_66_9],0.0
cons[火电机组出力之和约束_2_66],-6219.85
cons[火电机组分段中标量约束_2_67_0],-250.6140000000005
cons[火电机组分段中标量约束_2_67_1],-222.76800000000003
cons[火电机组分段中标量约束_2_67_2],-194.92200000000048
cons[火电机组分段中标量约束_2_67_3],-167.07600000000002
cons[火电机组分段中标量约束_2_67_4],-139.23000000000047
cons[火电机组分段中标量约束_2_67_5],-111.38400000000001
cons[火电机组分段中标量约束_2_67_6],-83.53800000000047
cons[火电机组分段中标量约束_2_67_7],-55.69200000000092
cons[火电机组分段中标量约束_2_67_8],-27.84599999999864
cons[火电机组分段中标量约束_2_67_9],0.0
cons[火电机组出力之和约束_2_67],-6219.85
cons[火电机组分段中标量约束_2_68_0],-250.6140000000005
cons[火电机组分段中标量约束_2_68_1],-222.76800000000003
cons[火电机组分段中标量约束_2_68_2],-194.92200000000048
cons[火电机组分段中标量约束_2_68_3],-167.07600000000002
cons[火电机组分段中标量约束_2_68_4],-139.23000000000047
cons[火电机组分段中标量约束_2_68_5],-111.38400000000001
cons[火电机组分段中标量约束_2_68_6],-83.53800000000047
cons[火电机组分段中标量约束_2_68_7],-55.69200000000092
cons[火电机组分段中标量约束_2_68_8],-27.84599999999864
cons[火电机组分段中标量约束_2_68_9],0.0
cons[火电机组出力之和约束_2_68],-6219.85
cons[火电机组分段中标量约束_2_69_0],-250.6140000000005
cons[火电机组分段中标量约束_2_69_1],-222.76800000000003
cons[火电机组分段中标量约束_2_69_2],-194.92200000000048
cons[火电机组分段中标量约束_2_69_3],-167.07600000000002
cons[火电机组分段中标量约束_2_69_4],-139.23000000000047
cons[火电机组分段中标量约束_2_69_5],-111.38400000000001
cons[火电机组分段中标量约束_2_69_6],-83.53800000000047
cons[火电机组分段中标量约束_2_69_7],-55.69200000000092
cons[火电机组分段中标量约束_2_69_8],-27.84599999999864
cons[火电机组分段中标量约束_2_69_9],0.0
cons[火电机组出力之和约束_2_69],-6219.85
cons[火电机组分段中标量约束_2_70_0],-250.6140000000005
cons[火电机组分段中标量约束_2_70_1],-222.76800000000003
cons[火电机组分段中标量约束_2_70_2],-194.92200000000048
cons[火电机组分段中标量约束_2_70_3],-167.07600000000002
cons[火电机组分段中标量约束_2_70_4],-139.23000000000047
cons[火电机组分段中标量约束_2_70_5],-111.38400000000001
cons[火电机组分段中标量约束_2_70_6],-83.53800000000047
cons[火电机组分段中标量约束_2_70_7],-55.69200000000092
cons[火电机组分段中标量约束_2_70_8],-27.84599999999864
cons[火电机组分段中标量约束_2_70_9],0.0
cons[火电机组出力之和约束_2_70],-6219.85
cons[火电机组分段中标量约束_2_71_0],-273.0
cons[火电机组分段中标量约束_2_71_1],-245.15399999999954
cons[火电机组分段中标量约束_2_71_2],-217.308
cons[火电机组分段中标量约束_2_71_3],-189.46199999999953
cons[火电机组分段中标量约束_2_71_4],-161.61599999999999
cons[火电机组分段中标量约束_2_71_5],-133.76999999999953
cons[火电机组分段中标量约束_2_71_6],-105.92399999999998
cons[火电机组分段中标量约束_2_71_7],-78.07800000000043
cons[火电机组分段中标量约束_2_71_8],-50.23199999999815
cons[火电机组分段中标量约束_2_71_9],-22.385999999999513
cons[火电机组出力之和约束_2_71],-6242.236
cons[火电机组分段中标量约束_2_72_0],-250.6140000000005
cons[火电机组分段中标量约束_2_72_1],-222.76800000000003
cons[火电机组分段中标量约束_2_72_2],-194.92200000000048
cons[火电机组分段中标量约束_2_72_3],-167.07600000000002
cons[火电机组分段中标量约束_2_72_4],-139.23000000000047
cons[火电机组分段中标量约束_2_72_5],-111.38400000000001
cons[火电机组分段中标量约束_2_72_6],-83.53800000000047
cons[火电机组分段中标量约束_2_72_7],-55.69200000000092
cons[火电机组分段中标量约束_2_72_8],-27.84599999999864
cons[火电机组分段中标量约束_2_72_9],0.0
cons[火电机组出力之和约束_2_72],-6219.85
cons[火电机组分段中标量约束_2_73_0],-287.01400000000285
cons[火电机组分段中标量约束_2_73_1],-259.1680000000024
cons[火电机组分段中标量约束_2_73_2],-231.32200000000284
cons[火电机组分段中标量约束_2_73_3],-203.4760000000024
cons[火电机组分段中标量约束_2_73_4],-175.63000000000284
cons[火电机组分段中标量约束_2_73_5],-147.78400000000238
cons[火电机组分段中标量约束_2_73_6],-119.93800000000283
cons[火电机组分段中标量约束_2_73_7],-92.09200000000328
cons[火电机组分段中标量约束_2_73_8],-64.246000000001
cons[火电机组分段中标量约束_2_73_9],-36.400000000002365
cons[火电机组出力之和约束_2_73],-6256.250000000003
cons[火电机组分段中标量约束_2_74_0],-318.5455000000002
cons[火电机组分段中标量约束_2_74_1],-290.6994999999997
cons[火电机组分段中标量约束_2_74_2],-262.85350000000017
cons[火电机组分段中标量约束_2_74_3],-235.0074999999997
cons[火电机组分段中标量约束_2_74_4],-207.16150000000016
cons[火电机组分段中标量约束_2_74_5],-179.3154999999997
cons[火电机组分段中标量约束_2_74_6],-151.46950000000015
cons[火电机组分段中标量约束_2_74_7],-123.6235000000006
cons[火电机组分段中标量约束_2_74_8],-95.77749999999833
cons[火电机组分段中标量约束_2_74_9],-67.93149999999969
cons[火电机组出力之和约束_2_74],-6287.7815
cons[火电机组分段中标量约束_2_75_0],-318.5455000000002
cons[火电机组分段中标量约束_2_75_1],-290.6994999999997
cons[火电机组分段中标量约束_2_75_2],-262.85350000000017
cons[火电机组分段中标量约束_2_75_3],-235.0074999999997
cons[火电机组分段中标量约束_2_75_4],-207.16150000000016
cons[火电机组分段中标量约束_2_75_5],-179.3154999999997
cons[火电机组分段中标量约束_2_75_6],-151.46950000000015
cons[火电机组分段中标量约束_2_75_7],-123.6235000000006
cons[火电机组分段中标量约束_2_75_8],-95.77749999999833
cons[火电机组分段中标量约束_2_75_9],-67.93149999999969
cons[火电机组出力之和约束_2_75],-6287.7815
cons[火电机组分段中标量约束_2_76_0],-276.91299999999956
cons[火电机组分段中标量约束_2_76_1],-249.0669999999991
cons[火电机组分段中标量约束_2_76_2],-221.22099999999955
cons[火电机组分段中标量约束_2_76_3],-193.3749999999991
cons[火电机组分段中标量约束_2_76_4],-165.52899999999954
cons[火电机组分段中标量约束_2_76_5],-137.68299999999908
cons[火电机组分段中标量约束_2_76_6],-109.83699999999953
cons[火电机组分段中标量约束_2_76_7],-81.99099999999999
cons[火电机组分段中标量约束_2_76_8],-54.14499999999771
cons[火电机组分段中标量约束_2_76_9],-26.29899999999907
cons[火电机组出力之和约束_2_76],-6246.148999999999
cons[火电机组分段中标量约束_2_77_0],-273.0
cons[火电机组分段中标量约束_2_77_1],-245.15399999999954
cons[火电机组分段中标量约束_2_77_2],-217.308
cons[火电机组分段中标量约束_2_77_3],-189.46199999999953
cons[火电机组分段中标量约束_2_77_4],-161.61599999999999
cons[火电机组分段中标量约束_2_77_5],-133.76999999999953
cons[火电机组分段中标量约束_2_77_6],-105.92399999999998
cons[火电机组分段中标量约束_2_77_7],-78.07800000000043
cons[火电机组分段中标量约束_2_77_8],-50.23199999999815
cons[火电机组分段中标量约束_2_77_9],-22.385999999999513
cons[火电机组出力之和约束_2_77],-6242.236
cons[火电机组分段中标量约束_2_78_0],-250.6140000000005
cons[火电机组分段中标量约束_2_78_1],-222.76800000000003
cons[火电机组分段中标量约束_2_78_2],-194.92200000000048
cons[火电机组分段中标量约束_2_78_3],-167.07600000000002
cons[火电机组分段中标量约束_2_78_4],-139.23000000000047
cons[火电机组分段中标量约束_2_78_5],-111.38400000000001
cons[火电机组分段中标量约束_2_78_6],-83.53800000000047
cons[火电机组分段中标量约束_2_78_7],-55.69200000000092
cons[火电机组分段中标量约束_2_78_8],-27.84599999999864
cons[火电机组分段中标量约束_2_78_9],0.0
cons[火电机组出力之和约束_2_78],-6219.85
cons[火电机组分段中标量约束_2_79_0],-250.6140000000005
cons[火电机组分段中标量约束_2_79_1],-222.76800000000003
cons[火电机组分段中标量约束_2_79_2],-194.92200000000048
cons[火电机组分段中标量约束_2_79_3],-167.07600000000002
cons[火电机组分段中标量约束_2_79_4],-139.23000000000047
cons[火电机组分段中标量约束_2_79_5],-111.38400000000001
cons[火电机组分段中标量约束_2_79_6],-83.53800000000047
cons[火电机组分段中标量约束_2_79_7],-55.69200000000092
cons[火电机组分段中标量约束_2_79_8],-27.84599999999864
cons[火电机组分段中标量约束_2_79_9],0.0
cons[火电机组出力之和约束_2_79],-6219.85
cons[火电机组分段中标量约束_2_80_0],-230.8670000000002
cons[火电机组分段中标量约束_2_80_1],-203.02099999999973
cons[火电机组分段中标量约束_2_80_2],-175.17500000000018
cons[火电机组分段中标量约束_2_80_3],-147.32899999999972
cons[火电机组分段中标量约束_2_80_4],-119.48300000000017
cons[火电机组分段中标量约束_2_80_5],-91.63699999999972
cons[火电机组分段中标量约束_2_80_6],-63.79100000000017
cons[火电机组分段中标量约束_2_80_7],-35.94500000000062
cons[火电机组分段中标量约束_2_80_8],-8.098999999998341
cons[火电机组分段中标量约束_2_80_9],0.0
cons[火电机组出力之和约束_2_80],-6200.103
cons[火电机组分段中标量约束_2_81_0],-227.45449999999983
cons[火电机组分段中标量约束_2_81_1],-199.60849999999937
cons[火电机组分段中标量约束_2_81_2],-171.76249999999982
cons[火电机组分段中标量约束_2_81_3],-143.91649999999936
cons[火电机组分段中标量约束_2_81_4],-116.07049999999981
cons[火电机组分段中标量约束_2_81_5],-88.22449999999935
cons[火电机组分段中标量约束_2_81_6],-60.3784999999998
cons[火电机组分段中标量约束_2_81_7],-32.532500000000255
cons[火电机组分段中标量约束_2_81_8],-4.686499999997977
cons[火电机组分段中标量约束_2_81_9],0.0
cons[火电机组出力之和约束_2_81],-6196.6905
cons[火电机组分段中标量约束_2_82_0],-222.76800000000185
cons[火电机组分段中标量约束_2_82_1],-194.9220000000014
cons[火电机组分段中标量约束_2_82_2],-167.07600000000184
cons[火电机组分段中标量约束_2_82_3],-139.23000000000138
cons[火电机组分段中标量约束_2_82_4],-111.38400000000183
cons[火电机组分段中标量约束_2_82_5],-83.53800000000138
cons[火电机组分段中标量约束_2_82_6],-55.692000000001826
cons[火电机组分段中标量约束_2_82_7],-27.846000000002277
cons[火电机组分段中标量约束_2_82_8],0.0
cons[火电机组分段中标量约束_2_82_9],0.0
cons[火电机组出力之和约束_2_82],-6192.004000000002
cons[火电机组分段中标量约束_2_83_0],-194.92199999999957
cons[火电机组分段中标量约束_2_83_1],-167.0759999999991
cons[火电机组分段中标量约束_2_83_2],-139.22999999999956
cons[火电机组分段中标量约束_2_83_3],-111.3839999999991
cons[火电机组分段中标量约束_2_83_4],-83.53799999999956
cons[火电机组分段中标量约束_2_83_5],-55.6919999999991
cons[火电机组分段中标量约束_2_83_6],-27.84599999999955
cons[火电机组分段中标量约束_2_83_7],0.0
cons[火电机组分段中标量约束_2_83_8],0.0
cons[火电机组分段中标量约束_2_83_9],0.0
cons[火电机组出力之和约束_2_83],-6164.157999999999
cons[火电机组分段中标量约束_2_84_0],-194.92199999999957
cons[火电机组分段中标量约束_2_84_1],-167.0759999999991
cons[火电机组分段中标量约束_2_84_2],-139.22999999999956
cons[火电机组分段中标量约束_2_84_3],-111.3839999999991
cons[火电机组分段中标量约束_2_84_4],-83.53799999999956
cons[火电机组分段中标量约束_2_84_5],-55.6919999999991
cons[火电机组分段中标量约束_2_84_6],-27.84599999999955
cons[火电机组分段中标量约束_2_84_7],0.0
cons[火电机组分段中标量约束_2_84_8],0.0
cons[火电机组分段中标量约束_2_84_9],0.0
cons[火电机组出力之和约束_2_84],-6164.157999999999
cons[火电机组分段中标量约束_2_85_0],-194.92199999999957
cons[火电机组分段中标量约束_2_85_1],-167.0759999999991
cons[火电机组分段中标量约束_2_85_2],-139.22999999999956
cons[火电机组分段中标量约束_2_85_3],-111.3839999999991
cons[火电机组分段中标量约束_2_85_4],-83.53799999999956
cons[火电机组分段中标量约束_2_85_5],-55.6919999999991
cons[火电机组分段中标量约束_2_85_6],-27.84599999999955
cons[火电机组分段中标量约束_2_85_7],0.0
cons[火电机组分段中标量约束_2_85_8],0.0
cons[火电机组分段中标量约束_2_85_9],0.0
cons[火电机组出力之和约束_2_85],-6164.157999999999
cons[火电机组分段中标量约束_2_86_0],-194.92199999999957
cons[火电机组分段中标量约束_2_86_1],-167.0759999999991
cons[火电机组分段中标量约束_2_86_2],-139.22999999999956
cons[火电机组分段中标量约束_2_86_3],-111.3839999999991
cons[火电机组分段中标量约束_2_86_4],-83.53799999999956
cons[火电机组分段中标量约束_2_86_5],-55.6919999999991
cons[火电机组分段中标量约束_2_86_6],-27.84599999999955
cons[火电机组分段中标量约束_2_86_7],0.0
cons[火电机组分段中标量约束_2_86_8],0.0
cons[火电机组分段中标量约束_2_86_9],0.0
cons[火电机组出力之和约束_2_86],-6164.157999999999
cons[火电机组分段中标量约束_2_87_0],-184.82100000000082
cons[火电机组分段中标量约束_2_87_1],-156.97500000000036
cons[火电机组分段中标量约束_2_87_2],-129.12900000000081
cons[火电机组分段中标量约束_2_87_3],-101.28300000000036
cons[火电机组分段中标量约束_2_87_4],-73.43700000000081
cons[火电机组分段中标量约束_2_87_5],-45.59100000000035
cons[火电机组分段中标量约束_2_87_6],-17.7450000000008
cons[火电机组分段中标量约束_2_87_7],0.0
cons[火电机组分段中标量约束_2_87_8],0.0
cons[火电机组分段中标量约束_2_87_9],0.0
cons[火电机组出力之和约束_2_87],-6154.057000000001
cons[火电机组分段中标量约束_2_88_0],-139.23000000000047
cons[火电机组分段中标量约束_2_88_1],-111.38400000000001
cons[火电机组分段中标量约束_2_88_2],-83.53800000000047
cons[火电机组分段中标量约束_2_88_3],-55.69200000000001
cons[火电机组分段中标量约束_2_88_4],-27.84600000000046
cons[火电机组分段中标量约束_2_88_5],0.0
cons[火电机组分段中标量约束_2_88_6],0.0
cons[火电机组分段中标量约束_2_88_7],0.0
cons[火电机组分段中标量约束_2_88_8],0.0
cons[火电机组分段中标量约束_2_88_9],0.0
cons[火电机组出力之和约束_2_88],-6108.466
cons[火电机组分段中标量约束_2_89_0],-111.38400000000001
cons[火电机组分段中标量约束_2_89_1],-83.53799999999956
cons[火电机组分段中标量约束_2_89_2],-55.69200000000001
cons[火电机组分段中标量约束_2_89_3],-27.84599999999955
cons[火电机组分段中标量约束_2_89_4],0.0
cons[火电机组分段中标量约束_2_89_5],0.0
cons[火电机组分段中标量约束_2_89_6],0.0
cons[火电机组分段中标量约束_2_89_7],0.0
cons[火电机组分段中标量约束_2_89_8],0.0
cons[火电机组分段中标量约束_2_89_9],0.0
cons[火电机组出力之和约束_2_89],-6080.62
cons[火电机组分段中标量约束_2_90_0],-83.53800000000047
cons[火电机组分段中标量约束_2_90_1],-55.69200000000001
cons[火电机组分段中标量约束_2_90_2],-27.84600000000046
cons[火电机组分段中标量约束_2_90_3],0.0
cons[火电机组分段中标量约束_2_90_4],0.0
cons[火电机组分段中标量约束_2_90_5],0.0
cons[火电机组分段中标量约束_2_90_6],0.0
cons[火电机组分段中标量约束_2_90_7],0.0
cons[火电机组分段中标量约束_2_90_8],0.0
cons[火电机组分段中标量约束_2_90_9],0.0
cons[火电机组出力之和约束_2_90],-6052.774
cons[火电机组分段中标量约束_2_91_0],-55.69200000000001
cons[火电机组分段中标量约束_2_91_1],-27.84599999999955
cons[火电机组分段中标量约束_2_91_2],0.0
cons[火电机组分段中标量约束_2_91_3],0.0
cons[火电机组分段中标量约束_2_91_4],0.0
cons[火电机组分段中标量约束_2_91_5],0.0
cons[火电机组分段中标量约束_2_91_6],0.0
cons[火电机组分段中标量约束_2_91_7],0.0
cons[火电机组分段中标量约束_2_91_8],0.0
cons[火电机组分段中标量约束_2_91_9],0.0
cons[火电机组出力之和约束_2_91],-6024.928
cons[火电机组分段中标量约束_2_92_0],-10.738000000003012
cons[火电机组分段中标量约束_2_92_1],0.0
cons[火电机组分段中标量约束_2_92_2],0.0
cons[火电机组分段中标量约束_2_92_3],0.0
cons[火电机组分段中标量约束_2_92_4],0.0
cons[火电机组分段中标量约束_2_92_5],0.0
cons[火电机组分段中标量约束_2_92_6],0.0
cons[火电机组分段中标量约束_2_92_7],0.0
cons[火电机组分段中标量约束_2_92_8],0.0
cons[火电机组分段中标量约束_2_92_9],0.0
cons[火电机组出力之和约束_2_92],-5979.974000000003
cons[火电机组分段中标量约束_2_93_0],0.0
cons[火电机组分段中标量约束_2_93_1],0.0
cons[火电机组分段中标量约束_2_93_2],0.0
cons[火电机组分段中标量约束_2_93_3],0.0
cons[火电机组分段中标量约束_2_93_4],0.0
cons[火电机组分段中标量约束_2_93_5],0.0
cons[火电机组分段中标量约束_2_93_6],0.0
cons[火电机组分段中标量约束_2_93_7],0.0
cons[火电机组分段中标量约束_2_93_8],0.0
cons[火电机组分段中标量约束_2_93_9],0.0
cons[火电机组出力之和约束_2_93],-5969.236
cons[火电机组分段中标量约束_2_94_0],0.0
cons[火电机组分段中标量约束_2_94_1],0.0
cons[火电机组分段中标量约束_2_94_2],0.0
cons[火电机组分段中标量约束_2_94_3],0.0
cons[火电机组分段中标量约束_2_94_4],0.0
cons[火电机组分段中标量约束_2_94_5],0.0
cons[火电机组分段中标量约束_2_94_6],0.0
cons[火电机组分段中标量约束_2_94_7],0.0
cons[火电机组分段中标量约束_2_94_8],0.0
cons[火电机组分段中标量约束_2_94_9],0.0
cons[火电机组出力之和约束_2_94],-5969.236
cons[火电机组分段中标量约束_2_95_0],0.0
cons[火电机组分段中标量约束_2_95_1],0.0
cons[火电机组分段中标量约束_2_95_2],0.0
cons[火电机组分段中标量约束_2_95_3],0.0
cons[火电机组分段中标量约束_2_95_4],0.0
cons[火电机组分段中标量约束_2_95_5],0.0
cons[火电机组分段中标量约束_2_95_6],0.0
cons[火电机组分段中标量约束_2_95_7],0.0
cons[火电机组分段中标量约束_2_95_8],0.0
cons[火电机组分段中标量约束_2_95_9],0.0
cons[火电机组出力之和约束_2_95],-5969.236
cons[火电机组分段中标量约束_3_0_0],0.0
cons[火电机组分段中标量约束_3_0_1],0.0
cons[火电机组分段中标量约束_3_0_2],0.0
cons[火电机组分段中标量约束_3_0_3],0.0
cons[火电机组分段中标量约束_3_0_4],0.0
cons[火电机组分段中标量约束_3_0_5],0.0
cons[火电机组分段中标量约束_3_0_6],0.0
cons[火电机组分段中标量约束_3_0_7],0.0
cons[火电机组分段中标量约束_3_0_8],0.0
cons[火电机组分段中标量约束_3_0_9],0.0
cons[火电机组出力之和约束_3_0],0.0
cons[火电机组分段中标量约束_3_1_0],0.0
cons[火电机组分段中标量约束_3_1_1],0.0
cons[火电机组分段中标量约束_3_1_2],0.0
cons[火电机组分段中标量约束_3_1_3],0.0
cons[火电机组分段中标量约束_3_1_4],0.0
cons[火电机组分段中标量约束_3_1_5],0.0
cons[火电机组分段中标量约束_3_1_6],0.0
cons[火电机组分段中标量约束_3_1_7],0.0
cons[火电机组分段中标量约束_3_1_8],0.0
cons[火电机组分段中标量约束_3_1_9],0.0
cons[火电机组出力之和约束_3_1],0.0
cons[火电机组分段中标量约束_3_2_0],0.0
cons[火电机组分段中标量约束_3_2_1],0.0
cons[火电机组分段中标量约束_3_2_2],0.0
cons[火电机组分段中标量约束_3_2_3],0.0
cons[火电机组分段中标量约束_3_2_4],0.0
cons[火电机组分段中标量约束_3_2_5],0.0
cons[火电机组分段中标量约束_3_2_6],0.0
cons[火电机组分段中标量约束_3_2_7],0.0
cons[火电机组分段中标量约束_3_2_8],0.0
cons[火电机组分段中标量约束_3_2_9],0.0
cons[火电机组出力之和约束_3_2],0.0
cons[火电机组分段中标量约束_3_3_0],0.0
cons[火电机组分段中标量约束_3_3_1],0.0
cons[火电机组分段中标量约束_3_3_2],0.0
cons[火电机组分段中标量约束_3_3_3],0.0
cons[火电机组分段中标量约束_3_3_4],0.0
cons[火电机组分段中标量约束_3_3_5],0.0
cons[火电机组分段中标量约束_3_3_6],0.0
cons[火电机组分段中标量约束_3_3_7],0.0
cons[火电机组分段中标量约束_3_3_8],0.0
cons[火电机组分段中标量约束_3_3_9],0.0
cons[火电机组出力之和约束_3_3],0.0
cons[火电机组分段中标量约束_3_4_0],0.0
cons[火电机组分段中标量约束_3_4_1],0.0
cons[火电机组分段中标量约束_3_4_2],0.0
cons[火电机组分段中标量约束_3_4_3],0.0
cons[火电机组分段中标量约束_3_4_4],0.0
cons[火电机组分段中标量约束_3_4_5],0.0
cons[火电机组分段中标量约束_3_4_6],0.0
cons[火电机组分段中标量约束_3_4_7],0.0
cons[火电机组分段中标量约束_3_4_8],0.0
cons[火电机组分段中标量约束_3_4_9],0.0
cons[火电机组出力之和约束_3_4],0.0
cons[火电机组分段中标量约束_3_5_0],0.0
cons[火电机组分段中标量约束_3_5_1],0.0
cons[火电机组分段中标量约束_3_5_2],0.0
cons[火电机组分段中标量约束_3_5_3],0.0
cons[火电机组分段中标量约束_3_5_4],0.0
cons[火电机组分段中标量约束_3_5_5],0.0
cons[火电机组分段中标量约束_3_5_6],0.0
cons[火电机组分段中标量约束_3_5_7],0.0
cons[火电机组分段中标量约束_3_5_8],0.0
cons[火电机组分段中标量约束_3_5_9],0.0
cons[火电机组出力之和约束_3_5],0.0
cons[火电机组分段中标量约束_3_6_0],0.0
cons[火电机组分段中标量约束_3_6_1],0.0
cons[火电机组分段中标量约束_3_6_2],0.0
cons[火电机组分段中标量约束_3_6_3],0.0
cons[火电机组分段中标量约束_3_6_4],0.0
cons[火电机组分段中标量约束_3_6_5],0.0
cons[火电机组分段中标量约束_3_6_6],0.0
cons[火电机组分段中标量约束_3_6_7],0.0
cons[火电机组分段中标量约束_3_6_8],0.0
cons[火电机组分段中标量约束_3_6_9],0.0
cons[火电机组出力之和约束_3_6],0.0
cons[火电机组分段中标量约束_3_7_0],0.0
cons[火电机组分段中标量约束_3_7_1],0.0
cons[火电机组分段中标量约束_3_7_2],0.0
cons[火电机组分段中标量约束_3_7_3],0.0
cons[火电机组分段中标量约束_3_7_4],0.0
cons[火电机组分段中标量约束_3_7_5],0.0
cons[火电机组分段中标量约束_3_7_6],0.0
cons[火电机组分段中标量约束_3_7_7],0.0
cons[火电机组分段中标量约束_3_7_8],0.0
cons[火电机组分段中标量约束_3_7_9],0.0
cons[火电机组出力之和约束_3_7],0.0
cons[火电机组分段中标量约束_3_8_0],0.0
cons[火电机组分段中标量约束_3_8_1],0.0
cons[火电机组分段中标量约束_3_8_2],0.0
cons[火电机组分段中标量约束_3_8_3],0.0
cons[火电机组分段中标量约束_3_8_4],0.0
cons[火电机组分段中标量约束_3_8_5],0.0
cons[火电机组分段中标量约束_3_8_6],0.0
cons[火电机组分段中标量约束_3_8_7],0.0
cons[火电机组分段中标量约束_3_8_8],0.0
cons[火电机组分段中标量约束_3_8_9],0.0
cons[火电机组出力之和约束_3_8],0.0
cons[火电机组分段中标量约束_3_9_0],0.0
cons[火电机组分段中标量约束_3_9_1],0.0
cons[火电机组分段中标量约束_3_9_2],0.0
cons[火电机组分段中标量约束_3_9_3],0.0
cons[火电机组分段中标量约束_3_9_4],0.0
cons[火电机组分段中标量约束_3_9_5],0.0
cons[火电机组分段中标量约束_3_9_6],0.0
cons[火电机组分段中标量约束_3_9_7],0.0
cons[火电机组分段中标量约束_3_9_8],0.0
cons[火电机组分段中标量约束_3_9_9],0.0
cons[火电机组出力之和约束_3_9],0.0
cons[火电机组分段中标量约束_3_10_0],0.0
cons[火电机组分段中标量约束_3_10_1],0.0
cons[火电机组分段中标量约束_3_10_2],0.0
cons[火电机组分段中标量约束_3_10_3],0.0
cons[火电机组分段中标量约束_3_10_4],0.0
cons[火电机组分段中标量约束_3_10_5],0.0
cons[火电机组分段中标量约束_3_10_6],0.0
cons[火电机组分段中标量约束_3_10_7],0.0
cons[火电机组分段中标量约束_3_10_8],0.0
cons[火电机组分段中标量约束_3_10_9],0.0
cons[火电机组出力之和约束_3_10],0.0
cons[火电机组分段中标量约束_3_11_0],0.0
cons[火电机组分段中标量约束_3_11_1],0.0
cons[火电机组分段中标量约束_3_11_2],0.0
cons[火电机组分段中标量约束_3_11_3],0.0
cons[火电机组分段中标量约束_3_11_4],0.0
cons[火电机组分段中标量约束_3_11_5],0.0
cons[火电机组分段中标量约束_3_11_6],0.0
cons[火电机组分段中标量约束_3_11_7],0.0
cons[火电机组分段中标量约束_3_11_8],0.0
cons[火电机组分段中标量约束_3_11_9],0.0
cons[火电机组出力之和约束_3_11],0.0
cons[火电机组分段中标量约束_3_12_0],0.0
cons[火电机组分段中标量约束_3_12_1],0.0
cons[火电机组分段中标量约束_3_12_2],0.0
cons[火电机组分段中标量约束_3_12_3],0.0
cons[火电机组分段中标量约束_3_12_4],0.0
cons[火电机组分段中标量约束_3_12_5],0.0
cons[火电机组分段中标量约束_3_12_6],0.0
cons[火电机组分段中标量约束_3_12_7],0.0
cons[火电机组分段中标量约束_3_12_8],0.0
cons[火电机组分段中标量约束_3_12_9],0.0
cons[火电机组出力之和约束_3_12],0.0
cons[火电机组分段中标量约束_3_13_0],0.0
cons[火电机组分段中标量约束_3_13_1],0.0
cons[火电机组分段中标量约束_3_13_2],0.0
cons[火电机组分段中标量约束_3_13_3],0.0
cons[火电机组分段中标量约束_3_13_4],0.0
cons[火电机组分段中标量约束_3_13_5],0.0
cons[火电机组分段中标量约束_3_13_6],0.0
cons[火电机组分段中标量约束_3_13_7],0.0
cons[火电机组分段中标量约束_3_13_8],0.0
cons[火电机组分段中标量约束_3_13_9],0.0
cons[火电机组出力之和约束_3_13],0.0
cons[火电机组分段中标量约束_3_14_0],0.0
cons[火电机组分段中标量约束_3_14_1],0.0
cons[火电机组分段中标量约束_3_14_2],0.0
cons[火电机组分段中标量约束_3_14_3],0.0
cons[火电机组分段中标量约束_3_14_4],0.0
cons[火电机组分段中标量约束_3_14_5],0.0
cons[火电机组分段中标量约束_3_14_6],0.0
cons[火电机组分段中标量约束_3_14_7],0.0
cons[火电机组分段中标量约束_3_14_8],0.0
cons[火电机组分段中标量约束_3_14_9],0.0
cons[火电机组出力之和约束_3_14],0.0
cons[火电机组分段中标量约束_3_15_0],0.0
cons[火电机组分段中标量约束_3_15_1],0.0
cons[火电机组分段中标量约束_3_15_2],0.0
cons[火电机组分段中标量约束_3_15_3],0.0
cons[火电机组分段中标量约束_3_15_4],0.0
cons[火电机组分段中标量约束_3_15_5],0.0
cons[火电机组分段中标量约束_3_15_6],0.0
cons[火电机组分段中标量约束_3_15_7],0.0
cons[火电机组分段中标量约束_3_15_8],0.0
cons[火电机组分段中标量约束_3_15_9],0.0
cons[火电机组出力之和约束_3_15],0.0
cons[火电机组分段中标量约束_3_16_0],0.0
cons[火电机组分段中标量约束_3_16_1],0.0
cons[火电机组分段中标量约束_3_16_2],0.0
cons[火电机组分段中标量约束_3_16_3],0.0
cons[火电机组分段中标量约束_3_16_4],0.0
cons[火电机组分段中标量约束_3_16_5],0.0
cons[火电机组分段中标量约束_3_16_6],0.0
cons[火电机组分段中标量约束_3_16_7],0.0
cons[火电机组分段中标量约束_3_16_8],0.0
cons[火电机组分段中标量约束_3_16_9],0.0
cons[火电机组出力之和约束_3_16],0.0
cons[火电机组分段中标量约束_3_17_0],0.0
cons[火电机组分段中标量约束_3_17_1],0.0
cons[火电机组分段中标量约束_3_17_2],0.0
cons[火电机组分段中标量约束_3_17_3],0.0
cons[火电机组分段中标量约束_3_17_4],0.0
cons[火电机组分段中标量约束_3_17_5],0.0
cons[火电机组分段中标量约束_3_17_6],0.0
cons[火电机组分段中标量约束_3_17_7],0.0
cons[火电机组分段中标量约束_3_17_8],0.0
cons[火电机组分段中标量约束_3_17_9],0.0
cons[火电机组出力之和约束_3_17],0.0
cons[火电机组分段中标量约束_3_18_0],0.0
cons[火电机组分段中标量约束_3_18_1],0.0
cons[火电机组分段中标量约束_3_18_2],0.0
cons[火电机组分段中标量约束_3_18_3],0.0
cons[火电机组分段中标量约束_3_18_4],0.0
cons[火电机组分段中标量约束_3_18_5],0.0
cons[火电机组分段中标量约束_3_18_6],0.0
cons[火电机组分段中标量约束_3_18_7],0.0
cons[火电机组分段中标量约束_3_18_8],0.0
cons[火电机组分段中标量约束_3_18_9],0.0
cons[火电机组出力之和约束_3_18],0.0
cons[火电机组分段中标量约束_3_19_0],0.0
cons[火电机组分段中标量约束_3_19_1],0.0
cons[火电机组分段中标量约束_3_19_2],0.0
cons[火电机组分段中标量约束_3_19_3],0.0
cons[火电机组分段中标量约束_3_19_4],0.0
cons[火电机组分段中标量约束_3_19_5],0.0
cons[火电机组分段中标量约束_3_19_6],0.0
cons[火电机组分段中标量约束_3_19_7],0.0
cons[火电机组分段中标量约束_3_19_8],0.0
cons[火电机组分段中标量约束_3_19_9],0.0
cons[火电机组出力之和约束_3_19],0.0
cons[火电机组分段中标量约束_3_20_0],0.0
cons[火电机组分段中标量约束_3_20_1],0.0
cons[火电机组分段中标量约束_3_20_2],0.0
cons[火电机组分段中标量约束_3_20_3],0.0
cons[火电机组分段中标量约束_3_20_4],0.0
cons[火电机组分段中标量约束_3_20_5],0.0
cons[火电机组分段中标量约束_3_20_6],0.0
cons[火电机组分段中标量约束_3_20_7],0.0
cons[火电机组分段中标量约束_3_20_8],0.0
cons[火电机组分段中标量约束_3_20_9],0.0
cons[火电机组出力之和约束_3_20],0.0
cons[火电机组分段中标量约束_3_21_0],0.0
cons[火电机组分段中标量约束_3_21_1],0.0
cons[火电机组分段中标量约束_3_21_2],0.0
cons[火电机组分段中标量约束_3_21_3],0.0
cons[火电机组分段中标量约束_3_21_4],0.0
cons[火电机组分段中标量约束_3_21_5],0.0
cons[火电机组分段中标量约束_3_21_6],0.0
cons[火电机组分段中标量约束_3_21_7],0.0
cons[火电机组分段中标量约束_3_21_8],0.0
cons[火电机组分段中标量约束_3_21_9],0.0
cons[火电机组出力之和约束_3_21],0.0
cons[火电机组分段中标量约束_3_22_0],0.0
cons[火电机组分段中标量约束_3_22_1],0.0
cons[火电机组分段中标量约束_3_22_2],0.0
cons[火电机组分段中标量约束_3_22_3],0.0
cons[火电机组分段中标量约束_3_22_4],0.0
cons[火电机组分段中标量约束_3_22_5],0.0
cons[火电机组分段中标量约束_3_22_6],0.0
cons[火电机组分段中标量约束_3_22_7],0.0
cons[火电机组分段中标量约束_3_22_8],0.0
cons[火电机组分段中标量约束_3_22_9],0.0
cons[火电机组出力之和约束_3_22],0.0
cons[火电机组分段中标量约束_3_23_0],0.0
cons[火电机组分段中标量约束_3_23_1],0.0
cons[火电机组分段中标量约束_3_23_2],0.0
cons[火电机组分段中标量约束_3_23_3],0.0
cons[火电机组分段中标量约束_3_23_4],0.0
cons[火电机组分段中标量约束_3_23_5],0.0
cons[火电机组分段中标量约束_3_23_6],0.0
cons[火电机组分段中标量约束_3_23_7],0.0
cons[火电机组分段中标量约束_3_23_8],0.0
cons[火电机组分段中标量约束_3_23_9],0.0
cons[火电机组出力之和约束_3_23],-5969.236
cons[火电机组分段中标量约束_3_24_0],0.0
cons[火电机组分段中标量约束_3_24_1],0.0
cons[火电机组分段中标量约束_3_24_2],0.0
cons[火电机组分段中标量约束_3_24_3],0.0
cons[火电机组分段中标量约束_3_24_4],0.0
cons[火电机组分段中标量约束_3_24_5],0.0
cons[火电机组分段中标量约束_3_24_6],0.0
cons[火电机组分段中标量约束_3_24_7],0.0
cons[火电机组分段中标量约束_3_24_8],0.0
cons[火电机组分段中标量约束_3_24_9],0.0
cons[火电机组出力之和约束_3_24],-5969.236
cons[火电机组分段中标量约束_3_25_0],0.0
cons[火电机组分段中标量约束_3_25_1],0.0
cons[火电机组分段中标量约束_3_25_2],0.0
cons[火电机组分段中标量约束_3_25_3],0.0
cons[火电机组分段中标量约束_3_25_4],0.0
cons[火电机组分段中标量约束_3_25_5],0.0
cons[火电机组分段中标量约束_3_25_6],0.0
cons[火电机组分段中标量约束_3_25_7],0.0
cons[火电机组分段中标量约束_3_25_8],0.0
cons[火电机组分段中标量约束_3_25_9],0.0
cons[火电机组出力之和约束_3_25],-5969.236
cons[火电机组分段中标量约束_3_26_0],0.0
cons[火电机组分段中标量约束_3_26_1],0.0
cons[火电机组分段中标量约束_3_26_2],0.0
cons[火电机组分段中标量约束_3_26_3],0.0
cons[火电机组分段中标量约束_3_26_4],0.0
cons[火电机组分段中标量约束_3_26_5],0.0
cons[火电机组分段中标量约束_3_26_6],0.0
cons[火电机组分段中标量约束_3_26_7],0.0
cons[火电机组分段中标量约束_3_26_8],0.0
cons[火电机组分段中标量约束_3_26_9],0.0
cons[火电机组出力之和约束_3_26],-5969.236
cons[火电机组分段中标量约束_3_27_0],-10.738000000003012
cons[火电机组分段中标量约束_3_27_1],0.0
cons[火电机组分段中标量约束_3_27_2],0.0
cons[火电机组分段中标量约束_3_27_3],0.0
cons[火电机组分段中标量约束_3_27_4],0.0
cons[火电机组分段中标量约束_3_27_5],0.0
cons[火电机组分段中标量约束_3_27_6],0.0
cons[火电机组分段中标量约束_3_27_7],0.0
cons[火电机组分段中标量约束_3_27_8],0.0
cons[火电机组分段中标量约束_3_27_9],0.0
cons[火电机组出力之和约束_3_27],-5979.974000000003
cons[火电机组分段中标量约束_3_28_0],-55.69200000000001
cons[火电机组分段中标量约束_3_28_1],-27.84599999999955
cons[火电机组分段中标量约束_3_28_2],0.0
cons[火电机组分段中标量约束_3_28_3],0.0
cons[火电机组分段中标量约束_3_28_4],0.0
cons[火电机组分段中标量约束_3_28_5],0.0
cons[火电机组分段中标量约束_3_28_6],0.0
cons[火电机组分段中标量约束_3_28_7],0.0
cons[火电机组分段中标量约束_3_28_8],0.0
cons[火电机组分段中标量约束_3_28_9],0.0
cons[火电机组出力之和约束_3_28],-6024.928
cons[火电机组分段中标量约束_3_29_0],-83.53800000000047
cons[火电机组分段中标量约束_3_29_1],-55.69200000000001
cons[火电机组分段中标量约束_3_29_2],-27.84600000000046
cons[火电机组分段中标量约束_3_29_3],0.0
cons[火电机组分段中标量约束_3_29_4],0.0
cons[火电机组分段中标量约束_3_29_5],0.0
cons[火电机组分段中标量约束_3_29_6],0.0
cons[火电机组分段中标量约束_3_29_7],0.0
cons[火电机组分段中标量约束_3_29_8],0.0
cons[火电机组分段中标量约束_3_29_9],0.0
cons[火电机组出力之和约束_3_29],-6052.774
cons[火电机组分段中标量约束_3_30_0],-111.38400000000001
cons[火电机组分段中标量约束_3_30_1],-83.53799999999956
cons[火电机组分段中标量约束_3_30_2],-55.69200000000001
cons[火电机组分段中标量约束_3_30_3],-27.84599999999955
cons[火电机组分段中标量约束_3_30_4],0.0
cons[火电机组分段中标量约束_3_30_5],0.0
cons[火电机组分段中标量约束_3_30_6],0.0
cons[火电机组分段中标量约束_3_30_7],0.0
cons[火电机组分段中标量约束_3_30_8],0.0
cons[火电机组分段中标量约束_3_30_9],0.0
cons[火电机组出力之和约束_3_30],-6080.62
cons[火电机组分段中标量约束_3_31_0],-138.77499999999964
cons[火电机组分段中标量约束_3_31_1],-110.92899999999918
cons[火电机组分段中标量约束_3_31_2],-83.08299999999963
cons[火电机组分段中标量约束_3_31_3],-55.23699999999917
cons[火电机组分段中标量约束_3_31_4],-27.39099999999962
cons[火电机组分段中标量约束_3_31_5],0.0
cons[火电机组分段中标量约束_3_31_6],0.0
cons[火电机组分段中标量约束_3_31_7],0.0
cons[火电机组分段中标量约束_3_31_8],0.0
cons[火电机组分段中标量约束_3_31_9],0.0
cons[火电机组出力之和约束_3_31],-6108.0109999999995
cons[火电机组分段中标量约束_3_32_0],-139.23000000000047
cons[火电机组分段中标量约束_3_32_1],-111.38400000000001
cons[火电机组分段中标量约束_3_32_2],-83.53800000000047
cons[火电机组分段中标量约束_3_32_3],-55.69200000000001
cons[火电机组分段中标量约束_3_32_4],-27.84600000000046
cons[火电机组分段中标量约束_3_32_5],0.0
cons[火电机组分段中标量约束_3_32_6],0.0
cons[火电机组分段中标量约束_3_32_7],0.0
cons[火电机组分段中标量约束_3_32_8],0.0
cons[火电机组分段中标量约束_3_32_9],0.0
cons[火电机组出力之和约束_3_32],-6108.466
cons[火电机组分段中标量约束_3_33_0],-148.8760000000002
cons[火电机组分段中标量约束_3_33_1],-121.02999999999975
cons[火电机组分段中标量约束_3_33_2],-93.1840000000002
cons[火电机组分段中标量约束_3_33_3],-65.33799999999974
cons[火电机组分段中标量约束_3_33_4],-37.49200000000019
cons[火电机组分段中标量约束_3_33_5],-9.64599999999973
cons[火电机组分段中标量约束_3_33_6],0.0
cons[火电机组分段中标量约束_3_33_7],0.0
cons[火电机组分段中标量约束_3_33_8],0.0
cons[火电机组分段中标量约束_3_33_9],0.0
cons[火电机组出力之和约束_3_33],-6118.112
cons[火电机组分段中标量约束_3_34_0],-148.8760000000002
cons[火电机组分段中标量约束_3_34_1],-121.02999999999975
cons[火电机组分段中标量约束_3_34_2],-93.1840000000002
cons[火电机组分段中标量约束_3_34_3],-65.33799999999974
cons[火电机组分段中标量约束_3_34_4],-37.49200000000019
cons[火电机组分段中标量约束_3_34_5],-9.64599999999973
cons[火电机组分段中标量约束_3_34_6],0.0
cons[火电机组分段中标量约束_3_34_7],0.0
cons[火电机组分段中标量约束_3_34_8],0.0
cons[火电机组分段中标量约束_3_34_9],0.0
cons[火电机组出力之和约束_3_34],-6118.112
cons[火电机组分段中标量约束_3_35_0],-148.8760000000002
cons[火电机组分段中标量约束_3_35_1],-121.02999999999975
cons[火电机组分段中标量约束_3_35_2],-93.1840000000002
cons[火电机组分段中标量约束_3_35_3],-65.33799999999974
cons[火电机组分段中标量约束_3_35_4],-37.49200000000019
cons[火电机组分段中标量约束_3_35_5],-9.64599999999973
cons[火电机组分段中标量约束_3_35_6],0.0
cons[火电机组分段中标量约束_3_35_7],0.0
cons[火电机组分段中标量约束_3_35_8],0.0
cons[火电机组分段中标量约束_3_35_9],0.0
cons[火电机组出力之和约束_3_35],-6118.112
cons[火电机组分段中标量约束_3_36_0],-148.8760000000002
cons[火电机组分段中标量约束_3_36_1],-121.02999999999975
cons[火电机组分段中标量约束_3_36_2],-93.1840000000002
cons[火电机组分段中标量约束_3_36_3],-65.33799999999974
cons[火电机组分段中标量约束_3_36_4],-37.49200000000019
cons[火电机组分段中标量约束_3_36_5],-9.64599999999973
cons[火电机组分段中标量约束_3_36_6],0.0
cons[火电机组分段中标量约束_3_36_7],0.0
cons[火电机组分段中标量约束_3_36_8],0.0
cons[火电机组分段中标量约束_3_36_9],0.0
cons[火电机组出力之和约束_3_36],-6118.112
cons[火电机组分段中标量约束_3_37_0],-139.23000000000047
cons[火电机组分段中标量约束_3_37_1],-111.38400000000001
cons[火电机组分段中标量约束_3_37_2],-83.53800000000047
cons[火电机组分段中标量约束_3_37_3],-55.69200000000001
cons[火电机组分段中标量约束_3_37_4],-27.84600000000046
cons[火电机组分段中标量约束_3_37_5],0.0
cons[火电机组分段中标量约束_3_37_6],0.0
cons[火电机组分段中标量约束_3_37_7],0.0
cons[火电机组分段中标量约束_3_37_8],0.0
cons[火电机组分段中标量约束_3_37_9],0.0
cons[火电机组出力之和约束_3_37],-6108.466
cons[火电机组分段中标量约束_3_38_0],-139.23000000000047
cons[火电机组分段中标量约束_3_38_1],-111.38400000000001
cons[火电机组分段中标量约束_3_38_2],-83.53800000000047
cons[火电机组分段中标量约束_3_38_3],-55.69200000000001
cons[火电机组分段中标量约束_3_38_4],-27.84600000000046
cons[火电机组分段中标量约束_3_38_5],0.0
cons[火电机组分段中标量约束_3_38_6],0.0
cons[火电机组分段中标量约束_3_38_7],0.0
cons[火电机组分段中标量约束_3_38_8],0.0
cons[火电机组分段中标量约束_3_38_9],0.0
cons[火电机组出力之和约束_3_38],-6108.466
cons[火电机组分段中标量约束_3_39_0],-139.23000000000047
cons[火电机组分段中标量约束_3_39_1],-111.38400000000001
cons[火电机组分段中标量约束_3_39_2],-83.53800000000047
cons[火电机组分段中标量约束_3_39_3],-55.69200000000001
cons[火电机组分段中标量约束_3_39_4],-27.84600000000046
cons[火电机组分段中标量约束_3_39_5],0.0
cons[火电机组分段中标量约束_3_39_6],0.0
cons[火电机组分段中标量约束_3_39_7],0.0
cons[火电机组分段中标量约束_3_39_8],0.0
cons[火电机组分段中标量约束_3_39_9],0.0
cons[火电机组出力之和约束_3_39],-6108.466
cons[火电机组分段中标量约束_3_40_0],-139.23000000000047
cons[火电机组分段中标量约束_3_40_1],-111.38400000000001
cons[火电机组分段中标量约束_3_40_2],-83.53800000000047
cons[火电机组分段中标量约束_3_40_3],-55.69200000000001
cons[火电机组分段中标量约束_3_40_4],-27.84600000000046
cons[火电机组分段中标量约束_3_40_5],0.0
cons[火电机组分段中标量约束_3_40_6],0.0
cons[火电机组分段中标量约束_3_40_7],0.0
cons[火电机组分段中标量约束_3_40_8],0.0
cons[火电机组分段中标量约束_3_40_9],0.0
cons[火电机组出力之和约束_3_40],-6108.466
cons[火电机组分段中标量约束_3_41_0],-139.23000000000047
cons[火电机组分段中标量约束_3_41_1],-111.38400000000001
cons[火电机组分段中标量约束_3_41_2],-83.53800000000047
cons[火电机组分段中标量约束_3_41_3],-55.69200000000001
cons[火电机组分段中标量约束_3_41_4],-27.84600000000046
cons[火电机组分段中标量约束_3_41_5],0.0
cons[火电机组分段中标量约束_3_41_6],0.0
cons[火电机组分段中标量约束_3_41_7],0.0
cons[火电机组分段中标量约束_3_41_8],0.0
cons[火电机组分段中标量约束_3_41_9],0.0
cons[火电机组出力之和约束_3_41],-6108.466
cons[火电机组分段中标量约束_3_42_0],-139.23000000000047
cons[火电机组分段中标量约束_3_42_1],-111.38400000000001
cons[火电机组分段中标量约束_3_42_2],-83.53800000000047
cons[火电机组分段中标量约束_3_42_3],-55.69200000000001
cons[火电机组分段中标量约束_3_42_4],-27.84600000000046
cons[火电机组分段中标量约束_3_42_5],0.0
cons[火电机组分段中标量约束_3_42_6],0.0
cons[火电机组分段中标量约束_3_42_7],0.0
cons[火电机组分段中标量约束_3_42_8],0.0
cons[火电机组分段中标量约束_3_42_9],0.0
cons[火电机组出力之和约束_3_42],-6108.466
cons[火电机组分段中标量约束_3_43_0],-139.23000000000047
cons[火电机组分段中标量约束_3_43_1],-111.38400000000001
cons[火电机组分段中标量约束_3_43_2],-83.53800000000047
cons[火电机组分段中标量约束_3_43_3],-55.69200000000001
cons[火电机组分段中标量约束_3_43_4],-27.84600000000046
cons[火电机组分段中标量约束_3_43_5],0.0
cons[火电机组分段中标量约束_3_43_6],0.0
cons[火电机组分段中标量约束_3_43_7],0.0
cons[火电机组分段中标量约束_3_43_8],0.0
cons[火电机组分段中标量约束_3_43_9],0.0
cons[火电机组出力之和约束_3_43],-6108.466
cons[火电机组分段中标量约束_3_44_0],-139.23000000000047
cons[火电机组分段中标量约束_3_44_1],-111.38400000000001
cons[火电机组分段中标量约束_3_44_2],-83.53800000000047
cons[火电机组分段中标量约束_3_44_3],-55.69200000000001
cons[火电机组分段中标量约束_3_44_4],-27.84600000000046
cons[火电机组分段中标量约束_3_44_5],0.0
cons[火电机组分段中标量约束_3_44_6],0.0
cons[火电机组分段中标量约束_3_44_7],0.0
cons[火电机组分段中标量约束_3_44_8],0.0
cons[火电机组分段中标量约束_3_44_9],0.0
cons[火电机组出力之和约束_3_44],-6108.466
cons[火电机组分段中标量约束_3_45_0],-138.77499999999964
cons[火电机组分段中标量约束_3_45_1],-110.92899999999918
cons[火电机组分段中标量约束_3_45_2],-83.08299999999963
cons[火电机组分段中标量约束_3_45_3],-55.23699999999917
cons[火电机组分段中标量约束_3_45_4],-27.39099999999962
cons[火电机组分段中标量约束_3_45_5],0.0
cons[火电机组分段中标量约束_3_45_6],0.0
cons[火电机组分段中标量约束_3_45_7],0.0
cons[火电机组分段中标量约束_3_45_8],0.0
cons[火电机组分段中标量约束_3_45_9],0.0
cons[火电机组出力之和约束_3_45],-6108.0109999999995
cons[火电机组分段中标量约束_3_46_0],-138.77499999999964
cons[火电机组分段中标量约束_3_46_1],-110.92899999999918
cons[火电机组分段中标量约束_3_46_2],-83.08299999999963
cons[火电机组分段中标量约束_3_46_3],-55.23699999999917
cons[火电机组分段中标量约束_3_46_4],-27.39099999999962
cons[火电机组分段中标量约束_3_46_5],0.0
cons[火电机组分段中标量约束_3_46_6],0.0
cons[火电机组分段中标量约束_3_46_7],0.0
cons[火电机组分段中标量约束_3_46_8],0.0
cons[火电机组分段中标量约束_3_46_9],0.0
cons[火电机组出力之和约束_3_46],-6108.0109999999995
cons[火电机组分段中标量约束_3_47_0],-138.77499999999964
cons[火电机组分段中标量约束_3_47_1],-110.92899999999918
cons[火电机组分段中标量约束_3_47_2],-83.08299999999963
cons[火电机组分段中标量约束_3_47_3],-55.23699999999917
cons[火电机组分段中标量约束_3_47_4],-27.39099999999962
cons[火电机组分段中标量约束_3_47_5],0.0
cons[火电机组分段中标量约束_3_47_6],0.0
cons[火电机组分段中标量约束_3_47_7],0.0
cons[火电机组分段中标量约束_3_47_8],0.0
cons[火电机组分段中标量约束_3_47_9],0.0
cons[火电机组出力之和约束_3_47],-6108.0109999999995
cons[火电机组分段中标量约束_3_48_0],-138.77499999999964
cons[火电机组分段中标量约束_3_48_1],-110.92899999999918
cons[火电机组分段中标量约束_3_48_2],-83.08299999999963
cons[火电机组分段中标量约束_3_48_3],-55.23699999999917
cons[火电机组分段中标量约束_3_48_4],-27.39099999999962
cons[火电机组分段中标量约束_3_48_5],0.0
cons[火电机组分段中标量约束_3_48_6],0.0
cons[火电机组分段中标量约束_3_48_7],0.0
cons[火电机组分段中标量约束_3_48_8],0.0
cons[火电机组分段中标量约束_3_48_9],0.0
cons[火电机组出力之和约束_3_48],-6108.0109999999995
cons[火电机组分段中标量约束_3_49_0],-138.77499999999964
cons[火电机组分段中标量约束_3_49_1],-110.92899999999918
cons[火电机组分段中标量约束_3_49_2],-83.08299999999963
cons[火电机组分段中标量约束_3_49_3],-55.23699999999917
cons[火电机组分段中标量约束_3_49_4],-27.39099999999962
cons[火电机组分段中标量约束_3_49_5],0.0
cons[火电机组分段中标量约束_3_49_6],0.0
cons[火电机组分段中标量约束_3_49_7],0.0
cons[火电机组分段中标量约束_3_49_8],0.0
cons[火电机组分段中标量约束_3_49_9],0.0
cons[火电机组出力之和约束_3_49],-6108.0109999999995
cons[火电机组分段中标量约束_3_50_0],-138.77499999999964
cons[火电机组分段中标量约束_3_50_1],-110.92899999999918
cons[火电机组分段中标量约束_3_50_2],-83.08299999999963
cons[火电机组分段中标量约束_3_50_3],-55.23699999999917
cons[火电机组分段中标量约束_3_50_4],-27.39099999999962
cons[火电机组分段中标量约束_3_50_5],0.0
cons[火电机组分段中标量约束_3_50_6],0.0
cons[火电机组分段中标量约束_3_50_7],0.0
cons[火电机组分段中标量约束_3_50_8],0.0
cons[火电机组分段中标量约束_3_50_9],0.0
cons[火电机组出力之和约束_3_50],-6108.0109999999995
cons[火电机组分段中标量约束_3_51_0],-138.77499999999964
cons[火电机组分段中标量约束_3_51_1],-110.92899999999918
cons[火电机组分段中标量约束_3_51_2],-83.08299999999963
cons[火电机组分段中标量约束_3_51_3],-55.23699999999917
cons[火电机组分段中标量约束_3_51_4],-27.39099999999962
cons[火电机组分段中标量约束_3_51_5],0.0
cons[火电机组分段中标量约束_3_51_6],0.0
cons[火电机组分段中标量约束_3_51_7],0.0
cons[火电机组分段中标量约束_3_51_8],0.0
cons[火电机组分段中标量约束_3_51_9],0.0
cons[火电机组出力之和约束_3_51],-6108.0109999999995
cons[火电机组分段中标量约束_3_52_0],-138.77499999999964
cons[火电机组分段中标量约束_3_52_1],-110.92899999999918
cons[火电机组分段中标量约束_3_52_2],-83.08299999999963
cons[火电机组分段中标量约束_3_52_3],-55.23699999999917
cons[火电机组分段中标量约束_3_52_4],-27.39099999999962
cons[火电机组分段中标量约束_3_52_5],0.0
cons[火电机组分段中标量约束_3_52_6],0.0
cons[火电机组分段中标量约束_3_52_7],0.0
cons[火电机组分段中标量约束_3_52_8],0.0
cons[火电机组分段中标量约束_3_52_9],0.0
cons[火电机组出力之和约束_3_52],-6108.0109999999995
cons[火电机组分段中标量约束_3_53_0],-111.38400000000001
cons[火电机组分段中标量约束_3_53_1],-83.53799999999956
cons[火电机组分段中标量约束_3_53_2],-55.69200000000001
cons[火电机组分段中标量约束_3_53_3],-27.84599999999955
cons[火电机组分段中标量约束_3_53_4],0.0
cons[火电机组分段中标量约束_3_53_5],0.0
cons[火电机组分段中标量约束_3_53_6],0.0
cons[火电机组分段中标量约束_3_53_7],0.0
cons[火电机组分段中标量约束_3_53_8],0.0
cons[火电机组分段中标量约束_3_53_9],0.0
cons[火电机组出力之和约束_3_53],-6080.62
cons[火电机组分段中标量约束_3_54_0],-111.38400000000001
cons[火电机组分段中标量约束_3_54_1],-83.53799999999956
cons[火电机组分段中标量约束_3_54_2],-55.69200000000001
cons[火电机组分段中标量约束_3_54_3],-27.84599999999955
cons[火电机组分段中标量约束_3_54_4],0.0
cons[火电机组分段中标量约束_3_54_5],0.0
cons[火电机组分段中标量约束_3_54_6],0.0
cons[火电机组分段中标量约束_3_54_7],0.0
cons[火电机组分段中标量约束_3_54_8],0.0
cons[火电机组分段中标量约束_3_54_9],0.0
cons[火电机组出力之和约束_3_54],-6080.62
cons[火电机组分段中标量约束_3_55_0],-111.38400000000001
cons[火电机组分段中标量约束_3_55_1],-83.53799999999956
cons[火电机组分段中标量约束_3_55_2],-55.69200000000001
cons[火电机组分段中标量约束_3_55_3],-27.84599999999955
cons[火电机组分段中标量约束_3_55_4],0.0
cons[火电机组分段中标量约束_3_55_5],0.0
cons[火电机组分段中标量约束_3_55_6],0.0
cons[火电机组分段中标量约束_3_55_7],0.0
cons[火电机组分段中标量约束_3_55_8],0.0
cons[火电机组分段中标量约束_3_55_9],0.0
cons[火电机组出力之和约束_3_55],-6080.62
cons[火电机组分段中标量约束_3_56_0],-111.38400000000001
cons[火电机组分段中标量约束_3_56_1],-83.53799999999956
cons[火电机组分段中标量约束_3_56_2],-55.69200000000001
cons[火电机组分段中标量约束_3_56_3],-27.84599999999955
cons[火电机组分段中标量约束_3_56_4],0.0
cons[火电机组分段中标量约束_3_56_5],0.0
cons[火电机组分段中标量约束_3_56_6],0.0
cons[火电机组分段中标量约束_3_56_7],0.0
cons[火电机组分段中标量约束_3_56_8],0.0
cons[火电机组分段中标量约束_3_56_9],0.0
cons[火电机组出力之和约束_3_56],-6080.62
cons[火电机组分段中标量约束_3_57_0],-111.38400000000001
cons[火电机组分段中标量约束_3_57_1],-83.53799999999956
cons[火电机组分段中标量约束_3_57_2],-55.69200000000001
cons[火电机组分段中标量约束_3_57_3],-27.84599999999955
cons[火电机组分段中标量约束_3_57_4],0.0
cons[火电机组分段中标量约束_3_57_5],0.0
cons[火电机组分段中标量约束_3_57_6],0.0
cons[火电机组分段中标量约束_3_57_7],0.0
cons[火电机组分段中标量约束_3_57_8],0.0
cons[火电机组分段中标量约束_3_57_9],0.0
cons[火电机组出力之和约束_3_57],-6080.62
cons[火电机组分段中标量约束_3_58_0],-111.38400000000001
cons[火电机组分段中标量约束_3_58_1],-83.53799999999956
cons[火电机组分段中标量约束_3_58_2],-55.69200000000001
cons[火电机组分段中标量约束_3_58_3],-27.84599999999955
cons[火电机组分段中标量约束_3_58_4],0.0
cons[火电机组分段中标量约束_3_58_5],0.0
cons[火电机组分段中标量约束_3_58_6],0.0
cons[火电机组分段中标量约束_3_58_7],0.0
cons[火电机组分段中标量约束_3_58_8],0.0
cons[火电机组分段中标量约束_3_58_9],0.0
cons[火电机组出力之和约束_3_58],-6080.62
cons[火电机组分段中标量约束_3_59_0],-138.77499999999964
cons[火电机组分段中标量约束_3_59_1],-110.92899999999918
cons[火电机组分段中标量约束_3_59_2],-83.08299999999963
cons[火电机组分段中标量约束_3_59_3],-55.23699999999917
cons[火电机组分段中标量约束_3_59_4],-27.39099999999962
cons[火电机组分段中标量约束_3_59_5],0.0
cons[火电机组分段中标量约束_3_59_6],0.0
cons[火电机组分段中标量约束_3_59_7],0.0
cons[火电机组分段中标量约束_3_59_8],0.0
cons[火电机组分段中标量约束_3_59_9],0.0
cons[火电机组出力之和约束_3_59],-6108.0109999999995
cons[火电机组分段中标量约束_3_60_0],-139.23000000000047
cons[火电机组分段中标量约束_3_60_1],-111.38400000000001
cons[火电机组分段中标量约束_3_60_2],-83.53800000000047
cons[火电机组分段中标量约束_3_60_3],-55.69200000000001
cons[火电机组分段中标量约束_3_60_4],-27.84600000000046
cons[火电机组分段中标量约束_3_60_5],0.0
cons[火电机组分段中标量约束_3_60_6],0.0
cons[火电机组分段中标量约束_3_60_7],0.0
cons[火电机组分段中标量约束_3_60_8],0.0
cons[火电机组分段中标量约束_3_60_9],0.0
cons[火电机组出力之和约束_3_60],-6108.466
cons[火电机组分段中标量约束_3_61_0],-167.07600000000002
cons[火电机组分段中标量约束_3_61_1],-139.22999999999956
cons[火电机组分段中标量约束_3_61_2],-111.38400000000001
cons[火电机组分段中标量约束_3_61_3],-83.53799999999956
cons[火电机组分段中标量约束_3_61_4],-55.69200000000001
cons[火电机组分段中标量约束_3_61_5],-27.84599999999955
cons[火电机组分段中标量约束_3_61_6],0.0
cons[火电机组分段中标量约束_3_61_7],0.0
cons[火电机组分段中标量约束_3_61_8],0.0
cons[火电机组分段中标量约束_3_61_9],0.0
cons[火电机组出力之和约束_3_61],-6136.312
cons[火电机组分段中标量约束_3_62_0],-194.92199999999957
cons[火电机组分段中标量约束_3_62_1],-167.0759999999991
cons[火电机组分段中标量约束_3_62_2],-139.22999999999956
cons[火电机组分段中标量约束_3_62_3],-111.3839999999991
cons[火电机组分段中标量约束_3_62_4],-83.53799999999956
cons[火电机组分段中标量约束_3_62_5],-55.6919999999991
cons[火电机组分段中标量约束_3_62_6],-27.84599999999955
cons[火电机组分段中标量约束_3_62_7],0.0
cons[火电机组分段中标量约束_3_62_8],0.0
cons[火电机组分段中标量约束_3_62_9],0.0
cons[火电机组出力之和约束_3_62],-6164.157999999999
cons[火电机组分段中标量约束_3_63_0],-194.92199999999957
cons[火电机组分段中标量约束_3_63_1],-167.0759999999991
cons[火电机组分段中标量约束_3_63_2],-139.22999999999956
cons[火电机组分段中标量约束_3_63_3],-111.3839999999991
cons[火电机组分段中标量约束_3_63_4],-83.53799999999956
cons[火电机组分段中标量约束_3_63_5],-55.6919999999991
cons[火电机组分段中标量约束_3_63_6],-27.84599999999955
cons[火电机组分段中标量约束_3_63_7],0.0
cons[火电机组分段中标量约束_3_63_8],0.0
cons[火电机组分段中标量约束_3_63_9],0.0
cons[火电机组出力之和约束_3_63],-6164.157999999999
cons[火电机组分段中标量约束_3_64_0],-222.76800000000185
cons[火电机组分段中标量约束_3_64_1],-194.9220000000014
cons[火电机组分段中标量约束_3_64_2],-167.07600000000184
cons[火电机组分段中标量约束_3_64_3],-139.23000000000138
cons[火电机组分段中标量约束_3_64_4],-111.38400000000183
cons[火电机组分段中标量约束_3_64_5],-83.53800000000138
cons[火电机组分段中标量约束_3_64_6],-55.692000000001826
cons[火电机组分段中标量约束_3_64_7],-27.846000000002277
cons[火电机组分段中标量约束_3_64_8],0.0
cons[火电机组分段中标量约束_3_64_9],0.0
cons[火电机组出力之和约束_3_64],-6192.004000000002
cons[火电机组分段中标量约束_3_65_0],-230.8670000000002
cons[火电机组分段中标量约束_3_65_1],-203.02099999999973
cons[火电机组分段中标量约束_3_65_2],-175.17500000000018
cons[火电机组分段中标量约束_3_65_3],-147.32899999999972
cons[火电机组分段中标量约束_3_65_4],-119.48300000000017
cons[火电机组分段中标量约束_3_65_5],-91.63699999999972
cons[火电机组分段中标量约束_3_65_6],-63.79100000000017
cons[火电机组分段中标量约束_3_65_7],-35.94500000000062
cons[火电机组分段中标量约束_3_65_8],-8.098999999998341
cons[火电机组分段中标量约束_3_65_9],0.0
cons[火电机组出力之和约束_3_65],-6200.103
cons[火电机组分段中标量约束_3_66_0],-250.6140000000005
cons[火电机组分段中标量约束_3_66_1],-222.76800000000003
cons[火电机组分段中标量约束_3_66_2],-194.92200000000048
cons[火电机组分段中标量约束_3_66_3],-167.07600000000002
cons[火电机组分段中标量约束_3_66_4],-139.23000000000047
cons[火电机组分段中标量约束_3_66_5],-111.38400000000001
cons[火电机组分段中标量约束_3_66_6],-83.53800000000047
cons[火电机组分段中标量约束_3_66_7],-55.69200000000092
cons[火电机组分段中标量约束_3_66_8],-27.84599999999864
cons[火电机组分段中标量约束_3_66_9],0.0
cons[火电机组出力之和约束_3_66],-6219.85
cons[火电机组分段中标量约束_3_67_0],-250.6140000000005
cons[火电机组分段中标量约束_3_67_1],-222.76800000000003
cons[火电机组分段中标量约束_3_67_2],-194.92200000000048
cons[火电机组分段中标量约束_3_67_3],-167.07600000000002
cons[火电机组分段中标量约束_3_67_4],-139.23000000000047
cons[火电机组分段中标量约束_3_67_5],-111.38400000000001
cons[火电机组分段中标量约束_3_67_6],-83.53800000000047
cons[火电机组分段中标量约束_3_67_7],-55.69200000000092
cons[火电机组分段中标量约束_3_67_8],-27.84599999999864
cons[火电机组分段中标量约束_3_67_9],0.0
cons[火电机组出力之和约束_3_67],-6219.85
cons[火电机组分段中标量约束_3_68_0],-250.6140000000005
cons[火电机组分段中标量约束_3_68_1],-222.76800000000003
cons[火电机组分段中标量约束_3_68_2],-194.92200000000048
cons[火电机组分段中标量约束_3_68_3],-167.07600000000002
cons[火电机组分段中标量约束_3_68_4],-139.23000000000047
cons[火电机组分段中标量约束_3_68_5],-111.38400000000001
cons[火电机组分段中标量约束_3_68_6],-83.53800000000047
cons[火电机组分段中标量约束_3_68_7],-55.69200000000092
cons[火电机组分段中标量约束_3_68_8],-27.84599999999864
cons[火电机组分段中标量约束_3_68_9],0.0
cons[火电机组出力之和约束_3_68],-6219.85
cons[火电机组分段中标量约束_3_69_0],-250.6140000000005
cons[火电机组分段中标量约束_3_69_1],-222.76800000000003
cons[火电机组分段中标量约束_3_69_2],-194.92200000000048
cons[火电机组分段中标量约束_3_69_3],-167.07600000000002
cons[火电机组分段中标量约束_3_69_4],-139.23000000000047
cons[火电机组分段中标量约束_3_69_5],-111.38400000000001
cons[火电机组分段中标量约束_3_69_6],-83.53800000000047
cons[火电机组分段中标量约束_3_69_7],-55.69200000000092
cons[火电机组分段中标量约束_3_69_8],-27.84599999999864
cons[火电机组分段中标量约束_3_69_9],0.0
cons[火电机组出力之和约束_3_69],-6219.85
cons[火电机组分段中标量约束_3_70_0],-250.6140000000005
cons[火电机组分段中标量约束_3_70_1],-222.76800000000003
cons[火电机组分段中标量约束_3_70_2],-194.92200000000048
cons[火电机组分段中标量约束_3_70_3],-167.07600000000002
cons[火电机组分段中标量约束_3_70_4],-139.23000000000047
cons[火电机组分段中标量约束_3_70_5],-111.38400000000001
cons[火电机组分段中标量约束_3_70_6],-83.53800000000047
cons[火电机组分段中标量约束_3_70_7],-55.69200000000092
cons[火电机组分段中标量约束_3_70_8],-27.84599999999864
cons[火电机组分段中标量约束_3_70_9],0.0
cons[火电机组出力之和约束_3_70],-6219.85
cons[火电机组分段中标量约束_3_71_0],-250.6140000000005
cons[火电机组分段中标量约束_3_71_1],-222.76800000000003
cons[火电机组分段中标量约束_3_71_2],-194.92200000000048
cons[火电机组分段中标量约束_3_71_3],-167.07600000000002
cons[火电机组分段中标量约束_3_71_4],-139.23000000000047
cons[火电机组分段中标量约束_3_71_5],-111.38400000000001
cons[火电机组分段中标量约束_3_71_6],-83.53800000000047
cons[火电机组分段中标量约束_3_71_7],-55.69200000000092
cons[火电机组分段中标量约束_3_71_8],-27.84599999999864
cons[火电机组分段中标量约束_3_71_9],0.0
cons[火电机组出力之和约束_3_71],-6219.85
cons[火电机组分段中标量约束_3_72_0],-276.91299999999956
cons[火电机组分段中标量约束_3_72_1],-249.0669999999991
cons[火电机组分段中标量约束_3_72_2],-221.22099999999955
cons[火电机组分段中标量约束_3_72_3],-193.3749999999991
cons[火电机组分段中标量约束_3_72_4],-165.52899999999954
cons[火电机组分段中标量约束_3_72_5],-137.68299999999908
cons[火电机组分段中标量约束_3_72_6],-109.83699999999953
cons[火电机组分段中标量约束_3_72_7],-81.99099999999999
cons[火电机组分段中标量约束_3_72_8],-54.14499999999771
cons[火电机组分段中标量约束_3_72_9],-26.29899999999907
cons[火电机组出力之和约束_3_72],-6246.148999999999
cons[火电机组分段中标量约束_3_73_0],-287.01400000000285
cons[火电机组分段中标量约束_3_73_1],-259.1680000000024
cons[火电机组分段中标量约束_3_73_2],-231.32200000000284
cons[火电机组分段中标量约束_3_73_3],-203.4760000000024
cons[火电机组分段中标量约束_3_73_4],-175.63000000000284
cons[火电机组分段中标量约束_3_73_5],-147.78400000000238
cons[火电机组分段中标量约束_3_73_6],-119.93800000000283
cons[火电机组分段中标量约束_3_73_7],-92.09200000000328
cons[火电机组分段中标量约束_3_73_8],-64.246000000001
cons[火电机组分段中标量约束_3_73_9],-36.400000000002365
cons[火电机组出力之和约束_3_73],-6256.250000000003
cons[火电机组分段中标量约束_3_74_0],-318.5455000000002
cons[火电机组分段中标量约束_3_74_1],-290.6994999999997
cons[火电机组分段中标量约束_3_74_2],-262.85350000000017
cons[火电机组分段中标量约束_3_74_3],-235.0074999999997
cons[火电机组分段中标量约束_3_74_4],-207.16150000000016
cons[火电机组分段中标量约束_3_74_5],-179.3154999999997
cons[火电机组分段中标量约束_3_74_6],-151.46950000000015
cons[火电机组分段中标量约束_3_74_7],-123.6235000000006
cons[火电机组分段中标量约束_3_74_8],-95.77749999999833
cons[火电机组分段中标量约束_3_74_9],-67.93149999999969
cons[火电机组出力之和约束_3_74],-6287.7815
cons[火电机组分段中标量约束_3_75_0],-318.5455000000002
cons[火电机组分段中标量约束_3_75_1],-290.6994999999997
cons[火电机组分段中标量约束_3_75_2],-262.85350000000017
cons[火电机组分段中标量约束_3_75_3],-235.0074999999997
cons[火电机组分段中标量约束_3_75_4],-207.16150000000016
cons[火电机组分段中标量约束_3_75_5],-179.3154999999997
cons[火电机组分段中标量约束_3_75_6],-151.46950000000015
cons[火电机组分段中标量约束_3_75_7],-123.6235000000006
cons[火电机组分段中标量约束_3_75_8],-95.77749999999833
cons[火电机组分段中标量约束_3_75_9],-67.93149999999969
cons[火电机组出力之和约束_3_75],-6287.7815
cons[火电机组分段中标量约束_3_76_0],-276.91299999999956
cons[火电机组分段中标量约束_3_76_1],-249.0669999999991
cons[火电机组分段中标量约束_3_76_2],-221.22099999999955
cons[火电机组分段中标量约束_3_76_3],-193.3749999999991
cons[火电机组分段中标量约束_3_76_4],-165.52899999999954
cons[火电机组分段中标量约束_3_76_5],-137.68299999999908
cons[火电机组分段中标量约束_3_76_6],-109.83699999999953
cons[火电机组分段中标量约束_3_76_7],-81.99099999999999
cons[火电机组分段中标量约束_3_76_8],-54.14499999999771
cons[火电机组分段中标量约束_3_76_9],-26.29899999999907
cons[火电机组出力之和约束_3_76],-6246.148999999999
cons[火电机组分段中标量约束_3_77_0],-250.6140000000005
cons[火电机组分段中标量约束_3_77_1],-222.76800000000003
cons[火电机组分段中标量约束_3_77_2],-194.92200000000048
cons[火电机组分段中标量约束_3_77_3],-167.07600000000002
cons[火电机组分段中标量约束_3_77_4],-139.23000000000047
cons[火电机组分段中标量约束_3_77_5],-111.38400000000001
cons[火电机组分段中标量约束_3_77_6],-83.53800000000047
cons[火电机组分段中标量约束_3_77_7],-55.69200000000092
cons[火电机组分段中标量约束_3_77_8],-27.84599999999864
cons[火电机组分段中标量约束_3_77_9],0.0
cons[火电机组出力之和约束_3_77],-6219.85
cons[火电机组分段中标量约束_3_78_0],-250.6140000000005
cons[火电机组分段中标量约束_3_78_1],-222.76800000000003
cons[火电机组分段中标量约束_3_78_2],-194.92200000000048
cons[火电机组分段中标量约束_3_78_3],-167.07600000000002
cons[火电机组分段中标量约束_3_78_4],-139.23000000000047
cons[火电机组分段中标量约束_3_78_5],-111.38400000000001
cons[火电机组分段中标量约束_3_78_6],-83.53800000000047
cons[火电机组分段中标量约束_3_78_7],-55.69200000000092
cons[火电机组分段中标量约束_3_78_8],-27.84599999999864
cons[火电机组分段中标量约束_3_78_9],0.0
cons[火电机组出力之和约束_3_78],-6219.85
cons[火电机组分段中标量约束_3_79_0],-250.6140000000005
cons[火电机组分段中标量约束_3_79_1],-222.76800000000003
cons[火电机组分段中标量约束_3_79_2],-194.92200000000048
cons[火电机组分段中标量约束_3_79_3],-167.07600000000002
cons[火电机组分段中标量约束_3_79_4],-139.23000000000047
cons[火电机组分段中标量约束_3_79_5],-111.38400000000001
cons[火电机组分段中标量约束_3_79_6],-83.53800000000047
cons[火电机组分段中标量约束_3_79_7],-55.69200000000092
cons[火电机组分段中标量约束_3_79_8],-27.84599999999864
cons[火电机组分段中标量约束_3_79_9],0.0
cons[火电机组出力之和约束_3_79],-6219.85
cons[火电机组分段中标量约束_3_80_0],-230.8670000000002
cons[火电机组分段中标量约束_3_80_1],-203.02099999999973
cons[火电机组分段中标量约束_3_80_2],-175.17500000000018
cons[火电机组分段中标量约束_3_80_3],-147.32899999999972
cons[火电机组分段中标量约束_3_80_4],-119.48300000000017
cons[火电机组分段中标量约束_3_80_5],-91.63699999999972
cons[火电机组分段中标量约束_3_80_6],-63.79100000000017
cons[火电机组分段中标量约束_3_80_7],-35.94500000000062
cons[火电机组分段中标量约束_3_80_8],-8.098999999998341
cons[火电机组分段中标量约束_3_80_9],0.0
cons[火电机组出力之和约束_3_80],-6200.103
cons[火电机组分段中标量约束_3_81_0],-227.45449999999983
cons[火电机组分段中标量约束_3_81_1],-199.60849999999937
cons[火电机组分段中标量约束_3_81_2],-171.76249999999982
cons[火电机组分段中标量约束_3_81_3],-143.91649999999936
cons[火电机组分段中标量约束_3_81_4],-116.07049999999981
cons[火电机组分段中标量约束_3_81_5],-88.22449999999935
cons[火电机组分段中标量约束_3_81_6],-60.3784999999998
cons[火电机组分段中标量约束_3_81_7],-32.532500000000255
cons[火电机组分段中标量约束_3_81_8],-4.686499999997977
cons[火电机组分段中标量约束_3_81_9],0.0
cons[火电机组出力之和约束_3_81],-6196.6905
cons[火电机组分段中标量约束_3_82_0],-222.76800000000185
cons[火电机组分段中标量约束_3_82_1],-194.9220000000014
cons[火电机组分段中标量约束_3_82_2],-167.07600000000184
cons[火电机组分段中标量约束_3_82_3],-139.23000000000138
cons[火电机组分段中标量约束_3_82_4],-111.38400000000183
cons[火电机组分段中标量约束_3_82_5],-83.53800000000138
cons[火电机组分段中标量约束_3_82_6],-55.692000000001826
cons[火电机组分段中标量约束_3_82_7],-27.846000000002277
cons[火电机组分段中标量约束_3_82_8],0.0
cons[火电机组分段中标量约束_3_82_9],0.0
cons[火电机组出力之和约束_3_82],-6192.004000000002
cons[火电机组分段中标量约束_3_83_0],-194.92199999999957
cons[火电机组分段中标量约束_3_83_1],-167.0759999999991
cons[火电机组分段中标量约束_3_83_2],-139.22999999999956
cons[火电机组分段中标量约束_3_83_3],-111.3839999999991
cons[火电机组分段中标量约束_3_83_4],-83.53799999999956
cons[火电机组分段中标量约束_3_83_5],-55.6919999999991
cons[火电机组分段中标量约束_3_83_6],-27.84599999999955
cons[火电机组分段中标量约束_3_83_7],0.0
cons[火电机组分段中标量约束_3_83_8],0.0
cons[火电机组分段中标量约束_3_83_9],0.0
cons[火电机组出力之和约束_3_83],-6164.157999999999
cons[火电机组分段中标量约束_3_84_0],-194.92199999999957
cons[火电机组分段中标量约束_3_84_1],-167.0759999999991
cons[火电机组分段中标量约束_3_84_2],-139.22999999999956
cons[火电机组分段中标量约束_3_84_3],-111.3839999999991
cons[火电机组分段中标量约束_3_84_4],-83.53799999999956
cons[火电机组分段中标量约束_3_84_5],-55.6919999999991
cons[火电机组分段中标量约束_3_84_6],-27.84599999999955
cons[火电机组分段中标量约束_3_84_7],0.0
cons[火电机组分段中标量约束_3_84_8],0.0
cons[火电机组分段中标量约束_3_84_9],0.0
cons[火电机组出力之和约束_3_84],-6164.157999999999
cons[火电机组分段中标量约束_3_85_0],-194.92199999999957
cons[火电机组分段中标量约束_3_85_1],-167.0759999999991
cons[火电机组分段中标量约束_3_85_2],-139.22999999999956
cons[火电机组分段中标量约束_3_85_3],-111.3839999999991
cons[火电机组分段中标量约束_3_85_4],-83.53799999999956
cons[火电机组分段中标量约束_3_85_5],-55.6919999999991
cons[火电机组分段中标量约束_3_85_6],-27.84599999999955
cons[火电机组分段中标量约束_3_85_7],0.0
cons[火电机组分段中标量约束_3_85_8],0.0
cons[火电机组分段中标量约束_3_85_9],0.0
cons[火电机组出力之和约束_3_85],-6164.157999999999
cons[火电机组分段中标量约束_3_86_0],-194.92199999999957
cons[火电机组分段中标量约束_3_86_1],-167.0759999999991
cons[火电机组分段中标量约束_3_86_2],-139.22999999999956
cons[火电机组分段中标量约束_3_86_3],-111.3839999999991
cons[火电机组分段中标量约束_3_86_4],-83.53799999999956
cons[火电机组分段中标量约束_3_86_5],-55.6919999999991
cons[火电机组分段中标量约束_3_86_6],-27.84599999999955
cons[火电机组分段中标量约束_3_86_7],0.0
cons[火电机组分段中标量约束_3_86_8],0.0
cons[火电机组分段中标量约束_3_86_9],0.0
cons[火电机组出力之和约束_3_86],-6164.157999999999
cons[火电机组分段中标量约束_3_87_0],-184.82100000000082
cons[火电机组分段中标量约束_3_87_1],-156.97500000000036
cons[火电机组分段中标量约束_3_87_2],-129.12900000000081
cons[火电机组分段中标量约束_3_87_3],-101.28300000000036
cons[火电机组分段中标量约束_3_87_4],-73.43700000000081
cons[火电机组分段中标量约束_3_87_5],-45.59100000000035
cons[火电机组分段中标量约束_3_87_6],-17.7450000000008
cons[火电机组分段中标量约束_3_87_7],0.0
cons[火电机组分段中标量约束_3_87_8],0.0
cons[火电机组分段中标量约束_3_87_9],0.0
cons[火电机组出力之和约束_3_87],-6154.057000000001
cons[火电机组分段中标量约束_3_88_0],-139.23000000000047
cons[火电机组分段中标量约束_3_88_1],-111.38400000000001
cons[火电机组分段中标量约束_3_88_2],-83.53800000000047
cons[火电机组分段中标量约束_3_88_3],-55.69200000000001
cons[火电机组分段中标量约束_3_88_4],-27.84600000000046
cons[火电机组分段中标量约束_3_88_5],0.0
cons[火电机组分段中标量约束_3_88_6],0.0
cons[火电机组分段中标量约束_3_88_7],0.0
cons[火电机组分段中标量约束_3_88_8],0.0
cons[火电机组分段中标量约束_3_88_9],0.0
cons[火电机组出力之和约束_3_88],-6108.466
cons[火电机组分段中标量约束_3_89_0],-111.38400000000001
cons[火电机组分段中标量约束_3_89_1],-83.53799999999956
cons[火电机组分段中标量约束_3_89_2],-55.69200000000001
cons[火电机组分段中标量约束_3_89_3],-27.84599999999955
cons[火电机组分段中标量约束_3_89_4],0.0
cons[火电机组分段中标量约束_3_89_5],0.0
cons[火电机组分段中标量约束_3_89_6],0.0
cons[火电机组分段中标量约束_3_89_7],0.0
cons[火电机组分段中标量约束_3_89_8],0.0
cons[火电机组分段中标量约束_3_89_9],0.0
cons[火电机组出力之和约束_3_89],-6080.62
cons[火电机组分段中标量约束_3_90_0],-83.53800000000047
cons[火电机组分段中标量约束_3_90_1],-55.69200000000001
cons[火电机组分段中标量约束_3_90_2],-27.84600000000046
cons[火电机组分段中标量约束_3_90_3],0.0
cons[火电机组分段中标量约束_3_90_4],0.0
cons[火电机组分段中标量约束_3_90_5],0.0
cons[火电机组分段中标量约束_3_90_6],0.0
cons[火电机组分段中标量约束_3_90_7],0.0
cons[火电机组分段中标量约束_3_90_8],0.0
cons[火电机组分段中标量约束_3_90_9],0.0
cons[火电机组出力之和约束_3_90],-6052.774
cons[火电机组分段中标量约束_3_91_0],-55.69200000000001
cons[火电机组分段中标量约束_3_91_1],-27.84599999999955
cons[火电机组分段中标量约束_3_91_2],0.0
cons[火电机组分段中标量约束_3_91_3],0.0
cons[火电机组分段中标量约束_3_91_4],0.0
cons[火电机组分段中标量约束_3_91_5],0.0
cons[火电机组分段中标量约束_3_91_6],0.0
cons[火电机组分段中标量约束_3_91_7],0.0
cons[火电机组分段中标量约束_3_91_8],0.0
cons[火电机组分段中标量约束_3_91_9],0.0
cons[火电机组出力之和约束_3_91],-6024.928
cons[火电机组分段中标量约束_3_92_0],-10.738000000003012
cons[火电机组分段中标量约束_3_92_1],0.0
cons[火电机组分段中标量约束_3_92_2],0.0
cons[火电机组分段中标量约束_3_92_3],0.0
cons[火电机组分段中标量约束_3_92_4],0.0
cons[火电机组分段中标量约束_3_92_5],0.0
cons[火电机组分段中标量约束_3_92_6],0.0
cons[火电机组分段中标量约束_3_92_7],0.0
cons[火电机组分段中标量约束_3_92_8],0.0
cons[火电机组分段中标量约束_3_92_9],0.0
cons[火电机组出力之和约束_3_92],-5979.974000000003
cons[火电机组分段中标量约束_3_93_0],0.0
cons[火电机组分段中标量约束_3_93_1],0.0
cons[火电机组分段中标量约束_3_93_2],0.0
cons[火电机组分段中标量约束_3_93_3],0.0
cons[火电机组分段中标量约束_3_93_4],0.0
cons[火电机组分段中标量约束_3_93_5],0.0
cons[火电机组分段中标量约束_3_93_6],0.0
cons[火电机组分段中标量约束_3_93_7],0.0
cons[火电机组分段中标量约束_3_93_8],0.0
cons[火电机组分段中标量约束_3_93_9],0.0
cons[火电机组出力之和约束_3_93],-5969.236
cons[火电机组分段中标量约束_3_94_0],0.0
cons[火电机组分段中标量约束_3_94_1],0.0
cons[火电机组分段中标量约束_3_94_2],0.0
cons[火电机组分段中标量约束_3_94_3],0.0
cons[火电机组分段中标量约束_3_94_4],0.0
cons[火电机组分段中标量约束_3_94_5],0.0
cons[火电机组分段中标量约束_3_94_6],0.0
cons[火电机组分段中标量约束_3_94_7],0.0
cons[火电机组分段中标量约束_3_94_8],0.0
cons[火电机组分段中标量约束_3_94_9],0.0
cons[火电机组出力之和约束_3_94],-5969.236
cons[火电机组分段中标量约束_3_95_0],0.0
cons[火电机组分段中标量约束_3_95_1],0.0
cons[火电机组分段中标量约束_3_95_2],0.0
cons[火电机组分段中标量约束_3_95_3],0.0
cons[火电机组分段中标量约束_3_95_4],0.0
cons[火电机组分段中标量约束_3_95_5],0.0
cons[火电机组分段中标量约束_3_95_6],0.0
cons[火电机组分段中标量约束_3_95_7],0.0
cons[火电机组分段中标量约束_3_95_8],0.0
cons[火电机组分段中标量约束_3_95_9],0.0
cons[火电机组出力之和约束_3_95],-5969.236
cons[火电机组分段中标量约束_4_0_0],0.0
cons[火电机组分段中标量约束_4_0_1],0.0
cons[火电机组分段中标量约束_4_0_2],0.0
cons[火电机组分段中标量约束_4_0_3],0.0
cons[火电机组分段中标量约束_4_0_4],0.0
cons[火电机组分段中标量约束_4_0_5],0.0
cons[火电机组分段中标量约束_4_0_6],0.0
cons[火电机组分段中标量约束_4_0_7],0.0
cons[火电机组分段中标量约束_4_0_8],0.0
cons[火电机组分段中标量约束_4_0_9],0.0
cons[火电机组出力之和约束_4_0],0.0
cons[火电机组分段中标量约束_4_1_0],0.0
cons[火电机组分段中标量约束_4_1_1],0.0
cons[火电机组分段中标量约束_4_1_2],0.0
cons[火电机组分段中标量约束_4_1_3],0.0
cons[火电机组分段中标量约束_4_1_4],0.0
cons[火电机组分段中标量约束_4_1_5],0.0
cons[火电机组分段中标量约束_4_1_6],0.0
cons[火电机组分段中标量约束_4_1_7],0.0
cons[火电机组分段中标量约束_4_1_8],0.0
cons[火电机组分段中标量约束_4_1_9],0.0
cons[火电机组出力之和约束_4_1],0.0
cons[火电机组分段中标量约束_4_2_0],0.0
cons[火电机组分段中标量约束_4_2_1],0.0
cons[火电机组分段中标量约束_4_2_2],0.0
cons[火电机组分段中标量约束_4_2_3],0.0
cons[火电机组分段中标量约束_4_2_4],0.0
cons[火电机组分段中标量约束_4_2_5],0.0
cons[火电机组分段中标量约束_4_2_6],0.0
cons[火电机组分段中标量约束_4_2_7],0.0
cons[火电机组分段中标量约束_4_2_8],0.0
cons[火电机组分段中标量约束_4_2_9],0.0
cons[火电机组出力之和约束_4_2],0.0
cons[火电机组分段中标量约束_4_3_0],0.0
cons[火电机组分段中标量约束_4_3_1],0.0
cons[火电机组分段中标量约束_4_3_2],0.0
cons[火电机组分段中标量约束_4_3_3],0.0
cons[火电机组分段中标量约束_4_3_4],0.0
cons[火电机组分段中标量约束_4_3_5],0.0
cons[火电机组分段中标量约束_4_3_6],0.0
cons[火电机组分段中标量约束_4_3_7],0.0
cons[火电机组分段中标量约束_4_3_8],0.0
cons[火电机组分段中标量约束_4_3_9],0.0
cons[火电机组出力之和约束_4_3],0.0
cons[火电机组分段中标量约束_4_4_0],0.0
cons[火电机组分段中标量约束_4_4_1],0.0
cons[火电机组分段中标量约束_4_4_2],0.0
cons[火电机组分段中标量约束_4_4_3],0.0
cons[火电机组分段中标量约束_4_4_4],0.0
cons[火电机组分段中标量约束_4_4_5],0.0
cons[火电机组分段中标量约束_4_4_6],0.0
cons[火电机组分段中标量约束_4_4_7],0.0
cons[火电机组分段中标量约束_4_4_8],0.0
cons[火电机组分段中标量约束_4_4_9],0.0
cons[火电机组出力之和约束_4_4],0.0
cons[火电机组分段中标量约束_4_5_0],0.0
cons[火电机组分段中标量约束_4_5_1],0.0
cons[火电机组分段中标量约束_4_5_2],0.0
cons[火电机组分段中标量约束_4_5_3],0.0
cons[火电机组分段中标量约束_4_5_4],0.0
cons[火电机组分段中标量约束_4_5_5],0.0
cons[火电机组分段中标量约束_4_5_6],0.0
cons[火电机组分段中标量约束_4_5_7],0.0
cons[火电机组分段中标量约束_4_5_8],0.0
cons[火电机组分段中标量约束_4_5_9],0.0
cons[火电机组出力之和约束_4_5],0.0
cons[火电机组分段中标量约束_4_6_0],0.0
cons[火电机组分段中标量约束_4_6_1],0.0
cons[火电机组分段中标量约束_4_6_2],0.0
cons[火电机组分段中标量约束_4_6_3],0.0
cons[火电机组分段中标量约束_4_6_4],0.0
cons[火电机组分段中标量约束_4_6_5],0.0
cons[火电机组分段中标量约束_4_6_6],0.0
cons[火电机组分段中标量约束_4_6_7],0.0
cons[火电机组分段中标量约束_4_6_8],0.0
cons[火电机组分段中标量约束_4_6_9],0.0
cons[火电机组出力之和约束_4_6],0.0
cons[火电机组分段中标量约束_4_7_0],0.0
cons[火电机组分段中标量约束_4_7_1],0.0
cons[火电机组分段中标量约束_4_7_2],0.0
cons[火电机组分段中标量约束_4_7_3],0.0
cons[火电机组分段中标量约束_4_7_4],0.0
cons[火电机组分段中标量约束_4_7_5],0.0
cons[火电机组分段中标量约束_4_7_6],0.0
cons[火电机组分段中标量约束_4_7_7],0.0
cons[火电机组分段中标量约束_4_7_8],0.0
cons[火电机组分段中标量约束_4_7_9],0.0
cons[火电机组出力之和约束_4_7],0.0
cons[火电机组分段中标量约束_4_8_0],0.0
cons[火电机组分段中标量约束_4_8_1],0.0
cons[火电机组分段中标量约束_4_8_2],0.0
cons[火电机组分段中标量约束_4_8_3],0.0
cons[火电机组分段中标量约束_4_8_4],0.0
cons[火电机组分段中标量约束_4_8_5],0.0
cons[火电机组分段中标量约束_4_8_6],0.0
cons[火电机组分段中标量约束_4_8_7],0.0
cons[火电机组分段中标量约束_4_8_8],0.0
cons[火电机组分段中标量约束_4_8_9],0.0
cons[火电机组出力之和约束_4_8],0.0
cons[火电机组分段中标量约束_4_9_0],0.0
cons[火电机组分段中标量约束_4_9_1],0.0
cons[火电机组分段中标量约束_4_9_2],0.0
cons[火电机组分段中标量约束_4_9_3],0.0
cons[火电机组分段中标量约束_4_9_4],0.0
cons[火电机组分段中标量约束_4_9_5],0.0
cons[火电机组分段中标量约束_4_9_6],0.0
cons[火电机组分段中标量约束_4_9_7],0.0
cons[火电机组分段中标量约束_4_9_8],0.0
cons[火电机组分段中标量约束_4_9_9],0.0
cons[火电机组出力之和约束_4_9],0.0
cons[火电机组分段中标量约束_4_10_0],0.0
cons[火电机组分段中标量约束_4_10_1],0.0
cons[火电机组分段中标量约束_4_10_2],0.0
cons[火电机组分段中标量约束_4_10_3],0.0
cons[火电机组分段中标量约束_4_10_4],0.0
cons[火电机组分段中标量约束_4_10_5],0.0
cons[火电机组分段中标量约束_4_10_6],0.0
cons[火电机组分段中标量约束_4_10_7],0.0
cons[火电机组分段中标量约束_4_10_8],0.0
cons[火电机组分段中标量约束_4_10_9],0.0
cons[火电机组出力之和约束_4_10],0.0
cons[火电机组分段中标量约束_4_11_0],0.0
cons[火电机组分段中标量约束_4_11_1],0.0
cons[火电机组分段中标量约束_4_11_2],0.0
cons[火电机组分段中标量约束_4_11_3],0.0
cons[火电机组分段中标量约束_4_11_4],0.0
cons[火电机组分段中标量约束_4_11_5],0.0
cons[火电机组分段中标量约束_4_11_6],0.0
cons[火电机组分段中标量约束_4_11_7],0.0
cons[火电机组分段中标量约束_4_11_8],0.0
cons[火电机组分段中标量约束_4_11_9],0.0
cons[火电机组出力之和约束_4_11],0.0
cons[火电机组分段中标量约束_4_12_0],0.0
cons[火电机组分段中标量约束_4_12_1],0.0
cons[火电机组分段中标量约束_4_12_2],0.0
cons[火电机组分段中标量约束_4_12_3],0.0
cons[火电机组分段中标量约束_4_12_4],0.0
cons[火电机组分段中标量约束_4_12_5],0.0
cons[火电机组分段中标量约束_4_12_6],0.0
cons[火电机组分段中标量约束_4_12_7],0.0
cons[火电机组分段中标量约束_4_12_8],0.0
cons[火电机组分段中标量约束_4_12_9],0.0
cons[火电机组出力之和约束_4_12],0.0
cons[火电机组分段中标量约束_4_13_0],0.0
cons[火电机组分段中标量约束_4_13_1],0.0
cons[火电机组分段中标量约束_4_13_2],0.0
cons[火电机组分段中标量约束_4_13_3],0.0
cons[火电机组分段中标量约束_4_13_4],0.0
cons[火电机组分段中标量约束_4_13_5],0.0
cons[火电机组分段中标量约束_4_13_6],0.0
cons[火电机组分段中标量约束_4_13_7],0.0
cons[火电机组分段中标量约束_4_13_8],0.0
cons[火电机组分段中标量约束_4_13_9],0.0
cons[火电机组出力之和约束_4_13],0.0
cons[火电机组分段中标量约束_4_14_0],0.0
cons[火电机组分段中标量约束_4_14_1],0.0
cons[火电机组分段中标量约束_4_14_2],0.0
cons[火电机组分段中标量约束_4_14_3],0.0
cons[火电机组分段中标量约束_4_14_4],0.0
cons[火电机组分段中标量约束_4_14_5],0.0
cons[火电机组分段中标量约束_4_14_6],0.0
cons[火电机组分段中标量约束_4_14_7],0.0
cons[火电机组分段中标量约束_4_14_8],0.0
cons[火电机组分段中标量约束_4_14_9],0.0
cons[火电机组出力之和约束_4_14],0.0
cons[火电机组分段中标量约束_4_15_0],0.0
cons[火电机组分段中标量约束_4_15_1],0.0
cons[火电机组分段中标量约束_4_15_2],0.0
cons[火电机组分段中标量约束_4_15_3],0.0
cons[火电机组分段中标量约束_4_15_4],0.0
cons[火电机组分段中标量约束_4_15_5],0.0
cons[火电机组分段中标量约束_4_15_6],0.0
cons[火电机组分段中标量约束_4_15_7],0.0
cons[火电机组分段中标量约束_4_15_8],0.0
cons[火电机组分段中标量约束_4_15_9],0.0
cons[火电机组出力之和约束_4_15],0.0
cons[火电机组分段中标量约束_4_16_0],0.0
cons[火电机组分段中标量约束_4_16_1],0.0
cons[火电机组分段中标量约束_4_16_2],0.0
cons[火电机组分段中标量约束_4_16_3],0.0
cons[火电机组分段中标量约束_4_16_4],0.0
cons[火电机组分段中标量约束_4_16_5],0.0
cons[火电机组分段中标量约束_4_16_6],0.0
cons[火电机组分段中标量约束_4_16_7],0.0
cons[火电机组分段中标量约束_4_16_8],0.0
cons[火电机组分段中标量约束_4_16_9],0.0
cons[火电机组出力之和约束_4_16],0.0
cons[火电机组分段中标量约束_4_17_0],0.0
cons[火电机组分段中标量约束_4_17_1],0.0
cons[火电机组分段中标量约束_4_17_2],0.0
cons[火电机组分段中标量约束_4_17_3],0.0
cons[火电机组分段中标量约束_4_17_4],0.0
cons[火电机组分段中标量约束_4_17_5],0.0
cons[火电机组分段中标量约束_4_17_6],0.0
cons[火电机组分段中标量约束_4_17_7],0.0
cons[火电机组分段中标量约束_4_17_8],0.0
cons[火电机组分段中标量约束_4_17_9],0.0
cons[火电机组出力之和约束_4_17],0.0
cons[火电机组分段中标量约束_4_18_0],0.0
cons[火电机组分段中标量约束_4_18_1],0.0
cons[火电机组分段中标量约束_4_18_2],0.0
cons[火电机组分段中标量约束_4_18_3],0.0
cons[火电机组分段中标量约束_4_18_4],0.0
cons[火电机组分段中标量约束_4_18_5],0.0
cons[火电机组分段中标量约束_4_18_6],0.0
cons[火电机组分段中标量约束_4_18_7],0.0
cons[火电机组分段中标量约束_4_18_8],0.0
cons[火电机组分段中标量约束_4_18_9],0.0
cons[火电机组出力之和约束_4_18],0.0
cons[火电机组分段中标量约束_4_19_0],0.0
cons[火电机组分段中标量约束_4_19_1],0.0
cons[火电机组分段中标量约束_4_19_2],0.0
cons[火电机组分段中标量约束_4_19_3],0.0
cons[火电机组分段中标量约束_4_19_4],0.0
cons[火电机组分段中标量约束_4_19_5],0.0
cons[火电机组分段中标量约束_4_19_6],0.0
cons[火电机组分段中标量约束_4_19_7],0.0
cons[火电机组分段中标量约束_4_19_8],0.0
cons[火电机组分段中标量约束_4_19_9],0.0
cons[火电机组出力之和约束_4_19],0.0
cons[火电机组分段中标量约束_4_20_0],0.0
cons[火电机组分段中标量约束_4_20_1],0.0
cons[火电机组分段中标量约束_4_20_2],0.0
cons[火电机组分段中标量约束_4_20_3],0.0
cons[火电机组分段中标量约束_4_20_4],0.0
cons[火电机组分段中标量约束_4_20_5],0.0
cons[火电机组分段中标量约束_4_20_6],0.0
cons[火电机组分段中标量约束_4_20_7],0.0
cons[火电机组分段中标量约束_4_20_8],0.0
cons[火电机组分段中标量约束_4_20_9],0.0
cons[火电机组出力之和约束_4_20],0.0
cons[火电机组分段中标量约束_4_21_0],0.0
cons[火电机组分段中标量约束_4_21_1],0.0
cons[火电机组分段中标量约束_4_21_2],0.0
cons[火电机组分段中标量约束_4_21_3],0.0
cons[火电机组分段中标量约束_4_21_4],0.0
cons[火电机组分段中标量约束_4_21_5],0.0
cons[火电机组分段中标量约束_4_21_6],0.0
cons[火电机组分段中标量约束_4_21_7],0.0
cons[火电机组分段中标量约束_4_21_8],0.0
cons[火电机组分段中标量约束_4_21_9],0.0
cons[火电机组出力之和约束_4_21],0.0
cons[火电机组分段中标量约束_4_22_0],0.0
cons[火电机组分段中标量约束_4_22_1],0.0
cons[火电机组分段中标量约束_4_22_2],0.0
cons[火电机组分段中标量约束_4_22_3],0.0
cons[火电机组分段中标量约束_4_22_4],0.0
cons[火电机组分段中标量约束_4_22_5],0.0
cons[火电机组分段中标量约束_4_22_6],0.0
cons[火电机组分段中标量约束_4_22_7],0.0
cons[火电机组分段中标量约束_4_22_8],0.0
cons[火电机组分段中标量约束_4_22_9],0.0
cons[火电机组出力之和约束_4_22],0.0
cons[火电机组分段中标量约束_4_23_0],0.0
cons[火电机组分段中标量约束_4_23_1],0.0
cons[火电机组分段中标量约束_4_23_2],0.0
cons[火电机组分段中标量约束_4_23_3],0.0
cons[火电机组分段中标量约束_4_23_4],0.0
cons[火电机组分段中标量约束_4_23_5],0.0
cons[火电机组分段中标量约束_4_23_6],0.0
cons[火电机组分段中标量约束_4_23_7],0.0
cons[火电机组分段中标量约束_4_23_8],0.0
cons[火电机组分段中标量约束_4_23_9],0.0
cons[火电机组出力之和约束_4_23],0.0
cons[火电机组分段中标量约束_4_24_0],0.0
cons[火电机组分段中标量约束_4_24_1],0.0
cons[火电机组分段中标量约束_4_24_2],0.0
cons[火电机组分段中标量约束_4_24_3],0.0
cons[火电机组分段中标量约束_4_24_4],0.0
cons[火电机组分段中标量约束_4_24_5],0.0
cons[火电机组分段中标量约束_4_24_6],0.0
cons[火电机组分段中标量约束_4_24_7],0.0
cons[火电机组分段中标量约束_4_24_8],0.0
cons[火电机组分段中标量约束_4_24_9],0.0
cons[火电机组出力之和约束_4_24],-5969.236
cons[火电机组分段中标量约束_4_25_0],0.0
cons[火电机组分段中标量约束_4_25_1],0.0
cons[火电机组分段中标量约束_4_25_2],0.0
cons[火电机组分段中标量约束_4_25_3],0.0
cons[火电机组分段中标量约束_4_25_4],0.0
cons[火电机组分段中标量约束_4_25_5],0.0
cons[火电机组分段中标量约束_4_25_6],0.0
cons[火电机组分段中标量约束_4_25_7],0.0
cons[火电机组分段中标量约束_4_25_8],0.0
cons[火电机组分段中标量约束_4_25_9],0.0
cons[火电机组出力之和约束_4_25],-5969.236
cons[火电机组分段中标量约束_4_26_0],0.0
cons[火电机组分段中标量约束_4_26_1],0.0
cons[火电机组分段中标量约束_4_26_2],0.0
cons[火电机组分段中标量约束_4_26_3],0.0
cons[火电机组分段中标量约束_4_26_4],0.0
cons[火电机组分段中标量约束_4_26_5],0.0
cons[火电机组分段中标量约束_4_26_6],0.0
cons[火电机组分段中标量约束_4_26_7],0.0
cons[火电机组分段中标量约束_4_26_8],0.0
cons[火电机组分段中标量约束_4_26_9],0.0
cons[火电机组出力之和约束_4_26],-5969.236
cons[火电机组分段中标量约束_4_27_0],-10.738000000003012
cons[火电机组分段中标量约束_4_27_1],0.0
cons[火电机组分段中标量约束_4_27_2],0.0
cons[火电机组分段中标量约束_4_27_3],0.0
cons[火电机组分段中标量约束_4_27_4],0.0
cons[火电机组分段中标量约束_4_27_5],0.0
cons[火电机组分段中标量约束_4_27_6],0.0
cons[火电机组分段中标量约束_4_27_7],0.0
cons[火电机组分段中标量约束_4_27_8],0.0
cons[火电机组分段中标量约束_4_27_9],0.0
cons[火电机组出力之和约束_4_27],-5979.974000000003
cons[火电机组分段中标量约束_4_28_0],-55.69200000000001
cons[火电机组分段中标量约束_4_28_1],-27.84599999999955
cons[火电机组分段中标量约束_4_28_2],0.0
cons[火电机组分段中标量约束_4_28_3],0.0
cons[火电机组分段中标量约束_4_28_4],0.0
cons[火电机组分段中标量约束_4_28_5],0.0
cons[火电机组分段中标量约束_4_28_6],0.0
cons[火电机组分段中标量约束_4_28_7],0.0
cons[火电机组分段中标量约束_4_28_8],0.0
cons[火电机组分段中标量约束_4_28_9],0.0
cons[火电机组出力之和约束_4_28],-6024.928
cons[火电机组分段中标量约束_4_29_0],-83.53800000000047
cons[火电机组分段中标量约束_4_29_1],-55.69200000000001
cons[火电机组分段中标量约束_4_29_2],-27.84600000000046
cons[火电机组分段中标量约束_4_29_3],0.0
cons[火电机组分段中标量约束_4_29_4],0.0
cons[火电机组分段中标量约束_4_29_5],0.0
cons[火电机组分段中标量约束_4_29_6],0.0
cons[火电机组分段中标量约束_4_29_7],0.0
cons[火电机组分段中标量约束_4_29_8],0.0
cons[火电机组分段中标量约束_4_29_9],0.0
cons[火电机组出力之和约束_4_29],-6052.774
cons[火电机组分段中标量约束_4_30_0],-111.38400000000001
cons[火电机组分段中标量约束_4_30_1],-83.53799999999956
cons[火电机组分段中标量约束_4_30_2],-55.69200000000001
cons[火电机组分段中标量约束_4_30_3],-27.84599999999955
cons[火电机组分段中标量约束_4_30_4],0.0
cons[火电机组分段中标量约束_4_30_5],0.0
cons[火电机组分段中标量约束_4_30_6],0.0
cons[火电机组分段中标量约束_4_30_7],0.0
cons[火电机组分段中标量约束_4_30_8],0.0
cons[火电机组分段中标量约束_4_30_9],0.0
cons[火电机组出力之和约束_4_30],-6080.62
cons[火电机组分段中标量约束_4_31_0],-138.77499999999964
cons[火电机组分段中标量约束_4_31_1],-110.92899999999918
cons[火电机组分段中标量约束_4_31_2],-83.08299999999963
cons[火电机组分段中标量约束_4_31_3],-55.23699999999917
cons[火电机组分段中标量约束_4_31_4],-27.39099999999962
cons[火电机组分段中标量约束_4_31_5],0.0
cons[火电机组分段中标量约束_4_31_6],0.0
cons[火电机组分段中标量约束_4_31_7],0.0
cons[火电机组分段中标量约束_4_31_8],0.0
cons[火电机组分段中标量约束_4_31_9],0.0
cons[火电机组出力之和约束_4_31],-6108.0109999999995
cons[火电机组分段中标量约束_4_32_0],-139.23000000000047
cons[火电机组分段中标量约束_4_32_1],-111.38400000000001
cons[火电机组分段中标量约束_4_32_2],-83.53800000000047
cons[火电机组分段中标量约束_4_32_3],-55.69200000000001
cons[火电机组分段中标量约束_4_32_4],-27.84600000000046
cons[火电机组分段中标量约束_4_32_5],0.0
cons[火电机组分段中标量约束_4_32_6],0.0
cons[火电机组分段中标量约束_4_32_7],0.0
cons[火电机组分段中标量约束_4_32_8],0.0
cons[火电机组分段中标量约束_4_32_9],0.0
cons[火电机组出力之和约束_4_32],-6108.466
cons[火电机组分段中标量约束_4_33_0],-148.8760000000002
cons[火电机组分段中标量约束_4_33_1],-121.02999999999975
cons[火电机组分段中标量约束_4_33_2],-93.1840000000002
cons[火电机组分段中标量约束_4_33_3],-65.33799999999974
cons[火电机组分段中标量约束_4_33_4],-37.49200000000019
cons[火电机组分段中标量约束_4_33_5],-9.64599999999973
cons[火电机组分段中标量约束_4_33_6],0.0
cons[火电机组分段中标量约束_4_33_7],0.0
cons[火电机组分段中标量约束_4_33_8],0.0
cons[火电机组分段中标量约束_4_33_9],0.0
cons[火电机组出力之和约束_4_33],-6118.112
cons[火电机组分段中标量约束_4_34_0],-148.8760000000002
cons[火电机组分段中标量约束_4_34_1],-121.02999999999975
cons[火电机组分段中标量约束_4_34_2],-93.1840000000002
cons[火电机组分段中标量约束_4_34_3],-65.33799999999974
cons[火电机组分段中标量约束_4_34_4],-37.49200000000019
cons[火电机组分段中标量约束_4_34_5],-9.64599999999973
cons[火电机组分段中标量约束_4_34_6],0.0
cons[火电机组分段中标量约束_4_34_7],0.0
cons[火电机组分段中标量约束_4_34_8],0.0
cons[火电机组分段中标量约束_4_34_9],0.0
cons[火电机组出力之和约束_4_34],-6118.112
cons[火电机组分段中标量约束_4_35_0],-148.8760000000002
cons[火电机组分段中标量约束_4_35_1],-121.02999999999975
cons[火电机组分段中标量约束_4_35_2],-93.1840000000002
cons[火电机组分段中标量约束_4_35_3],-65.33799999999974
cons[火电机组分段中标量约束_4_35_4],-37.49200000000019
cons[火电机组分段中标量约束_4_35_5],-9.64599999999973
cons[火电机组分段中标量约束_4_35_6],0.0
cons[火电机组分段中标量约束_4_35_7],0.0
cons[火电机组分段中标量约束_4_35_8],0.0
cons[火电机组分段中标量约束_4_35_9],0.0
cons[火电机组出力之和约束_4_35],-6118.112
cons[火电机组分段中标量约束_4_36_0],-148.8760000000002
cons[火电机组分段中标量约束_4_36_1],-121.02999999999975
cons[火电机组分段中标量约束_4_36_2],-93.1840000000002
cons[火电机组分段中标量约束_4_36_3],-65.33799999999974
cons[火电机组分段中标量约束_4_36_4],-37.49200000000019
cons[火电机组分段中标量约束_4_36_5],-9.64599999999973
cons[火电机组分段中标量约束_4_36_6],0.0
cons[火电机组分段中标量约束_4_36_7],0.0
cons[火电机组分段中标量约束_4_36_8],0.0
cons[火电机组分段中标量约束_4_36_9],0.0
cons[火电机组出力之和约束_4_36],-6118.112
cons[火电机组分段中标量约束_4_37_0],-139.23000000000047
cons[火电机组分段中标量约束_4_37_1],-111.38400000000001
cons[火电机组分段中标量约束_4_37_2],-83.53800000000047
cons[火电机组分段中标量约束_4_37_3],-55.69200000000001
cons[火电机组分段中标量约束_4_37_4],-27.84600000000046
cons[火电机组分段中标量约束_4_37_5],0.0
cons[火电机组分段中标量约束_4_37_6],0.0
cons[火电机组分段中标量约束_4_37_7],0.0
cons[火电机组分段中标量约束_4_37_8],0.0
cons[火电机组分段中标量约束_4_37_9],0.0
cons[火电机组出力之和约束_4_37],-6108.466
cons[火电机组分段中标量约束_4_38_0],-139.23000000000047
cons[火电机组分段中标量约束_4_38_1],-111.38400000000001
cons[火电机组分段中标量约束_4_38_2],-83.53800000000047
cons[火电机组分段中标量约束_4_38_3],-55.69200000000001
cons[火电机组分段中标量约束_4_38_4],-27.84600000000046
cons[火电机组分段中标量约束_4_38_5],0.0
cons[火电机组分段中标量约束_4_38_6],0.0
cons[火电机组分段中标量约束_4_38_7],0.0
cons[火电机组分段中标量约束_4_38_8],0.0
cons[火电机组分段中标量约束_4_38_9],0.0
cons[火电机组出力之和约束_4_38],-6108.466
cons[火电机组分段中标量约束_4_39_0],-139.23000000000047
cons[火电机组分段中标量约束_4_39_1],-111.38400000000001
cons[火电机组分段中标量约束_4_39_2],-83.53800000000047
cons[火电机组分段中标量约束_4_39_3],-55.69200000000001
cons[火电机组分段中标量约束_4_39_4],-27.84600000000046
cons[火电机组分段中标量约束_4_39_5],0.0
cons[火电机组分段中标量约束_4_39_6],0.0
cons[火电机组分段中标量约束_4_39_7],0.0
cons[火电机组分段中标量约束_4_39_8],0.0
cons[火电机组分段中标量约束_4_39_9],0.0
cons[火电机组出力之和约束_4_39],-6108.466
cons[火电机组分段中标量约束_4_40_0],-139.23000000000047
cons[火电机组分段中标量约束_4_40_1],-111.38400000000001
cons[火电机组分段中标量约束_4_40_2],-83.53800000000047
cons[火电机组分段中标量约束_4_40_3],-55.69200000000001
cons[火电机组分段中标量约束_4_40_4],-27.84600000000046
cons[火电机组分段中标量约束_4_40_5],0.0
cons[火电机组分段中标量约束_4_40_6],0.0
cons[火电机组分段中标量约束_4_40_7],0.0
cons[火电机组分段中标量约束_4_40_8],0.0
cons[火电机组分段中标量约束_4_40_9],0.0
cons[火电机组出力之和约束_4_40],-6108.466
cons[火电机组分段中标量约束_4_41_0],-139.23000000000047
cons[火电机组分段中标量约束_4_41_1],-111.38400000000001
cons[火电机组分段中标量约束_4_41_2],-83.53800000000047
cons[火电机组分段中标量约束_4_41_3],-55.69200000000001
cons[火电机组分段中标量约束_4_41_4],-27.84600000000046
cons[火电机组分段中标量约束_4_41_5],0.0
cons[火电机组分段中标量约束_4_41_6],0.0
cons[火电机组分段中标量约束_4_41_7],0.0
cons[火电机组分段中标量约束_4_41_8],0.0
cons[火电机组分段中标量约束_4_41_9],0.0
cons[火电机组出力之和约束_4_41],-6108.466
cons[火电机组分段中标量约束_4_42_0],-139.23000000000047
cons[火电机组分段中标量约束_4_42_1],-111.38400000000001
cons[火电机组分段中标量约束_4_42_2],-83.53800000000047
cons[火电机组分段中标量约束_4_42_3],-55.69200000000001
cons[火电机组分段中标量约束_4_42_4],-27.84600000000046
cons[火电机组分段中标量约束_4_42_5],0.0
cons[火电机组分段中标量约束_4_42_6],0.0
cons[火电机组分段中标量约束_4_42_7],0.0
cons[火电机组分段中标量约束_4_42_8],0.0
cons[火电机组分段中标量约束_4_42_9],0.0
cons[火电机组出力之和约束_4_42],-6108.466
cons[火电机组分段中标量约束_4_43_0],-139.23000000000047
cons[火电机组分段中标量约束_4_43_1],-111.38400000000001
cons[火电机组分段中标量约束_4_43_2],-83.53800000000047
cons[火电机组分段中标量约束_4_43_3],-55.69200000000001
cons[火电机组分段中标量约束_4_43_4],-27.84600000000046
cons[火电机组分段中标量约束_4_43_5],0.0
cons[火电机组分段中标量约束_4_43_6],0.0
cons[火电机组分段中标量约束_4_43_7],0.0
cons[火电机组分段中标量约束_4_43_8],0.0
cons[火电机组分段中标量约束_4_43_9],0.0
cons[火电机组出力之和约束_4_43],-6108.466
cons[火电机组分段中标量约束_4_44_0],-139.23000000000047
cons[火电机组分段中标量约束_4_44_1],-111.38400000000001
cons[火电机组分段中标量约束_4_44_2],-83.53800000000047
cons[火电机组分段中标量约束_4_44_3],-55.69200000000001
cons[火电机组分段中标量约束_4_44_4],-27.84600000000046
cons[火电机组分段中标量约束_4_44_5],0.0
cons[火电机组分段中标量约束_4_44_6],0.0
cons[火电机组分段中标量约束_4_44_7],0.0
cons[火电机组分段中标量约束_4_44_8],0.0
cons[火电机组分段中标量约束_4_44_9],0.0
cons[火电机组出力之和约束_4_44],-6108.466
cons[火电机组分段中标量约束_4_45_0],-138.77499999999964
cons[火电机组分段中标量约束_4_45_1],-110.92899999999918
cons[火电机组分段中标量约束_4_45_2],-83.08299999999963
cons[火电机组分段中标量约束_4_45_3],-55.23699999999917
cons[火电机组分段中标量约束_4_45_4],-27.39099999999962
cons[火电机组分段中标量约束_4_45_5],0.0
cons[火电机组分段中标量约束_4_45_6],0.0
cons[火电机组分段中标量约束_4_45_7],0.0
cons[火电机组分段中标量约束_4_45_8],0.0
cons[火电机组分段中标量约束_4_45_9],0.0
cons[火电机组出力之和约束_4_45],-6108.0109999999995
cons[火电机组分段中标量约束_4_46_0],-138.77499999999964
cons[火电机组分段中标量约束_4_46_1],-110.92899999999918
cons[火电机组分段中标量约束_4_46_2],-83.08299999999963
cons[火电机组分段中标量约束_4_46_3],-55.23699999999917
cons[火电机组分段中标量约束_4_46_4],-27.39099999999962
cons[火电机组分段中标量约束_4_46_5],0.0
cons[火电机组分段中标量约束_4_46_6],0.0
cons[火电机组分段中标量约束_4_46_7],0.0
cons[火电机组分段中标量约束_4_46_8],0.0
cons[火电机组分段中标量约束_4_46_9],0.0
cons[火电机组出力之和约束_4_46],-6108.0109999999995
cons[火电机组分段中标量约束_4_47_0],-138.77499999999964
cons[火电机组分段中标量约束_4_47_1],-110.92899999999918
cons[火电机组分段中标量约束_4_47_2],-83.08299999999963
cons[火电机组分段中标量约束_4_47_3],-55.23699999999917
cons[火电机组分段中标量约束_4_47_4],-27.39099999999962
cons[火电机组分段中标量约束_4_47_5],0.0
cons[火电机组分段中标量约束_4_47_6],0.0
cons[火电机组分段中标量约束_4_47_7],0.0
cons[火电机组分段中标量约束_4_47_8],0.0
cons[火电机组分段中标量约束_4_47_9],0.0
cons[火电机组出力之和约束_4_47],-6108.0109999999995
cons[火电机组分段中标量约束_4_48_0],-138.77499999999964
cons[火电机组分段中标量约束_4_48_1],-110.92899999999918
cons[火电机组分段中标量约束_4_48_2],-83.08299999999963
cons[火电机组分段中标量约束_4_48_3],-55.23699999999917
cons[火电机组分段中标量约束_4_48_4],-27.39099999999962
cons[火电机组分段中标量约束_4_48_5],0.0
cons[火电机组分段中标量约束_4_48_6],0.0
cons[火电机组分段中标量约束_4_48_7],0.0
cons[火电机组分段中标量约束_4_48_8],0.0
cons[火电机组分段中标量约束_4_48_9],0.0
cons[火电机组出力之和约束_4_48],-6108.0109999999995
cons[火电机组分段中标量约束_4_49_0],-138.77499999999964
cons[火电机组分段中标量约束_4_49_1],-110.92899999999918
cons[火电机组分段中标量约束_4_49_2],-83.08299999999963
cons[火电机组分段中标量约束_4_49_3],-55.23699999999917
cons[火电机组分段中标量约束_4_49_4],-27.39099999999962
cons[火电机组分段中标量约束_4_49_5],0.0
cons[火电机组分段中标量约束_4_49_6],0.0
cons[火电机组分段中标量约束_4_49_7],0.0
cons[火电机组分段中标量约束_4_49_8],0.0
cons[火电机组分段中标量约束_4_49_9],0.0
cons[火电机组出力之和约束_4_49],-6108.0109999999995
cons[火电机组分段中标量约束_4_50_0],-138.77499999999964
cons[火电机组分段中标量约束_4_50_1],-110.92899999999918
cons[火电机组分段中标量约束_4_50_2],-83.08299999999963
cons[火电机组分段中标量约束_4_50_3],-55.23699999999917
cons[火电机组分段中标量约束_4_50_4],-27.39099999999962
cons[火电机组分段中标量约束_4_50_5],0.0
cons[火电机组分段中标量约束_4_50_6],0.0
cons[火电机组分段中标量约束_4_50_7],0.0
cons[火电机组分段中标量约束_4_50_8],0.0
cons[火电机组分段中标量约束_4_50_9],0.0
cons[火电机组出力之和约束_4_50],-6108.0109999999995
cons[火电机组分段中标量约束_4_51_0],-138.77499999999964
cons[火电机组分段中标量约束_4_51_1],-110.92899999999918
cons[火电机组分段中标量约束_4_51_2],-83.08299999999963
cons[火电机组分段中标量约束_4_51_3],-55.23699999999917
cons[火电机组分段中标量约束_4_51_4],-27.39099999999962
cons[火电机组分段中标量约束_4_51_5],0.0
cons[火电机组分段中标量约束_4_51_6],0.0
cons[火电机组分段中标量约束_4_51_7],0.0
cons[火电机组分段中标量约束_4_51_8],0.0
cons[火电机组分段中标量约束_4_51_9],0.0
cons[火电机组出力之和约束_4_51],-6108.0109999999995
cons[火电机组分段中标量约束_4_52_0],-138.77499999999964
cons[火电机组分段中标量约束_4_52_1],-110.92899999999918
cons[火电机组分段中标量约束_4_52_2],-83.08299999999963
cons[火电机组分段中标量约束_4_52_3],-55.23699999999917
cons[火电机组分段中标量约束_4_52_4],-27.39099999999962
cons[火电机组分段中标量约束_4_52_5],0.0
cons[火电机组分段中标量约束_4_52_6],0.0
cons[火电机组分段中标量约束_4_52_7],0.0
cons[火电机组分段中标量约束_4_52_8],0.0
cons[火电机组分段中标量约束_4_52_9],0.0
cons[火电机组出力之和约束_4_52],-6108.0109999999995
cons[火电机组分段中标量约束_4_53_0],-111.38400000000001
cons[火电机组分段中标量约束_4_53_1],-83.53799999999956
cons[火电机组分段中标量约束_4_53_2],-55.69200000000001
cons[火电机组分段中标量约束_4_53_3],-27.84599999999955
cons[火电机组分段中标量约束_4_53_4],0.0
cons[火电机组分段中标量约束_4_53_5],0.0
cons[火电机组分段中标量约束_4_53_6],0.0
cons[火电机组分段中标量约束_4_53_7],0.0
cons[火电机组分段中标量约束_4_53_8],0.0
cons[火电机组分段中标量约束_4_53_9],0.0
cons[火电机组出力之和约束_4_53],-6080.62
cons[火电机组分段中标量约束_4_54_0],-111.38400000000001
cons[火电机组分段中标量约束_4_54_1],-83.53799999999956
cons[火电机组分段中标量约束_4_54_2],-55.69200000000001
cons[火电机组分段中标量约束_4_54_3],-27.84599999999955
cons[火电机组分段中标量约束_4_54_4],0.0
cons[火电机组分段中标量约束_4_54_5],0.0
cons[火电机组分段中标量约束_4_54_6],0.0
cons[火电机组分段中标量约束_4_54_7],0.0
cons[火电机组分段中标量约束_4_54_8],0.0
cons[火电机组分段中标量约束_4_54_9],0.0
cons[火电机组出力之和约束_4_54],-6080.62
cons[火电机组分段中标量约束_4_55_0],-111.38400000000001
cons[火电机组分段中标量约束_4_55_1],-83.53799999999956
cons[火电机组分段中标量约束_4_55_2],-55.69200000000001
cons[火电机组分段中标量约束_4_55_3],-27.84599999999955
cons[火电机组分段中标量约束_4_55_4],0.0
cons[火电机组分段中标量约束_4_55_5],0.0
cons[火电机组分段中标量约束_4_55_6],0.0
cons[火电机组分段中标量约束_4_55_7],0.0
cons[火电机组分段中标量约束_4_55_8],0.0
cons[火电机组分段中标量约束_4_55_9],0.0
cons[火电机组出力之和约束_4_55],-6080.62
cons[火电机组分段中标量约束_4_56_0],-111.38400000000001
cons[火电机组分段中标量约束_4_56_1],-83.53799999999956
cons[火电机组分段中标量约束_4_56_2],-55.69200000000001
cons[火电机组分段中标量约束_4_56_3],-27.84599999999955
cons[火电机组分段中标量约束_4_56_4],0.0
cons[火电机组分段中标量约束_4_56_5],0.0
cons[火电机组分段中标量约束_4_56_6],0.0
cons[火电机组分段中标量约束_4_56_7],0.0
cons[火电机组分段中标量约束_4_56_8],0.0
cons[火电机组分段中标量约束_4_56_9],0.0
cons[火电机组出力之和约束_4_56],-6080.62
cons[火电机组分段中标量约束_4_57_0],-111.38400000000001
cons[火电机组分段中标量约束_4_57_1],-83.53799999999956
cons[火电机组分段中标量约束_4_57_2],-55.69200000000001
cons[火电机组分段中标量约束_4_57_3],-27.84599999999955
cons[火电机组分段中标量约束_4_57_4],0.0
cons[火电机组分段中标量约束_4_57_5],0.0
cons[火电机组分段中标量约束_4_57_6],0.0
cons[火电机组分段中标量约束_4_57_7],0.0
cons[火电机组分段中标量约束_4_57_8],0.0
cons[火电机组分段中标量约束_4_57_9],0.0
cons[火电机组出力之和约束_4_57],-6080.62
cons[火电机组分段中标量约束_4_58_0],-111.38400000000001
cons[火电机组分段中标量约束_4_58_1],-83.53799999999956
cons[火电机组分段中标量约束_4_58_2],-55.69200000000001
cons[火电机组分段中标量约束_4_58_3],-27.84599999999955
cons[火电机组分段中标量约束_4_58_4],0.0
cons[火电机组分段中标量约束_4_58_5],0.0
cons[火电机组分段中标量约束_4_58_6],0.0
cons[火电机组分段中标量约束_4_58_7],0.0
cons[火电机组分段中标量约束_4_58_8],0.0
cons[火电机组分段中标量约束_4_58_9],0.0
cons[火电机组出力之和约束_4_58],-6080.62
cons[火电机组分段中标量约束_4_59_0],-138.77499999999964
cons[火电机组分段中标量约束_4_59_1],-110.92899999999918
cons[火电机组分段中标量约束_4_59_2],-83.08299999999963
cons[火电机组分段中标量约束_4_59_3],-55.23699999999917
cons[火电机组分段中标量约束_4_59_4],-27.39099999999962
cons[火电机组分段中标量约束_4_59_5],0.0
cons[火电机组分段中标量约束_4_59_6],0.0
cons[火电机组分段中标量约束_4_59_7],0.0
cons[火电机组分段中标量约束_4_59_8],0.0
cons[火电机组分段中标量约束_4_59_9],0.0
cons[火电机组出力之和约束_4_59],-6108.0109999999995
cons[火电机组分段中标量约束_4_60_0],-139.23000000000047
cons[火电机组分段中标量约束_4_60_1],-111.38400000000001
cons[火电机组分段中标量约束_4_60_2],-83.53800000000047
cons[火电机组分段中标量约束_4_60_3],-55.69200000000001
cons[火电机组分段中标量约束_4_60_4],-27.84600000000046
cons[火电机组分段中标量约束_4_60_5],0.0
cons[火电机组分段中标量约束_4_60_6],0.0
cons[火电机组分段中标量约束_4_60_7],0.0
cons[火电机组分段中标量约束_4_60_8],0.0
cons[火电机组分段中标量约束_4_60_9],0.0
cons[火电机组出力之和约束_4_60],-6108.466
cons[火电机组分段中标量约束_4_61_0],-167.07600000000002
cons[火电机组分段中标量约束_4_61_1],-139.22999999999956
cons[火电机组分段中标量约束_4_61_2],-111.38400000000001
cons[火电机组分段中标量约束_4_61_3],-83.53799999999956
cons[火电机组分段中标量约束_4_61_4],-55.69200000000001
cons[火电机组分段中标量约束_4_61_5],-27.84599999999955
cons[火电机组分段中标量约束_4_61_6],0.0
cons[火电机组分段中标量约束_4_61_7],0.0
cons[火电机组分段中标量约束_4_61_8],0.0
cons[火电机组分段中标量约束_4_61_9],0.0
cons[火电机组出力之和约束_4_61],-6136.312
cons[火电机组分段中标量约束_4_62_0],-194.92199999999957
cons[火电机组分段中标量约束_4_62_1],-167.0759999999991
cons[火电机组分段中标量约束_4_62_2],-139.22999999999956
cons[火电机组分段中标量约束_4_62_3],-111.3839999999991
cons[火电机组分段中标量约束_4_62_4],-83.53799999999956
cons[火电机组分段中标量约束_4_62_5],-55.6919999999991
cons[火电机组分段中标量约束_4_62_6],-27.84599999999955
cons[火电机组分段中标量约束_4_62_7],0.0
cons[火电机组分段中标量约束_4_62_8],0.0
cons[火电机组分段中标量约束_4_62_9],0.0
cons[火电机组出力之和约束_4_62],-6164.157999999999
cons[火电机组分段中标量约束_4_63_0],-194.92199999999957
cons[火电机组分段中标量约束_4_63_1],-167.0759999999991
cons[火电机组分段中标量约束_4_63_2],-139.22999999999956
cons[火电机组分段中标量约束_4_63_3],-111.3839999999991
cons[火电机组分段中标量约束_4_63_4],-83.53799999999956
cons[火电机组分段中标量约束_4_63_5],-55.6919999999991
cons[火电机组分段中标量约束_4_63_6],-27.84599999999955
cons[火电机组分段中标量约束_4_63_7],0.0
cons[火电机组分段中标量约束_4_63_8],0.0
cons[火电机组分段中标量约束_4_63_9],0.0
cons[火电机组出力之和约束_4_63],-6164.157999999999
cons[火电机组分段中标量约束_4_64_0],-222.76800000000185
cons[火电机组分段中标量约束_4_64_1],-194.9220000000014
cons[火电机组分段中标量约束_4_64_2],-167.07600000000184
cons[火电机组分段中标量约束_4_64_3],-139.23000000000138
cons[火电机组分段中标量约束_4_64_4],-111.38400000000183
cons[火电机组分段中标量约束_4_64_5],-83.53800000000138
cons[火电机组分段中标量约束_4_64_6],-55.692000000001826
cons[火电机组分段中标量约束_4_64_7],-27.846000000002277
cons[火电机组分段中标量约束_4_64_8],0.0
cons[火电机组分段中标量约束_4_64_9],0.0
cons[火电机组出力之和约束_4_64],-6192.004000000002
cons[火电机组分段中标量约束_4_65_0],-230.8670000000002
cons[火电机组分段中标量约束_4_65_1],-203.02099999999973
cons[火电机组分段中标量约束_4_65_2],-175.17500000000018
cons[火电机组分段中标量约束_4_65_3],-147.32899999999972
cons[火电机组分段中标量约束_4_65_4],-119.48300000000017
cons[火电机组分段中标量约束_4_65_5],-91.63699999999972
cons[火电机组分段中标量约束_4_65_6],-63.79100000000017
cons[火电机组分段中标量约束_4_65_7],-35.94500000000062
cons[火电机组分段中标量约束_4_65_8],-8.098999999998341
cons[火电机组分段中标量约束_4_65_9],0.0
cons[火电机组出力之和约束_4_65],-6200.103
cons[火电机组分段中标量约束_4_66_0],-250.6140000000005
cons[火电机组分段中标量约束_4_66_1],-222.76800000000003
cons[火电机组分段中标量约束_4_66_2],-194.92200000000048
cons[火电机组分段中标量约束_4_66_3],-167.07600000000002
cons[火电机组分段中标量约束_4_66_4],-139.23000000000047
cons[火电机组分段中标量约束_4_66_5],-111.38400000000001
cons[火电机组分段中标量约束_4_66_6],-83.53800000000047
cons[火电机组分段中标量约束_4_66_7],-55.69200000000092
cons[火电机组分段中标量约束_4_66_8],-27.84599999999864
cons[火电机组分段中标量约束_4_66_9],0.0
cons[火电机组出力之和约束_4_66],-6219.85
cons[火电机组分段中标量约束_4_67_0],-250.6140000000005
cons[火电机组分段中标量约束_4_67_1],-222.76800000000003
cons[火电机组分段中标量约束_4_67_2],-194.92200000000048
cons[火电机组分段中标量约束_4_67_3],-167.07600000000002
cons[火电机组分段中标量约束_4_67_4],-139.23000000000047
cons[火电机组分段中标量约束_4_67_5],-111.38400000000001
cons[火电机组分段中标量约束_4_67_6],-83.53800000000047
cons[火电机组分段中标量约束_4_67_7],-55.69200000000092
cons[火电机组分段中标量约束_4_67_8],-27.84599999999864
cons[火电机组分段中标量约束_4_67_9],0.0
cons[火电机组出力之和约束_4_67],-6219.85
cons[火电机组分段中标量约束_4_68_0],-250.6140000000005
cons[火电机组分段中标量约束_4_68_1],-222.76800000000003
cons[火电机组分段中标量约束_4_68_2],-194.92200000000048
cons[火电机组分段中标量约束_4_68_3],-167.07600000000002
cons[火电机组分段中标量约束_4_68_4],-139.23000000000047
cons[火电机组分段中标量约束_4_68_5],-111.38400000000001
cons[火电机组分段中标量约束_4_68_6],-83.53800000000047
cons[火电机组分段中标量约束_4_68_7],-55.69200000000092
cons[火电机组分段中标量约束_4_68_8],-27.84599999999864
cons[火电机组分段中标量约束_4_68_9],0.0
cons[火电机组出力之和约束_4_68],-6219.85
cons[火电机组分段中标量约束_4_69_0],-250.6140000000005
cons[火电机组分段中标量约束_4_69_1],-222.76800000000003
cons[火电机组分段中标量约束_4_69_2],-194.92200000000048
cons[火电机组分段中标量约束_4_69_3],-167.07600000000002
cons[火电机组分段中标量约束_4_69_4],-139.23000000000047
cons[火电机组分段中标量约束_4_69_5],-111.38400000000001
cons[火电机组分段中标量约束_4_69_6],-83.53800000000047
cons[火电机组分段中标量约束_4_69_7],-55.69200000000092
cons[火电机组分段中标量约束_4_69_8],-27.84599999999864
cons[火电机组分段中标量约束_4_69_9],0.0
cons[火电机组出力之和约束_4_69],-6219.85
cons[火电机组分段中标量约束_4_70_0],-250.6140000000005
cons[火电机组分段中标量约束_4_70_1],-222.76800000000003
cons[火电机组分段中标量约束_4_70_2],-194.92200000000048
cons[火电机组分段中标量约束_4_70_3],-167.07600000000002
cons[火电机组分段中标量约束_4_70_4],-139.23000000000047
cons[火电机组分段中标量约束_4_70_5],-111.38400000000001
cons[火电机组分段中标量约束_4_70_6],-83.53800000000047
cons[火电机组分段中标量约束_4_70_7],-55.69200000000092
cons[火电机组分段中标量约束_4_70_8],-27.84599999999864
cons[火电机组分段中标量约束_4_70_9],0.0
cons[火电机组出力之和约束_4_70],-6219.85
cons[火电机组分段中标量约束_4_71_0],-273.0
cons[火电机组分段中标量约束_4_71_1],-245.15399999999954
cons[火电机组分段中标量约束_4_71_2],-217.308
cons[火电机组分段中标量约束_4_71_3],-189.46199999999953
cons[火电机组分段中标量约束_4_71_4],-161.61599999999999
cons[火电机组分段中标量约束_4_71_5],-133.76999999999953
cons[火电机组分段中标量约束_4_71_6],-105.92399999999998
cons[火电机组分段中标量约束_4_71_7],-78.07800000000043
cons[火电机组分段中标量约束_4_71_8],-50.23199999999815
cons[火电机组分段中标量约束_4_71_9],-22.385999999999513
cons[火电机组出力之和约束_4_71],-6242.236
cons[火电机组分段中标量约束_4_72_0],-276.91299999999956
cons[火电机组分段中标量约束_4_72_1],-249.0669999999991
cons[火电机组分段中标量约束_4_72_2],-221.22099999999955
cons[火电机组分段中标量约束_4_72_3],-193.3749999999991
cons[火电机组分段中标量约束_4_72_4],-165.52899999999954
cons[火电机组分段中标量约束_4_72_5],-137.68299999999908
cons[火电机组分段中标量约束_4_72_6],-109.83699999999953
cons[火电机组分段中标量约束_4_72_7],-81.99099999999999
cons[火电机组分段中标量约束_4_72_8],-54.14499999999771
cons[火电机组分段中标量约束_4_72_9],-26.29899999999907
cons[火电机组出力之和约束_4_72],-6246.148999999999
cons[火电机组分段中标量约束_4_73_0],-287.01400000000285
cons[火电机组分段中标量约束_4_73_1],-259.1680000000024
cons[火电机组分段中标量约束_4_73_2],-231.32200000000284
cons[火电机组分段中标量约束_4_73_3],-203.4760000000024
cons[火电机组分段中标量约束_4_73_4],-175.63000000000284
cons[火电机组分段中标量约束_4_73_5],-147.78400000000238
cons[火电机组分段中标量约束_4_73_6],-119.93800000000283
cons[火电机组分段中标量约束_4_73_7],-92.09200000000328
cons[火电机组分段中标量约束_4_73_8],-64.246000000001
cons[火电机组分段中标量约束_4_73_9],-36.400000000002365
cons[火电机组出力之和约束_4_73],-6256.250000000003
cons[火电机组分段中标量约束_4_74_0],-318.5455000000002
cons[火电机组分段中标量约束_4_74_1],-290.6994999999997
cons[火电机组分段中标量约束_4_74_2],-262.85350000000017
cons[火电机组分段中标量约束_4_74_3],-235.0074999999997
cons[火电机组分段中标量约束_4_74_4],-207.16150000000016
cons[火电机组分段中标量约束_4_74_5],-179.3154999999997
cons[火电机组分段中标量约束_4_74_6],-151.46950000000015
cons[火电机组分段中标量约束_4_74_7],-123.6235000000006
cons[火电机组分段中标量约束_4_74_8],-95.77749999999833
cons[火电机组分段中标量约束_4_74_9],-67.93149999999969
cons[火电机组出力之和约束_4_74],-6287.7815
cons[火电机组分段中标量约束_4_75_0],-318.5455000000002
cons[火电机组分段中标量约束_4_75_1],-290.6994999999997
cons[火电机组分段中标量约束_4_75_2],-262.85350000000017
cons[火电机组分段中标量约束_4_75_3],-235.0074999999997
cons[火电机组分段中标量约束_4_75_4],-207.16150000000016
cons[火电机组分段中标量约束_4_75_5],-179.3154999999997
cons[火电机组分段中标量约束_4_75_6],-151.46950000000015
cons[火电机组分段中标量约束_4_75_7],-123.6235000000006
cons[火电机组分段中标量约束_4_75_8],-95.77749999999833
cons[火电机组分段中标量约束_4_75_9],-67.93149999999969
cons[火电机组出力之和约束_4_75],-6287.7815
cons[火电机组分段中标量约束_4_76_0],-250.6140000000005
cons[火电机组分段中标量约束_4_76_1],-222.76800000000003
cons[火电机组分段中标量约束_4_76_2],-194.92200000000048
cons[火电机组分段中标量约束_4_76_3],-167.07600000000002
cons[火电机组分段中标量约束_4_76_4],-139.23000000000047
cons[火电机组分段中标量约束_4_76_5],-111.38400000000001
cons[火电机组分段中标量约束_4_76_6],-83.53800000000047
cons[火电机组分段中标量约束_4_76_7],-55.69200000000092
cons[火电机组分段中标量约束_4_76_8],-27.84599999999864
cons[火电机组分段中标量约束_4_76_9],0.0
cons[火电机组出力之和约束_4_76],-6219.85
cons[火电机组分段中标量约束_4_77_0],-273.0
cons[火电机组分段中标量约束_4_77_1],-245.15399999999954
cons[火电机组分段中标量约束_4_77_2],-217.308
cons[火电机组分段中标量约束_4_77_3],-189.46199999999953
cons[火电机组分段中标量约束_4_77_4],-161.61599999999999
cons[火电机组分段中标量约束_4_77_5],-133.76999999999953
cons[火电机组分段中标量约束_4_77_6],-105.92399999999998
cons[火电机组分段中标量约束_4_77_7],-78.07800000000043
cons[火电机组分段中标量约束_4_77_8],-50.23199999999815
cons[火电机组分段中标量约束_4_77_9],-22.385999999999513
cons[火电机组出力之和约束_4_77],-6242.236
cons[火电机组分段中标量约束_4_78_0],-250.6140000000005
cons[火电机组分段中标量约束_4_78_1],-222.76800000000003
cons[火电机组分段中标量约束_4_78_2],-194.92200000000048
cons[火电机组分段中标量约束_4_78_3],-167.07600000000002
cons[火电机组分段中标量约束_4_78_4],-139.23000000000047
cons[火电机组分段中标量约束_4_78_5],-111.38400000000001
cons[火电机组分段中标量约束_4_78_6],-83.53800000000047
cons[火电机组分段中标量约束_4_78_7],-55.69200000000092
cons[火电机组分段中标量约束_4_78_8],-27.84599999999864
cons[火电机组分段中标量约束_4_78_9],0.0
cons[火电机组出力之和约束_4_78],-6219.85
cons[火电机组分段中标量约束_4_79_0],-250.6140000000005
cons[火电机组分段中标量约束_4_79_1],-222.76800000000003
cons[火电机组分段中标量约束_4_79_2],-194.92200000000048
cons[火电机组分段中标量约束_4_79_3],-167.07600000000002
cons[火电机组分段中标量约束_4_79_4],-139.23000000000047
cons[火电机组分段中标量约束_4_79_5],-111.38400000000001
cons[火电机组分段中标量约束_4_79_6],-83.53800000000047
cons[火电机组分段中标量约束_4_79_7],-55.69200000000092
cons[火电机组分段中标量约束_4_79_8],-27.84599999999864
cons[火电机组分段中标量约束_4_79_9],0.0
cons[火电机组出力之和约束_4_79],-6219.85
cons[火电机组分段中标量约束_4_80_0],-230.8670000000002
cons[火电机组分段中标量约束_4_80_1],-203.02099999999973
cons[火电机组分段中标量约束_4_80_2],-175.17500000000018
cons[火电机组分段中标量约束_4_80_3],-147.32899999999972
cons[火电机组分段中标量约束_4_80_4],-119.48300000000017
cons[火电机组分段中标量约束_4_80_5],-91.63699999999972
cons[火电机组分段中标量约束_4_80_6],-63.79100000000017
cons[火电机组分段中标量约束_4_80_7],-35.94500000000062
cons[火电机组分段中标量约束_4_80_8],-8.098999999998341
cons[火电机组分段中标量约束_4_80_9],0.0
cons[火电机组出力之和约束_4_80],-6200.103
cons[火电机组分段中标量约束_4_81_0],-227.45449999999983
cons[火电机组分段中标量约束_4_81_1],-199.60849999999937
cons[火电机组分段中标量约束_4_81_2],-171.76249999999982
cons[火电机组分段中标量约束_4_81_3],-143.91649999999936
cons[火电机组分段中标量约束_4_81_4],-116.07049999999981
cons[火电机组分段中标量约束_4_81_5],-88.22449999999935
cons[火电机组分段中标量约束_4_81_6],-60.3784999999998
cons[火电机组分段中标量约束_4_81_7],-32.532500000000255
cons[火电机组分段中标量约束_4_81_8],-4.686499999997977
cons[火电机组分段中标量约束_4_81_9],0.0
cons[火电机组出力之和约束_4_81],-6196.6905
cons[火电机组分段中标量约束_4_82_0],-222.76800000000185
cons[火电机组分段中标量约束_4_82_1],-194.9220000000014
cons[火电机组分段中标量约束_4_82_2],-167.07600000000184
cons[火电机组分段中标量约束_4_82_3],-139.23000000000138
cons[火电机组分段中标量约束_4_82_4],-111.38400000000183
cons[火电机组分段中标量约束_4_82_5],-83.53800000000138
cons[火电机组分段中标量约束_4_82_6],-55.692000000001826
cons[火电机组分段中标量约束_4_82_7],-27.846000000002277
cons[火电机组分段中标量约束_4_82_8],0.0
cons[火电机组分段中标量约束_4_82_9],0.0
cons[火电机组出力之和约束_4_82],-6192.004000000002
cons[火电机组分段中标量约束_4_83_0],-194.92199999999957
cons[火电机组分段中标量约束_4_83_1],-167.0759999999991
cons[火电机组分段中标量约束_4_83_2],-139.22999999999956
cons[火电机组分段中标量约束_4_83_3],-111.3839999999991
cons[火电机组分段中标量约束_4_83_4],-83.53799999999956
cons[火电机组分段中标量约束_4_83_5],-55.6919999999991
cons[火电机组分段中标量约束_4_83_6],-27.84599999999955
cons[火电机组分段中标量约束_4_83_7],0.0
cons[火电机组分段中标量约束_4_83_8],0.0
cons[火电机组分段中标量约束_4_83_9],0.0
cons[火电机组出力之和约束_4_83],-6164.157999999999
cons[火电机组分段中标量约束_4_84_0],-194.92199999999957
cons[火电机组分段中标量约束_4_84_1],-167.0759999999991
cons[火电机组分段中标量约束_4_84_2],-139.22999999999956
cons[火电机组分段中标量约束_4_84_3],-111.3839999999991
cons[火电机组分段中标量约束_4_84_4],-83.53799999999956
cons[火电机组分段中标量约束_4_84_5],-55.6919999999991
cons[火电机组分段中标量约束_4_84_6],-27.84599999999955
cons[火电机组分段中标量约束_4_84_7],0.0
cons[火电机组分段中标量约束_4_84_8],0.0
cons[火电机组分段中标量约束_4_84_9],0.0
cons[火电机组出力之和约束_4_84],-6164.157999999999
cons[火电机组分段中标量约束_4_85_0],-194.92199999999957
cons[火电机组分段中标量约束_4_85_1],-167.0759999999991
cons[火电机组分段中标量约束_4_85_2],-139.22999999999956
cons[火电机组分段中标量约束_4_85_3],-111.3839999999991
cons[火电机组分段中标量约束_4_85_4],-83.53799999999956
cons[火电机组分段中标量约束_4_85_5],-55.6919999999991
cons[火电机组分段中标量约束_4_85_6],-27.84599999999955
cons[火电机组分段中标量约束_4_85_7],0.0
cons[火电机组分段中标量约束_4_85_8],0.0
cons[火电机组分段中标量约束_4_85_9],0.0
cons[火电机组出力之和约束_4_85],-6164.157999999999
cons[火电机组分段中标量约束_4_86_0],-194.92199999999957
cons[火电机组分段中标量约束_4_86_1],-167.0759999999991
cons[火电机组分段中标量约束_4_86_2],-139.22999999999956
cons[火电机组分段中标量约束_4_86_3],-111.3839999999991
cons[火电机组分段中标量约束_4_86_4],-83.53799999999956
cons[火电机组分段中标量约束_4_86_5],-55.6919999999991
cons[火电机组分段中标量约束_4_86_6],-27.84599999999955
cons[火电机组分段中标量约束_4_86_7],0.0
cons[火电机组分段中标量约束_4_86_8],0.0
cons[火电机组分段中标量约束_4_86_9],0.0
cons[火电机组出力之和约束_4_86],-6164.157999999999
cons[火电机组分段中标量约束_4_87_0],-184.82100000000082
cons[火电机组分段中标量约束_4_87_1],-156.97500000000036
cons[火电机组分段中标量约束_4_87_2],-129.12900000000081
cons[火电机组分段中标量约束_4_87_3],-101.28300000000036
cons[火电机组分段中标量约束_4_87_4],-73.43700000000081
cons[火电机组分段中标量约束_4_87_5],-45.59100000000035
cons[火电机组分段中标量约束_4_87_6],-17.7450000000008
cons[火电机组分段中标量约束_4_87_7],0.0
cons[火电机组分段中标量约束_4_87_8],0.0
cons[火电机组分段中标量约束_4_87_9],0.0
cons[火电机组出力之和约束_4_87],-6154.057000000001
cons[火电机组分段中标量约束_4_88_0],-139.23000000000047
cons[火电机组分段中标量约束_4_88_1],-111.38400000000001
cons[火电机组分段中标量约束_4_88_2],-83.53800000000047
cons[火电机组分段中标量约束_4_88_3],-55.69200000000001
cons[火电机组分段中标量约束_4_88_4],-27.84600000000046
cons[火电机组分段中标量约束_4_88_5],0.0
cons[火电机组分段中标量约束_4_88_6],0.0
cons[火电机组分段中标量约束_4_88_7],0.0
cons[火电机组分段中标量约束_4_88_8],0.0
cons[火电机组分段中标量约束_4_88_9],0.0
cons[火电机组出力之和约束_4_88],-6108.466
cons[火电机组分段中标量约束_4_89_0],-111.38400000000001
cons[火电机组分段中标量约束_4_89_1],-83.53799999999956
cons[火电机组分段中标量约束_4_89_2],-55.69200000000001
cons[火电机组分段中标量约束_4_89_3],-27.84599999999955
cons[火电机组分段中标量约束_4_89_4],0.0
cons[火电机组分段中标量约束_4_89_5],0.0
cons[火电机组分段中标量约束_4_89_6],0.0
cons[火电机组分段中标量约束_4_89_7],0.0
cons[火电机组分段中标量约束_4_89_8],0.0
cons[火电机组分段中标量约束_4_89_9],0.0
cons[火电机组出力之和约束_4_89],-6080.62
cons[火电机组分段中标量约束_4_90_0],-83.53800000000047
cons[火电机组分段中标量约束_4_90_1],-55.69200000000001
cons[火电机组分段中标量约束_4_90_2],-27.84600000000046
cons[火电机组分段中标量约束_4_90_3],0.0
cons[火电机组分段中标量约束_4_90_4],0.0
cons[火电机组分段中标量约束_4_90_5],0.0
cons[火电机组分段中标量约束_4_90_6],0.0
cons[火电机组分段中标量约束_4_90_7],0.0
cons[火电机组分段中标量约束_4_90_8],0.0
cons[火电机组分段中标量约束_4_90_9],0.0
cons[火电机组出力之和约束_4_90],-6052.774
cons[火电机组分段中标量约束_4_91_0],-55.69200000000001
cons[火电机组分段中标量约束_4_91_1],-27.84599999999955
cons[火电机组分段中标量约束_4_91_2],0.0
cons[火电机组分段中标量约束_4_91_3],0.0
cons[火电机组分段中标量约束_4_91_4],0.0
cons[火电机组分段中标量约束_4_91_5],0.0
cons[火电机组分段中标量约束_4_91_6],0.0
cons[火电机组分段中标量约束_4_91_7],0.0
cons[火电机组分段中标量约束_4_91_8],0.0
cons[火电机组分段中标量约束_4_91_9],0.0
cons[火电机组出力之和约束_4_91],-6024.928
cons[火电机组分段中标量约束_4_92_0],-10.738000000003012
cons[火电机组分段中标量约束_4_92_1],0.0
cons[火电机组分段中标量约束_4_92_2],0.0
cons[火电机组分段中标量约束_4_92_3],0.0
cons[火电机组分段中标量约束_4_92_4],0.0
cons[火电机组分段中标量约束_4_92_5],0.0
cons[火电机组分段中标量约束_4_92_6],0.0
cons[火电机组分段中标量约束_4_92_7],0.0
cons[火电机组分段中标量约束_4_92_8],0.0
cons[火电机组分段中标量约束_4_92_9],0.0
cons[火电机组出力之和约束_4_92],-5979.974000000003
cons[火电机组分段中标量约束_4_93_0],0.0
cons[火电机组分段中标量约束_4_93_1],0.0
cons[火电机组分段中标量约束_4_93_2],0.0
cons[火电机组分段中标量约束_4_93_3],0.0
cons[火电机组分段中标量约束_4_93_4],0.0
cons[火电机组分段中标量约束_4_93_5],0.0
cons[火电机组分段中标量约束_4_93_6],0.0
cons[火电机组分段中标量约束_4_93_7],0.0
cons[火电机组分段中标量约束_4_93_8],0.0
cons[火电机组分段中标量约束_4_93_9],0.0
cons[火电机组出力之和约束_4_93],-5969.236
cons[火电机组分段中标量约束_4_94_0],0.0
cons[火电机组分段中标量约束_4_94_1],0.0
cons[火电机组分段中标量约束_4_94_2],0.0
cons[火电机组分段中标量约束_4_94_3],0.0
cons[火电机组分段中标量约束_4_94_4],0.0
cons[火电机组分段中标量约束_4_94_5],0.0
cons[火电机组分段中标量约束_4_94_6],0.0
cons[火电机组分段中标量约束_4_94_7],0.0
cons[火电机组分段中标量约束_4_94_8],0.0
cons[火电机组分段中标量约束_4_94_9],0.0
cons[火电机组出力之和约束_4_94],-5969.236
cons[火电机组分段中标量约束_4_95_0],0.0
cons[火电机组分段中标量约束_4_95_1],0.0
cons[火电机组分段中标量约束_4_95_2],0.0
cons[火电机组分段中标量约束_4_95_3],0.0
cons[火电机组分段中标量约束_4_95_4],0.0
cons[火电机组分段中标量约束_4_95_5],0.0
cons[火电机组分段中标量约束_4_95_6],0.0
cons[火电机组分段中标量约束_4_95_7],0.0
cons[火电机组分段中标量约束_4_95_8],0.0
cons[火电机组分段中标量约束_4_95_9],0.0
cons[火电机组出力之和约束_4_95],-5969.236
cons[火电机组分段中标量约束_5_0_0],0.0
cons[火电机组分段中标量约束_5_0_1],0.0
cons[火电机组分段中标量约束_5_0_2],0.0
cons[火电机组分段中标量约束_5_0_3],0.0
cons[火电机组分段中标量约束_5_0_4],0.0
cons[火电机组分段中标量约束_5_0_5],0.0
cons[火电机组分段中标量约束_5_0_6],0.0
cons[火电机组分段中标量约束_5_0_7],0.0
cons[火电机组分段中标量约束_5_0_8],0.0
cons[火电机组分段中标量约束_5_0_9],0.0
cons[火电机组出力之和约束_5_0],0.0
cons[火电机组分段中标量约束_5_1_0],0.0
cons[火电机组分段中标量约束_5_1_1],0.0
cons[火电机组分段中标量约束_5_1_2],0.0
cons[火电机组分段中标量约束_5_1_3],0.0
cons[火电机组分段中标量约束_5_1_4],0.0
cons[火电机组分段中标量约束_5_1_5],0.0
cons[火电机组分段中标量约束_5_1_6],0.0
cons[火电机组分段中标量约束_5_1_7],0.0
cons[火电机组分段中标量约束_5_1_8],0.0
cons[火电机组分段中标量约束_5_1_9],0.0
cons[火电机组出力之和约束_5_1],0.0
cons[火电机组分段中标量约束_5_2_0],0.0
cons[火电机组分段中标量约束_5_2_1],0.0
cons[火电机组分段中标量约束_5_2_2],0.0
cons[火电机组分段中标量约束_5_2_3],0.0
cons[火电机组分段中标量约束_5_2_4],0.0
cons[火电机组分段中标量约束_5_2_5],0.0
cons[火电机组分段中标量约束_5_2_6],0.0
cons[火电机组分段中标量约束_5_2_7],0.0
cons[火电机组分段中标量约束_5_2_8],0.0
cons[火电机组分段中标量约束_5_2_9],0.0
cons[火电机组出力之和约束_5_2],0.0
cons[火电机组分段中标量约束_5_3_0],0.0
cons[火电机组分段中标量约束_5_3_1],0.0
cons[火电机组分段中标量约束_5_3_2],0.0
cons[火电机组分段中标量约束_5_3_3],0.0
cons[火电机组分段中标量约束_5_3_4],0.0
cons[火电机组分段中标量约束_5_3_5],0.0
cons[火电机组分段中标量约束_5_3_6],0.0
cons[火电机组分段中标量约束_5_3_7],0.0
cons[火电机组分段中标量约束_5_3_8],0.0
cons[火电机组分段中标量约束_5_3_9],0.0
cons[火电机组出力之和约束_5_3],0.0
cons[火电机组分段中标量约束_5_4_0],0.0
cons[火电机组分段中标量约束_5_4_1],0.0
cons[火电机组分段中标量约束_5_4_2],0.0
cons[火电机组分段中标量约束_5_4_3],0.0
cons[火电机组分段中标量约束_5_4_4],0.0
cons[火电机组分段中标量约束_5_4_5],0.0
cons[火电机组分段中标量约束_5_4_6],0.0
cons[火电机组分段中标量约束_5_4_7],0.0
cons[火电机组分段中标量约束_5_4_8],0.0
cons[火电机组分段中标量约束_5_4_9],0.0
cons[火电机组出力之和约束_5_4],0.0
cons[火电机组分段中标量约束_5_5_0],0.0
cons[火电机组分段中标量约束_5_5_1],0.0
cons[火电机组分段中标量约束_5_5_2],0.0
cons[火电机组分段中标量约束_5_5_3],0.0
cons[火电机组分段中标量约束_5_5_4],0.0
cons[火电机组分段中标量约束_5_5_5],0.0
cons[火电机组分段中标量约束_5_5_6],0.0
cons[火电机组分段中标量约束_5_5_7],0.0
cons[火电机组分段中标量约束_5_5_8],0.0
cons[火电机组分段中标量约束_5_5_9],0.0
cons[火电机组出力之和约束_5_5],0.0
cons[火电机组分段中标量约束_5_6_0],0.0
cons[火电机组分段中标量约束_5_6_1],0.0
cons[火电机组分段中标量约束_5_6_2],0.0
cons[火电机组分段中标量约束_5_6_3],0.0
cons[火电机组分段中标量约束_5_6_4],0.0
cons[火电机组分段中标量约束_5_6_5],0.0
cons[火电机组分段中标量约束_5_6_6],0.0
cons[火电机组分段中标量约束_5_6_7],0.0
cons[火电机组分段中标量约束_5_6_8],0.0
cons[火电机组分段中标量约束_5_6_9],0.0
cons[火电机组出力之和约束_5_6],0.0
cons[火电机组分段中标量约束_5_7_0],0.0
cons[火电机组分段中标量约束_5_7_1],0.0
cons[火电机组分段中标量约束_5_7_2],0.0
cons[火电机组分段中标量约束_5_7_3],0.0
cons[火电机组分段中标量约束_5_7_4],0.0
cons[火电机组分段中标量约束_5_7_5],0.0
cons[火电机组分段中标量约束_5_7_6],0.0
cons[火电机组分段中标量约束_5_7_7],0.0
cons[火电机组分段中标量约束_5_7_8],0.0
cons[火电机组分段中标量约束_5_7_9],0.0
cons[火电机组出力之和约束_5_7],0.0
cons[火电机组分段中标量约束_5_8_0],0.0
cons[火电机组分段中标量约束_5_8_1],0.0
cons[火电机组分段中标量约束_5_8_2],0.0
cons[火电机组分段中标量约束_5_8_3],0.0
cons[火电机组分段中标量约束_5_8_4],0.0
cons[火电机组分段中标量约束_5_8_5],0.0
cons[火电机组分段中标量约束_5_8_6],0.0
cons[火电机组分段中标量约束_5_8_7],0.0
cons[火电机组分段中标量约束_5_8_8],0.0
cons[火电机组分段中标量约束_5_8_9],0.0
cons[火电机组出力之和约束_5_8],0.0
cons[火电机组分段中标量约束_5_9_0],0.0
cons[火电机组分段中标量约束_5_9_1],0.0
cons[火电机组分段中标量约束_5_9_2],0.0
cons[火电机组分段中标量约束_5_9_3],0.0
cons[火电机组分段中标量约束_5_9_4],0.0
cons[火电机组分段中标量约束_5_9_5],0.0
cons[火电机组分段中标量约束_5_9_6],0.0
cons[火电机组分段中标量约束_5_9_7],0.0
cons[火电机组分段中标量约束_5_9_8],0.0
cons[火电机组分段中标量约束_5_9_9],0.0
cons[火电机组出力之和约束_5_9],0.0
cons[火电机组分段中标量约束_5_10_0],0.0
cons[火电机组分段中标量约束_5_10_1],0.0
cons[火电机组分段中标量约束_5_10_2],0.0
cons[火电机组分段中标量约束_5_10_3],0.0
cons[火电机组分段中标量约束_5_10_4],0.0
cons[火电机组分段中标量约束_5_10_5],0.0
cons[火电机组分段中标量约束_5_10_6],0.0
cons[火电机组分段中标量约束_5_10_7],0.0
cons[火电机组分段中标量约束_5_10_8],0.0
cons[火电机组分段中标量约束_5_10_9],0.0
cons[火电机组出力之和约束_5_10],0.0
cons[火电机组分段中标量约束_5_11_0],0.0
cons[火电机组分段中标量约束_5_11_1],0.0
cons[火电机组分段中标量约束_5_11_2],0.0
cons[火电机组分段中标量约束_5_11_3],0.0
cons[火电机组分段中标量约束_5_11_4],0.0
cons[火电机组分段中标量约束_5_11_5],0.0
cons[火电机组分段中标量约束_5_11_6],0.0
cons[火电机组分段中标量约束_5_11_7],0.0
cons[火电机组分段中标量约束_5_11_8],0.0
cons[火电机组分段中标量约束_5_11_9],0.0
cons[火电机组出力之和约束_5_11],0.0
cons[火电机组分段中标量约束_5_12_0],0.0
cons[火电机组分段中标量约束_5_12_1],0.0
cons[火电机组分段中标量约束_5_12_2],0.0
cons[火电机组分段中标量约束_5_12_3],0.0
cons[火电机组分段中标量约束_5_12_4],0.0
cons[火电机组分段中标量约束_5_12_5],0.0
cons[火电机组分段中标量约束_5_12_6],0.0
cons[火电机组分段中标量约束_5_12_7],0.0
cons[火电机组分段中标量约束_5_12_8],0.0
cons[火电机组分段中标量约束_5_12_9],0.0
cons[火电机组出力之和约束_5_12],0.0
cons[火电机组分段中标量约束_5_13_0],0.0
cons[火电机组分段中标量约束_5_13_1],0.0
cons[火电机组分段中标量约束_5_13_2],0.0
cons[火电机组分段中标量约束_5_13_3],0.0
cons[火电机组分段中标量约束_5_13_4],0.0
cons[火电机组分段中标量约束_5_13_5],0.0
cons[火电机组分段中标量约束_5_13_6],0.0
cons[火电机组分段中标量约束_5_13_7],0.0
cons[火电机组分段中标量约束_5_13_8],0.0
cons[火电机组分段中标量约束_5_13_9],0.0
cons[火电机组出力之和约束_5_13],0.0
cons[火电机组分段中标量约束_5_14_0],0.0
cons[火电机组分段中标量约束_5_14_1],0.0
cons[火电机组分段中标量约束_5_14_2],0.0
cons[火电机组分段中标量约束_5_14_3],0.0
cons[火电机组分段中标量约束_5_14_4],0.0
cons[火电机组分段中标量约束_5_14_5],0.0
cons[火电机组分段中标量约束_5_14_6],0.0
cons[火电机组分段中标量约束_5_14_7],0.0
cons[火电机组分段中标量约束_5_14_8],0.0
cons[火电机组分段中标量约束_5_14_9],0.0
cons[火电机组出力之和约束_5_14],0.0
cons[火电机组分段中标量约束_5_15_0],0.0
cons[火电机组分段中标量约束_5_15_1],0.0
cons[火电机组分段中标量约束_5_15_2],0.0
cons[火电机组分段中标量约束_5_15_3],0.0
cons[火电机组分段中标量约束_5_15_4],0.0
cons[火电机组分段中标量约束_5_15_5],0.0
cons[火电机组分段中标量约束_5_15_6],0.0
cons[火电机组分段中标量约束_5_15_7],0.0
cons[火电机组分段中标量约束_5_15_8],0.0
cons[火电机组分段中标量约束_5_15_9],0.0
cons[火电机组出力之和约束_5_15],0.0
cons[火电机组分段中标量约束_5_16_0],0.0
cons[火电机组分段中标量约束_5_16_1],0.0
cons[火电机组分段中标量约束_5_16_2],0.0
cons[火电机组分段中标量约束_5_16_3],0.0
cons[火电机组分段中标量约束_5_16_4],0.0
cons[火电机组分段中标量约束_5_16_5],0.0
cons[火电机组分段中标量约束_5_16_6],0.0
cons[火电机组分段中标量约束_5_16_7],0.0
cons[火电机组分段中标量约束_5_16_8],0.0
cons[火电机组分段中标量约束_5_16_9],0.0
cons[火电机组出力之和约束_5_16],0.0
cons[火电机组分段中标量约束_5_17_0],0.0
cons[火电机组分段中标量约束_5_17_1],0.0
cons[火电机组分段中标量约束_5_17_2],0.0
cons[火电机组分段中标量约束_5_17_3],0.0
cons[火电机组分段中标量约束_5_17_4],0.0
cons[火电机组分段中标量约束_5_17_5],0.0
cons[火电机组分段中标量约束_5_17_6],0.0
cons[火电机组分段中标量约束_5_17_7],0.0
cons[火电机组分段中标量约束_5_17_8],0.0
cons[火电机组分段中标量约束_5_17_9],0.0
cons[火电机组出力之和约束_5_17],0.0
cons[火电机组分段中标量约束_5_18_0],0.0
cons[火电机组分段中标量约束_5_18_1],0.0
cons[火电机组分段中标量约束_5_18_2],0.0
cons[火电机组分段中标量约束_5_18_3],0.0
cons[火电机组分段中标量约束_5_18_4],0.0
cons[火电机组分段中标量约束_5_18_5],0.0
cons[火电机组分段中标量约束_5_18_6],0.0
cons[火电机组分段中标量约束_5_18_7],0.0
cons[火电机组分段中标量约束_5_18_8],0.0
cons[火电机组分段中标量约束_5_18_9],0.0
cons[火电机组出力之和约束_5_18],0.0
cons[火电机组分段中标量约束_5_19_0],0.0
cons[火电机组分段中标量约束_5_19_1],0.0
cons[火电机组分段中标量约束_5_19_2],0.0
cons[火电机组分段中标量约束_5_19_3],0.0
cons[火电机组分段中标量约束_5_19_4],0.0
cons[火电机组分段中标量约束_5_19_5],0.0
cons[火电机组分段中标量约束_5_19_6],0.0
cons[火电机组分段中标量约束_5_19_7],0.0
cons[火电机组分段中标量约束_5_19_8],0.0
cons[火电机组分段中标量约束_5_19_9],0.0
cons[火电机组出力之和约束_5_19],0.0
cons[火电机组分段中标量约束_5_20_0],0.0
cons[火电机组分段中标量约束_5_20_1],0.0
cons[火电机组分段中标量约束_5_20_2],0.0
cons[火电机组分段中标量约束_5_20_3],0.0
cons[火电机组分段中标量约束_5_20_4],0.0
cons[火电机组分段中标量约束_5_20_5],0.0
cons[火电机组分段中标量约束_5_20_6],0.0
cons[火电机组分段中标量约束_5_20_7],0.0
cons[火电机组分段中标量约束_5_20_8],0.0
cons[火电机组分段中标量约束_5_20_9],0.0
cons[火电机组出力之和约束_5_20],0.0
cons[火电机组分段中标量约束_5_21_0],0.0
cons[火电机组分段中标量约束_5_21_1],0.0
cons[火电机组分段中标量约束_5_21_2],0.0
cons[火电机组分段中标量约束_5_21_3],0.0
cons[火电机组分段中标量约束_5_21_4],0.0
cons[火电机组分段中标量约束_5_21_5],0.0
cons[火电机组分段中标量约束_5_21_6],0.0
cons[火电机组分段中标量约束_5_21_7],0.0
cons[火电机组分段中标量约束_5_21_8],0.0
cons[火电机组分段中标量约束_5_21_9],0.0
cons[火电机组出力之和约束_5_21],0.0
cons[火电机组分段中标量约束_5_22_0],0.0
cons[火电机组分段中标量约束_5_22_1],0.0
cons[火电机组分段中标量约束_5_22_2],0.0
cons[火电机组分段中标量约束_5_22_3],0.0
cons[火电机组分段中标量约束_5_22_4],0.0
cons[火电机组分段中标量约束_5_22_5],0.0
cons[火电机组分段中标量约束_5_22_6],0.0
cons[火电机组分段中标量约束_5_22_7],0.0
cons[火电机组分段中标量约束_5_22_8],0.0
cons[火电机组分段中标量约束_5_22_9],0.0
cons[火电机组出力之和约束_5_22],0.0
cons[火电机组分段中标量约束_5_23_0],0.0
cons[火电机组分段中标量约束_5_23_1],0.0
cons[火电机组分段中标量约束_5_23_2],0.0
cons[火电机组分段中标量约束_5_23_3],0.0
cons[火电机组分段中标量约束_5_23_4],0.0
cons[火电机组分段中标量约束_5_23_5],0.0
cons[火电机组分段中标量约束_5_23_6],0.0
cons[火电机组分段中标量约束_5_23_7],0.0
cons[火电机组分段中标量约束_5_23_8],0.0
cons[火电机组分段中标量约束_5_23_9],0.0
cons[火电机组出力之和约束_5_23],-5969.236
cons[火电机组分段中标量约束_5_24_0],0.0
cons[火电机组分段中标量约束_5_24_1],0.0
cons[火电机组分段中标量约束_5_24_2],0.0
cons[火电机组分段中标量约束_5_24_3],0.0
cons[火电机组分段中标量约束_5_24_4],0.0
cons[火电机组分段中标量约束_5_24_5],0.0
cons[火电机组分段中标量约束_5_24_6],0.0
cons[火电机组分段中标量约束_5_24_7],0.0
cons[火电机组分段中标量约束_5_24_8],0.0
cons[火电机组分段中标量约束_5_24_9],0.0
cons[火电机组出力之和约束_5_24],-5969.236
cons[火电机组分段中标量约束_5_25_0],0.0
cons[火电机组分段中标量约束_5_25_1],0.0
cons[火电机组分段中标量约束_5_25_2],0.0
cons[火电机组分段中标量约束_5_25_3],0.0
cons[火电机组分段中标量约束_5_25_4],0.0
cons[火电机组分段中标量约束_5_25_5],0.0
cons[火电机组分段中标量约束_5_25_6],0.0
cons[火电机组分段中标量约束_5_25_7],0.0
cons[火电机组分段中标量约束_5_25_8],0.0
cons[火电机组分段中标量约束_5_25_9],0.0
cons[火电机组出力之和约束_5_25],-5969.236
cons[火电机组分段中标量约束_5_26_0],0.0
cons[火电机组分段中标量约束_5_26_1],0.0
cons[火电机组分段中标量约束_5_26_2],0.0
cons[火电机组分段中标量约束_5_26_3],0.0
cons[火电机组分段中标量约束_5_26_4],0.0
cons[火电机组分段中标量约束_5_26_5],0.0
cons[火电机组分段中标量约束_5_26_6],0.0
cons[火电机组分段中标量约束_5_26_7],0.0
cons[火电机组分段中标量约束_5_26_8],0.0
cons[火电机组分段中标量约束_5_26_9],0.0
cons[火电机组出力之和约束_5_26],-5969.236
cons[火电机组分段中标量约束_5_27_0],-10.738000000003012
cons[火电机组分段中标量约束_5_27_1],0.0
cons[火电机组分段中标量约束_5_27_2],0.0
cons[火电机组分段中标量约束_5_27_3],0.0
cons[火电机组分段中标量约束_5_27_4],0.0
cons[火电机组分段中标量约束_5_27_5],0.0
cons[火电机组分段中标量约束_5_27_6],0.0
cons[火电机组分段中标量约束_5_27_7],0.0
cons[火电机组分段中标量约束_5_27_8],0.0
cons[火电机组分段中标量约束_5_27_9],0.0
cons[火电机组出力之和约束_5_27],-5979.974000000003
cons[火电机组分段中标量约束_5_28_0],-55.69200000000001
cons[火电机组分段中标量约束_5_28_1],-27.84599999999955
cons[火电机组分段中标量约束_5_28_2],0.0
cons[火电机组分段中标量约束_5_28_3],0.0
cons[火电机组分段中标量约束_5_28_4],0.0
cons[火电机组分段中标量约束_5_28_5],0.0
cons[火电机组分段中标量约束_5_28_6],0.0
cons[火电机组分段中标量约束_5_28_7],0.0
cons[火电机组分段中标量约束_5_28_8],0.0
cons[火电机组分段中标量约束_5_28_9],0.0
cons[火电机组出力之和约束_5_28],-6024.928
cons[火电机组分段中标量约束_5_29_0],-83.53800000000047
cons[火电机组分段中标量约束_5_29_1],-55.69200000000001
cons[火电机组分段中标量约束_5_29_2],-27.84600000000046
cons[火电机组分段中标量约束_5_29_3],0.0
cons[火电机组分段中标量约束_5_29_4],0.0
cons[火电机组分段中标量约束_5_29_5],0.0
cons[火电机组分段中标量约束_5_29_6],0.0
cons[火电机组分段中标量约束_5_29_7],0.0
cons[火电机组分段中标量约束_5_29_8],0.0
cons[火电机组分段中标量约束_5_29_9],0.0
cons[火电机组出力之和约束_5_29],-6052.774
cons[火电机组分段中标量约束_5_30_0],-111.38400000000001
cons[火电机组分段中标量约束_5_30_1],-83.53799999999956
cons[火电机组分段中标量约束_5_30_2],-55.69200000000001
cons[火电机组分段中标量约束_5_30_3],-27.84599999999955
cons[火电机组分段中标量约束_5_30_4],0.0
cons[火电机组分段中标量约束_5_30_5],0.0
cons[火电机组分段中标量约束_5_30_6],0.0
cons[火电机组分段中标量约束_5_30_7],0.0
cons[火电机组分段中标量约束_5_30_8],0.0
cons[火电机组分段中标量约束_5_30_9],0.0
cons[火电机组出力之和约束_5_30],-6080.62
cons[火电机组分段中标量约束_5_31_0],-138.77499999999964
cons[火电机组分段中标量约束_5_31_1],-110.92899999999918
cons[火电机组分段中标量约束_5_31_2],-83.08299999999963
cons[火电机组分段中标量约束_5_31_3],-55.23699999999917
cons[火电机组分段中标量约束_5_31_4],-27.39099999999962
cons[火电机组分段中标量约束_5_31_5],0.0
cons[火电机组分段中标量约束_5_31_6],0.0
cons[火电机组分段中标量约束_5_31_7],0.0
cons[火电机组分段中标量约束_5_31_8],0.0
cons[火电机组分段中标量约束_5_31_9],0.0
cons[火电机组出力之和约束_5_31],-6108.0109999999995
cons[火电机组分段中标量约束_5_32_0],-139.23000000000047
cons[火电机组分段中标量约束_5_32_1],-111.38400000000001
cons[火电机组分段中标量约束_5_32_2],-83.53800000000047
cons[火电机组分段中标量约束_5_32_3],-55.69200000000001
cons[火电机组分段中标量约束_5_32_4],-27.84600000000046
cons[火电机组分段中标量约束_5_32_5],0.0
cons[火电机组分段中标量约束_5_32_6],0.0
cons[火电机组分段中标量约束_5_32_7],0.0
cons[火电机组分段中标量约束_5_32_8],0.0
cons[火电机组分段中标量约束_5_32_9],0.0
cons[火电机组出力之和约束_5_32],-6108.466
cons[火电机组分段中标量约束_5_33_0],-148.8760000000002
cons[火电机组分段中标量约束_5_33_1],-121.02999999999975
cons[火电机组分段中标量约束_5_33_2],-93.1840000000002
cons[火电机组分段中标量约束_5_33_3],-65.33799999999974
cons[火电机组分段中标量约束_5_33_4],-37.49200000000019
cons[火电机组分段中标量约束_5_33_5],-9.64599999999973
cons[火电机组分段中标量约束_5_33_6],0.0
cons[火电机组分段中标量约束_5_33_7],0.0
cons[火电机组分段中标量约束_5_33_8],0.0
cons[火电机组分段中标量约束_5_33_9],0.0
cons[火电机组出力之和约束_5_33],-6118.112
cons[火电机组分段中标量约束_5_34_0],-148.8760000000002
cons[火电机组分段中标量约束_5_34_1],-121.02999999999975
cons[火电机组分段中标量约束_5_34_2],-93.1840000000002
cons[火电机组分段中标量约束_5_34_3],-65.33799999999974
cons[火电机组分段中标量约束_5_34_4],-37.49200000000019
cons[火电机组分段中标量约束_5_34_5],-9.64599999999973
cons[火电机组分段中标量约束_5_34_6],0.0
cons[火电机组分段中标量约束_5_34_7],0.0
cons[火电机组分段中标量约束_5_34_8],0.0
cons[火电机组分段中标量约束_5_34_9],0.0
cons[火电机组出力之和约束_5_34],-6118.112
cons[火电机组分段中标量约束_5_35_0],-148.8760000000002
cons[火电机组分段中标量约束_5_35_1],-121.02999999999975
cons[火电机组分段中标量约束_5_35_2],-93.1840000000002
cons[火电机组分段中标量约束_5_35_3],-65.33799999999974
cons[火电机组分段中标量约束_5_35_4],-37.49200000000019
cons[火电机组分段中标量约束_5_35_5],-9.64599999999973
cons[火电机组分段中标量约束_5_35_6],0.0
cons[火电机组分段中标量约束_5_35_7],0.0
cons[火电机组分段中标量约束_5_35_8],0.0
cons[火电机组分段中标量约束_5_35_9],0.0
cons[火电机组出力之和约束_5_35],-6118.112
cons[火电机组分段中标量约束_5_36_0],-148.8760000000002
cons[火电机组分段中标量约束_5_36_1],-121.02999999999975
cons[火电机组分段中标量约束_5_36_2],-93.1840000000002
cons[火电机组分段中标量约束_5_36_3],-65.33799999999974
cons[火电机组分段中标量约束_5_36_4],-37.49200000000019
cons[火电机组分段中标量约束_5_36_5],-9.64599999999973
cons[火电机组分段中标量约束_5_36_6],0.0
cons[火电机组分段中标量约束_5_36_7],0.0
cons[火电机组分段中标量约束_5_36_8],0.0
cons[火电机组分段中标量约束_5_36_9],0.0
cons[火电机组出力之和约束_5_36],-6118.112
cons[火电机组分段中标量约束_5_37_0],-139.23000000000047
cons[火电机组分段中标量约束_5_37_1],-111.38400000000001
cons[火电机组分段中标量约束_5_37_2],-83.53800000000047
cons[火电机组分段中标量约束_5_37_3],-55.69200000000001
cons[火电机组分段中标量约束_5_37_4],-27.84600000000046
cons[火电机组分段中标量约束_5_37_5],0.0
cons[火电机组分段中标量约束_5_37_6],0.0
cons[火电机组分段中标量约束_5_37_7],0.0
cons[火电机组分段中标量约束_5_37_8],0.0
cons[火电机组分段中标量约束_5_37_9],0.0
cons[火电机组出力之和约束_5_37],-6108.466
cons[火电机组分段中标量约束_5_38_0],-139.23000000000047
cons[火电机组分段中标量约束_5_38_1],-111.38400000000001
cons[火电机组分段中标量约束_5_38_2],-83.53800000000047
cons[火电机组分段中标量约束_5_38_3],-55.69200000000001
cons[火电机组分段中标量约束_5_38_4],-27.84600000000046
cons[火电机组分段中标量约束_5_38_5],0.0
cons[火电机组分段中标量约束_5_38_6],0.0
cons[火电机组分段中标量约束_5_38_7],0.0
cons[火电机组分段中标量约束_5_38_8],0.0
cons[火电机组分段中标量约束_5_38_9],0.0
cons[火电机组出力之和约束_5_38],-6108.466
cons[火电机组分段中标量约束_5_39_0],-139.23000000000047
cons[火电机组分段中标量约束_5_39_1],-111.38400000000001
cons[火电机组分段中标量约束_5_39_2],-83.53800000000047
cons[火电机组分段中标量约束_5_39_3],-55.69200000000001
cons[火电机组分段中标量约束_5_39_4],-27.84600000000046
cons[火电机组分段中标量约束_5_39_5],0.0
cons[火电机组分段中标量约束_5_39_6],0.0
cons[火电机组分段中标量约束_5_39_7],0.0
cons[火电机组分段中标量约束_5_39_8],0.0
cons[火电机组分段中标量约束_5_39_9],0.0
cons[火电机组出力之和约束_5_39],-6108.466
cons[火电机组分段中标量约束_5_40_0],-139.23000000000047
cons[火电机组分段中标量约束_5_40_1],-111.38400000000001
cons[火电机组分段中标量约束_5_40_2],-83.53800000000047
cons[火电机组分段中标量约束_5_40_3],-55.69200000000001
cons[火电机组分段中标量约束_5_40_4],-27.84600000000046
cons[火电机组分段中标量约束_5_40_5],0.0
cons[火电机组分段中标量约束_5_40_6],0.0
cons[火电机组分段中标量约束_5_40_7],0.0
cons[火电机组分段中标量约束_5_40_8],0.0
cons[火电机组分段中标量约束_5_40_9],0.0
cons[火电机组出力之和约束_5_40],-6108.466
cons[火电机组分段中标量约束_5_41_0],-139.23000000000047
cons[火电机组分段中标量约束_5_41_1],-111.38400000000001
cons[火电机组分段中标量约束_5_41_2],-83.53800000000047
cons[火电机组分段中标量约束_5_41_3],-55.69200000000001
cons[火电机组分段中标量约束_5_41_4],-27.84600000000046
cons[火电机组分段中标量约束_5_41_5],0.0
cons[火电机组分段中标量约束_5_41_6],0.0
cons[火电机组分段中标量约束_5_41_7],0.0
cons[火电机组分段中标量约束_5_41_8],0.0
cons[火电机组分段中标量约束_5_41_9],0.0
cons[火电机组出力之和约束_5_41],-6108.466
cons[火电机组分段中标量约束_5_42_0],-139.23000000000047
cons[火电机组分段中标量约束_5_42_1],-111.38400000000001
cons[火电机组分段中标量约束_5_42_2],-83.53800000000047
cons[火电机组分段中标量约束_5_42_3],-55.69200000000001
cons[火电机组分段中标量约束_5_42_4],-27.84600000000046
cons[火电机组分段中标量约束_5_42_5],0.0
cons[火电机组分段中标量约束_5_42_6],0.0
cons[火电机组分段中标量约束_5_42_7],0.0
cons[火电机组分段中标量约束_5_42_8],0.0
cons[火电机组分段中标量约束_5_42_9],0.0
cons[火电机组出力之和约束_5_42],-6108.466
cons[火电机组分段中标量约束_5_43_0],-139.23000000000047
cons[火电机组分段中标量约束_5_43_1],-111.38400000000001
cons[火电机组分段中标量约束_5_43_2],-83.53800000000047
cons[火电机组分段中标量约束_5_43_3],-55.69200000000001
cons[火电机组分段中标量约束_5_43_4],-27.84600000000046
cons[火电机组分段中标量约束_5_43_5],0.0
cons[火电机组分段中标量约束_5_43_6],0.0
cons[火电机组分段中标量约束_5_43_7],0.0
cons[火电机组分段中标量约束_5_43_8],0.0
cons[火电机组分段中标量约束_5_43_9],0.0
cons[火电机组出力之和约束_5_43],-6108.466
cons[火电机组分段中标量约束_5_44_0],-139.23000000000047
cons[火电机组分段中标量约束_5_44_1],-111.38400000000001
cons[火电机组分段中标量约束_5_44_2],-83.53800000000047
cons[火电机组分段中标量约束_5_44_3],-55.69200000000001
cons[火电机组分段中标量约束_5_44_4],-27.84600000000046
cons[火电机组分段中标量约束_5_44_5],0.0
cons[火电机组分段中标量约束_5_44_6],0.0
cons[火电机组分段中标量约束_5_44_7],0.0
cons[火电机组分段中标量约束_5_44_8],0.0
cons[火电机组分段中标量约束_5_44_9],0.0
cons[火电机组出力之和约束_5_44],-6108.466
cons[火电机组分段中标量约束_5_45_0],-138.77499999999964
cons[火电机组分段中标量约束_5_45_1],-110.92899999999918
cons[火电机组分段中标量约束_5_45_2],-83.08299999999963
cons[火电机组分段中标量约束_5_45_3],-55.23699999999917
cons[火电机组分段中标量约束_5_45_4],-27.39099999999962
cons[火电机组分段中标量约束_5_45_5],0.0
cons[火电机组分段中标量约束_5_45_6],0.0
cons[火电机组分段中标量约束_5_45_7],0.0
cons[火电机组分段中标量约束_5_45_8],0.0
cons[火电机组分段中标量约束_5_45_9],0.0
cons[火电机组出力之和约束_5_45],-6108.0109999999995
cons[火电机组分段中标量约束_5_46_0],-138.77499999999964
cons[火电机组分段中标量约束_5_46_1],-110.92899999999918
cons[火电机组分段中标量约束_5_46_2],-83.08299999999963
cons[火电机组分段中标量约束_5_46_3],-55.23699999999917
cons[火电机组分段中标量约束_5_46_4],-27.39099999999962
cons[火电机组分段中标量约束_5_46_5],0.0
cons[火电机组分段中标量约束_5_46_6],0.0
cons[火电机组分段中标量约束_5_46_7],0.0
cons[火电机组分段中标量约束_5_46_8],0.0
cons[火电机组分段中标量约束_5_46_9],0.0
cons[火电机组出力之和约束_5_46],-6108.0109999999995
cons[火电机组分段中标量约束_5_47_0],-138.77499999999964
cons[火电机组分段中标量约束_5_47_1],-110.92899999999918
cons[火电机组分段中标量约束_5_47_2],-83.08299999999963
cons[火电机组分段中标量约束_5_47_3],-55.23699999999917
cons[火电机组分段中标量约束_5_47_4],-27.39099999999962
cons[火电机组分段中标量约束_5_47_5],0.0
cons[火电机组分段中标量约束_5_47_6],0.0
cons[火电机组分段中标量约束_5_47_7],0.0
cons[火电机组分段中标量约束_5_47_8],0.0
cons[火电机组分段中标量约束_5_47_9],0.0
cons[火电机组出力之和约束_5_47],-6108.0109999999995
cons[火电机组分段中标量约束_5_48_0],-138.77499999999964
cons[火电机组分段中标量约束_5_48_1],-110.92899999999918
cons[火电机组分段中标量约束_5_48_2],-83.08299999999963
cons[火电机组分段中标量约束_5_48_3],-55.23699999999917
cons[火电机组分段中标量约束_5_48_4],-27.39099999999962
cons[火电机组分段中标量约束_5_48_5],0.0
cons[火电机组分段中标量约束_5_48_6],0.0
cons[火电机组分段中标量约束_5_48_7],0.0
cons[火电机组分段中标量约束_5_48_8],0.0
cons[火电机组分段中标量约束_5_48_9],0.0
cons[火电机组出力之和约束_5_48],-6108.0109999999995
cons[火电机组分段中标量约束_5_49_0],-138.77499999999964
cons[火电机组分段中标量约束_5_49_1],-110.92899999999918
cons[火电机组分段中标量约束_5_49_2],-83.08299999999963
cons[火电机组分段中标量约束_5_49_3],-55.23699999999917
cons[火电机组分段中标量约束_5_49_4],-27.39099999999962
cons[火电机组分段中标量约束_5_49_5],0.0
cons[火电机组分段中标量约束_5_49_6],0.0
cons[火电机组分段中标量约束_5_49_7],0.0
cons[火电机组分段中标量约束_5_49_8],0.0
cons[火电机组分段中标量约束_5_49_9],0.0
cons[火电机组出力之和约束_5_49],-6108.0109999999995
cons[火电机组分段中标量约束_5_50_0],-138.77499999999964
cons[火电机组分段中标量约束_5_50_1],-110.92899999999918
cons[火电机组分段中标量约束_5_50_2],-83.08299999999963
cons[火电机组分段中标量约束_5_50_3],-55.23699999999917
cons[火电机组分段中标量约束_5_50_4],-27.39099999999962
cons[火电机组分段中标量约束_5_50_5],0.0
cons[火电机组分段中标量约束_5_50_6],0.0
cons[火电机组分段中标量约束_5_50_7],0.0
cons[火电机组分段中标量约束_5_50_8],0.0
cons[火电机组分段中标量约束_5_50_9],0.0
cons[火电机组出力之和约束_5_50],-6108.0109999999995
cons[火电机组分段中标量约束_5_51_0],-138.77499999999964
cons[火电机组分段中标量约束_5_51_1],-110.92899999999918
cons[火电机组分段中标量约束_5_51_2],-83.08299999999963
cons[火电机组分段中标量约束_5_51_3],-55.23699999999917
cons[火电机组分段中标量约束_5_51_4],-27.39099999999962
cons[火电机组分段中标量约束_5_51_5],0.0
cons[火电机组分段中标量约束_5_51_6],0.0
cons[火电机组分段中标量约束_5_51_7],0.0
cons[火电机组分段中标量约束_5_51_8],0.0
cons[火电机组分段中标量约束_5_51_9],0.0
cons[火电机组出力之和约束_5_51],-6108.0109999999995
cons[火电机组分段中标量约束_5_52_0],-138.77499999999964
cons[火电机组分段中标量约束_5_52_1],-110.92899999999918
cons[火电机组分段中标量约束_5_52_2],-83.08299999999963
cons[火电机组分段中标量约束_5_52_3],-55.23699999999917
cons[火电机组分段中标量约束_5_52_4],-27.39099999999962
cons[火电机组分段中标量约束_5_52_5],0.0
cons[火电机组分段中标量约束_5_52_6],0.0
cons[火电机组分段中标量约束_5_52_7],0.0
cons[火电机组分段中标量约束_5_52_8],0.0
cons[火电机组分段中标量约束_5_52_9],0.0
cons[火电机组出力之和约束_5_52],-6108.0109999999995
cons[火电机组分段中标量约束_5_53_0],-111.38400000000001
cons[火电机组分段中标量约束_5_53_1],-83.53799999999956
cons[火电机组分段中标量约束_5_53_2],-55.69200000000001
cons[火电机组分段中标量约束_5_53_3],-27.84599999999955
cons[火电机组分段中标量约束_5_53_4],0.0
cons[火电机组分段中标量约束_5_53_5],0.0
cons[火电机组分段中标量约束_5_53_6],0.0
cons[火电机组分段中标量约束_5_53_7],0.0
cons[火电机组分段中标量约束_5_53_8],0.0
cons[火电机组分段中标量约束_5_53_9],0.0
cons[火电机组出力之和约束_5_53],-6080.62
cons[火电机组分段中标量约束_5_54_0],-111.38400000000001
cons[火电机组分段中标量约束_5_54_1],-83.53799999999956
cons[火电机组分段中标量约束_5_54_2],-55.69200000000001
cons[火电机组分段中标量约束_5_54_3],-27.84599999999955
cons[火电机组分段中标量约束_5_54_4],0.0
cons[火电机组分段中标量约束_5_54_5],0.0
cons[火电机组分段中标量约束_5_54_6],0.0
cons[火电机组分段中标量约束_5_54_7],0.0
cons[火电机组分段中标量约束_5_54_8],0.0
cons[火电机组分段中标量约束_5_54_9],0.0
cons[火电机组出力之和约束_5_54],-6080.62
cons[火电机组分段中标量约束_5_55_0],-111.38400000000001
cons[火电机组分段中标量约束_5_55_1],-83.53799999999956
cons[火电机组分段中标量约束_5_55_2],-55.69200000000001
cons[火电机组分段中标量约束_5_55_3],-27.84599999999955
cons[火电机组分段中标量约束_5_55_4],0.0
cons[火电机组分段中标量约束_5_55_5],0.0
cons[火电机组分段中标量约束_5_55_6],0.0
cons[火电机组分段中标量约束_5_55_7],0.0
cons[火电机组分段中标量约束_5_55_8],0.0
cons[火电机组分段中标量约束_5_55_9],0.0
cons[火电机组出力之和约束_5_55],-6080.62
cons[火电机组分段中标量约束_5_56_0],-111.38400000000001
cons[火电机组分段中标量约束_5_56_1],-83.53799999999956
cons[火电机组分段中标量约束_5_56_2],-55.69200000000001
cons[火电机组分段中标量约束_5_56_3],-27.84599999999955
cons[火电机组分段中标量约束_5_56_4],0.0
cons[火电机组分段中标量约束_5_56_5],0.0
cons[火电机组分段中标量约束_5_56_6],0.0
cons[火电机组分段中标量约束_5_56_7],0.0
cons[火电机组分段中标量约束_5_56_8],0.0
cons[火电机组分段中标量约束_5_56_9],0.0
cons[火电机组出力之和约束_5_56],-6080.62
cons[火电机组分段中标量约束_5_57_0],-111.38400000000001
cons[火电机组分段中标量约束_5_57_1],-83.53799999999956
cons[火电机组分段中标量约束_5_57_2],-55.69200000000001
cons[火电机组分段中标量约束_5_57_3],-27.84599999999955
cons[火电机组分段中标量约束_5_57_4],0.0
cons[火电机组分段中标量约束_5_57_5],0.0
cons[火电机组分段中标量约束_5_57_6],0.0
cons[火电机组分段中标量约束_5_57_7],0.0
cons[火电机组分段中标量约束_5_57_8],0.0
cons[火电机组分段中标量约束_5_57_9],0.0
cons[火电机组出力之和约束_5_57],-6080.62
cons[火电机组分段中标量约束_5_58_0],-111.38400000000001
cons[火电机组分段中标量约束_5_58_1],-83.53799999999956
cons[火电机组分段中标量约束_5_58_2],-55.69200000000001
cons[火电机组分段中标量约束_5_58_3],-27.84599999999955
cons[火电机组分段中标量约束_5_58_4],0.0
cons[火电机组分段中标量约束_5_58_5],0.0
cons[火电机组分段中标量约束_5_58_6],0.0
cons[火电机组分段中标量约束_5_58_7],0.0
cons[火电机组分段中标量约束_5_58_8],0.0
cons[火电机组分段中标量约束_5_58_9],0.0
cons[火电机组出力之和约束_5_58],-6080.62
cons[火电机组分段中标量约束_5_59_0],-138.77499999999964
cons[火电机组分段中标量约束_5_59_1],-110.92899999999918
cons[火电机组分段中标量约束_5_59_2],-83.08299999999963
cons[火电机组分段中标量约束_5_59_3],-55.23699999999917
cons[火电机组分段中标量约束_5_59_4],-27.39099999999962
cons[火电机组分段中标量约束_5_59_5],0.0
cons[火电机组分段中标量约束_5_59_6],0.0
cons[火电机组分段中标量约束_5_59_7],0.0
cons[火电机组分段中标量约束_5_59_8],0.0
cons[火电机组分段中标量约束_5_59_9],0.0
cons[火电机组出力之和约束_5_59],-6108.0109999999995
cons[火电机组分段中标量约束_5_60_0],-139.23000000000047
cons[火电机组分段中标量约束_5_60_1],-111.38400000000001
cons[火电机组分段中标量约束_5_60_2],-83.53800000000047
cons[火电机组分段中标量约束_5_60_3],-55.69200000000001
cons[火电机组分段中标量约束_5_60_4],-27.84600000000046
cons[火电机组分段中标量约束_5_60_5],0.0
cons[火电机组分段中标量约束_5_60_6],0.0
cons[火电机组分段中标量约束_5_60_7],0.0
cons[火电机组分段中标量约束_5_60_8],0.0
cons[火电机组分段中标量约束_5_60_9],0.0
cons[火电机组出力之和约束_5_60],-6108.466
cons[火电机组分段中标量约束_5_61_0],-167.07600000000002
cons[火电机组分段中标量约束_5_61_1],-139.22999999999956
cons[火电机组分段中标量约束_5_61_2],-111.38400000000001
cons[火电机组分段中标量约束_5_61_3],-83.53799999999956
cons[火电机组分段中标量约束_5_61_4],-55.69200000000001
cons[火电机组分段中标量约束_5_61_5],-27.84599999999955
cons[火电机组分段中标量约束_5_61_6],0.0
cons[火电机组分段中标量约束_5_61_7],0.0
cons[火电机组分段中标量约束_5_61_8],0.0
cons[火电机组分段中标量约束_5_61_9],0.0
cons[火电机组出力之和约束_5_61],-6136.312
cons[火电机组分段中标量约束_5_62_0],-194.92199999999957
cons[火电机组分段中标量约束_5_62_1],-167.0759999999991
cons[火电机组分段中标量约束_5_62_2],-139.22999999999956
cons[火电机组分段中标量约束_5_62_3],-111.3839999999991
cons[火电机组分段中标量约束_5_62_4],-83.53799999999956
cons[火电机组分段中标量约束_5_62_5],-55.6919999999991
cons[火电机组分段中标量约束_5_62_6],-27.84599999999955
cons[火电机组分段中标量约束_5_62_7],0.0
cons[火电机组分段中标量约束_5_62_8],0.0
cons[火电机组分段中标量约束_5_62_9],0.0
cons[火电机组出力之和约束_5_62],-6164.157999999999
cons[火电机组分段中标量约束_5_63_0],-194.92199999999957
cons[火电机组分段中标量约束_5_63_1],-167.0759999999991
cons[火电机组分段中标量约束_5_63_2],-139.22999999999956
cons[火电机组分段中标量约束_5_63_3],-111.3839999999991
cons[火电机组分段中标量约束_5_63_4],-83.53799999999956
cons[火电机组分段中标量约束_5_63_5],-55.6919999999991
cons[火电机组分段中标量约束_5_63_6],-27.84599999999955
cons[火电机组分段中标量约束_5_63_7],0.0
cons[火电机组分段中标量约束_5_63_8],0.0
cons[火电机组分段中标量约束_5_63_9],0.0
cons[火电机组出力之和约束_5_63],-6164.157999999999
cons[火电机组分段中标量约束_5_64_0],-222.76800000000185
cons[火电机组分段中标量约束_5_64_1],-194.9220000000014
cons[火电机组分段中标量约束_5_64_2],-167.07600000000184
cons[火电机组分段中标量约束_5_64_3],-139.23000000000138
cons[火电机组分段中标量约束_5_64_4],-111.38400000000183
cons[火电机组分段中标量约束_5_64_5],-83.53800000000138
cons[火电机组分段中标量约束_5_64_6],-55.692000000001826
cons[火电机组分段中标量约束_5_64_7],-27.846000000002277
cons[火电机组分段中标量约束_5_64_8],0.0
cons[火电机组分段中标量约束_5_64_9],0.0
cons[火电机组出力之和约束_5_64],-6192.004000000002
cons[火电机组分段中标量约束_5_65_0],-230.8670000000002
cons[火电机组分段中标量约束_5_65_1],-203.02099999999973
cons[火电机组分段中标量约束_5_65_2],-175.17500000000018
cons[火电机组分段中标量约束_5_65_3],-147.32899999999972
cons[火电机组分段中标量约束_5_65_4],-119.48300000000017
cons[火电机组分段中标量约束_5_65_5],-91.63699999999972
cons[火电机组分段中标量约束_5_65_6],-63.79100000000017
cons[火电机组分段中标量约束_5_65_7],-35.94500000000062
cons[火电机组分段中标量约束_5_65_8],-8.098999999998341
cons[火电机组分段中标量约束_5_65_9],0.0
cons[火电机组出力之和约束_5_65],-6200.103
cons[火电机组分段中标量约束_5_66_0],-250.6140000000005
cons[火电机组分段中标量约束_5_66_1],-222.76800000000003
cons[火电机组分段中标量约束_5_66_2],-194.92200000000048
cons[火电机组分段中标量约束_5_66_3],-167.07600000000002
cons[火电机组分段中标量约束_5_66_4],-139.23000000000047
cons[火电机组分段中标量约束_5_66_5],-111.38400000000001
cons[火电机组分段中标量约束_5_66_6],-83.53800000000047
cons[火电机组分段中标量约束_5_66_7],-55.69200000000092
cons[火电机组分段中标量约束_5_66_8],-27.84599999999864
cons[火电机组分段中标量约束_5_66_9],0.0
cons[火电机组出力之和约束_5_66],-6219.85
cons[火电机组分段中标量约束_5_67_0],-250.6140000000005
cons[火电机组分段中标量约束_5_67_1],-222.76800000000003
cons[火电机组分段中标量约束_5_67_2],-194.92200000000048
cons[火电机组分段中标量约束_5_67_3],-167.07600000000002
cons[火电机组分段中标量约束_5_67_4],-139.23000000000047
cons[火电机组分段中标量约束_5_67_5],-111.38400000000001
cons[火电机组分段中标量约束_5_67_6],-83.53800000000047
cons[火电机组分段中标量约束_5_67_7],-55.69200000000092
cons[火电机组分段中标量约束_5_67_8],-27.84599999999864
cons[火电机组分段中标量约束_5_67_9],0.0
cons[火电机组出力之和约束_5_67],-6219.85
cons[火电机组分段中标量约束_5_68_0],-250.6140000000005
cons[火电机组分段中标量约束_5_68_1],-222.76800000000003
cons[火电机组分段中标量约束_5_68_2],-194.92200000000048
cons[火电机组分段中标量约束_5_68_3],-167.07600000000002
cons[火电机组分段中标量约束_5_68_4],-139.23000000000047
cons[火电机组分段中标量约束_5_68_5],-111.38400000000001
cons[火电机组分段中标量约束_5_68_6],-83.53800000000047
cons[火电机组分段中标量约束_5_68_7],-55.69200000000092
cons[火电机组分段中标量约束_5_68_8],-27.84599999999864
cons[火电机组分段中标量约束_5_68_9],0.0
cons[火电机组出力之和约束_5_68],-6219.85
cons[火电机组分段中标量约束_5_69_0],-250.6140000000005
cons[火电机组分段中标量约束_5_69_1],-222.76800000000003
cons[火电机组分段中标量约束_5_69_2],-194.92200000000048
cons[火电机组分段中标量约束_5_69_3],-167.07600000000002
cons[火电机组分段中标量约束_5_69_4],-139.23000000000047
cons[火电机组分段中标量约束_5_69_5],-111.38400000000001
cons[火电机组分段中标量约束_5_69_6],-83.53800000000047
cons[火电机组分段中标量约束_5_69_7],-55.69200000000092
cons[火电机组分段中标量约束_5_69_8],-27.84599999999864
cons[火电机组分段中标量约束_5_69_9],0.0
cons[火电机组出力之和约束_5_69],-6219.85
cons[火电机组分段中标量约束_5_70_0],-250.6140000000005
cons[火电机组分段中标量约束_5_70_1],-222.76800000000003
cons[火电机组分段中标量约束_5_70_2],-194.92200000000048
cons[火电机组分段中标量约束_5_70_3],-167.07600000000002
cons[火电机组分段中标量约束_5_70_4],-139.23000000000047
cons[火电机组分段中标量约束_5_70_5],-111.38400000000001
cons[火电机组分段中标量约束_5_70_6],-83.53800000000047
cons[火电机组分段中标量约束_5_70_7],-55.69200000000092
cons[火电机组分段中标量约束_5_70_8],-27.84599999999864
cons[火电机组分段中标量约束_5_70_9],0.0
cons[火电机组出力之和约束_5_70],-6219.85
cons[火电机组分段中标量约束_5_71_0],-250.6140000000005
cons[火电机组分段中标量约束_5_71_1],-222.76800000000003
cons[火电机组分段中标量约束_5_71_2],-194.92200000000048
cons[火电机组分段中标量约束_5_71_3],-167.07600000000002
cons[火电机组分段中标量约束_5_71_4],-139.23000000000047
cons[火电机组分段中标量约束_5_71_5],-111.38400000000001
cons[火电机组分段中标量约束_5_71_6],-83.53800000000047
cons[火电机组分段中标量约束_5_71_7],-55.69200000000092
cons[火电机组分段中标量约束_5_71_8],-27.84599999999864
cons[火电机组分段中标量约束_5_71_9],0.0
cons[火电机组出力之和约束_5_71],-6219.85
cons[火电机组分段中标量约束_5_72_0],-276.91299999999956
cons[火电机组分段中标量约束_5_72_1],-249.0669999999991
cons[火电机组分段中标量约束_5_72_2],-221.22099999999955
cons[火电机组分段中标量约束_5_72_3],-193.3749999999991
cons[火电机组分段中标量约束_5_72_4],-165.52899999999954
cons[火电机组分段中标量约束_5_72_5],-137.68299999999908
cons[火电机组分段中标量约束_5_72_6],-109.83699999999953
cons[火电机组分段中标量约束_5_72_7],-81.99099999999999
cons[火电机组分段中标量约束_5_72_8],-54.14499999999771
cons[火电机组分段中标量约束_5_72_9],-26.29899999999907
cons[火电机组出力之和约束_5_72],-6246.148999999999
cons[火电机组分段中标量约束_5_73_0],-287.01400000000285
cons[火电机组分段中标量约束_5_73_1],-259.1680000000024
cons[火电机组分段中标量约束_5_73_2],-231.32200000000284
cons[火电机组分段中标量约束_5_73_3],-203.4760000000024
cons[火电机组分段中标量约束_5_73_4],-175.63000000000284
cons[火电机组分段中标量约束_5_73_5],-147.78400000000238
cons[火电机组分段中标量约束_5_73_6],-119.93800000000283
cons[火电机组分段中标量约束_5_73_7],-92.09200000000328
cons[火电机组分段中标量约束_5_73_8],-64.246000000001
cons[火电机组分段中标量约束_5_73_9],-36.400000000002365
cons[火电机组出力之和约束_5_73],-6256.250000000003
cons[火电机组分段中标量约束_5_74_0],-318.5455000000002
cons[火电机组分段中标量约束_5_74_1],-290.6994999999997
cons[火电机组分段中标量约束_5_74_2],-262.85350000000017
cons[火电机组分段中标量约束_5_74_3],-235.0074999999997
cons[火电机组分段中标量约束_5_74_4],-207.16150000000016
cons[火电机组分段中标量约束_5_74_5],-179.3154999999997
cons[火电机组分段中标量约束_5_74_6],-151.46950000000015
cons[火电机组分段中标量约束_5_74_7],-123.6235000000006
cons[火电机组分段中标量约束_5_74_8],-95.77749999999833
cons[火电机组分段中标量约束_5_74_9],-67.93149999999969
cons[火电机组出力之和约束_5_74],-6287.7815
cons[火电机组分段中标量约束_5_75_0],-318.5455000000002
cons[火电机组分段中标量约束_5_75_1],-290.6994999999997
cons[火电机组分段中标量约束_5_75_2],-262.85350000000017
cons[火电机组分段中标量约束_5_75_3],-235.0074999999997
cons[火电机组分段中标量约束_5_75_4],-207.16150000000016
cons[火电机组分段中标量约束_5_75_5],-179.3154999999997
cons[火电机组分段中标量约束_5_75_6],-151.46950000000015
cons[火电机组分段中标量约束_5_75_7],-123.6235000000006
cons[火电机组分段中标量约束_5_75_8],-95.77749999999833
cons[火电机组分段中标量约束_5_75_9],-67.93149999999969
cons[火电机组出力之和约束_5_75],-6287.7815
cons[火电机组分段中标量约束_5_76_0],-276.91299999999956
cons[火电机组分段中标量约束_5_76_1],-249.0669999999991
cons[火电机组分段中标量约束_5_76_2],-221.22099999999955
cons[火电机组分段中标量约束_5_76_3],-193.3749999999991
cons[火电机组分段中标量约束_5_76_4],-165.52899999999954
cons[火电机组分段中标量约束_5_76_5],-137.68299999999908
cons[火电机组分段中标量约束_5_76_6],-109.83699999999953
cons[火电机组分段中标量约束_5_76_7],-81.99099999999999
cons[火电机组分段中标量约束_5_76_8],-54.14499999999771
cons[火电机组分段中标量约束_5_76_9],-26.29899999999907
cons[火电机组出力之和约束_5_76],-6246.148999999999
cons[火电机组分段中标量约束_5_77_0],-250.6140000000005
cons[火电机组分段中标量约束_5_77_1],-222.76800000000003
cons[火电机组分段中标量约束_5_77_2],-194.92200000000048
cons[火电机组分段中标量约束_5_77_3],-167.07600000000002
cons[火电机组分段中标量约束_5_77_4],-139.23000000000047
cons[火电机组分段中标量约束_5_77_5],-111.38400000000001
cons[火电机组分段中标量约束_5_77_6],-83.53800000000047
cons[火电机组分段中标量约束_5_77_7],-55.69200000000092
cons[火电机组分段中标量约束_5_77_8],-27.84599999999864
cons[火电机组分段中标量约束_5_77_9],0.0
cons[火电机组出力之和约束_5_77],-6219.85
cons[火电机组分段中标量约束_5_78_0],-250.6140000000005
cons[火电机组分段中标量约束_5_78_1],-222.76800000000003
cons[火电机组分段中标量约束_5_78_2],-194.92200000000048
cons[火电机组分段中标量约束_5_78_3],-167.07600000000002
cons[火电机组分段中标量约束_5_78_4],-139.23000000000047
cons[火电机组分段中标量约束_5_78_5],-111.38400000000001
cons[火电机组分段中标量约束_5_78_6],-83.53800000000047
cons[火电机组分段中标量约束_5_78_7],-55.69200000000092
cons[火电机组分段中标量约束_5_78_8],-27.84599999999864
cons[火电机组分段中标量约束_5_78_9],0.0
cons[火电机组出力之和约束_5_78],-6219.85
cons[火电机组分段中标量约束_5_79_0],-250.6140000000005
cons[火电机组分段中标量约束_5_79_1],-222.76800000000003
cons[火电机组分段中标量约束_5_79_2],-194.92200000000048
cons[火电机组分段中标量约束_5_79_3],-167.07600000000002
cons[火电机组分段中标量约束_5_79_4],-139.23000000000047
cons[火电机组分段中标量约束_5_79_5],-111.38400000000001
cons[火电机组分段中标量约束_5_79_6],-83.53800000000047
cons[火电机组分段中标量约束_5_79_7],-55.69200000000092
cons[火电机组分段中标量约束_5_79_8],-27.84599999999864
cons[火电机组分段中标量约束_5_79_9],0.0
cons[火电机组出力之和约束_5_79],-6219.85
cons[火电机组分段中标量约束_5_80_0],-230.8670000000002
cons[火电机组分段中标量约束_5_80_1],-203.02099999999973
cons[火电机组分段中标量约束_5_80_2],-175.17500000000018
cons[火电机组分段中标量约束_5_80_3],-147.32899999999972
cons[火电机组分段中标量约束_5_80_4],-119.48300000000017
cons[火电机组分段中标量约束_5_80_5],-91.63699999999972
cons[火电机组分段中标量约束_5_80_6],-63.79100000000017
cons[火电机组分段中标量约束_5_80_7],-35.94500000000062
cons[火电机组分段中标量约束_5_80_8],-8.098999999998341
cons[火电机组分段中标量约束_5_80_9],0.0
cons[火电机组出力之和约束_5_80],-6200.103
cons[火电机组分段中标量约束_5_81_0],-227.45449999999983
cons[火电机组分段中标量约束_5_81_1],-199.60849999999937
cons[火电机组分段中标量约束_5_81_2],-171.76249999999982
cons[火电机组分段中标量约束_5_81_3],-143.91649999999936
cons[火电机组分段中标量约束_5_81_4],-116.07049999999981
cons[火电机组分段中标量约束_5_81_5],-88.22449999999935
cons[火电机组分段中标量约束_5_81_6],-60.3784999999998
cons[火电机组分段中标量约束_5_81_7],-32.532500000000255
cons[火电机组分段中标量约束_5_81_8],-4.686499999997977
cons[火电机组分段中标量约束_5_81_9],0.0
cons[火电机组出力之和约束_5_81],-6196.6905
cons[火电机组分段中标量约束_5_82_0],-222.76800000000185
cons[火电机组分段中标量约束_5_82_1],-194.9220000000014
cons[火电机组分段中标量约束_5_82_2],-167.07600000000184
cons[火电机组分段中标量约束_5_82_3],-139.23000000000138
cons[火电机组分段中标量约束_5_82_4],-111.38400000000183
cons[火电机组分段中标量约束_5_82_5],-83.53800000000138
cons[火电机组分段中标量约束_5_82_6],-55.692000000001826
cons[火电机组分段中标量约束_5_82_7],-27.846000000002277
cons[火电机组分段中标量约束_5_82_8],0.0
cons[火电机组分段中标量约束_5_82_9],0.0
cons[火电机组出力之和约束_5_82],-6192.004000000002
cons[火电机组分段中标量约束_5_83_0],-194.92199999999957
cons[火电机组分段中标量约束_5_83_1],-167.0759999999991
cons[火电机组分段中标量约束_5_83_2],-139.22999999999956
cons[火电机组分段中标量约束_5_83_3],-111.3839999999991
cons[火电机组分段中标量约束_5_83_4],-83.53799999999956
cons[火电机组分段中标量约束_5_83_5],-55.6919999999991
cons[火电机组分段中标量约束_5_83_6],-27.84599999999955
cons[火电机组分段中标量约束_5_83_7],0.0
cons[火电机组分段中标量约束_5_83_8],0.0
cons[火电机组分段中标量约束_5_83_9],0.0
cons[火电机组出力之和约束_5_83],-6164.157999999999
cons[火电机组分段中标量约束_5_84_0],-194.92199999999957
cons[火电机组分段中标量约束_5_84_1],-167.0759999999991
cons[火电机组分段中标量约束_5_84_2],-139.22999999999956
cons[火电机组分段中标量约束_5_84_3],-111.3839999999991
cons[火电机组分段中标量约束_5_84_4],-83.53799999999956
cons[火电机组分段中标量约束_5_84_5],-55.6919999999991
cons[火电机组分段中标量约束_5_84_6],-27.84599999999955
cons[火电机组分段中标量约束_5_84_7],0.0
cons[火电机组分段中标量约束_5_84_8],0.0
cons[火电机组分段中标量约束_5_84_9],0.0
cons[火电机组出力之和约束_5_84],-6164.157999999999
cons[火电机组分段中标量约束_5_85_0],-194.92199999999957
cons[火电机组分段中标量约束_5_85_1],-167.0759999999991
cons[火电机组分段中标量约束_5_85_2],-139.22999999999956
cons[火电机组分段中标量约束_5_85_3],-111.3839999999991
cons[火电机组分段中标量约束_5_85_4],-83.53799999999956
cons[火电机组分段中标量约束_5_85_5],-55.6919999999991
cons[火电机组分段中标量约束_5_85_6],-27.84599999999955
cons[火电机组分段中标量约束_5_85_7],0.0
cons[火电机组分段中标量约束_5_85_8],0.0
cons[火电机组分段中标量约束_5_85_9],0.0
cons[火电机组出力之和约束_5_85],-6164.157999999999
cons[火电机组分段中标量约束_5_86_0],-194.92199999999957
cons[火电机组分段中标量约束_5_86_1],-167.0759999999991
cons[火电机组分段中标量约束_5_86_2],-139.22999999999956
cons[火电机组分段中标量约束_5_86_3],-111.3839999999991
cons[火电机组分段中标量约束_5_86_4],-83.53799999999956
cons[火电机组分段中标量约束_5_86_5],-55.6919999999991
cons[火电机组分段中标量约束_5_86_6],-27.84599999999955
cons[火电机组分段中标量约束_5_86_7],0.0
cons[火电机组分段中标量约束_5_86_8],0.0
cons[火电机组分段中标量约束_5_86_9],0.0
cons[火电机组出力之和约束_5_86],-6164.157999999999
cons[火电机组分段中标量约束_5_87_0],-184.82100000000082
cons[火电机组分段中标量约束_5_87_1],-156.97500000000036
cons[火电机组分段中标量约束_5_87_2],-129.12900000000081
cons[火电机组分段中标量约束_5_87_3],-101.28300000000036
cons[火电机组分段中标量约束_5_87_4],-73.43700000000081
cons[火电机组分段中标量约束_5_87_5],-45.59100000000035
cons[火电机组分段中标量约束_5_87_6],-17.7450000000008
cons[火电机组分段中标量约束_5_87_7],0.0
cons[火电机组分段中标量约束_5_87_8],0.0
cons[火电机组分段中标量约束_5_87_9],0.0
cons[火电机组出力之和约束_5_87],-6154.057000000001
cons[火电机组分段中标量约束_5_88_0],-139.23000000000047
cons[火电机组分段中标量约束_5_88_1],-111.38400000000001
cons[火电机组分段中标量约束_5_88_2],-83.53800000000047
cons[火电机组分段中标量约束_5_88_3],-55.69200000000001
cons[火电机组分段中标量约束_5_88_4],-27.84600000000046
cons[火电机组分段中标量约束_5_88_5],0.0
cons[火电机组分段中标量约束_5_88_6],0.0
cons[火电机组分段中标量约束_5_88_7],0.0
cons[火电机组分段中标量约束_5_88_8],0.0
cons[火电机组分段中标量约束_5_88_9],0.0
cons[火电机组出力之和约束_5_88],-6108.466
cons[火电机组分段中标量约束_5_89_0],-111.38400000000001
cons[火电机组分段中标量约束_5_89_1],-83.53799999999956
cons[火电机组分段中标量约束_5_89_2],-55.69200000000001
cons[火电机组分段中标量约束_5_89_3],-27.84599999999955
cons[火电机组分段中标量约束_5_89_4],0.0
cons[火电机组分段中标量约束_5_89_5],0.0
cons[火电机组分段中标量约束_5_89_6],0.0
cons[火电机组分段中标量约束_5_89_7],0.0
cons[火电机组分段中标量约束_5_89_8],0.0
cons[火电机组分段中标量约束_5_89_9],0.0
cons[火电机组出力之和约束_5_89],-6080.62
cons[火电机组分段中标量约束_5_90_0],-83.53800000000047
cons[火电机组分段中标量约束_5_90_1],-55.69200000000001
cons[火电机组分段中标量约束_5_90_2],-27.84600000000046
cons[火电机组分段中标量约束_5_90_3],0.0
cons[火电机组分段中标量约束_5_90_4],0.0
cons[火电机组分段中标量约束_5_90_5],0.0
cons[火电机组分段中标量约束_5_90_6],0.0
cons[火电机组分段中标量约束_5_90_7],0.0
cons[火电机组分段中标量约束_5_90_8],0.0
cons[火电机组分段中标量约束_5_90_9],0.0
cons[火电机组出力之和约束_5_90],-6052.774
cons[火电机组分段中标量约束_5_91_0],-55.69200000000001
cons[火电机组分段中标量约束_5_91_1],-27.84599999999955
cons[火电机组分段中标量约束_5_91_2],0.0
cons[火电机组分段中标量约束_5_91_3],0.0
cons[火电机组分段中标量约束_5_91_4],0.0
cons[火电机组分段中标量约束_5_91_5],0.0
cons[火电机组分段中标量约束_5_91_6],0.0
cons[火电机组分段中标量约束_5_91_7],0.0
cons[火电机组分段中标量约束_5_91_8],0.0
cons[火电机组分段中标量约束_5_91_9],0.0
cons[火电机组出力之和约束_5_91],-6024.928
cons[火电机组分段中标量约束_5_92_0],-10.738000000003012
cons[火电机组分段中标量约束_5_92_1],0.0
cons[火电机组分段中标量约束_5_92_2],0.0
cons[火电机组分段中标量约束_5_92_3],0.0
cons[火电机组分段中标量约束_5_92_4],0.0
cons[火电机组分段中标量约束_5_92_5],0.0
cons[火电机组分段中标量约束_5_92_6],0.0
cons[火电机组分段中标量约束_5_92_7],0.0
cons[火电机组分段中标量约束_5_92_8],0.0
cons[火电机组分段中标量约束_5_92_9],0.0
cons[火电机组出力之和约束_5_92],-5979.974000000003
cons[火电机组分段中标量约束_5_93_0],0.0
cons[火电机组分段中标量约束_5_93_1],0.0
cons[火电机组分段中标量约束_5_93_2],0.0
cons[火电机组分段中标量约束_5_93_3],0.0
cons[火电机组分段中标量约束_5_93_4],0.0
cons[火电机组分段中标量约束_5_93_5],0.0
cons[火电机组分段中标量约束_5_93_6],0.0
cons[火电机组分段中标量约束_5_93_7],0.0
cons[火电机组分段中标量约束_5_93_8],0.0
cons[火电机组分段中标量约束_5_93_9],0.0
cons[火电机组出力之和约束_5_93],-5969.236
cons[火电机组分段中标量约束_5_94_0],0.0
cons[火电机组分段中标量约束_5_94_1],0.0
cons[火电机组分段中标量约束_5_94_2],0.0
cons[火电机组分段中标量约束_5_94_3],0.0
cons[火电机组分段中标量约束_5_94_4],0.0
cons[火电机组分段中标量约束_5_94_5],0.0
cons[火电机组分段中标量约束_5_94_6],0.0
cons[火电机组分段中标量约束_5_94_7],0.0
cons[火电机组分段中标量约束_5_94_8],0.0
cons[火电机组分段中标量约束_5_94_9],0.0
cons[火电机组出力之和约束_5_94],-5969.236
cons[火电机组分段中标量约束_5_95_0],0.0
cons[火电机组分段中标量约束_5_95_1],0.0
cons[火电机组分段中标量约束_5_95_2],0.0
cons[火电机组分段中标量约束_5_95_3],0.0
cons[火电机组分段中标量约束_5_95_4],0.0
cons[火电机组分段中标量约束_5_95_5],0.0
cons[火电机组分段中标量约束_5_95_6],0.0
cons[火电机组分段中标量约束_5_95_7],0.0
cons[火电机组分段中标量约束_5_95_8],0.0
cons[火电机组分段中标量约束_5_95_9],0.0
cons[火电机组出力之和约束_5_95],-5969.236
cons[火电机组分段中标量约束_6_0_0],0.0
cons[火电机组分段中标量约束_6_0_1],0.0
cons[火电机组分段中标量约束_6_0_2],0.0
cons[火电机组分段中标量约束_6_0_3],0.0
cons[火电机组分段中标量约束_6_0_4],0.0
cons[火电机组分段中标量约束_6_0_5],0.0
cons[火电机组分段中标量约束_6_0_6],0.0
cons[火电机组分段中标量约束_6_0_7],0.0
cons[火电机组分段中标量约束_6_0_8],0.0
cons[火电机组分段中标量约束_6_0_9],0.0
cons[火电机组出力之和约束_6_0],0.0
cons[火电机组分段中标量约束_6_1_0],0.0
cons[火电机组分段中标量约束_6_1_1],0.0
cons[火电机组分段中标量约束_6_1_2],0.0
cons[火电机组分段中标量约束_6_1_3],0.0
cons[火电机组分段中标量约束_6_1_4],0.0
cons[火电机组分段中标量约束_6_1_5],0.0
cons[火电机组分段中标量约束_6_1_6],0.0
cons[火电机组分段中标量约束_6_1_7],0.0
cons[火电机组分段中标量约束_6_1_8],0.0
cons[火电机组分段中标量约束_6_1_9],0.0
cons[火电机组出力之和约束_6_1],0.0
cons[火电机组分段中标量约束_6_2_0],0.0
cons[火电机组分段中标量约束_6_2_1],0.0
cons[火电机组分段中标量约束_6_2_2],0.0
cons[火电机组分段中标量约束_6_2_3],0.0
cons[火电机组分段中标量约束_6_2_4],0.0
cons[火电机组分段中标量约束_6_2_5],0.0
cons[火电机组分段中标量约束_6_2_6],0.0
cons[火电机组分段中标量约束_6_2_7],0.0
cons[火电机组分段中标量约束_6_2_8],0.0
cons[火电机组分段中标量约束_6_2_9],0.0
cons[火电机组出力之和约束_6_2],0.0
cons[火电机组分段中标量约束_6_3_0],0.0
cons[火电机组分段中标量约束_6_3_1],0.0
cons[火电机组分段中标量约束_6_3_2],0.0
cons[火电机组分段中标量约束_6_3_3],0.0
cons[火电机组分段中标量约束_6_3_4],0.0
cons[火电机组分段中标量约束_6_3_5],0.0
cons[火电机组分段中标量约束_6_3_6],0.0
cons[火电机组分段中标量约束_6_3_7],0.0
cons[火电机组分段中标量约束_6_3_8],0.0
cons[火电机组分段中标量约束_6_3_9],0.0
cons[火电机组出力之和约束_6_3],0.0
cons[火电机组分段中标量约束_6_4_0],0.0
cons[火电机组分段中标量约束_6_4_1],0.0
cons[火电机组分段中标量约束_6_4_2],0.0
cons[火电机组分段中标量约束_6_4_3],0.0
cons[火电机组分段中标量约束_6_4_4],0.0
cons[火电机组分段中标量约束_6_4_5],0.0
cons[火电机组分段中标量约束_6_4_6],0.0
cons[火电机组分段中标量约束_6_4_7],0.0
cons[火电机组分段中标量约束_6_4_8],0.0
cons[火电机组分段中标量约束_6_4_9],0.0
cons[火电机组出力之和约束_6_4],0.0
cons[火电机组分段中标量约束_6_5_0],0.0
cons[火电机组分段中标量约束_6_5_1],0.0
cons[火电机组分段中标量约束_6_5_2],0.0
cons[火电机组分段中标量约束_6_5_3],0.0
cons[火电机组分段中标量约束_6_5_4],0.0
cons[火电机组分段中标量约束_6_5_5],0.0
cons[火电机组分段中标量约束_6_5_6],0.0
cons[火电机组分段中标量约束_6_5_7],0.0
cons[火电机组分段中标量约束_6_5_8],0.0
cons[火电机组分段中标量约束_6_5_9],0.0
cons[火电机组出力之和约束_6_5],0.0
cons[火电机组分段中标量约束_6_6_0],0.0
cons[火电机组分段中标量约束_6_6_1],0.0
cons[火电机组分段中标量约束_6_6_2],0.0
cons[火电机组分段中标量约束_6_6_3],0.0
cons[火电机组分段中标量约束_6_6_4],0.0
cons[火电机组分段中标量约束_6_6_5],0.0
cons[火电机组分段中标量约束_6_6_6],0.0
cons[火电机组分段中标量约束_6_6_7],0.0
cons[火电机组分段中标量约束_6_6_8],0.0
cons[火电机组分段中标量约束_6_6_9],0.0
cons[火电机组出力之和约束_6_6],0.0
cons[火电机组分段中标量约束_6_7_0],0.0
cons[火电机组分段中标量约束_6_7_1],0.0
cons[火电机组分段中标量约束_6_7_2],0.0
cons[火电机组分段中标量约束_6_7_3],0.0
cons[火电机组分段中标量约束_6_7_4],0.0
cons[火电机组分段中标量约束_6_7_5],0.0
cons[火电机组分段中标量约束_6_7_6],0.0
cons[火电机组分段中标量约束_6_7_7],0.0
cons[火电机组分段中标量约束_6_7_8],0.0
cons[火电机组分段中标量约束_6_7_9],0.0
cons[火电机组出力之和约束_6_7],0.0
cons[火电机组分段中标量约束_6_8_0],0.0
cons[火电机组分段中标量约束_6_8_1],0.0
cons[火电机组分段中标量约束_6_8_2],0.0
cons[火电机组分段中标量约束_6_8_3],0.0
cons[火电机组分段中标量约束_6_8_4],0.0
cons[火电机组分段中标量约束_6_8_5],0.0
cons[火电机组分段中标量约束_6_8_6],0.0
cons[火电机组分段中标量约束_6_8_7],0.0
cons[火电机组分段中标量约束_6_8_8],0.0
cons[火电机组分段中标量约束_6_8_9],0.0
cons[火电机组出力之和约束_6_8],0.0
cons[火电机组分段中标量约束_6_9_0],0.0
cons[火电机组分段中标量约束_6_9_1],0.0
cons[火电机组分段中标量约束_6_9_2],0.0
cons[火电机组分段中标量约束_6_9_3],0.0
cons[火电机组分段中标量约束_6_9_4],0.0
cons[火电机组分段中标量约束_6_9_5],0.0
cons[火电机组分段中标量约束_6_9_6],0.0
cons[火电机组分段中标量约束_6_9_7],0.0
cons[火电机组分段中标量约束_6_9_8],0.0
cons[火电机组分段中标量约束_6_9_9],0.0
cons[火电机组出力之和约束_6_9],0.0
cons[火电机组分段中标量约束_6_10_0],0.0
cons[火电机组分段中标量约束_6_10_1],0.0
cons[火电机组分段中标量约束_6_10_2],0.0
cons[火电机组分段中标量约束_6_10_3],0.0
cons[火电机组分段中标量约束_6_10_4],0.0
cons[火电机组分段中标量约束_6_10_5],0.0
cons[火电机组分段中标量约束_6_10_6],0.0
cons[火电机组分段中标量约束_6_10_7],0.0
cons[火电机组分段中标量约束_6_10_8],0.0
cons[火电机组分段中标量约束_6_10_9],0.0
cons[火电机组出力之和约束_6_10],0.0
cons[火电机组分段中标量约束_6_11_0],0.0
cons[火电机组分段中标量约束_6_11_1],0.0
cons[火电机组分段中标量约束_6_11_2],0.0
cons[火电机组分段中标量约束_6_11_3],0.0
cons[火电机组分段中标量约束_6_11_4],0.0
cons[火电机组分段中标量约束_6_11_5],0.0
cons[火电机组分段中标量约束_6_11_6],0.0
cons[火电机组分段中标量约束_6_11_7],0.0
cons[火电机组分段中标量约束_6_11_8],0.0
cons[火电机组分段中标量约束_6_11_9],0.0
cons[火电机组出力之和约束_6_11],0.0
cons[火电机组分段中标量约束_6_12_0],0.0
cons[火电机组分段中标量约束_6_12_1],0.0
cons[火电机组分段中标量约束_6_12_2],0.0
cons[火电机组分段中标量约束_6_12_3],0.0
cons[火电机组分段中标量约束_6_12_4],0.0
cons[火电机组分段中标量约束_6_12_5],0.0
cons[火电机组分段中标量约束_6_12_6],0.0
cons[火电机组分段中标量约束_6_12_7],0.0
cons[火电机组分段中标量约束_6_12_8],0.0
cons[火电机组分段中标量约束_6_12_9],0.0
cons[火电机组出力之和约束_6_12],0.0
cons[火电机组分段中标量约束_6_13_0],0.0
cons[火电机组分段中标量约束_6_13_1],0.0
cons[火电机组分段中标量约束_6_13_2],0.0
cons[火电机组分段中标量约束_6_13_3],0.0
cons[火电机组分段中标量约束_6_13_4],0.0
cons[火电机组分段中标量约束_6_13_5],0.0
cons[火电机组分段中标量约束_6_13_6],0.0
cons[火电机组分段中标量约束_6_13_7],0.0
cons[火电机组分段中标量约束_6_13_8],0.0
cons[火电机组分段中标量约束_6_13_9],0.0
cons[火电机组出力之和约束_6_13],0.0
cons[火电机组分段中标量约束_6_14_0],0.0
cons[火电机组分段中标量约束_6_14_1],0.0
cons[火电机组分段中标量约束_6_14_2],0.0
cons[火电机组分段中标量约束_6_14_3],0.0
cons[火电机组分段中标量约束_6_14_4],0.0
cons[火电机组分段中标量约束_6_14_5],0.0
cons[火电机组分段中标量约束_6_14_6],0.0
cons[火电机组分段中标量约束_6_14_7],0.0
cons[火电机组分段中标量约束_6_14_8],0.0
cons[火电机组分段中标量约束_6_14_9],0.0
cons[火电机组出力之和约束_6_14],0.0
cons[火电机组分段中标量约束_6_15_0],0.0
cons[火电机组分段中标量约束_6_15_1],0.0
cons[火电机组分段中标量约束_6_15_2],0.0
cons[火电机组分段中标量约束_6_15_3],0.0
cons[火电机组分段中标量约束_6_15_4],0.0
cons[火电机组分段中标量约束_6_15_5],0.0
cons[火电机组分段中标量约束_6_15_6],0.0
cons[火电机组分段中标量约束_6_15_7],0.0
cons[火电机组分段中标量约束_6_15_8],0.0
cons[火电机组分段中标量约束_6_15_9],0.0
cons[火电机组出力之和约束_6_15],0.0
cons[火电机组分段中标量约束_6_16_0],0.0
cons[火电机组分段中标量约束_6_16_1],0.0
cons[火电机组分段中标量约束_6_16_2],0.0
cons[火电机组分段中标量约束_6_16_3],0.0
cons[火电机组分段中标量约束_6_16_4],0.0
cons[火电机组分段中标量约束_6_16_5],0.0
cons[火电机组分段中标量约束_6_16_6],0.0
cons[火电机组分段中标量约束_6_16_7],0.0
cons[火电机组分段中标量约束_6_16_8],0.0
cons[火电机组分段中标量约束_6_16_9],0.0
cons[火电机组出力之和约束_6_16],0.0
cons[火电机组分段中标量约束_6_17_0],0.0
cons[火电机组分段中标量约束_6_17_1],0.0
cons[火电机组分段中标量约束_6_17_2],0.0
cons[火电机组分段中标量约束_6_17_3],0.0
cons[火电机组分段中标量约束_6_17_4],0.0
cons[火电机组分段中标量约束_6_17_5],0.0
cons[火电机组分段中标量约束_6_17_6],0.0
cons[火电机组分段中标量约束_6_17_7],0.0
cons[火电机组分段中标量约束_6_17_8],0.0
cons[火电机组分段中标量约束_6_17_9],0.0
cons[火电机组出力之和约束_6_17],0.0
cons[火电机组分段中标量约束_6_18_0],0.0
cons[火电机组分段中标量约束_6_18_1],0.0
cons[火电机组分段中标量约束_6_18_2],0.0
cons[火电机组分段中标量约束_6_18_3],0.0
cons[火电机组分段中标量约束_6_18_4],0.0
cons[火电机组分段中标量约束_6_18_5],0.0
cons[火电机组分段中标量约束_6_18_6],0.0
cons[火电机组分段中标量约束_6_18_7],0.0
cons[火电机组分段中标量约束_6_18_8],0.0
cons[火电机组分段中标量约束_6_18_9],0.0
cons[火电机组出力之和约束_6_18],0.0
cons[火电机组分段中标量约束_6_19_0],0.0
cons[火电机组分段中标量约束_6_19_1],0.0
cons[火电机组分段中标量约束_6_19_2],0.0
cons[火电机组分段中标量约束_6_19_3],0.0
cons[火电机组分段中标量约束_6_19_4],0.0
cons[火电机组分段中标量约束_6_19_5],0.0
cons[火电机组分段中标量约束_6_19_6],0.0
cons[火电机组分段中标量约束_6_19_7],0.0
cons[火电机组分段中标量约束_6_19_8],0.0
cons[火电机组分段中标量约束_6_19_9],0.0
cons[火电机组出力之和约束_6_19],0.0
cons[火电机组分段中标量约束_6_20_0],0.0
cons[火电机组分段中标量约束_6_20_1],0.0
cons[火电机组分段中标量约束_6_20_2],0.0
cons[火电机组分段中标量约束_6_20_3],0.0
cons[火电机组分段中标量约束_6_20_4],0.0
cons[火电机组分段中标量约束_6_20_5],0.0
cons[火电机组分段中标量约束_6_20_6],0.0
cons[火电机组分段中标量约束_6_20_7],0.0
cons[火电机组分段中标量约束_6_20_8],0.0
cons[火电机组分段中标量约束_6_20_9],0.0
cons[火电机组出力之和约束_6_20],0.0
cons[火电机组分段中标量约束_6_21_0],0.0
cons[火电机组分段中标量约束_6_21_1],0.0
cons[火电机组分段中标量约束_6_21_2],0.0
cons[火电机组分段中标量约束_6_21_3],0.0
cons[火电机组分段中标量约束_6_21_4],0.0
cons[火电机组分段中标量约束_6_21_5],0.0
cons[火电机组分段中标量约束_6_21_6],0.0
cons[火电机组分段中标量约束_6_21_7],0.0
cons[火电机组分段中标量约束_6_21_8],0.0
cons[火电机组分段中标量约束_6_21_9],0.0
cons[火电机组出力之和约束_6_21],0.0
cons[火电机组分段中标量约束_6_22_0],0.0
cons[火电机组分段中标量约束_6_22_1],0.0
cons[火电机组分段中标量约束_6_22_2],0.0
cons[火电机组分段中标量约束_6_22_3],0.0
cons[火电机组分段中标量约束_6_22_4],0.0
cons[火电机组分段中标量约束_6_22_5],0.0
cons[火电机组分段中标量约束_6_22_6],0.0
cons[火电机组分段中标量约束_6_22_7],0.0
cons[火电机组分段中标量约束_6_22_8],0.0
cons[火电机组分段中标量约束_6_22_9],0.0
cons[火电机组出力之和约束_6_22],0.0
cons[火电机组分段中标量约束_6_23_0],0.0
cons[火电机组分段中标量约束_6_23_1],0.0
cons[火电机组分段中标量约束_6_23_2],0.0
cons[火电机组分段中标量约束_6_23_3],0.0
cons[火电机组分段中标量约束_6_23_4],0.0
cons[火电机组分段中标量约束_6_23_5],0.0
cons[火电机组分段中标量约束_6_23_6],0.0
cons[火电机组分段中标量约束_6_23_7],0.0
cons[火电机组分段中标量约束_6_23_8],0.0
cons[火电机组分段中标量约束_6_23_9],0.0
cons[火电机组出力之和约束_6_23],0.0
cons[火电机组分段中标量约束_6_24_0],0.0
cons[火电机组分段中标量约束_6_24_1],0.0
cons[火电机组分段中标量约束_6_24_2],0.0
cons[火电机组分段中标量约束_6_24_3],0.0
cons[火电机组分段中标量约束_6_24_4],0.0
cons[火电机组分段中标量约束_6_24_5],0.0
cons[火电机组分段中标量约束_6_24_6],0.0
cons[火电机组分段中标量约束_6_24_7],0.0
cons[火电机组分段中标量约束_6_24_8],0.0
cons[火电机组分段中标量约束_6_24_9],0.0
cons[火电机组出力之和约束_6_24],0.0
cons[火电机组分段中标量约束_6_25_0],0.0
cons[火电机组分段中标量约束_6_25_1],0.0
cons[火电机组分段中标量约束_6_25_2],0.0
cons[火电机组分段中标量约束_6_25_3],0.0
cons[火电机组分段中标量约束_6_25_4],0.0
cons[火电机组分段中标量约束_6_25_5],0.0
cons[火电机组分段中标量约束_6_25_6],0.0
cons[火电机组分段中标量约束_6_25_7],0.0
cons[火电机组分段中标量约束_6_25_8],0.0
cons[火电机组分段中标量约束_6_25_9],0.0
cons[火电机组出力之和约束_6_25],0.0
cons[火电机组分段中标量约束_6_26_0],0.0
cons[火电机组分段中标量约束_6_26_1],0.0
cons[火电机组分段中标量约束_6_26_2],0.0
cons[火电机组分段中标量约束_6_26_3],0.0
cons[火电机组分段中标量约束_6_26_4],0.0
cons[火电机组分段中标量约束_6_26_5],0.0
cons[火电机组分段中标量约束_6_26_6],0.0
cons[火电机组分段中标量约束_6_26_7],0.0
cons[火电机组分段中标量约束_6_26_8],0.0
cons[火电机组分段中标量约束_6_26_9],0.0
cons[火电机组出力之和约束_6_26],0.0
cons[火电机组分段中标量约束_6_27_0],0.0
cons[火电机组分段中标量约束_6_27_1],0.0
cons[火电机组分段中标量约束_6_27_2],0.0
cons[火电机组分段中标量约束_6_27_3],0.0
cons[火电机组分段中标量约束_6_27_4],0.0
cons[火电机组分段中标量约束_6_27_5],0.0
cons[火电机组分段中标量约束_6_27_6],0.0
cons[火电机组分段中标量约束_6_27_7],0.0
cons[火电机组分段中标量约束_6_27_8],0.0
cons[火电机组分段中标量约束_6_27_9],0.0
cons[火电机组出力之和约束_6_27],0.0
cons[火电机组分段中标量约束_6_28_0],0.0
cons[火电机组分段中标量约束_6_28_1],0.0
cons[火电机组分段中标量约束_6_28_2],0.0
cons[火电机组分段中标量约束_6_28_3],0.0
cons[火电机组分段中标量约束_6_28_4],0.0
cons[火电机组分段中标量约束_6_28_5],0.0
cons[火电机组分段中标量约束_6_28_6],0.0
cons[火电机组分段中标量约束_6_28_7],0.0
cons[火电机组分段中标量约束_6_28_8],0.0
cons[火电机组分段中标量约束_6_28_9],0.0
cons[火电机组出力之和约束_6_28],0.0
cons[火电机组分段中标量约束_6_29_0],0.0
cons[火电机组分段中标量约束_6_29_1],0.0
cons[火电机组分段中标量约束_6_29_2],0.0
cons[火电机组分段中标量约束_6_29_3],0.0
cons[火电机组分段中标量约束_6_29_4],0.0
cons[火电机组分段中标量约束_6_29_5],0.0
cons[火电机组分段中标量约束_6_29_6],0.0
cons[火电机组分段中标量约束_6_29_7],0.0
cons[火电机组分段中标量约束_6_29_8],0.0
cons[火电机组分段中标量约束_6_29_9],0.0
cons[火电机组出力之和约束_6_29],0.0
cons[火电机组分段中标量约束_6_30_0],0.0
cons[火电机组分段中标量约束_6_30_1],0.0
cons[火电机组分段中标量约束_6_30_2],0.0
cons[火电机组分段中标量约束_6_30_3],0.0
cons[火电机组分段中标量约束_6_30_4],0.0
cons[火电机组分段中标量约束_6_30_5],0.0
cons[火电机组分段中标量约束_6_30_6],0.0
cons[火电机组分段中标量约束_6_30_7],0.0
cons[火电机组分段中标量约束_6_30_8],0.0
cons[火电机组分段中标量约束_6_30_9],0.0
cons[火电机组出力之和约束_6_30],0.0
cons[火电机组分段中标量约束_6_31_0],0.0
cons[火电机组分段中标量约束_6_31_1],0.0
cons[火电机组分段中标量约束_6_31_2],0.0
cons[火电机组分段中标量约束_6_31_3],0.0
cons[火电机组分段中标量约束_6_31_4],0.0
cons[火电机组分段中标量约束_6_31_5],0.0
cons[火电机组分段中标量约束_6_31_6],0.0
cons[火电机组分段中标量约束_6_31_7],0.0
cons[火电机组分段中标量约束_6_31_8],0.0
cons[火电机组分段中标量约束_6_31_9],0.0
cons[火电机组出力之和约束_6_31],0.0
cons[火电机组分段中标量约束_6_32_0],0.0
cons[火电机组分段中标量约束_6_32_1],0.0
cons[火电机组分段中标量约束_6_32_2],0.0
cons[火电机组分段中标量约束_6_32_3],0.0
cons[火电机组分段中标量约束_6_32_4],0.0
cons[火电机组分段中标量约束_6_32_5],0.0
cons[火电机组分段中标量约束_6_32_6],0.0
cons[火电机组分段中标量约束_6_32_7],0.0
cons[火电机组分段中标量约束_6_32_8],0.0
cons[火电机组分段中标量约束_6_32_9],0.0
cons[火电机组出力之和约束_6_32],0.0
cons[火电机组分段中标量约束_6_33_0],0.0
cons[火电机组分段中标量约束_6_33_1],0.0
cons[火电机组分段中标量约束_6_33_2],0.0
cons[火电机组分段中标量约束_6_33_3],0.0
cons[火电机组分段中标量约束_6_33_4],0.0
cons[火电机组分段中标量约束_6_33_5],0.0
cons[火电机组分段中标量约束_6_33_6],0.0
cons[火电机组分段中标量约束_6_33_7],0.0
cons[火电机组分段中标量约束_6_33_8],0.0
cons[火电机组分段中标量约束_6_33_9],0.0
cons[火电机组出力之和约束_6_33],0.0
cons[火电机组分段中标量约束_6_34_0],0.0
cons[火电机组分段中标量约束_6_34_1],0.0
cons[火电机组分段中标量约束_6_34_2],0.0
cons[火电机组分段中标量约束_6_34_3],0.0
cons[火电机组分段中标量约束_6_34_4],0.0
cons[火电机组分段中标量约束_6_34_5],0.0
cons[火电机组分段中标量约束_6_34_6],0.0
cons[火电机组分段中标量约束_6_34_7],0.0
cons[火电机组分段中标量约束_6_34_8],0.0
cons[火电机组分段中标量约束_6_34_9],0.0
cons[火电机组出力之和约束_6_34],0.0
cons[火电机组分段中标量约束_6_35_0],0.0
cons[火电机组分段中标量约束_6_35_1],0.0
cons[火电机组分段中标量约束_6_35_2],0.0
cons[火电机组分段中标量约束_6_35_3],0.0
cons[火电机组分段中标量约束_6_35_4],0.0
cons[火电机组分段中标量约束_6_35_5],0.0
cons[火电机组分段中标量约束_6_35_6],0.0
cons[火电机组分段中标量约束_6_35_7],0.0
cons[火电机组分段中标量约束_6_35_8],0.0
cons[火电机组分段中标量约束_6_35_9],0.0
cons[火电机组出力之和约束_6_35],0.0
cons[火电机组分段中标量约束_6_36_0],0.0
cons[火电机组分段中标量约束_6_36_1],0.0
cons[火电机组分段中标量约束_6_36_2],0.0
cons[火电机组分段中标量约束_6_36_3],0.0
cons[火电机组分段中标量约束_6_36_4],0.0
cons[火电机组分段中标量约束_6_36_5],0.0
cons[火电机组分段中标量约束_6_36_6],0.0
cons[火电机组分段中标量约束_6_36_7],0.0
cons[火电机组分段中标量约束_6_36_8],0.0
cons[火电机组分段中标量约束_6_36_9],0.0
cons[火电机组出力之和约束_6_36],0.0
cons[火电机组分段中标量约束_6_37_0],0.0
cons[火电机组分段中标量约束_6_37_1],0.0
cons[火电机组分段中标量约束_6_37_2],0.0
cons[火电机组分段中标量约束_6_37_3],0.0
cons[火电机组分段中标量约束_6_37_4],0.0
cons[火电机组分段中标量约束_6_37_5],0.0
cons[火电机组分段中标量约束_6_37_6],0.0
cons[火电机组分段中标量约束_6_37_7],0.0
cons[火电机组分段中标量约束_6_37_8],0.0
cons[火电机组分段中标量约束_6_37_9],0.0
cons[火电机组出力之和约束_6_37],0.0
cons[火电机组分段中标量约束_6_38_0],0.0
cons[火电机组分段中标量约束_6_38_1],0.0
cons[火电机组分段中标量约束_6_38_2],0.0
cons[火电机组分段中标量约束_6_38_3],0.0
cons[火电机组分段中标量约束_6_38_4],0.0
cons[火电机组分段中标量约束_6_38_5],0.0
cons[火电机组分段中标量约束_6_38_6],0.0
cons[火电机组分段中标量约束_6_38_7],0.0
cons[火电机组分段中标量约束_6_38_8],0.0
cons[火电机组分段中标量约束_6_38_9],0.0
cons[火电机组出力之和约束_6_38],0.0
cons[火电机组分段中标量约束_6_39_0],0.0
cons[火电机组分段中标量约束_6_39_1],0.0
cons[火电机组分段中标量约束_6_39_2],0.0
cons[火电机组分段中标量约束_6_39_3],0.0
cons[火电机组分段中标量约束_6_39_4],0.0
cons[火电机组分段中标量约束_6_39_5],0.0
cons[火电机组分段中标量约束_6_39_6],0.0
cons[火电机组分段中标量约束_6_39_7],0.0
cons[火电机组分段中标量约束_6_39_8],0.0
cons[火电机组分段中标量约束_6_39_9],0.0
cons[火电机组出力之和约束_6_39],0.0
cons[火电机组分段中标量约束_6_40_0],0.0
cons[火电机组分段中标量约束_6_40_1],0.0
cons[火电机组分段中标量约束_6_40_2],0.0
cons[火电机组分段中标量约束_6_40_3],0.0
cons[火电机组分段中标量约束_6_40_4],0.0
cons[火电机组分段中标量约束_6_40_5],0.0
cons[火电机组分段中标量约束_6_40_6],0.0
cons[火电机组分段中标量约束_6_40_7],0.0
cons[火电机组分段中标量约束_6_40_8],0.0
cons[火电机组分段中标量约束_6_40_9],0.0
cons[火电机组出力之和约束_6_40],0.0
cons[火电机组分段中标量约束_6_41_0],0.0
cons[火电机组分段中标量约束_6_41_1],0.0
cons[火电机组分段中标量约束_6_41_2],0.0
cons[火电机组分段中标量约束_6_41_3],0.0
cons[火电机组分段中标量约束_6_41_4],0.0
cons[火电机组分段中标量约束_6_41_5],0.0
cons[火电机组分段中标量约束_6_41_6],0.0
cons[火电机组分段中标量约束_6_41_7],0.0
cons[火电机组分段中标量约束_6_41_8],0.0
cons[火电机组分段中标量约束_6_41_9],0.0
cons[火电机组出力之和约束_6_41],0.0
cons[火电机组分段中标量约束_6_42_0],0.0
cons[火电机组分段中标量约束_6_42_1],0.0
cons[火电机组分段中标量约束_6_42_2],0.0
cons[火电机组分段中标量约束_6_42_3],0.0
cons[火电机组分段中标量约束_6_42_4],0.0
cons[火电机组分段中标量约束_6_42_5],0.0
cons[火电机组分段中标量约束_6_42_6],0.0
cons[火电机组分段中标量约束_6_42_7],0.0
cons[火电机组分段中标量约束_6_42_8],0.0
cons[火电机组分段中标量约束_6_42_9],0.0
cons[火电机组出力之和约束_6_42],0.0
cons[火电机组分段中标量约束_6_43_0],0.0
cons[火电机组分段中标量约束_6_43_1],0.0
cons[火电机组分段中标量约束_6_43_2],0.0
cons[火电机组分段中标量约束_6_43_3],0.0
cons[火电机组分段中标量约束_6_43_4],0.0
cons[火电机组分段中标量约束_6_43_5],0.0
cons[火电机组分段中标量约束_6_43_6],0.0
cons[火电机组分段中标量约束_6_43_7],0.0
cons[火电机组分段中标量约束_6_43_8],0.0
cons[火电机组分段中标量约束_6_43_9],0.0
cons[火电机组出力之和约束_6_43],0.0
cons[火电机组分段中标量约束_6_44_0],0.0
cons[火电机组分段中标量约束_6_44_1],0.0
cons[火电机组分段中标量约束_6_44_2],0.0
cons[火电机组分段中标量约束_6_44_3],0.0
cons[火电机组分段中标量约束_6_44_4],0.0
cons[火电机组分段中标量约束_6_44_5],0.0
cons[火电机组分段中标量约束_6_44_6],0.0
cons[火电机组分段中标量约束_6_44_7],0.0
cons[火电机组分段中标量约束_6_44_8],0.0
cons[火电机组分段中标量约束_6_44_9],0.0
cons[火电机组出力之和约束_6_44],0.0
cons[火电机组分段中标量约束_6_45_0],0.0
cons[火电机组分段中标量约束_6_45_1],0.0
cons[火电机组分段中标量约束_6_45_2],0.0
cons[火电机组分段中标量约束_6_45_3],0.0
cons[火电机组分段中标量约束_6_45_4],0.0
cons[火电机组分段中标量约束_6_45_5],0.0
cons[火电机组分段中标量约束_6_45_6],0.0
cons[火电机组分段中标量约束_6_45_7],0.0
cons[火电机组分段中标量约束_6_45_8],0.0
cons[火电机组分段中标量约束_6_45_9],0.0
cons[火电机组出力之和约束_6_45],0.0
cons[火电机组分段中标量约束_6_46_0],0.0
cons[火电机组分段中标量约束_6_46_1],0.0
cons[火电机组分段中标量约束_6_46_2],0.0
cons[火电机组分段中标量约束_6_46_3],0.0
cons[火电机组分段中标量约束_6_46_4],0.0
cons[火电机组分段中标量约束_6_46_5],0.0
cons[火电机组分段中标量约束_6_46_6],0.0
cons[火电机组分段中标量约束_6_46_7],0.0
cons[火电机组分段中标量约束_6_46_8],0.0
cons[火电机组分段中标量约束_6_46_9],0.0
cons[火电机组出力之和约束_6_46],0.0
cons[火电机组分段中标量约束_6_47_0],0.0
cons[火电机组分段中标量约束_6_47_1],0.0
cons[火电机组分段中标量约束_6_47_2],0.0
cons[火电机组分段中标量约束_6_47_3],0.0
cons[火电机组分段中标量约束_6_47_4],0.0
cons[火电机组分段中标量约束_6_47_5],0.0
cons[火电机组分段中标量约束_6_47_6],0.0
cons[火电机组分段中标量约束_6_47_7],0.0
cons[火电机组分段中标量约束_6_47_8],0.0
cons[火电机组分段中标量约束_6_47_9],0.0
cons[火电机组出力之和约束_6_47],0.0
cons[火电机组分段中标量约束_6_48_0],0.0
cons[火电机组分段中标量约束_6_48_1],0.0
cons[火电机组分段中标量约束_6_48_2],0.0
cons[火电机组分段中标量约束_6_48_3],0.0
cons[火电机组分段中标量约束_6_48_4],0.0
cons[火电机组分段中标量约束_6_48_5],0.0
cons[火电机组分段中标量约束_6_48_6],0.0
cons[火电机组分段中标量约束_6_48_7],0.0
cons[火电机组分段中标量约束_6_48_8],0.0
cons[火电机组分段中标量约束_6_48_9],0.0
cons[火电机组出力之和约束_6_48],0.0
cons[火电机组分段中标量约束_6_49_0],0.0
cons[火电机组分段中标量约束_6_49_1],0.0
cons[火电机组分段中标量约束_6_49_2],0.0
cons[火电机组分段中标量约束_6_49_3],0.0
cons[火电机组分段中标量约束_6_49_4],0.0
cons[火电机组分段中标量约束_6_49_5],0.0
cons[火电机组分段中标量约束_6_49_6],0.0
cons[火电机组分段中标量约束_6_49_7],0.0
cons[火电机组分段中标量约束_6_49_8],0.0
cons[火电机组分段中标量约束_6_49_9],0.0
cons[火电机组出力之和约束_6_49],0.0
cons[火电机组分段中标量约束_6_50_0],0.0
cons[火电机组分段中标量约束_6_50_1],0.0
cons[火电机组分段中标量约束_6_50_2],0.0
cons[火电机组分段中标量约束_6_50_3],0.0
cons[火电机组分段中标量约束_6_50_4],0.0
cons[火电机组分段中标量约束_6_50_5],0.0
cons[火电机组分段中标量约束_6_50_6],0.0
cons[火电机组分段中标量约束_6_50_7],0.0
cons[火电机组分段中标量约束_6_50_8],0.0
cons[火电机组分段中标量约束_6_50_9],0.0
cons[火电机组出力之和约束_6_50],0.0
cons[火电机组分段中标量约束_6_51_0],0.0
cons[火电机组分段中标量约束_6_51_1],0.0
cons[火电机组分段中标量约束_6_51_2],0.0
cons[火电机组分段中标量约束_6_51_3],0.0
cons[火电机组分段中标量约束_6_51_4],0.0
cons[火电机组分段中标量约束_6_51_5],0.0
cons[火电机组分段中标量约束_6_51_6],0.0
cons[火电机组分段中标量约束_6_51_7],0.0
cons[火电机组分段中标量约束_6_51_8],0.0
cons[火电机组分段中标量约束_6_51_9],0.0
cons[火电机组出力之和约束_6_51],0.0
cons[火电机组分段中标量约束_6_52_0],0.0
cons[火电机组分段中标量约束_6_52_1],0.0
cons[火电机组分段中标量约束_6_52_2],0.0
cons[火电机组分段中标量约束_6_52_3],0.0
cons[火电机组分段中标量约束_6_52_4],0.0
cons[火电机组分段中标量约束_6_52_5],0.0
cons[火电机组分段中标量约束_6_52_6],0.0
cons[火电机组分段中标量约束_6_52_7],0.0
cons[火电机组分段中标量约束_6_52_8],0.0
cons[火电机组分段中标量约束_6_52_9],0.0
cons[火电机组出力之和约束_6_52],0.0
cons[火电机组分段中标量约束_6_53_0],0.0
cons[火电机组分段中标量约束_6_53_1],0.0
cons[火电机组分段中标量约束_6_53_2],0.0
cons[火电机组分段中标量约束_6_53_3],0.0
cons[火电机组分段中标量约束_6_53_4],0.0
cons[火电机组分段中标量约束_6_53_5],0.0
cons[火电机组分段中标量约束_6_53_6],0.0
cons[火电机组分段中标量约束_6_53_7],0.0
cons[火电机组分段中标量约束_6_53_8],0.0
cons[火电机组分段中标量约束_6_53_9],0.0
cons[火电机组出力之和约束_6_53],0.0
cons[火电机组分段中标量约束_6_54_0],0.0
cons[火电机组分段中标量约束_6_54_1],0.0
cons[火电机组分段中标量约束_6_54_2],0.0
cons[火电机组分段中标量约束_6_54_3],0.0
cons[火电机组分段中标量约束_6_54_4],0.0
cons[火电机组分段中标量约束_6_54_5],0.0
cons[火电机组分段中标量约束_6_54_6],0.0
cons[火电机组分段中标量约束_6_54_7],0.0
cons[火电机组分段中标量约束_6_54_8],0.0
cons[火电机组分段中标量约束_6_54_9],0.0
cons[火电机组出力之和约束_6_54],0.0
cons[火电机组分段中标量约束_6_55_0],0.0
cons[火电机组分段中标量约束_6_55_1],0.0
cons[火电机组分段中标量约束_6_55_2],0.0
cons[火电机组分段中标量约束_6_55_3],0.0
cons[火电机组分段中标量约束_6_55_4],0.0
cons[火电机组分段中标量约束_6_55_5],0.0
cons[火电机组分段中标量约束_6_55_6],0.0
cons[火电机组分段中标量约束_6_55_7],0.0
cons[火电机组分段中标量约束_6_55_8],0.0
cons[火电机组分段中标量约束_6_55_9],0.0
cons[火电机组出力之和约束_6_55],0.0
cons[火电机组分段中标量约束_6_56_0],0.0
cons[火电机组分段中标量约束_6_56_1],0.0
cons[火电机组分段中标量约束_6_56_2],0.0
cons[火电机组分段中标量约束_6_56_3],0.0
cons[火电机组分段中标量约束_6_56_4],0.0
cons[火电机组分段中标量约束_6_56_5],0.0
cons[火电机组分段中标量约束_6_56_6],0.0
cons[火电机组分段中标量约束_6_56_7],0.0
cons[火电机组分段中标量约束_6_56_8],0.0
cons[火电机组分段中标量约束_6_56_9],0.0
cons[火电机组出力之和约束_6_56],0.0
cons[火电机组分段中标量约束_6_57_0],0.0
cons[火电机组分段中标量约束_6_57_1],0.0
cons[火电机组分段中标量约束_6_57_2],0.0
cons[火电机组分段中标量约束_6_57_3],0.0
cons[火电机组分段中标量约束_6_57_4],0.0
cons[火电机组分段中标量约束_6_57_5],0.0
cons[火电机组分段中标量约束_6_57_6],0.0
cons[火电机组分段中标量约束_6_57_7],0.0
cons[火电机组分段中标量约束_6_57_8],0.0
cons[火电机组分段中标量约束_6_57_9],0.0
cons[火电机组出力之和约束_6_57],0.0
cons[火电机组分段中标量约束_6_58_0],0.0
cons[火电机组分段中标量约束_6_58_1],0.0
cons[火电机组分段中标量约束_6_58_2],0.0
cons[火电机组分段中标量约束_6_58_3],0.0
cons[火电机组分段中标量约束_6_58_4],0.0
cons[火电机组分段中标量约束_6_58_5],0.0
cons[火电机组分段中标量约束_6_58_6],0.0
cons[火电机组分段中标量约束_6_58_7],0.0
cons[火电机组分段中标量约束_6_58_8],0.0
cons[火电机组分段中标量约束_6_58_9],0.0
cons[火电机组出力之和约束_6_58],0.0
cons[火电机组分段中标量约束_6_59_0],0.0
cons[火电机组分段中标量约束_6_59_1],0.0
cons[火电机组分段中标量约束_6_59_2],0.0
cons[火电机组分段中标量约束_6_59_3],0.0
cons[火电机组分段中标量约束_6_59_4],0.0
cons[火电机组分段中标量约束_6_59_5],0.0
cons[火电机组分段中标量约束_6_59_6],0.0
cons[火电机组分段中标量约束_6_59_7],0.0
cons[火电机组分段中标量约束_6_59_8],0.0
cons[火电机组分段中标量约束_6_59_9],0.0
cons[火电机组出力之和约束_6_59],0.0
cons[火电机组分段中标量约束_6_60_0],0.0
cons[火电机组分段中标量约束_6_60_1],0.0
cons[火电机组分段中标量约束_6_60_2],0.0
cons[火电机组分段中标量约束_6_60_3],0.0
cons[火电机组分段中标量约束_6_60_4],0.0
cons[火电机组分段中标量约束_6_60_5],0.0
cons[火电机组分段中标量约束_6_60_6],0.0
cons[火电机组分段中标量约束_6_60_7],0.0
cons[火电机组分段中标量约束_6_60_8],0.0
cons[火电机组分段中标量约束_6_60_9],0.0
cons[火电机组出力之和约束_6_60],0.0
cons[火电机组分段中标量约束_6_61_0],0.0
cons[火电机组分段中标量约束_6_61_1],0.0
cons[火电机组分段中标量约束_6_61_2],0.0
cons[火电机组分段中标量约束_6_61_3],0.0
cons[火电机组分段中标量约束_6_61_4],0.0
cons[火电机组分段中标量约束_6_61_5],0.0
cons[火电机组分段中标量约束_6_61_6],0.0
cons[火电机组分段中标量约束_6_61_7],0.0
cons[火电机组分段中标量约束_6_61_8],0.0
cons[火电机组分段中标量约束_6_61_9],0.0
cons[火电机组出力之和约束_6_61],0.0
cons[火电机组分段中标量约束_6_62_0],0.0
cons[火电机组分段中标量约束_6_62_1],0.0
cons[火电机组分段中标量约束_6_62_2],0.0
cons[火电机组分段中标量约束_6_62_3],0.0
cons[火电机组分段中标量约束_6_62_4],0.0
cons[火电机组分段中标量约束_6_62_5],0.0
cons[火电机组分段中标量约束_6_62_6],0.0
cons[火电机组分段中标量约束_6_62_7],0.0
cons[火电机组分段中标量约束_6_62_8],0.0
cons[火电机组分段中标量约束_6_62_9],0.0
cons[火电机组出力之和约束_6_62],0.0
cons[火电机组分段中标量约束_6_63_0],0.0
cons[火电机组分段中标量约束_6_63_1],0.0
cons[火电机组分段中标量约束_6_63_2],0.0
cons[火电机组分段中标量约束_6_63_3],0.0
cons[火电机组分段中标量约束_6_63_4],0.0
cons[火电机组分段中标量约束_6_63_5],0.0
cons[火电机组分段中标量约束_6_63_6],0.0
cons[火电机组分段中标量约束_6_63_7],0.0
cons[火电机组分段中标量约束_6_63_8],0.0
cons[火电机组分段中标量约束_6_63_9],0.0
cons[火电机组出力之和约束_6_63],0.0
cons[火电机组分段中标量约束_6_64_0],0.0
cons[火电机组分段中标量约束_6_64_1],0.0
cons[火电机组分段中标量约束_6_64_2],0.0
cons[火电机组分段中标量约束_6_64_3],0.0
cons[火电机组分段中标量约束_6_64_4],0.0
cons[火电机组分段中标量约束_6_64_5],0.0
cons[火电机组分段中标量约束_6_64_6],0.0
cons[火电机组分段中标量约束_6_64_7],0.0
cons[火电机组分段中标量约束_6_64_8],0.0
cons[火电机组分段中标量约束_6_64_9],0.0
cons[火电机组出力之和约束_6_64],0.0
cons[火电机组分段中标量约束_6_65_0],0.0
cons[火电机组分段中标量约束_6_65_1],0.0
cons[火电机组分段中标量约束_6_65_2],0.0
cons[火电机组分段中标量约束_6_65_3],0.0
cons[火电机组分段中标量约束_6_65_4],0.0
cons[火电机组分段中标量约束_6_65_5],0.0
cons[火电机组分段中标量约束_6_65_6],0.0
cons[火电机组分段中标量约束_6_65_7],0.0
cons[火电机组分段中标量约束_6_65_8],0.0
cons[火电机组分段中标量约束_6_65_9],0.0
cons[火电机组出力之和约束_6_65],0.0
cons[火电机组分段中标量约束_6_66_0],0.0
cons[火电机组分段中标量约束_6_66_1],0.0
cons[火电机组分段中标量约束_6_66_2],0.0
cons[火电机组分段中标量约束_6_66_3],0.0
cons[火电机组分段中标量约束_6_66_4],0.0
cons[火电机组分段中标量约束_6_66_5],0.0
cons[火电机组分段中标量约束_6_66_6],0.0
cons[火电机组分段中标量约束_6_66_7],0.0
cons[火电机组分段中标量约束_6_66_8],0.0
cons[火电机组分段中标量约束_6_66_9],0.0
cons[火电机组出力之和约束_6_66],0.0
cons[火电机组分段中标量约束_6_67_0],0.0
cons[火电机组分段中标量约束_6_67_1],0.0
cons[火电机组分段中标量约束_6_67_2],0.0
cons[火电机组分段中标量约束_6_67_3],0.0
cons[火电机组分段中标量约束_6_67_4],0.0
cons[火电机组分段中标量约束_6_67_5],0.0
cons[火电机组分段中标量约束_6_67_6],0.0
cons[火电机组分段中标量约束_6_67_7],0.0
cons[火电机组分段中标量约束_6_67_8],0.0
cons[火电机组分段中标量约束_6_67_9],0.0
cons[火电机组出力之和约束_6_67],0.0
cons[火电机组分段中标量约束_6_68_0],0.0
cons[火电机组分段中标量约束_6_68_1],0.0
cons[火电机组分段中标量约束_6_68_2],0.0
cons[火电机组分段中标量约束_6_68_3],0.0
cons[火电机组分段中标量约束_6_68_4],0.0
cons[火电机组分段中标量约束_6_68_5],0.0
cons[火电机组分段中标量约束_6_68_6],0.0
cons[火电机组分段中标量约束_6_68_7],0.0
cons[火电机组分段中标量约束_6_68_8],0.0
cons[火电机组分段中标量约束_6_68_9],0.0
cons[火电机组出力之和约束_6_68],0.0
cons[火电机组分段中标量约束_6_69_0],0.0
cons[火电机组分段中标量约束_6_69_1],0.0
cons[火电机组分段中标量约束_6_69_2],0.0
cons[火电机组分段中标量约束_6_69_3],0.0
cons[火电机组分段中标量约束_6_69_4],0.0
cons[火电机组分段中标量约束_6_69_5],0.0
cons[火电机组分段中标量约束_6_69_6],0.0
cons[火电机组分段中标量约束_6_69_7],0.0
cons[火电机组分段中标量约束_6_69_8],0.0
cons[火电机组分段中标量约束_6_69_9],0.0
cons[火电机组出力之和约束_6_69],0.0
cons[火电机组分段中标量约束_6_70_0],0.0
cons[火电机组分段中标量约束_6_70_1],0.0
cons[火电机组分段中标量约束_6_70_2],0.0
cons[火电机组分段中标量约束_6_70_3],0.0
cons[火电机组分段中标量约束_6_70_4],0.0
cons[火电机组分段中标量约束_6_70_5],0.0
cons[火电机组分段中标量约束_6_70_6],0.0
cons[火电机组分段中标量约束_6_70_7],0.0
cons[火电机组分段中标量约束_6_70_8],0.0
cons[火电机组分段中标量约束_6_70_9],0.0
cons[火电机组出力之和约束_6_70],0.0
cons[火电机组分段中标量约束_6_71_0],0.0
cons[火电机组分段中标量约束_6_71_1],0.0
cons[火电机组分段中标量约束_6_71_2],0.0
cons[火电机组分段中标量约束_6_71_3],0.0
cons[火电机组分段中标量约束_6_71_4],0.0
cons[火电机组分段中标量约束_6_71_5],0.0
cons[火电机组分段中标量约束_6_71_6],0.0
cons[火电机组分段中标量约束_6_71_7],0.0
cons[火电机组分段中标量约束_6_71_8],0.0
cons[火电机组分段中标量约束_6_71_9],0.0
cons[火电机组出力之和约束_6_71],0.0
cons[火电机组分段中标量约束_6_72_0],0.0
cons[火电机组分段中标量约束_6_72_1],0.0
cons[火电机组分段中标量约束_6_72_2],0.0
cons[火电机组分段中标量约束_6_72_3],0.0
cons[火电机组分段中标量约束_6_72_4],0.0
cons[火电机组分段中标量约束_6_72_5],0.0
cons[火电机组分段中标量约束_6_72_6],0.0
cons[火电机组分段中标量约束_6_72_7],0.0
cons[火电机组分段中标量约束_6_72_8],0.0
cons[火电机组分段中标量约束_6_72_9],0.0
cons[火电机组出力之和约束_6_72],0.0
cons[火电机组分段中标量约束_6_73_0],0.0
cons[火电机组分段中标量约束_6_73_1],0.0
cons[火电机组分段中标量约束_6_73_2],0.0
cons[火电机组分段中标量约束_6_73_3],0.0
cons[火电机组分段中标量约束_6_73_4],0.0
cons[火电机组分段中标量约束_6_73_5],0.0
cons[火电机组分段中标量约束_6_73_6],0.0
cons[火电机组分段中标量约束_6_73_7],0.0
cons[火电机组分段中标量约束_6_73_8],0.0
cons[火电机组分段中标量约束_6_73_9],0.0
cons[火电机组出力之和约束_6_73],0.0
cons[火电机组分段中标量约束_6_74_0],0.0
cons[火电机组分段中标量约束_6_74_1],0.0
cons[火电机组分段中标量约束_6_74_2],0.0
cons[火电机组分段中标量约束_6_74_3],0.0
cons[火电机组分段中标量约束_6_74_4],0.0
cons[火电机组分段中标量约束_6_74_5],0.0
cons[火电机组分段中标量约束_6_74_6],0.0
cons[火电机组分段中标量约束_6_74_7],0.0
cons[火电机组分段中标量约束_6_74_8],0.0
cons[火电机组分段中标量约束_6_74_9],0.0
cons[火电机组出力之和约束_6_74],0.0
cons[火电机组分段中标量约束_6_75_0],0.0
cons[火电机组分段中标量约束_6_75_1],0.0
cons[火电机组分段中标量约束_6_75_2],0.0
cons[火电机组分段中标量约束_6_75_3],0.0
cons[火电机组分段中标量约束_6_75_4],0.0
cons[火电机组分段中标量约束_6_75_5],0.0
cons[火电机组分段中标量约束_6_75_6],0.0
cons[火电机组分段中标量约束_6_75_7],0.0
cons[火电机组分段中标量约束_6_75_8],0.0
cons[火电机组分段中标量约束_6_75_9],0.0
cons[火电机组出力之和约束_6_75],0.0
cons[火电机组分段中标量约束_6_76_0],0.0
cons[火电机组分段中标量约束_6_76_1],0.0
cons[火电机组分段中标量约束_6_76_2],0.0
cons[火电机组分段中标量约束_6_76_3],0.0
cons[火电机组分段中标量约束_6_76_4],0.0
cons[火电机组分段中标量约束_6_76_5],0.0
cons[火电机组分段中标量约束_6_76_6],0.0
cons[火电机组分段中标量约束_6_76_7],0.0
cons[火电机组分段中标量约束_6_76_8],0.0
cons[火电机组分段中标量约束_6_76_9],0.0
cons[火电机组出力之和约束_6_76],0.0
cons[火电机组分段中标量约束_6_77_0],0.0
cons[火电机组分段中标量约束_6_77_1],0.0
cons[火电机组分段中标量约束_6_77_2],0.0
cons[火电机组分段中标量约束_6_77_3],0.0
cons[火电机组分段中标量约束_6_77_4],0.0
cons[火电机组分段中标量约束_6_77_5],0.0
cons[火电机组分段中标量约束_6_77_6],0.0
cons[火电机组分段中标量约束_6_77_7],0.0
cons[火电机组分段中标量约束_6_77_8],0.0
cons[火电机组分段中标量约束_6_77_9],0.0
cons[火电机组出力之和约束_6_77],0.0
cons[火电机组分段中标量约束_6_78_0],0.0
cons[火电机组分段中标量约束_6_78_1],0.0
cons[火电机组分段中标量约束_6_78_2],0.0
cons[火电机组分段中标量约束_6_78_3],0.0
cons[火电机组分段中标量约束_6_78_4],0.0
cons[火电机组分段中标量约束_6_78_5],0.0
cons[火电机组分段中标量约束_6_78_6],0.0
cons[火电机组分段中标量约束_6_78_7],0.0
cons[火电机组分段中标量约束_6_78_8],0.0
cons[火电机组分段中标量约束_6_78_9],0.0
cons[火电机组出力之和约束_6_78],0.0
cons[火电机组分段中标量约束_6_79_0],0.0
cons[火电机组分段中标量约束_6_79_1],0.0
cons[火电机组分段中标量约束_6_79_2],0.0
cons[火电机组分段中标量约束_6_79_3],0.0
cons[火电机组分段中标量约束_6_79_4],0.0
cons[火电机组分段中标量约束_6_79_5],0.0
cons[火电机组分段中标量约束_6_79_6],0.0
cons[火电机组分段中标量约束_6_79_7],0.0
cons[火电机组分段中标量约束_6_79_8],0.0
cons[火电机组分段中标量约束_6_79_9],0.0
cons[火电机组出力之和约束_6_79],0.0
cons[火电机组分段中标量约束_6_80_0],0.0
cons[火电机组分段中标量约束_6_80_1],0.0
cons[火电机组分段中标量约束_6_80_2],0.0
cons[火电机组分段中标量约束_6_80_3],0.0
cons[火电机组分段中标量约束_6_80_4],0.0
cons[火电机组分段中标量约束_6_80_5],0.0
cons[火电机组分段中标量约束_6_80_6],0.0
cons[火电机组分段中标量约束_6_80_7],0.0
cons[火电机组分段中标量约束_6_80_8],0.0
cons[火电机组分段中标量约束_6_80_9],0.0
cons[火电机组出力之和约束_6_80],0.0
cons[火电机组分段中标量约束_6_81_0],0.0
cons[火电机组分段中标量约束_6_81_1],0.0
cons[火电机组分段中标量约束_6_81_2],0.0
cons[火电机组分段中标量约束_6_81_3],0.0
cons[火电机组分段中标量约束_6_81_4],0.0
cons[火电机组分段中标量约束_6_81_5],0.0
cons[火电机组分段中标量约束_6_81_6],0.0
cons[火电机组分段中标量约束_6_81_7],0.0
cons[火电机组分段中标量约束_6_81_8],0.0
cons[火电机组分段中标量约束_6_81_9],0.0
cons[火电机组出力之和约束_6_81],0.0
cons[火电机组分段中标量约束_6_82_0],0.0
cons[火电机组分段中标量约束_6_82_1],0.0
cons[火电机组分段中标量约束_6_82_2],0.0
cons[火电机组分段中标量约束_6_82_3],0.0
cons[火电机组分段中标量约束_6_82_4],0.0
cons[火电机组分段中标量约束_6_82_5],0.0
cons[火电机组分段中标量约束_6_82_6],0.0
cons[火电机组分段中标量约束_6_82_7],0.0
cons[火电机组分段中标量约束_6_82_8],0.0
cons[火电机组分段中标量约束_6_82_9],0.0
cons[火电机组出力之和约束_6_82],0.0
cons[火电机组分段中标量约束_6_83_0],0.0
cons[火电机组分段中标量约束_6_83_1],0.0
cons[火电机组分段中标量约束_6_83_2],0.0
cons[火电机组分段中标量约束_6_83_3],0.0
cons[火电机组分段中标量约束_6_83_4],0.0
cons[火电机组分段中标量约束_6_83_5],0.0
cons[火电机组分段中标量约束_6_83_6],0.0
cons[火电机组分段中标量约束_6_83_7],0.0
cons[火电机组分段中标量约束_6_83_8],0.0
cons[火电机组分段中标量约束_6_83_9],0.0
cons[火电机组出力之和约束_6_83],0.0
cons[火电机组分段中标量约束_6_84_0],0.0
cons[火电机组分段中标量约束_6_84_1],0.0
cons[火电机组分段中标量约束_6_84_2],0.0
cons[火电机组分段中标量约束_6_84_3],0.0
cons[火电机组分段中标量约束_6_84_4],0.0
cons[火电机组分段中标量约束_6_84_5],0.0
cons[火电机组分段中标量约束_6_84_6],0.0
cons[火电机组分段中标量约束_6_84_7],0.0
cons[火电机组分段中标量约束_6_84_8],0.0
cons[火电机组分段中标量约束_6_84_9],0.0
cons[火电机组出力之和约束_6_84],0.0
cons[火电机组分段中标量约束_6_85_0],0.0
cons[火电机组分段中标量约束_6_85_1],0.0
cons[火电机组分段中标量约束_6_85_2],0.0
cons[火电机组分段中标量约束_6_85_3],0.0
cons[火电机组分段中标量约束_6_85_4],0.0
cons[火电机组分段中标量约束_6_85_5],0.0
cons[火电机组分段中标量约束_6_85_6],0.0
cons[火电机组分段中标量约束_6_85_7],0.0
cons[火电机组分段中标量约束_6_85_8],0.0
cons[火电机组分段中标量约束_6_85_9],0.0
cons[火电机组出力之和约束_6_85],0.0
cons[火电机组分段中标量约束_6_86_0],0.0
cons[火电机组分段中标量约束_6_86_1],0.0
cons[火电机组分段中标量约束_6_86_2],0.0
cons[火电机组分段中标量约束_6_86_3],0.0
cons[火电机组分段中标量约束_6_86_4],0.0
cons[火电机组分段中标量约束_6_86_5],0.0
cons[火电机组分段中标量约束_6_86_6],0.0
cons[火电机组分段中标量约束_6_86_7],0.0
cons[火电机组分段中标量约束_6_86_8],0.0
cons[火电机组分段中标量约束_6_86_9],0.0
cons[火电机组出力之和约束_6_86],0.0
cons[火电机组分段中标量约束_6_87_0],0.0
cons[火电机组分段中标量约束_6_87_1],0.0
cons[火电机组分段中标量约束_6_87_2],0.0
cons[火电机组分段中标量约束_6_87_3],0.0
cons[火电机组分段中标量约束_6_87_4],0.0
cons[火电机组分段中标量约束_6_87_5],0.0
cons[火电机组分段中标量约束_6_87_6],0.0
cons[火电机组分段中标量约束_6_87_7],0.0
cons[火电机组分段中标量约束_6_87_8],0.0
cons[火电机组分段中标量约束_6_87_9],0.0
cons[火电机组出力之和约束_6_87],0.0
cons[火电机组分段中标量约束_6_88_0],0.0
cons[火电机组分段中标量约束_6_88_1],0.0
cons[火电机组分段中标量约束_6_88_2],0.0
cons[火电机组分段中标量约束_6_88_3],0.0
cons[火电机组分段中标量约束_6_88_4],0.0
cons[火电机组分段中标量约束_6_88_5],0.0
cons[火电机组分段中标量约束_6_88_6],0.0
cons[火电机组分段中标量约束_6_88_7],0.0
cons[火电机组分段中标量约束_6_88_8],0.0
cons[火电机组分段中标量约束_6_88_9],0.0
cons[火电机组出力之和约束_6_88],0.0
cons[火电机组分段中标量约束_6_89_0],0.0
cons[火电机组分段中标量约束_6_89_1],0.0
cons[火电机组分段中标量约束_6_89_2],0.0
cons[火电机组分段中标量约束_6_89_3],0.0
cons[火电机组分段中标量约束_6_89_4],0.0
cons[火电机组分段中标量约束_6_89_5],0.0
cons[火电机组分段中标量约束_6_89_6],0.0
cons[火电机组分段中标量约束_6_89_7],0.0
cons[火电机组分段中标量约束_6_89_8],0.0
cons[火电机组分段中标量约束_6_89_9],0.0
cons[火电机组出力之和约束_6_89],0.0
cons[火电机组分段中标量约束_6_90_0],0.0
cons[火电机组分段中标量约束_6_90_1],0.0
cons[火电机组分段中标量约束_6_90_2],0.0
cons[火电机组分段中标量约束_6_90_3],0.0
cons[火电机组分段中标量约束_6_90_4],0.0
cons[火电机组分段中标量约束_6_90_5],0.0
cons[火电机组分段中标量约束_6_90_6],0.0
cons[火电机组分段中标量约束_6_90_7],0.0
cons[火电机组分段中标量约束_6_90_8],0.0
cons[火电机组分段中标量约束_6_90_9],0.0
cons[火电机组出力之和约束_6_90],0.0
cons[火电机组分段中标量约束_6_91_0],0.0
cons[火电机组分段中标量约束_6_91_1],0.0
cons[火电机组分段中标量约束_6_91_2],0.0
cons[火电机组分段中标量约束_6_91_3],0.0
cons[火电机组分段中标量约束_6_91_4],0.0
cons[火电机组分段中标量约束_6_91_5],0.0
cons[火电机组分段中标量约束_6_91_6],0.0
cons[火电机组分段中标量约束_6_91_7],0.0
cons[火电机组分段中标量约束_6_91_8],0.0
cons[火电机组分段中标量约束_6_91_9],0.0
cons[火电机组出力之和约束_6_91],0.0
cons[火电机组分段中标量约束_6_92_0],0.0
cons[火电机组分段中标量约束_6_92_1],0.0
cons[火电机组分段中标量约束_6_92_2],0.0
cons[火电机组分段中标量约束_6_92_3],0.0
cons[火电机组分段中标量约束_6_92_4],0.0
cons[火电机组分段中标量约束_6_92_5],0.0
cons[火电机组分段中标量约束_6_92_6],0.0
cons[火电机组分段中标量约束_6_92_7],0.0
cons[火电机组分段中标量约束_6_92_8],0.0
cons[火电机组分段中标量约束_6_92_9],0.0
cons[火电机组出力之和约束_6_92],0.0
cons[火电机组分段中标量约束_6_93_0],0.0
cons[火电机组分段中标量约束_6_93_1],0.0
cons[火电机组分段中标量约束_6_93_2],0.0
cons[火电机组分段中标量约束_6_93_3],0.0
cons[火电机组分段中标量约束_6_93_4],0.0
cons[火电机组分段中标量约束_6_93_5],0.0
cons[火电机组分段中标量约束_6_93_6],0.0
cons[火电机组分段中标量约束_6_93_7],0.0
cons[火电机组分段中标量约束_6_93_8],0.0
cons[火电机组分段中标量约束_6_93_9],0.0
cons[火电机组出力之和约束_6_93],0.0
cons[火电机组分段中标量约束_6_94_0],0.0
cons[火电机组分段中标量约束_6_94_1],0.0
cons[火电机组分段中标量约束_6_94_2],0.0
cons[火电机组分段中标量约束_6_94_3],0.0
cons[火电机组分段中标量约束_6_94_4],0.0
cons[火电机组分段中标量约束_6_94_5],0.0
cons[火电机组分段中标量约束_6_94_6],0.0
cons[火电机组分段中标量约束_6_94_7],0.0
cons[火电机组分段中标量约束_6_94_8],0.0
cons[火电机组分段中标量约束_6_94_9],0.0
cons[火电机组出力之和约束_6_94],0.0
cons[火电机组分段中标量约束_6_95_0],0.0
cons[火电机组分段中标量约束_6_95_1],0.0
cons[火电机组分段中标量约束_6_95_2],0.0
cons[火电机组分段中标量约束_6_95_3],0.0
cons[火电机组分段中标量约束_6_95_4],0.0
cons[火电机组分段中标量约束_6_95_5],0.0
cons[火电机组分段中标量约束_6_95_6],0.0
cons[火电机组分段中标量约束_6_95_7],0.0
cons[火电机组分段中标量约束_6_95_8],0.0
cons[火电机组分段中标量约束_6_95_9],0.0
cons[火电机组出力之和约束_6_95],0.0
cons[火电机组分段中标量约束_7_0_0],0.0
cons[火电机组分段中标量约束_7_0_1],0.0
cons[火电机组分段中标量约束_7_0_2],0.0
cons[火电机组分段中标量约束_7_0_3],0.0
cons[火电机组分段中标量约束_7_0_4],0.0
cons[火电机组分段中标量约束_7_0_5],0.0
cons[火电机组分段中标量约束_7_0_6],0.0
cons[火电机组分段中标量约束_7_0_7],0.0
cons[火电机组分段中标量约束_7_0_8],0.0
cons[火电机组分段中标量约束_7_0_9],0.0
cons[火电机组出力之和约束_7_0],0.0
cons[火电机组分段中标量约束_7_1_0],0.0
cons[火电机组分段中标量约束_7_1_1],0.0
cons[火电机组分段中标量约束_7_1_2],0.0
cons[火电机组分段中标量约束_7_1_3],0.0
cons[火电机组分段中标量约束_7_1_4],0.0
cons[火电机组分段中标量约束_7_1_5],0.0
cons[火电机组分段中标量约束_7_1_6],0.0
cons[火电机组分段中标量约束_7_1_7],0.0
cons[火电机组分段中标量约束_7_1_8],0.0
cons[火电机组分段中标量约束_7_1_9],0.0
cons[火电机组出力之和约束_7_1],0.0
cons[火电机组分段中标量约束_7_2_0],0.0
cons[火电机组分段中标量约束_7_2_1],0.0
cons[火电机组分段中标量约束_7_2_2],0.0
cons[火电机组分段中标量约束_7_2_3],0.0
cons[火电机组分段中标量约束_7_2_4],0.0
cons[火电机组分段中标量约束_7_2_5],0.0
cons[火电机组分段中标量约束_7_2_6],0.0
cons[火电机组分段中标量约束_7_2_7],0.0
cons[火电机组分段中标量约束_7_2_8],0.0
cons[火电机组分段中标量约束_7_2_9],0.0
cons[火电机组出力之和约束_7_2],0.0
cons[火电机组分段中标量约束_7_3_0],0.0
cons[火电机组分段中标量约束_7_3_1],0.0
cons[火电机组分段中标量约束_7_3_2],0.0
cons[火电机组分段中标量约束_7_3_3],0.0
cons[火电机组分段中标量约束_7_3_4],0.0
cons[火电机组分段中标量约束_7_3_5],0.0
cons[火电机组分段中标量约束_7_3_6],0.0
cons[火电机组分段中标量约束_7_3_7],0.0
cons[火电机组分段中标量约束_7_3_8],0.0
cons[火电机组分段中标量约束_7_3_9],0.0
cons[火电机组出力之和约束_7_3],0.0
cons[火电机组分段中标量约束_7_4_0],0.0
cons[火电机组分段中标量约束_7_4_1],0.0
cons[火电机组分段中标量约束_7_4_2],0.0
cons[火电机组分段中标量约束_7_4_3],0.0
cons[火电机组分段中标量约束_7_4_4],0.0
cons[火电机组分段中标量约束_7_4_5],0.0
cons[火电机组分段中标量约束_7_4_6],0.0
cons[火电机组分段中标量约束_7_4_7],0.0
cons[火电机组分段中标量约束_7_4_8],0.0
cons[火电机组分段中标量约束_7_4_9],0.0
cons[火电机组出力之和约束_7_4],0.0
cons[火电机组分段中标量约束_7_5_0],0.0
cons[火电机组分段中标量约束_7_5_1],0.0
cons[火电机组分段中标量约束_7_5_2],0.0
cons[火电机组分段中标量约束_7_5_3],0.0
cons[火电机组分段中标量约束_7_5_4],0.0
cons[火电机组分段中标量约束_7_5_5],0.0
cons[火电机组分段中标量约束_7_5_6],0.0
cons[火电机组分段中标量约束_7_5_7],0.0
cons[火电机组分段中标量约束_7_5_8],0.0
cons[火电机组分段中标量约束_7_5_9],0.0
cons[火电机组出力之和约束_7_5],0.0
cons[火电机组分段中标量约束_7_6_0],0.0
cons[火电机组分段中标量约束_7_6_1],0.0
cons[火电机组分段中标量约束_7_6_2],0.0
cons[火电机组分段中标量约束_7_6_3],0.0
cons[火电机组分段中标量约束_7_6_4],0.0
cons[火电机组分段中标量约束_7_6_5],0.0
cons[火电机组分段中标量约束_7_6_6],0.0
cons[火电机组分段中标量约束_7_6_7],0.0
cons[火电机组分段中标量约束_7_6_8],0.0
cons[火电机组分段中标量约束_7_6_9],0.0
cons[火电机组出力之和约束_7_6],0.0
cons[火电机组分段中标量约束_7_7_0],0.0
cons[火电机组分段中标量约束_7_7_1],0.0
cons[火电机组分段中标量约束_7_7_2],0.0
cons[火电机组分段中标量约束_7_7_3],0.0
cons[火电机组分段中标量约束_7_7_4],0.0
cons[火电机组分段中标量约束_7_7_5],0.0
cons[火电机组分段中标量约束_7_7_6],0.0
cons[火电机组分段中标量约束_7_7_7],0.0
cons[火电机组分段中标量约束_7_7_8],0.0
cons[火电机组分段中标量约束_7_7_9],0.0
cons[火电机组出力之和约束_7_7],0.0
cons[火电机组分段中标量约束_7_8_0],0.0
cons[火电机组分段中标量约束_7_8_1],0.0
cons[火电机组分段中标量约束_7_8_2],0.0
cons[火电机组分段中标量约束_7_8_3],0.0
cons[火电机组分段中标量约束_7_8_4],0.0
cons[火电机组分段中标量约束_7_8_5],0.0
cons[火电机组分段中标量约束_7_8_6],0.0
cons[火电机组分段中标量约束_7_8_7],0.0
cons[火电机组分段中标量约束_7_8_8],0.0
cons[火电机组分段中标量约束_7_8_9],0.0
cons[火电机组出力之和约束_7_8],0.0
cons[火电机组分段中标量约束_7_9_0],0.0
cons[火电机组分段中标量约束_7_9_1],0.0
cons[火电机组分段中标量约束_7_9_2],0.0
cons[火电机组分段中标量约束_7_9_3],0.0
cons[火电机组分段中标量约束_7_9_4],0.0
cons[火电机组分段中标量约束_7_9_5],0.0
cons[火电机组分段中标量约束_7_9_6],0.0
cons[火电机组分段中标量约束_7_9_7],0.0
cons[火电机组分段中标量约束_7_9_8],0.0
cons[火电机组分段中标量约束_7_9_9],0.0
cons[火电机组出力之和约束_7_9],0.0
cons[火电机组分段中标量约束_7_10_0],0.0
cons[火电机组分段中标量约束_7_10_1],0.0
cons[火电机组分段中标量约束_7_10_2],0.0
cons[火电机组分段中标量约束_7_10_3],0.0
cons[火电机组分段中标量约束_7_10_4],0.0
cons[火电机组分段中标量约束_7_10_5],0.0
cons[火电机组分段中标量约束_7_10_6],0.0
cons[火电机组分段中标量约束_7_10_7],0.0
cons[火电机组分段中标量约束_7_10_8],0.0
cons[火电机组分段中标量约束_7_10_9],0.0
cons[火电机组出力之和约束_7_10],0.0
cons[火电机组分段中标量约束_7_11_0],0.0
cons[火电机组分段中标量约束_7_11_1],0.0
cons[火电机组分段中标量约束_7_11_2],0.0
cons[火电机组分段中标量约束_7_11_3],0.0
cons[火电机组分段中标量约束_7_11_4],0.0
cons[火电机组分段中标量约束_7_11_5],0.0
cons[火电机组分段中标量约束_7_11_6],0.0
cons[火电机组分段中标量约束_7_11_7],0.0
cons[火电机组分段中标量约束_7_11_8],0.0
cons[火电机组分段中标量约束_7_11_9],0.0
cons[火电机组出力之和约束_7_11],0.0
cons[火电机组分段中标量约束_7_12_0],0.0
cons[火电机组分段中标量约束_7_12_1],0.0
cons[火电机组分段中标量约束_7_12_2],0.0
cons[火电机组分段中标量约束_7_12_3],0.0
cons[火电机组分段中标量约束_7_12_4],0.0
cons[火电机组分段中标量约束_7_12_5],0.0
cons[火电机组分段中标量约束_7_12_6],0.0
cons[火电机组分段中标量约束_7_12_7],0.0
cons[火电机组分段中标量约束_7_12_8],0.0
cons[火电机组分段中标量约束_7_12_9],0.0
cons[火电机组出力之和约束_7_12],0.0
cons[火电机组分段中标量约束_7_13_0],0.0
cons[火电机组分段中标量约束_7_13_1],0.0
cons[火电机组分段中标量约束_7_13_2],0.0
cons[火电机组分段中标量约束_7_13_3],0.0
cons[火电机组分段中标量约束_7_13_4],0.0
cons[火电机组分段中标量约束_7_13_5],0.0
cons[火电机组分段中标量约束_7_13_6],0.0
cons[火电机组分段中标量约束_7_13_7],0.0
cons[火电机组分段中标量约束_7_13_8],0.0
cons[火电机组分段中标量约束_7_13_9],0.0
cons[火电机组出力之和约束_7_13],0.0
cons[火电机组分段中标量约束_7_14_0],0.0
cons[火电机组分段中标量约束_7_14_1],0.0
cons[火电机组分段中标量约束_7_14_2],0.0
cons[火电机组分段中标量约束_7_14_3],0.0
cons[火电机组分段中标量约束_7_14_4],0.0
cons[火电机组分段中标量约束_7_14_5],0.0
cons[火电机组分段中标量约束_7_14_6],0.0
cons[火电机组分段中标量约束_7_14_7],0.0
cons[火电机组分段中标量约束_7_14_8],0.0
cons[火电机组分段中标量约束_7_14_9],0.0
cons[火电机组出力之和约束_7_14],0.0
cons[火电机组分段中标量约束_7_15_0],0.0
cons[火电机组分段中标量约束_7_15_1],0.0
cons[火电机组分段中标量约束_7_15_2],0.0
cons[火电机组分段中标量约束_7_15_3],0.0
cons[火电机组分段中标量约束_7_15_4],0.0
cons[火电机组分段中标量约束_7_15_5],0.0
cons[火电机组分段中标量约束_7_15_6],0.0
cons[火电机组分段中标量约束_7_15_7],0.0
cons[火电机组分段中标量约束_7_15_8],0.0
cons[火电机组分段中标量约束_7_15_9],0.0
cons[火电机组出力之和约束_7_15],0.0
cons[火电机组分段中标量约束_7_16_0],0.0
cons[火电机组分段中标量约束_7_16_1],0.0
cons[火电机组分段中标量约束_7_16_2],0.0
cons[火电机组分段中标量约束_7_16_3],0.0
cons[火电机组分段中标量约束_7_16_4],0.0
cons[火电机组分段中标量约束_7_16_5],0.0
cons[火电机组分段中标量约束_7_16_6],0.0
cons[火电机组分段中标量约束_7_16_7],0.0
cons[火电机组分段中标量约束_7_16_8],0.0
cons[火电机组分段中标量约束_7_16_9],0.0
cons[火电机组出力之和约束_7_16],0.0
cons[火电机组分段中标量约束_7_17_0],0.0
cons[火电机组分段中标量约束_7_17_1],0.0
cons[火电机组分段中标量约束_7_17_2],0.0
cons[火电机组分段中标量约束_7_17_3],0.0
cons[火电机组分段中标量约束_7_17_4],0.0
cons[火电机组分段中标量约束_7_17_5],0.0
cons[火电机组分段中标量约束_7_17_6],0.0
cons[火电机组分段中标量约束_7_17_7],0.0
cons[火电机组分段中标量约束_7_17_8],0.0
cons[火电机组分段中标量约束_7_17_9],0.0
cons[火电机组出力之和约束_7_17],0.0
cons[火电机组分段中标量约束_7_18_0],0.0
cons[火电机组分段中标量约束_7_18_1],0.0
cons[火电机组分段中标量约束_7_18_2],0.0
cons[火电机组分段中标量约束_7_18_3],0.0
cons[火电机组分段中标量约束_7_18_4],0.0
cons[火电机组分段中标量约束_7_18_5],0.0
cons[火电机组分段中标量约束_7_18_6],0.0
cons[火电机组分段中标量约束_7_18_7],0.0
cons[火电机组分段中标量约束_7_18_8],0.0
cons[火电机组分段中标量约束_7_18_9],0.0
cons[火电机组出力之和约束_7_18],0.0
cons[火电机组分段中标量约束_7_19_0],0.0
cons[火电机组分段中标量约束_7_19_1],0.0
cons[火电机组分段中标量约束_7_19_2],0.0
cons[火电机组分段中标量约束_7_19_3],0.0
cons[火电机组分段中标量约束_7_19_4],0.0
cons[火电机组分段中标量约束_7_19_5],0.0
cons[火电机组分段中标量约束_7_19_6],0.0
cons[火电机组分段中标量约束_7_19_7],0.0
cons[火电机组分段中标量约束_7_19_8],0.0
cons[火电机组分段中标量约束_7_19_9],0.0
cons[火电机组出力之和约束_7_19],0.0
cons[火电机组分段中标量约束_7_20_0],0.0
cons[火电机组分段中标量约束_7_20_1],0.0
cons[火电机组分段中标量约束_7_20_2],0.0
cons[火电机组分段中标量约束_7_20_3],0.0
cons[火电机组分段中标量约束_7_20_4],0.0
cons[火电机组分段中标量约束_7_20_5],0.0
cons[火电机组分段中标量约束_7_20_6],0.0
cons[火电机组分段中标量约束_7_20_7],0.0
cons[火电机组分段中标量约束_7_20_8],0.0
cons[火电机组分段中标量约束_7_20_9],0.0
cons[火电机组出力之和约束_7_20],0.0
cons[火电机组分段中标量约束_7_21_0],0.0
cons[火电机组分段中标量约束_7_21_1],0.0
cons[火电机组分段中标量约束_7_21_2],0.0
cons[火电机组分段中标量约束_7_21_3],0.0
cons[火电机组分段中标量约束_7_21_4],0.0
cons[火电机组分段中标量约束_7_21_5],0.0
cons[火电机组分段中标量约束_7_21_6],0.0
cons[火电机组分段中标量约束_7_21_7],0.0
cons[火电机组分段中标量约束_7_21_8],0.0
cons[火电机组分段中标量约束_7_21_9],0.0
cons[火电机组出力之和约束_7_21],0.0
cons[火电机组分段中标量约束_7_22_0],0.0
cons[火电机组分段中标量约束_7_22_1],0.0
cons[火电机组分段中标量约束_7_22_2],0.0
cons[火电机组分段中标量约束_7_22_3],0.0
cons[火电机组分段中标量约束_7_22_4],0.0
cons[火电机组分段中标量约束_7_22_5],0.0
cons[火电机组分段中标量约束_7_22_6],0.0
cons[火电机组分段中标量约束_7_22_7],0.0
cons[火电机组分段中标量约束_7_22_8],0.0
cons[火电机组分段中标量约束_7_22_9],0.0
cons[火电机组出力之和约束_7_22],0.0
cons[火电机组分段中标量约束_7_23_0],0.0
cons[火电机组分段中标量约束_7_23_1],0.0
cons[火电机组分段中标量约束_7_23_2],0.0
cons[火电机组分段中标量约束_7_23_3],0.0
cons[火电机组分段中标量约束_7_23_4],0.0
cons[火电机组分段中标量约束_7_23_5],0.0
cons[火电机组分段中标量约束_7_23_6],0.0
cons[火电机组分段中标量约束_7_23_7],0.0
cons[火电机组分段中标量约束_7_23_8],0.0
cons[火电机组分段中标量约束_7_23_9],0.0
cons[火电机组出力之和约束_7_23],0.0
cons[火电机组分段中标量约束_7_24_0],0.0
cons[火电机组分段中标量约束_7_24_1],0.0
cons[火电机组分段中标量约束_7_24_2],0.0
cons[火电机组分段中标量约束_7_24_3],0.0
cons[火电机组分段中标量约束_7_24_4],0.0
cons[火电机组分段中标量约束_7_24_5],0.0
cons[火电机组分段中标量约束_7_24_6],0.0
cons[火电机组分段中标量约束_7_24_7],0.0
cons[火电机组分段中标量约束_7_24_8],0.0
cons[火电机组分段中标量约束_7_24_9],0.0
cons[火电机组出力之和约束_7_24],0.0
cons[火电机组分段中标量约束_7_25_0],0.0
cons[火电机组分段中标量约束_7_25_1],0.0
cons[火电机组分段中标量约束_7_25_2],0.0
cons[火电机组分段中标量约束_7_25_3],0.0
cons[火电机组分段中标量约束_7_25_4],0.0
cons[火电机组分段中标量约束_7_25_5],0.0
cons[火电机组分段中标量约束_7_25_6],0.0
cons[火电机组分段中标量约束_7_25_7],0.0
cons[火电机组分段中标量约束_7_25_8],0.0
cons[火电机组分段中标量约束_7_25_9],0.0
cons[火电机组出力之和约束_7_25],0.0
cons[火电机组分段中标量约束_7_26_0],0.0
cons[火电机组分段中标量约束_7_26_1],0.0
cons[火电机组分段中标量约束_7_26_2],0.0
cons[火电机组分段中标量约束_7_26_3],0.0
cons[火电机组分段中标量约束_7_26_4],0.0
cons[火电机组分段中标量约束_7_26_5],0.0
cons[火电机组分段中标量约束_7_26_6],0.0
cons[火电机组分段中标量约束_7_26_7],0.0
cons[火电机组分段中标量约束_7_26_8],0.0
cons[火电机组分段中标量约束_7_26_9],0.0
cons[火电机组出力之和约束_7_26],0.0
cons[火电机组分段中标量约束_7_27_0],0.0
cons[火电机组分段中标量约束_7_27_1],0.0
cons[火电机组分段中标量约束_7_27_2],0.0
cons[火电机组分段中标量约束_7_27_3],0.0
cons[火电机组分段中标量约束_7_27_4],0.0
cons[火电机组分段中标量约束_7_27_5],0.0
cons[火电机组分段中标量约束_7_27_6],0.0
cons[火电机组分段中标量约束_7_27_7],0.0
cons[火电机组分段中标量约束_7_27_8],0.0
cons[火电机组分段中标量约束_7_27_9],0.0
cons[火电机组出力之和约束_7_27],0.0
cons[火电机组分段中标量约束_7_28_0],0.0
cons[火电机组分段中标量约束_7_28_1],0.0
cons[火电机组分段中标量约束_7_28_2],0.0
cons[火电机组分段中标量约束_7_28_3],0.0
cons[火电机组分段中标量约束_7_28_4],0.0
cons[火电机组分段中标量约束_7_28_5],0.0
cons[火电机组分段中标量约束_7_28_6],0.0
cons[火电机组分段中标量约束_7_28_7],0.0
cons[火电机组分段中标量约束_7_28_8],0.0
cons[火电机组分段中标量约束_7_28_9],0.0
cons[火电机组出力之和约束_7_28],0.0
cons[火电机组分段中标量约束_7_29_0],0.0
cons[火电机组分段中标量约束_7_29_1],0.0
cons[火电机组分段中标量约束_7_29_2],0.0
cons[火电机组分段中标量约束_7_29_3],0.0
cons[火电机组分段中标量约束_7_29_4],0.0
cons[火电机组分段中标量约束_7_29_5],0.0
cons[火电机组分段中标量约束_7_29_6],0.0
cons[火电机组分段中标量约束_7_29_7],0.0
cons[火电机组分段中标量约束_7_29_8],0.0
cons[火电机组分段中标量约束_7_29_9],0.0
cons[火电机组出力之和约束_7_29],0.0
cons[火电机组分段中标量约束_7_30_0],0.0
cons[火电机组分段中标量约束_7_30_1],0.0
cons[火电机组分段中标量约束_7_30_2],0.0
cons[火电机组分段中标量约束_7_30_3],0.0
cons[火电机组分段中标量约束_7_30_4],0.0
cons[火电机组分段中标量约束_7_30_5],0.0
cons[火电机组分段中标量约束_7_30_6],0.0
cons[火电机组分段中标量约束_7_30_7],0.0
cons[火电机组分段中标量约束_7_30_8],0.0
cons[火电机组分段中标量约束_7_30_9],0.0
cons[火电机组出力之和约束_7_30],0.0
cons[火电机组分段中标量约束_7_31_0],0.0
cons[火电机组分段中标量约束_7_31_1],0.0
cons[火电机组分段中标量约束_7_31_2],0.0
cons[火电机组分段中标量约束_7_31_3],0.0
cons[火电机组分段中标量约束_7_31_4],0.0
cons[火电机组分段中标量约束_7_31_5],0.0
cons[火电机组分段中标量约束_7_31_6],0.0
cons[火电机组分段中标量约束_7_31_7],0.0
cons[火电机组分段中标量约束_7_31_8],0.0
cons[火电机组分段中标量约束_7_31_9],0.0
cons[火电机组出力之和约束_7_31],0.0
cons[火电机组分段中标量约束_7_32_0],0.0
cons[火电机组分段中标量约束_7_32_1],0.0
cons[火电机组分段中标量约束_7_32_2],0.0
cons[火电机组分段中标量约束_7_32_3],0.0
cons[火电机组分段中标量约束_7_32_4],0.0
cons[火电机组分段中标量约束_7_32_5],0.0
cons[火电机组分段中标量约束_7_32_6],0.0
cons[火电机组分段中标量约束_7_32_7],0.0
cons[火电机组分段中标量约束_7_32_8],0.0
cons[火电机组分段中标量约束_7_32_9],0.0
cons[火电机组出力之和约束_7_32],0.0
cons[火电机组分段中标量约束_7_33_0],0.0
cons[火电机组分段中标量约束_7_33_1],0.0
cons[火电机组分段中标量约束_7_33_2],0.0
cons[火电机组分段中标量约束_7_33_3],0.0
cons[火电机组分段中标量约束_7_33_4],0.0
cons[火电机组分段中标量约束_7_33_5],0.0
cons[火电机组分段中标量约束_7_33_6],0.0
cons[火电机组分段中标量约束_7_33_7],0.0
cons[火电机组分段中标量约束_7_33_8],0.0
cons[火电机组分段中标量约束_7_33_9],0.0
cons[火电机组出力之和约束_7_33],0.0
cons[火电机组分段中标量约束_7_34_0],0.0
cons[火电机组分段中标量约束_7_34_1],0.0
cons[火电机组分段中标量约束_7_34_2],0.0
cons[火电机组分段中标量约束_7_34_3],0.0
cons[火电机组分段中标量约束_7_34_4],0.0
cons[火电机组分段中标量约束_7_34_5],0.0
cons[火电机组分段中标量约束_7_34_6],0.0
cons[火电机组分段中标量约束_7_34_7],0.0
cons[火电机组分段中标量约束_7_34_8],0.0
cons[火电机组分段中标量约束_7_34_9],0.0
cons[火电机组出力之和约束_7_34],0.0
cons[火电机组分段中标量约束_7_35_0],0.0
cons[火电机组分段中标量约束_7_35_1],0.0
cons[火电机组分段中标量约束_7_35_2],0.0
cons[火电机组分段中标量约束_7_35_3],0.0
cons[火电机组分段中标量约束_7_35_4],0.0
cons[火电机组分段中标量约束_7_35_5],0.0
cons[火电机组分段中标量约束_7_35_6],0.0
cons[火电机组分段中标量约束_7_35_7],0.0
cons[火电机组分段中标量约束_7_35_8],0.0
cons[火电机组分段中标量约束_7_35_9],0.0
cons[火电机组出力之和约束_7_35],0.0
cons[火电机组分段中标量约束_7_36_0],0.0
cons[火电机组分段中标量约束_7_36_1],0.0
cons[火电机组分段中标量约束_7_36_2],0.0
cons[火电机组分段中标量约束_7_36_3],0.0
cons[火电机组分段中标量约束_7_36_4],0.0
cons[火电机组分段中标量约束_7_36_5],0.0
cons[火电机组分段中标量约束_7_36_6],0.0
cons[火电机组分段中标量约束_7_36_7],0.0
cons[火电机组分段中标量约束_7_36_8],0.0
cons[火电机组分段中标量约束_7_36_9],0.0
cons[火电机组出力之和约束_7_36],0.0
cons[火电机组分段中标量约束_7_37_0],0.0
cons[火电机组分段中标量约束_7_37_1],0.0
cons[火电机组分段中标量约束_7_37_2],0.0
cons[火电机组分段中标量约束_7_37_3],0.0
cons[火电机组分段中标量约束_7_37_4],0.0
cons[火电机组分段中标量约束_7_37_5],0.0
cons[火电机组分段中标量约束_7_37_6],0.0
cons[火电机组分段中标量约束_7_37_7],0.0
cons[火电机组分段中标量约束_7_37_8],0.0
cons[火电机组分段中标量约束_7_37_9],0.0
cons[火电机组出力之和约束_7_37],0.0
cons[火电机组分段中标量约束_7_38_0],0.0
cons[火电机组分段中标量约束_7_38_1],0.0
cons[火电机组分段中标量约束_7_38_2],0.0
cons[火电机组分段中标量约束_7_38_3],0.0
cons[火电机组分段中标量约束_7_38_4],0.0
cons[火电机组分段中标量约束_7_38_5],0.0
cons[火电机组分段中标量约束_7_38_6],0.0
cons[火电机组分段中标量约束_7_38_7],0.0
cons[火电机组分段中标量约束_7_38_8],0.0
cons[火电机组分段中标量约束_7_38_9],0.0
cons[火电机组出力之和约束_7_38],0.0
cons[火电机组分段中标量约束_7_39_0],0.0
cons[火电机组分段中标量约束_7_39_1],0.0
cons[火电机组分段中标量约束_7_39_2],0.0
cons[火电机组分段中标量约束_7_39_3],0.0
cons[火电机组分段中标量约束_7_39_4],0.0
cons[火电机组分段中标量约束_7_39_5],0.0
cons[火电机组分段中标量约束_7_39_6],0.0
cons[火电机组分段中标量约束_7_39_7],0.0
cons[火电机组分段中标量约束_7_39_8],0.0
cons[火电机组分段中标量约束_7_39_9],0.0
cons[火电机组出力之和约束_7_39],0.0
cons[火电机组分段中标量约束_7_40_0],0.0
cons[火电机组分段中标量约束_7_40_1],0.0
cons[火电机组分段中标量约束_7_40_2],0.0
cons[火电机组分段中标量约束_7_40_3],0.0
cons[火电机组分段中标量约束_7_40_4],0.0
cons[火电机组分段中标量约束_7_40_5],0.0
cons[火电机组分段中标量约束_7_40_6],0.0
cons[火电机组分段中标量约束_7_40_7],0.0
cons[火电机组分段中标量约束_7_40_8],0.0
cons[火电机组分段中标量约束_7_40_9],0.0
cons[火电机组出力之和约束_7_40],0.0
cons[火电机组分段中标量约束_7_41_0],0.0
cons[火电机组分段中标量约束_7_41_1],0.0
cons[火电机组分段中标量约束_7_41_2],0.0
cons[火电机组分段中标量约束_7_41_3],0.0
cons[火电机组分段中标量约束_7_41_4],0.0
cons[火电机组分段中标量约束_7_41_5],0.0
cons[火电机组分段中标量约束_7_41_6],0.0
cons[火电机组分段中标量约束_7_41_7],0.0
cons[火电机组分段中标量约束_7_41_8],0.0
cons[火电机组分段中标量约束_7_41_9],0.0
cons[火电机组出力之和约束_7_41],0.0
cons[火电机组分段中标量约束_7_42_0],0.0
cons[火电机组分段中标量约束_7_42_1],0.0
cons[火电机组分段中标量约束_7_42_2],0.0
cons[火电机组分段中标量约束_7_42_3],0.0
cons[火电机组分段中标量约束_7_42_4],0.0
cons[火电机组分段中标量约束_7_42_5],0.0
cons[火电机组分段中标量约束_7_42_6],0.0
cons[火电机组分段中标量约束_7_42_7],0.0
cons[火电机组分段中标量约束_7_42_8],0.0
cons[火电机组分段中标量约束_7_42_9],0.0
cons[火电机组出力之和约束_7_42],0.0
cons[火电机组分段中标量约束_7_43_0],0.0
cons[火电机组分段中标量约束_7_43_1],0.0
cons[火电机组分段中标量约束_7_43_2],0.0
cons[火电机组分段中标量约束_7_43_3],0.0
cons[火电机组分段中标量约束_7_43_4],0.0
cons[火电机组分段中标量约束_7_43_5],0.0
cons[火电机组分段中标量约束_7_43_6],0.0
cons[火电机组分段中标量约束_7_43_7],0.0
cons[火电机组分段中标量约束_7_43_8],0.0
cons[火电机组分段中标量约束_7_43_9],0.0
cons[火电机组出力之和约束_7_43],0.0
cons[火电机组分段中标量约束_7_44_0],0.0
cons[火电机组分段中标量约束_7_44_1],0.0
cons[火电机组分段中标量约束_7_44_2],0.0
cons[火电机组分段中标量约束_7_44_3],0.0
cons[火电机组分段中标量约束_7_44_4],0.0
cons[火电机组分段中标量约束_7_44_5],0.0
cons[火电机组分段中标量约束_7_44_6],0.0
cons[火电机组分段中标量约束_7_44_7],0.0
cons[火电机组分段中标量约束_7_44_8],0.0
cons[火电机组分段中标量约束_7_44_9],0.0
cons[火电机组出力之和约束_7_44],0.0
cons[火电机组分段中标量约束_7_45_0],0.0
cons[火电机组分段中标量约束_7_45_1],0.0
cons[火电机组分段中标量约束_7_45_2],0.0
cons[火电机组分段中标量约束_7_45_3],0.0
cons[火电机组分段中标量约束_7_45_4],0.0
cons[火电机组分段中标量约束_7_45_5],0.0
cons[火电机组分段中标量约束_7_45_6],0.0
cons[火电机组分段中标量约束_7_45_7],0.0
cons[火电机组分段中标量约束_7_45_8],0.0
cons[火电机组分段中标量约束_7_45_9],0.0
cons[火电机组出力之和约束_7_45],0.0
cons[火电机组分段中标量约束_7_46_0],0.0
cons[火电机组分段中标量约束_7_46_1],0.0
cons[火电机组分段中标量约束_7_46_2],0.0
cons[火电机组分段中标量约束_7_46_3],0.0
cons[火电机组分段中标量约束_7_46_4],0.0
cons[火电机组分段中标量约束_7_46_5],0.0
cons[火电机组分段中标量约束_7_46_6],0.0
cons[火电机组分段中标量约束_7_46_7],0.0
cons[火电机组分段中标量约束_7_46_8],0.0
cons[火电机组分段中标量约束_7_46_9],0.0
cons[火电机组出力之和约束_7_46],0.0
cons[火电机组分段中标量约束_7_47_0],0.0
cons[火电机组分段中标量约束_7_47_1],0.0
cons[火电机组分段中标量约束_7_47_2],0.0
cons[火电机组分段中标量约束_7_47_3],0.0
cons[火电机组分段中标量约束_7_47_4],0.0
cons[火电机组分段中标量约束_7_47_5],0.0
cons[火电机组分段中标量约束_7_47_6],0.0
cons[火电机组分段中标量约束_7_47_7],0.0
cons[火电机组分段中标量约束_7_47_8],0.0
cons[火电机组分段中标量约束_7_47_9],0.0
cons[火电机组出力之和约束_7_47],0.0
cons[火电机组分段中标量约束_7_48_0],0.0
cons[火电机组分段中标量约束_7_48_1],0.0
cons[火电机组分段中标量约束_7_48_2],0.0
cons[火电机组分段中标量约束_7_48_3],0.0
cons[火电机组分段中标量约束_7_48_4],0.0
cons[火电机组分段中标量约束_7_48_5],0.0
cons[火电机组分段中标量约束_7_48_6],0.0
cons[火电机组分段中标量约束_7_48_7],0.0
cons[火电机组分段中标量约束_7_48_8],0.0
cons[火电机组分段中标量约束_7_48_9],0.0
cons[火电机组出力之和约束_7_48],0.0
cons[火电机组分段中标量约束_7_49_0],0.0
cons[火电机组分段中标量约束_7_49_1],0.0
cons[火电机组分段中标量约束_7_49_2],0.0
cons[火电机组分段中标量约束_7_49_3],0.0
cons[火电机组分段中标量约束_7_49_4],0.0
cons[火电机组分段中标量约束_7_49_5],0.0
cons[火电机组分段中标量约束_7_49_6],0.0
cons[火电机组分段中标量约束_7_49_7],0.0
cons[火电机组分段中标量约束_7_49_8],0.0
cons[火电机组分段中标量约束_7_49_9],0.0
cons[火电机组出力之和约束_7_49],0.0
cons[火电机组分段中标量约束_7_50_0],0.0
cons[火电机组分段中标量约束_7_50_1],0.0
cons[火电机组分段中标量约束_7_50_2],0.0
cons[火电机组分段中标量约束_7_50_3],0.0
cons[火电机组分段中标量约束_7_50_4],0.0
cons[火电机组分段中标量约束_7_50_5],0.0
cons[火电机组分段中标量约束_7_50_6],0.0
cons[火电机组分段中标量约束_7_50_7],0.0
cons[火电机组分段中标量约束_7_50_8],0.0
cons[火电机组分段中标量约束_7_50_9],0.0
cons[火电机组出力之和约束_7_50],0.0
cons[火电机组分段中标量约束_7_51_0],0.0
cons[火电机组分段中标量约束_7_51_1],0.0
cons[火电机组分段中标量约束_7_51_2],0.0
cons[火电机组分段中标量约束_7_51_3],0.0
cons[火电机组分段中标量约束_7_51_4],0.0
cons[火电机组分段中标量约束_7_51_5],0.0
cons[火电机组分段中标量约束_7_51_6],0.0
cons[火电机组分段中标量约束_7_51_7],0.0
cons[火电机组分段中标量约束_7_51_8],0.0
cons[火电机组分段中标量约束_7_51_9],0.0
cons[火电机组出力之和约束_7_51],0.0
cons[火电机组分段中标量约束_7_52_0],0.0
cons[火电机组分段中标量约束_7_52_1],0.0
cons[火电机组分段中标量约束_7_52_2],0.0
cons[火电机组分段中标量约束_7_52_3],0.0
cons[火电机组分段中标量约束_7_52_4],0.0
cons[火电机组分段中标量约束_7_52_5],0.0
cons[火电机组分段中标量约束_7_52_6],0.0
cons[火电机组分段中标量约束_7_52_7],0.0
cons[火电机组分段中标量约束_7_52_8],0.0
cons[火电机组分段中标量约束_7_52_9],0.0
cons[火电机组出力之和约束_7_52],0.0
cons[火电机组分段中标量约束_7_53_0],0.0
cons[火电机组分段中标量约束_7_53_1],0.0
cons[火电机组分段中标量约束_7_53_2],0.0
cons[火电机组分段中标量约束_7_53_3],0.0
cons[火电机组分段中标量约束_7_53_4],0.0
cons[火电机组分段中标量约束_7_53_5],0.0
cons[火电机组分段中标量约束_7_53_6],0.0
cons[火电机组分段中标量约束_7_53_7],0.0
cons[火电机组分段中标量约束_7_53_8],0.0
cons[火电机组分段中标量约束_7_53_9],0.0
cons[火电机组出力之和约束_7_53],0.0
cons[火电机组分段中标量约束_7_54_0],0.0
cons[火电机组分段中标量约束_7_54_1],0.0
cons[火电机组分段中标量约束_7_54_2],0.0
cons[火电机组分段中标量约束_7_54_3],0.0
cons[火电机组分段中标量约束_7_54_4],0.0
cons[火电机组分段中标量约束_7_54_5],0.0
cons[火电机组分段中标量约束_7_54_6],0.0
cons[火电机组分段中标量约束_7_54_7],0.0
cons[火电机组分段中标量约束_7_54_8],0.0
cons[火电机组分段中标量约束_7_54_9],0.0
cons[火电机组出力之和约束_7_54],0.0
cons[火电机组分段中标量约束_7_55_0],0.0
cons[火电机组分段中标量约束_7_55_1],0.0
cons[火电机组分段中标量约束_7_55_2],0.0
cons[火电机组分段中标量约束_7_55_3],0.0
cons[火电机组分段中标量约束_7_55_4],0.0
cons[火电机组分段中标量约束_7_55_5],0.0
cons[火电机组分段中标量约束_7_55_6],0.0
cons[火电机组分段中标量约束_7_55_7],0.0
cons[火电机组分段中标量约束_7_55_8],0.0
cons[火电机组分段中标量约束_7_55_9],0.0
cons[火电机组出力之和约束_7_55],0.0
cons[火电机组分段中标量约束_7_56_0],0.0
cons[火电机组分段中标量约束_7_56_1],0.0
cons[火电机组分段中标量约束_7_56_2],0.0
cons[火电机组分段中标量约束_7_56_3],0.0
cons[火电机组分段中标量约束_7_56_4],0.0
cons[火电机组分段中标量约束_7_56_5],0.0
cons[火电机组分段中标量约束_7_56_6],0.0
cons[火电机组分段中标量约束_7_56_7],0.0
cons[火电机组分段中标量约束_7_56_8],0.0
cons[火电机组分段中标量约束_7_56_9],0.0
cons[火电机组出力之和约束_7_56],0.0
cons[火电机组分段中标量约束_7_57_0],0.0
cons[火电机组分段中标量约束_7_57_1],0.0
cons[火电机组分段中标量约束_7_57_2],0.0
cons[火电机组分段中标量约束_7_57_3],0.0
cons[火电机组分段中标量约束_7_57_4],0.0
cons[火电机组分段中标量约束_7_57_5],0.0
cons[火电机组分段中标量约束_7_57_6],0.0
cons[火电机组分段中标量约束_7_57_7],0.0
cons[火电机组分段中标量约束_7_57_8],0.0
cons[火电机组分段中标量约束_7_57_9],0.0
cons[火电机组出力之和约束_7_57],0.0
cons[火电机组分段中标量约束_7_58_0],0.0
cons[火电机组分段中标量约束_7_58_1],0.0
cons[火电机组分段中标量约束_7_58_2],0.0
cons[火电机组分段中标量约束_7_58_3],0.0
cons[火电机组分段中标量约束_7_58_4],0.0
cons[火电机组分段中标量约束_7_58_5],0.0
cons[火电机组分段中标量约束_7_58_6],0.0
cons[火电机组分段中标量约束_7_58_7],0.0
cons[火电机组分段中标量约束_7_58_8],0.0
cons[火电机组分段中标量约束_7_58_9],0.0
cons[火电机组出力之和约束_7_58],0.0
cons[火电机组分段中标量约束_7_59_0],0.0
cons[火电机组分段中标量约束_7_59_1],0.0
cons[火电机组分段中标量约束_7_59_2],0.0
cons[火电机组分段中标量约束_7_59_3],0.0
cons[火电机组分段中标量约束_7_59_4],0.0
cons[火电机组分段中标量约束_7_59_5],0.0
cons[火电机组分段中标量约束_7_59_6],0.0
cons[火电机组分段中标量约束_7_59_7],0.0
cons[火电机组分段中标量约束_7_59_8],0.0
cons[火电机组分段中标量约束_7_59_9],0.0
cons[火电机组出力之和约束_7_59],0.0
cons[火电机组分段中标量约束_7_60_0],0.0
cons[火电机组分段中标量约束_7_60_1],0.0
cons[火电机组分段中标量约束_7_60_2],0.0
cons[火电机组分段中标量约束_7_60_3],0.0
cons[火电机组分段中标量约束_7_60_4],0.0
cons[火电机组分段中标量约束_7_60_5],0.0
cons[火电机组分段中标量约束_7_60_6],0.0
cons[火电机组分段中标量约束_7_60_7],0.0
cons[火电机组分段中标量约束_7_60_8],0.0
cons[火电机组分段中标量约束_7_60_9],0.0
cons[火电机组出力之和约束_7_60],0.0
cons[火电机组分段中标量约束_7_61_0],0.0
cons[火电机组分段中标量约束_7_61_1],0.0
cons[火电机组分段中标量约束_7_61_2],0.0
cons[火电机组分段中标量约束_7_61_3],0.0
cons[火电机组分段中标量约束_7_61_4],0.0
cons[火电机组分段中标量约束_7_61_5],0.0
cons[火电机组分段中标量约束_7_61_6],0.0
cons[火电机组分段中标量约束_7_61_7],0.0
cons[火电机组分段中标量约束_7_61_8],0.0
cons[火电机组分段中标量约束_7_61_9],0.0
cons[火电机组出力之和约束_7_61],0.0
cons[火电机组分段中标量约束_7_62_0],0.0
cons[火电机组分段中标量约束_7_62_1],0.0
cons[火电机组分段中标量约束_7_62_2],0.0
cons[火电机组分段中标量约束_7_62_3],0.0
cons[火电机组分段中标量约束_7_62_4],0.0
cons[火电机组分段中标量约束_7_62_5],0.0
cons[火电机组分段中标量约束_7_62_6],0.0
cons[火电机组分段中标量约束_7_62_7],0.0
cons[火电机组分段中标量约束_7_62_8],0.0
cons[火电机组分段中标量约束_7_62_9],0.0
cons[火电机组出力之和约束_7_62],0.0
cons[火电机组分段中标量约束_7_63_0],0.0
cons[火电机组分段中标量约束_7_63_1],0.0
cons[火电机组分段中标量约束_7_63_2],0.0
cons[火电机组分段中标量约束_7_63_3],0.0
cons[火电机组分段中标量约束_7_63_4],0.0
cons[火电机组分段中标量约束_7_63_5],0.0
cons[火电机组分段中标量约束_7_63_6],0.0
cons[火电机组分段中标量约束_7_63_7],0.0
cons[火电机组分段中标量约束_7_63_8],0.0
cons[火电机组分段中标量约束_7_63_9],0.0
cons[火电机组出力之和约束_7_63],0.0
cons[火电机组分段中标量约束_7_64_0],0.0
cons[火电机组分段中标量约束_7_64_1],0.0
cons[火电机组分段中标量约束_7_64_2],0.0
cons[火电机组分段中标量约束_7_64_3],0.0
cons[火电机组分段中标量约束_7_64_4],0.0
cons[火电机组分段中标量约束_7_64_5],0.0
cons[火电机组分段中标量约束_7_64_6],0.0
cons[火电机组分段中标量约束_7_64_7],0.0
cons[火电机组分段中标量约束_7_64_8],0.0
cons[火电机组分段中标量约束_7_64_9],0.0
cons[火电机组出力之和约束_7_64],0.0
cons[火电机组分段中标量约束_7_65_0],0.0
cons[火电机组分段中标量约束_7_65_1],0.0
cons[火电机组分段中标量约束_7_65_2],0.0
cons[火电机组分段中标量约束_7_65_3],0.0
cons[火电机组分段中标量约束_7_65_4],0.0
cons[火电机组分段中标量约束_7_65_5],0.0
cons[火电机组分段中标量约束_7_65_6],0.0
cons[火电机组分段中标量约束_7_65_7],0.0
cons[火电机组分段中标量约束_7_65_8],0.0
cons[火电机组分段中标量约束_7_65_9],0.0
cons[火电机组出力之和约束_7_65],0.0
cons[火电机组分段中标量约束_7_66_0],0.0
cons[火电机组分段中标量约束_7_66_1],0.0
cons[火电机组分段中标量约束_7_66_2],0.0
cons[火电机组分段中标量约束_7_66_3],0.0
cons[火电机组分段中标量约束_7_66_4],0.0
cons[火电机组分段中标量约束_7_66_5],0.0
cons[火电机组分段中标量约束_7_66_6],0.0
cons[火电机组分段中标量约束_7_66_7],0.0
cons[火电机组分段中标量约束_7_66_8],0.0
cons[火电机组分段中标量约束_7_66_9],0.0
cons[火电机组出力之和约束_7_66],0.0
cons[火电机组分段中标量约束_7_67_0],0.0
cons[火电机组分段中标量约束_7_67_1],0.0
cons[火电机组分段中标量约束_7_67_2],0.0
cons[火电机组分段中标量约束_7_67_3],0.0
cons[火电机组分段中标量约束_7_67_4],0.0
cons[火电机组分段中标量约束_7_67_5],0.0
cons[火电机组分段中标量约束_7_67_6],0.0
cons[火电机组分段中标量约束_7_67_7],0.0
cons[火电机组分段中标量约束_7_67_8],0.0
cons[火电机组分段中标量约束_7_67_9],0.0
cons[火电机组出力之和约束_7_67],0.0
cons[火电机组分段中标量约束_7_68_0],0.0
cons[火电机组分段中标量约束_7_68_1],0.0
cons[火电机组分段中标量约束_7_68_2],0.0
cons[火电机组分段中标量约束_7_68_3],0.0
cons[火电机组分段中标量约束_7_68_4],0.0
cons[火电机组分段中标量约束_7_68_5],0.0
cons[火电机组分段中标量约束_7_68_6],0.0
cons[火电机组分段中标量约束_7_68_7],0.0
cons[火电机组分段中标量约束_7_68_8],0.0
cons[火电机组分段中标量约束_7_68_9],0.0
cons[火电机组出力之和约束_7_68],0.0
cons[火电机组分段中标量约束_7_69_0],0.0
cons[火电机组分段中标量约束_7_69_1],0.0
cons[火电机组分段中标量约束_7_69_2],0.0
cons[火电机组分段中标量约束_7_69_3],0.0
cons[火电机组分段中标量约束_7_69_4],0.0
cons[火电机组分段中标量约束_7_69_5],0.0
cons[火电机组分段中标量约束_7_69_6],0.0
cons[火电机组分段中标量约束_7_69_7],0.0
cons[火电机组分段中标量约束_7_69_8],0.0
cons[火电机组分段中标量约束_7_69_9],0.0
cons[火电机组出力之和约束_7_69],0.0
cons[火电机组分段中标量约束_7_70_0],0.0
cons[火电机组分段中标量约束_7_70_1],0.0
cons[火电机组分段中标量约束_7_70_2],0.0
cons[火电机组分段中标量约束_7_70_3],0.0
cons[火电机组分段中标量约束_7_70_4],0.0
cons[火电机组分段中标量约束_7_70_5],0.0
cons[火电机组分段中标量约束_7_70_6],0.0
cons[火电机组分段中标量约束_7_70_7],0.0
cons[火电机组分段中标量约束_7_70_8],0.0
cons[火电机组分段中标量约束_7_70_9],0.0
cons[火电机组出力之和约束_7_70],0.0
cons[火电机组分段中标量约束_7_71_0],0.0
cons[火电机组分段中标量约束_7_71_1],0.0
cons[火电机组分段中标量约束_7_71_2],0.0
cons[火电机组分段中标量约束_7_71_3],0.0
cons[火电机组分段中标量约束_7_71_4],0.0
cons[火电机组分段中标量约束_7_71_5],0.0
cons[火电机组分段中标量约束_7_71_6],0.0
cons[火电机组分段中标量约束_7_71_7],0.0
cons[火电机组分段中标量约束_7_71_8],0.0
cons[火电机组分段中标量约束_7_71_9],0.0
cons[火电机组出力之和约束_7_71],0.0
cons[火电机组分段中标量约束_7_72_0],0.0
cons[火电机组分段中标量约束_7_72_1],0.0
cons[火电机组分段中标量约束_7_72_2],0.0
cons[火电机组分段中标量约束_7_72_3],0.0
cons[火电机组分段中标量约束_7_72_4],0.0
cons[火电机组分段中标量约束_7_72_5],0.0
cons[火电机组分段中标量约束_7_72_6],0.0
cons[火电机组分段中标量约束_7_72_7],0.0
cons[火电机组分段中标量约束_7_72_8],0.0
cons[火电机组分段中标量约束_7_72_9],0.0
cons[火电机组出力之和约束_7_72],0.0
cons[火电机组分段中标量约束_7_73_0],0.0
cons[火电机组分段中标量约束_7_73_1],0.0
cons[火电机组分段中标量约束_7_73_2],0.0
cons[火电机组分段中标量约束_7_73_3],0.0
cons[火电机组分段中标量约束_7_73_4],0.0
cons[火电机组分段中标量约束_7_73_5],0.0
cons[火电机组分段中标量约束_7_73_6],0.0
cons[火电机组分段中标量约束_7_73_7],0.0
cons[火电机组分段中标量约束_7_73_8],0.0
cons[火电机组分段中标量约束_7_73_9],0.0
cons[火电机组出力之和约束_7_73],0.0
cons[火电机组分段中标量约束_7_74_0],0.0
cons[火电机组分段中标量约束_7_74_1],0.0
cons[火电机组分段中标量约束_7_74_2],0.0
cons[火电机组分段中标量约束_7_74_3],0.0
cons[火电机组分段中标量约束_7_74_4],0.0
cons[火电机组分段中标量约束_7_74_5],0.0
cons[火电机组分段中标量约束_7_74_6],0.0
cons[火电机组分段中标量约束_7_74_7],0.0
cons[火电机组分段中标量约束_7_74_8],0.0
cons[火电机组分段中标量约束_7_74_9],0.0
cons[火电机组出力之和约束_7_74],0.0
cons[火电机组分段中标量约束_7_75_0],0.0
cons[火电机组分段中标量约束_7_75_1],0.0
cons[火电机组分段中标量约束_7_75_2],0.0
cons[火电机组分段中标量约束_7_75_3],0.0
cons[火电机组分段中标量约束_7_75_4],0.0
cons[火电机组分段中标量约束_7_75_5],0.0
cons[火电机组分段中标量约束_7_75_6],0.0
cons[火电机组分段中标量约束_7_75_7],0.0
cons[火电机组分段中标量约束_7_75_8],0.0
cons[火电机组分段中标量约束_7_75_9],0.0
cons[火电机组出力之和约束_7_75],0.0
cons[火电机组分段中标量约束_7_76_0],0.0
cons[火电机组分段中标量约束_7_76_1],0.0
cons[火电机组分段中标量约束_7_76_2],0.0
cons[火电机组分段中标量约束_7_76_3],0.0
cons[火电机组分段中标量约束_7_76_4],0.0
cons[火电机组分段中标量约束_7_76_5],0.0
cons[火电机组分段中标量约束_7_76_6],0.0
cons[火电机组分段中标量约束_7_76_7],0.0
cons[火电机组分段中标量约束_7_76_8],0.0
cons[火电机组分段中标量约束_7_76_9],0.0
cons[火电机组出力之和约束_7_76],0.0
cons[火电机组分段中标量约束_7_77_0],0.0
cons[火电机组分段中标量约束_7_77_1],0.0
cons[火电机组分段中标量约束_7_77_2],0.0
cons[火电机组分段中标量约束_7_77_3],0.0
cons[火电机组分段中标量约束_7_77_4],0.0
cons[火电机组分段中标量约束_7_77_5],0.0
cons[火电机组分段中标量约束_7_77_6],0.0
cons[火电机组分段中标量约束_7_77_7],0.0
cons[火电机组分段中标量约束_7_77_8],0.0
cons[火电机组分段中标量约束_7_77_9],0.0
cons[火电机组出力之和约束_7_77],0.0
cons[火电机组分段中标量约束_7_78_0],0.0
cons[火电机组分段中标量约束_7_78_1],0.0
cons[火电机组分段中标量约束_7_78_2],0.0
cons[火电机组分段中标量约束_7_78_3],0.0
cons[火电机组分段中标量约束_7_78_4],0.0
cons[火电机组分段中标量约束_7_78_5],0.0
cons[火电机组分段中标量约束_7_78_6],0.0
cons[火电机组分段中标量约束_7_78_7],0.0
cons[火电机组分段中标量约束_7_78_8],0.0
cons[火电机组分段中标量约束_7_78_9],0.0
cons[火电机组出力之和约束_7_78],0.0
cons[火电机组分段中标量约束_7_79_0],0.0
cons[火电机组分段中标量约束_7_79_1],0.0
cons[火电机组分段中标量约束_7_79_2],0.0
cons[火电机组分段中标量约束_7_79_3],0.0
cons[火电机组分段中标量约束_7_79_4],0.0
cons[火电机组分段中标量约束_7_79_5],0.0
cons[火电机组分段中标量约束_7_79_6],0.0
cons[火电机组分段中标量约束_7_79_7],0.0
cons[火电机组分段中标量约束_7_79_8],0.0
cons[火电机组分段中标量约束_7_79_9],0.0
cons[火电机组出力之和约束_7_79],0.0
cons[火电机组分段中标量约束_7_80_0],0.0
cons[火电机组分段中标量约束_7_80_1],0.0
cons[火电机组分段中标量约束_7_80_2],0.0
cons[火电机组分段中标量约束_7_80_3],0.0
cons[火电机组分段中标量约束_7_80_4],0.0
cons[火电机组分段中标量约束_7_80_5],0.0
cons[火电机组分段中标量约束_7_80_6],0.0
cons[火电机组分段中标量约束_7_80_7],0.0
cons[火电机组分段中标量约束_7_80_8],0.0
cons[火电机组分段中标量约束_7_80_9],0.0
cons[火电机组出力之和约束_7_80],0.0
cons[火电机组分段中标量约束_7_81_0],0.0
cons[火电机组分段中标量约束_7_81_1],0.0
cons[火电机组分段中标量约束_7_81_2],0.0
cons[火电机组分段中标量约束_7_81_3],0.0
cons[火电机组分段中标量约束_7_81_4],0.0
cons[火电机组分段中标量约束_7_81_5],0.0
cons[火电机组分段中标量约束_7_81_6],0.0
cons[火电机组分段中标量约束_7_81_7],0.0
cons[火电机组分段中标量约束_7_81_8],0.0
cons[火电机组分段中标量约束_7_81_9],0.0
cons[火电机组出力之和约束_7_81],0.0
cons[火电机组分段中标量约束_7_82_0],0.0
cons[火电机组分段中标量约束_7_82_1],0.0
cons[火电机组分段中标量约束_7_82_2],0.0
cons[火电机组分段中标量约束_7_82_3],0.0
cons[火电机组分段中标量约束_7_82_4],0.0
cons[火电机组分段中标量约束_7_82_5],0.0
cons[火电机组分段中标量约束_7_82_6],0.0
cons[火电机组分段中标量约束_7_82_7],0.0
cons[火电机组分段中标量约束_7_82_8],0.0
cons[火电机组分段中标量约束_7_82_9],0.0
cons[火电机组出力之和约束_7_82],0.0
cons[火电机组分段中标量约束_7_83_0],0.0
cons[火电机组分段中标量约束_7_83_1],0.0
cons[火电机组分段中标量约束_7_83_2],0.0
cons[火电机组分段中标量约束_7_83_3],0.0
cons[火电机组分段中标量约束_7_83_4],0.0
cons[火电机组分段中标量约束_7_83_5],0.0
cons[火电机组分段中标量约束_7_83_6],0.0
cons[火电机组分段中标量约束_7_83_7],0.0
cons[火电机组分段中标量约束_7_83_8],0.0
cons[火电机组分段中标量约束_7_83_9],0.0
cons[火电机组出力之和约束_7_83],0.0
cons[火电机组分段中标量约束_7_84_0],0.0
cons[火电机组分段中标量约束_7_84_1],0.0
cons[火电机组分段中标量约束_7_84_2],0.0
cons[火电机组分段中标量约束_7_84_3],0.0
cons[火电机组分段中标量约束_7_84_4],0.0
cons[火电机组分段中标量约束_7_84_5],0.0
cons[火电机组分段中标量约束_7_84_6],0.0
cons[火电机组分段中标量约束_7_84_7],0.0
cons[火电机组分段中标量约束_7_84_8],0.0
cons[火电机组分段中标量约束_7_84_9],0.0
cons[火电机组出力之和约束_7_84],0.0
cons[火电机组分段中标量约束_7_85_0],0.0
cons[火电机组分段中标量约束_7_85_1],0.0
cons[火电机组分段中标量约束_7_85_2],0.0
cons[火电机组分段中标量约束_7_85_3],0.0
cons[火电机组分段中标量约束_7_85_4],0.0
cons[火电机组分段中标量约束_7_85_5],0.0
cons[火电机组分段中标量约束_7_85_6],0.0
cons[火电机组分段中标量约束_7_85_7],0.0
cons[火电机组分段中标量约束_7_85_8],0.0
cons[火电机组分段中标量约束_7_85_9],0.0
cons[火电机组出力之和约束_7_85],0.0
cons[火电机组分段中标量约束_7_86_0],0.0
cons[火电机组分段中标量约束_7_86_1],0.0
cons[火电机组分段中标量约束_7_86_2],0.0
cons[火电机组分段中标量约束_7_86_3],0.0
cons[火电机组分段中标量约束_7_86_4],0.0
cons[火电机组分段中标量约束_7_86_5],0.0
cons[火电机组分段中标量约束_7_86_6],0.0
cons[火电机组分段中标量约束_7_86_7],0.0
cons[火电机组分段中标量约束_7_86_8],0.0
cons[火电机组分段中标量约束_7_86_9],0.0
cons[火电机组出力之和约束_7_86],0.0
cons[火电机组分段中标量约束_7_87_0],0.0
cons[火电机组分段中标量约束_7_87_1],0.0
cons[火电机组分段中标量约束_7_87_2],0.0
cons[火电机组分段中标量约束_7_87_3],0.0
cons[火电机组分段中标量约束_7_87_4],0.0
cons[火电机组分段中标量约束_7_87_5],0.0
cons[火电机组分段中标量约束_7_87_6],0.0
cons[火电机组分段中标量约束_7_87_7],0.0
cons[火电机组分段中标量约束_7_87_8],0.0
cons[火电机组分段中标量约束_7_87_9],0.0
cons[火电机组出力之和约束_7_87],0.0
cons[火电机组分段中标量约束_7_88_0],0.0
cons[火电机组分段中标量约束_7_88_1],0.0
cons[火电机组分段中标量约束_7_88_2],0.0
cons[火电机组分段中标量约束_7_88_3],0.0
cons[火电机组分段中标量约束_7_88_4],0.0
cons[火电机组分段中标量约束_7_88_5],0.0
cons[火电机组分段中标量约束_7_88_6],0.0
cons[火电机组分段中标量约束_7_88_7],0.0
cons[火电机组分段中标量约束_7_88_8],0.0
cons[火电机组分段中标量约束_7_88_9],0.0
cons[火电机组出力之和约束_7_88],0.0
cons[火电机组分段中标量约束_7_89_0],0.0
cons[火电机组分段中标量约束_7_89_1],0.0
cons[火电机组分段中标量约束_7_89_2],0.0
cons[火电机组分段中标量约束_7_89_3],0.0
cons[火电机组分段中标量约束_7_89_4],0.0
cons[火电机组分段中标量约束_7_89_5],0.0
cons[火电机组分段中标量约束_7_89_6],0.0
cons[火电机组分段中标量约束_7_89_7],0.0
cons[火电机组分段中标量约束_7_89_8],0.0
cons[火电机组分段中标量约束_7_89_9],0.0
cons[火电机组出力之和约束_7_89],0.0
cons[火电机组分段中标量约束_7_90_0],0.0
cons[火电机组分段中标量约束_7_90_1],0.0
cons[火电机组分段中标量约束_7_90_2],0.0
cons[火电机组分段中标量约束_7_90_3],0.0
cons[火电机组分段中标量约束_7_90_4],0.0
cons[火电机组分段中标量约束_7_90_5],0.0
cons[火电机组分段中标量约束_7_90_6],0.0
cons[火电机组分段中标量约束_7_90_7],0.0
cons[火电机组分段中标量约束_7_90_8],0.0
cons[火电机组分段中标量约束_7_90_9],0.0
cons[火电机组出力之和约束_7_90],0.0
cons[火电机组分段中标量约束_7_91_0],0.0
cons[火电机组分段中标量约束_7_91_1],0.0
cons[火电机组分段中标量约束_7_91_2],0.0
cons[火电机组分段中标量约束_7_91_3],0.0
cons[火电机组分段中标量约束_7_91_4],0.0
cons[火电机组分段中标量约束_7_91_5],0.0
cons[火电机组分段中标量约束_7_91_6],0.0
cons[火电机组分段中标量约束_7_91_7],0.0
cons[火电机组分段中标量约束_7_91_8],0.0
cons[火电机组分段中标量约束_7_91_9],0.0
cons[火电机组出力之和约束_7_91],0.0
cons[火电机组分段中标量约束_7_92_0],0.0
cons[火电机组分段中标量约束_7_92_1],0.0
cons[火电机组分段中标量约束_7_92_2],0.0
cons[火电机组分段中标量约束_7_92_3],0.0
cons[火电机组分段中标量约束_7_92_4],0.0
cons[火电机组分段中标量约束_7_92_5],0.0
cons[火电机组分段中标量约束_7_92_6],0.0
cons[火电机组分段中标量约束_7_92_7],0.0
cons[火电机组分段中标量约束_7_92_8],0.0
cons[火电机组分段中标量约束_7_92_9],0.0
cons[火电机组出力之和约束_7_92],0.0
cons[火电机组分段中标量约束_7_93_0],0.0
cons[火电机组分段中标量约束_7_93_1],0.0
cons[火电机组分段中标量约束_7_93_2],0.0
cons[火电机组分段中标量约束_7_93_3],0.0
cons[火电机组分段中标量约束_7_93_4],0.0
cons[火电机组分段中标量约束_7_93_5],0.0
cons[火电机组分段中标量约束_7_93_6],0.0
cons[火电机组分段中标量约束_7_93_7],0.0
cons[火电机组分段中标量约束_7_93_8],0.0
cons[火电机组分段中标量约束_7_93_9],0.0
cons[火电机组出力之和约束_7_93],0.0
cons[火电机组分段中标量约束_7_94_0],0.0
cons[火电机组分段中标量约束_7_94_1],0.0
cons[火电机组分段中标量约束_7_94_2],0.0
cons[火电机组分段中标量约束_7_94_3],0.0
cons[火电机组分段中标量约束_7_94_4],0.0
cons[火电机组分段中标量约束_7_94_5],0.0
cons[火电机组分段中标量约束_7_94_6],0.0
cons[火电机组分段中标量约束_7_94_7],0.0
cons[火电机组分段中标量约束_7_94_8],0.0
cons[火电机组分段中标量约束_7_94_9],0.0
cons[火电机组出力之和约束_7_94],0.0
cons[火电机组分段中标量约束_7_95_0],0.0
cons[火电机组分段中标量约束_7_95_1],0.0
cons[火电机组分段中标量约束_7_95_2],0.0
cons[火电机组分段中标量约束_7_95_3],0.0
cons[火电机组分段中标量约束_7_95_4],0.0
cons[火电机组分段中标量约束_7_95_5],0.0
cons[火电机组分段中标量约束_7_95_6],0.0
cons[火电机组分段中标量约束_7_95_7],0.0
cons[火电机组分段中标量约束_7_95_8],0.0
cons[火电机组分段中标量约束_7_95_9],0.0
cons[火电机组出力之和约束_7_95],0.0
cons[火电机组分段中标量约束_8_0_0],-102.19300000000112
cons[火电机组分段中标量约束_8_0_1],-56.146999999999935
cons[火电机组分段中标量约束_8_0_2],-10.101000000000568
cons[火电机组分段中标量约束_8_0_3],0.0
cons[火电机组分段中标量约束_8_0_4],0.0
cons[火电机组分段中标量约束_8_0_5],0.0
cons[火电机组分段中标量约束_8_0_6],0.0
cons[火电机组分段中标量约束_8_0_7],0.0
cons[火电机组分段中标量约束_8_0_8],0.0
cons[火电机组分段中标量约束_8_0_9],0.0
cons[火电机组出力之和约束_8_0],-6210.204000000001
cons[火电机组分段中标量约束_8_1_0],-88.67950000000019
cons[火电机组分段中标量约束_8_1_1],-42.633499999999
cons[火电机组分段中标量约束_8_1_2],0.0
cons[火电机组分段中标量约束_8_1_3],0.0
cons[火电机组分段中标量约束_8_1_4],0.0
cons[火电机组分段中标量约束_8_1_5],0.0
cons[火电机组分段中标量约束_8_1_6],0.0
cons[火电机组分段中标量约束_8_1_7],0.0
cons[火电机组分段中标量约束_8_1_8],0.0
cons[火电机组分段中标量约束_8_1_9],0.0
cons[火电机组出力之和约束_8_1],-6196.6905
cons[火电机组分段中标量约束_8_2_0],-46.046000000001186
cons[火电机组分段中标量约束_8_2_1],0.0
cons[火电机组分段中标量约束_8_2_2],0.0
cons[火电机组分段中标量约束_8_2_3],0.0
cons[火电机组分段中标量约束_8_2_4],0.0
cons[火电机组分段中标量约束_8_2_5],0.0
cons[火电机组分段中标量约束_8_2_6],0.0
cons[火电机组分段中标量约束_8_2_7],0.0
cons[火电机组分段中标量约束_8_2_8],0.0
cons[火电机组分段中标量约束_8_2_9],0.0
cons[火电机组出力之和约束_8_2],-6154.057000000001
cons[火电机组分段中标量约束_8_3_0],-10.101000000000568
cons[火电机组分段中标量约束_8_3_1],0.0
cons[火电机组分段中标量约束_8_3_2],0.0
cons[火电机组分段中标量约束_8_3_3],0.0
cons[火电机组分段中标量约束_8_3_4],0.0
cons[火电机组分段中标量约束_8_3_5],0.0
cons[火电机组分段中标量约束_8_3_6],0.0
cons[火电机组分段中标量约束_8_3_7],0.0
cons[火电机组分段中标量约束_8_3_8],0.0
cons[火电机组分段中标量约束_8_3_9],0.0
cons[火电机组出力之和约束_8_3],-6118.112
cons[火电机组分段中标量约束_8_4_0],0.0
cons[火电机组分段中标量约束_8_4_1],0.0
cons[火电机组分段中标量约束_8_4_2],0.0
cons[火电机组分段中标量约束_8_4_3],0.0
cons[火电机组分段中标量约束_8_4_4],0.0
cons[火电机组分段中标量约束_8_4_5],0.0
cons[火电机组分段中标量约束_8_4_6],0.0
cons[火电机组分段中标量约束_8_4_7],0.0
cons[火电机组分段中标量约束_8_4_8],0.0
cons[火电机组分段中标量约束_8_4_9],0.0
cons[火电机组出力之和约束_8_4],-6108.0109999999995
cons[火电机组分段中标量约束_8_5_0],0.0
cons[火电机组分段中标量约束_8_5_1],0.0
cons[火电机组分段中标量约束_8_5_2],0.0
cons[火电机组分段中标量约束_8_5_3],0.0
cons[火电机组分段中标量约束_8_5_4],0.0
cons[火电机组分段中标量约束_8_5_5],0.0
cons[火电机组分段中标量约束_8_5_6],0.0
cons[火电机组分段中标量约束_8_5_7],0.0
cons[火电机组分段中标量约束_8_5_8],0.0
cons[火电机组分段中标量约束_8_5_9],0.0
cons[火电机组出力之和约束_8_5],-6108.0109999999995
cons[火电机组分段中标量约束_8_6_0],0.0
cons[火电机组分段中标量约束_8_6_1],0.0
cons[火电机组分段中标量约束_8_6_2],0.0
cons[火电机组分段中标量约束_8_6_3],0.0
cons[火电机组分段中标量约束_8_6_4],0.0
cons[火电机组分段中标量约束_8_6_5],0.0
cons[火电机组分段中标量约束_8_6_6],0.0
cons[火电机组分段中标量约束_8_6_7],0.0
cons[火电机组分段中标量约束_8_6_8],0.0
cons[火电机组分段中标量约束_8_6_9],0.0
cons[火电机组出力之和约束_8_6],-6108.0109999999995
cons[火电机组分段中标量约束_8_7_0],0.0
cons[火电机组分段中标量约束_8_7_1],0.0
cons[火电机组分段中标量约束_8_7_2],0.0
cons[火电机组分段中标量约束_8_7_3],0.0
cons[火电机组分段中标量约束_8_7_4],0.0
cons[火电机组分段中标量约束_8_7_5],0.0
cons[火电机组分段中标量约束_8_7_6],0.0
cons[火电机组分段中标量约束_8_7_7],0.0
cons[火电机组分段中标量约束_8_7_8],0.0
cons[火电机组分段中标量约束_8_7_9],0.0
cons[火电机组出力之和约束_8_7],-6108.0109999999995
cons[火电机组分段中标量约束_8_8_0],0.0
cons[火电机组分段中标量约束_8_8_1],0.0
cons[火电机组分段中标量约束_8_8_2],0.0
cons[火电机组分段中标量约束_8_8_3],0.0
cons[火电机组分段中标量约束_8_8_4],0.0
cons[火电机组分段中标量约束_8_8_5],0.0
cons[火电机组分段中标量约束_8_8_6],0.0
cons[火电机组分段中标量约束_8_8_7],0.0
cons[火电机组分段中标量约束_8_8_8],0.0
cons[火电机组分段中标量约束_8_8_9],0.0
cons[火电机组出力之和约束_8_8],-6108.0109999999995
cons[火电机组分段中标量约束_8_9_0],0.0
cons[火电机组分段中标量约束_8_9_1],0.0
cons[火电机组分段中标量约束_8_9_2],0.0
cons[火电机组分段中标量约束_8_9_3],0.0
cons[火电机组分段中标量约束_8_9_4],0.0
cons[火电机组分段中标量约束_8_9_5],0.0
cons[火电机组分段中标量约束_8_9_6],0.0
cons[火电机组分段中标量约束_8_9_7],0.0
cons[火电机组分段中标量约束_8_9_8],0.0
cons[火电机组分段中标量约束_8_9_9],0.0
cons[火电机组出力之和约束_8_9],-6108.0109999999995
cons[火电机组分段中标量约束_8_10_0],0.0
cons[火电机组分段中标量约束_8_10_1],0.0
cons[火电机组分段中标量约束_8_10_2],0.0
cons[火电机组分段中标量约束_8_10_3],0.0
cons[火电机组分段中标量约束_8_10_4],0.0
cons[火电机组分段中标量约束_8_10_5],0.0
cons[火电机组分段中标量约束_8_10_6],0.0
cons[火电机组分段中标量约束_8_10_7],0.0
cons[火电机组分段中标量约束_8_10_8],0.0
cons[火电机组分段中标量约束_8_10_9],0.0
cons[火电机组出力之和约束_8_10],-6108.0109999999995
cons[火电机组分段中标量约束_8_11_0],0.0
cons[火电机组分段中标量约束_8_11_1],0.0
cons[火电机组分段中标量约束_8_11_2],0.0
cons[火电机组分段中标量约束_8_11_3],0.0
cons[火电机组分段中标量约束_8_11_4],0.0
cons[火电机组分段中标量约束_8_11_5],0.0
cons[火电机组分段中标量约束_8_11_6],0.0
cons[火电机组分段中标量约束_8_11_7],0.0
cons[火电机组分段中标量约束_8_11_8],0.0
cons[火电机组分段中标量约束_8_11_9],0.0
cons[火电机组出力之和约束_8_11],-6108.0109999999995
cons[火电机组分段中标量约束_8_12_0],0.0
cons[火电机组分段中标量约束_8_12_1],0.0
cons[火电机组分段中标量约束_8_12_2],0.0
cons[火电机组分段中标量约束_8_12_3],0.0
cons[火电机组分段中标量约束_8_12_4],0.0
cons[火电机组分段中标量约束_8_12_5],0.0
cons[火电机组分段中标量约束_8_12_6],0.0
cons[火电机组分段中标量约束_8_12_7],0.0
cons[火电机组分段中标量约束_8_12_8],0.0
cons[火电机组分段中标量约束_8_12_9],0.0
cons[火电机组出力之和约束_8_12],-6108.0109999999995
cons[火电机组分段中标量约束_8_13_0],0.0
cons[火电机组分段中标量约束_8_13_1],0.0
cons[火电机组分段中标量约束_8_13_2],0.0
cons[火电机组分段中标量约束_8_13_3],0.0
cons[火电机组分段中标量约束_8_13_4],0.0
cons[火电机组分段中标量约束_8_13_5],0.0
cons[火电机组分段中标量约束_8_13_6],0.0
cons[火电机组分段中标量约束_8_13_7],0.0
cons[火电机组分段中标量约束_8_13_8],0.0
cons[火电机组分段中标量约束_8_13_9],0.0
cons[火电机组出力之和约束_8_13],-6108.0109999999995
cons[火电机组分段中标量约束_8_14_0],0.0
cons[火电机组分段中标量约束_8_14_1],0.0
cons[火电机组分段中标量约束_8_14_2],0.0
cons[火电机组分段中标量约束_8_14_3],0.0
cons[火电机组分段中标量约束_8_14_4],0.0
cons[火电机组分段中标量约束_8_14_5],0.0
cons[火电机组分段中标量约束_8_14_6],0.0
cons[火电机组分段中标量约束_8_14_7],0.0
cons[火电机组分段中标量约束_8_14_8],0.0
cons[火电机组分段中标量约束_8_14_9],0.0
cons[火电机组出力之和约束_8_14],-6108.0109999999995
cons[火电机组分段中标量约束_8_15_0],0.0
cons[火电机组分段中标量约束_8_15_1],0.0
cons[火电机组分段中标量约束_8_15_2],0.0
cons[火电机组分段中标量约束_8_15_3],0.0
cons[火电机组分段中标量约束_8_15_4],0.0
cons[火电机组分段中标量约束_8_15_5],0.0
cons[火电机组分段中标量约束_8_15_6],0.0
cons[火电机组分段中标量约束_8_15_7],0.0
cons[火电机组分段中标量约束_8_15_8],0.0
cons[火电机组分段中标量约束_8_15_9],0.0
cons[火电机组出力之和约束_8_15],-6108.0109999999995
cons[火电机组分段中标量约束_8_16_0],0.0
cons[火电机组分段中标量约束_8_16_1],0.0
cons[火电机组分段中标量约束_8_16_2],0.0
cons[火电机组分段中标量约束_8_16_3],0.0
cons[火电机组分段中标量约束_8_16_4],0.0
cons[火电机组分段中标量约束_8_16_5],0.0
cons[火电机组分段中标量约束_8_16_6],0.0
cons[火电机组分段中标量约束_8_16_7],0.0
cons[火电机组分段中标量约束_8_16_8],0.0
cons[火电机组分段中标量约束_8_16_9],0.0
cons[火电机组出力之和约束_8_16],-6108.0109999999995
cons[火电机组分段中标量约束_8_17_0],0.0
cons[火电机组分段中标量约束_8_17_1],0.0
cons[火电机组分段中标量约束_8_17_2],0.0
cons[火电机组分段中标量约束_8_17_3],0.0
cons[火电机组分段中标量约束_8_17_4],0.0
cons[火电机组分段中标量约束_8_17_5],0.0
cons[火电机组分段中标量约束_8_17_6],0.0
cons[火电机组分段中标量约束_8_17_7],0.0
cons[火电机组分段中标量约束_8_17_8],0.0
cons[火电机组分段中标量约束_8_17_9],0.0
cons[火电机组出力之和约束_8_17],-6108.0109999999995
cons[火电机组分段中标量约束_8_18_0],0.0
cons[火电机组分段中标量约束_8_18_1],0.0
cons[火电机组分段中标量约束_8_18_2],0.0
cons[火电机组分段中标量约束_8_18_3],0.0
cons[火电机组分段中标量约束_8_18_4],0.0
cons[火电机组分段中标量约束_8_18_5],0.0
cons[火电机组分段中标量约束_8_18_6],0.0
cons[火电机组分段中标量约束_8_18_7],0.0
cons[火电机组分段中标量约束_8_18_8],0.0
cons[火电机组分段中标量约束_8_18_9],0.0
cons[火电机组出力之和约束_8_18],-6108.0109999999995
cons[火电机组分段中标量约束_8_19_0],0.0
cons[火电机组分段中标量约束_8_19_1],0.0
cons[火电机组分段中标量约束_8_19_2],0.0
cons[火电机组分段中标量约束_8_19_3],0.0
cons[火电机组分段中标量约束_8_19_4],0.0
cons[火电机组分段中标量约束_8_19_5],0.0
cons[火电机组分段中标量约束_8_19_6],0.0
cons[火电机组分段中标量约束_8_19_7],0.0
cons[火电机组分段中标量约束_8_19_8],0.0
cons[火电机组分段中标量约束_8_19_9],0.0
cons[火电机组出力之和约束_8_19],-6108.0109999999995
cons[火电机组分段中标量约束_8_20_0],0.0
cons[火电机组分段中标量约束_8_20_1],0.0
cons[火电机组分段中标量约束_8_20_2],0.0
cons[火电机组分段中标量约束_8_20_3],0.0
cons[火电机组分段中标量约束_8_20_4],0.0
cons[火电机组分段中标量约束_8_20_5],0.0
cons[火电机组分段中标量约束_8_20_6],0.0
cons[火电机组分段中标量约束_8_20_7],0.0
cons[火电机组分段中标量约束_8_20_8],0.0
cons[火电机组分段中标量约束_8_20_9],0.0
cons[火电机组出力之和约束_8_20],-6108.0109999999995
cons[火电机组分段中标量约束_8_21_0],0.0
cons[火电机组分段中标量约束_8_21_1],0.0
cons[火电机组分段中标量约束_8_21_2],0.0
cons[火电机组分段中标量约束_8_21_3],0.0
cons[火电机组分段中标量约束_8_21_4],0.0
cons[火电机组分段中标量约束_8_21_5],0.0
cons[火电机组分段中标量约束_8_21_6],0.0
cons[火电机组分段中标量约束_8_21_7],0.0
cons[火电机组分段中标量约束_8_21_8],0.0
cons[火电机组分段中标量约束_8_21_9],0.0
cons[火电机组出力之和约束_8_21],-6108.0109999999995
cons[火电机组分段中标量约束_8_22_0],0.0
cons[火电机组分段中标量约束_8_22_1],0.0
cons[火电机组分段中标量约束_8_22_2],0.0
cons[火电机组分段中标量约束_8_22_3],0.0
cons[火电机组分段中标量约束_8_22_4],0.0
cons[火电机组分段中标量约束_8_22_5],0.0
cons[火电机组分段中标量约束_8_22_6],0.0
cons[火电机组分段中标量约束_8_22_7],0.0
cons[火电机组分段中标量约束_8_22_8],0.0
cons[火电机组分段中标量约束_8_22_9],0.0
cons[火电机组出力之和约束_8_22],-6108.0109999999995
cons[火电机组分段中标量约束_8_23_0],0.0
cons[火电机组分段中标量约束_8_23_1],0.0
cons[火电机组分段中标量约束_8_23_2],0.0
cons[火电机组分段中标量约束_8_23_3],0.0
cons[火电机组分段中标量约束_8_23_4],0.0
cons[火电机组分段中标量约束_8_23_5],0.0
cons[火电机组分段中标量约束_8_23_6],0.0
cons[火电机组分段中标量约束_8_23_7],0.0
cons[火电机组分段中标量约束_8_23_8],0.0
cons[火电机组分段中标量约束_8_23_9],0.0
cons[火电机组出力之和约束_8_23],-6108.0109999999995
cons[火电机组分段中标量约束_8_24_0],0.0
cons[火电机组分段中标量约束_8_24_1],0.0
cons[火电机组分段中标量约束_8_24_2],0.0
cons[火电机组分段中标量约束_8_24_3],0.0
cons[火电机组分段中标量约束_8_24_4],0.0
cons[火电机组分段中标量约束_8_24_5],0.0
cons[火电机组分段中标量约束_8_24_6],0.0
cons[火电机组分段中标量约束_8_24_7],0.0
cons[火电机组分段中标量约束_8_24_8],0.0
cons[火电机组分段中标量约束_8_24_9],0.0
cons[火电机组出力之和约束_8_24],-6108.0109999999995
cons[火电机组分段中标量约束_8_25_0],0.0
cons[火电机组分段中标量约束_8_25_1],0.0
cons[火电机组分段中标量约束_8_25_2],0.0
cons[火电机组分段中标量约束_8_25_3],0.0
cons[火电机组分段中标量约束_8_25_4],0.0
cons[火电机组分段中标量约束_8_25_5],0.0
cons[火电机组分段中标量约束_8_25_6],0.0
cons[火电机组分段中标量约束_8_25_7],0.0
cons[火电机组分段中标量约束_8_25_8],0.0
cons[火电机组分段中标量约束_8_25_9],0.0
cons[火电机组出力之和约束_8_25],-6108.0109999999995
cons[火电机组分段中标量约束_8_26_0],0.0
cons[火电机组分段中标量约束_8_26_1],0.0
cons[火电机组分段中标量约束_8_26_2],0.0
cons[火电机组分段中标量约束_8_26_3],0.0
cons[火电机组分段中标量约束_8_26_4],0.0
cons[火电机组分段中标量约束_8_26_5],0.0
cons[火电机组分段中标量约束_8_26_6],0.0
cons[火电机组分段中标量约束_8_26_7],0.0
cons[火电机组分段中标量约束_8_26_8],0.0
cons[火电机组分段中标量约束_8_26_9],0.0
cons[火电机组出力之和约束_8_26],-6108.0109999999995
cons[火电机组分段中标量约束_8_27_0],0.0
cons[火电机组分段中标量约束_8_27_1],0.0
cons[火电机组分段中标量约束_8_27_2],0.0
cons[火电机组分段中标量约束_8_27_3],0.0
cons[火电机组分段中标量约束_8_27_4],0.0
cons[火电机组分段中标量约束_8_27_5],0.0
cons[火电机组分段中标量约束_8_27_6],0.0
cons[火电机组分段中标量约束_8_27_7],0.0
cons[火电机组分段中标量约束_8_27_8],0.0
cons[火电机组分段中标量约束_8_27_9],0.0
cons[火电机组出力之和约束_8_27],-6108.0109999999995
cons[火电机组分段中标量约束_8_28_0],0.0
cons[火电机组分段中标量约束_8_28_1],0.0
cons[火电机组分段中标量约束_8_28_2],0.0
cons[火电机组分段中标量约束_8_28_3],0.0
cons[火电机组分段中标量约束_8_28_4],0.0
cons[火电机组分段中标量约束_8_28_5],0.0
cons[火电机组分段中标量约束_8_28_6],0.0
cons[火电机组分段中标量约束_8_28_7],0.0
cons[火电机组分段中标量约束_8_28_8],0.0
cons[火电机组分段中标量约束_8_28_9],0.0
cons[火电机组出力之和约束_8_28],-6108.0109999999995
cons[火电机组分段中标量约束_8_29_0],0.0
cons[火电机组分段中标量约束_8_29_1],0.0
cons[火电机组分段中标量约束_8_29_2],0.0
cons[火电机组分段中标量约束_8_29_3],0.0
cons[火电机组分段中标量约束_8_29_4],0.0
cons[火电机组分段中标量约束_8_29_5],0.0
cons[火电机组分段中标量约束_8_29_6],0.0
cons[火电机组分段中标量约束_8_29_7],0.0
cons[火电机组分段中标量约束_8_29_8],0.0
cons[火电机组分段中标量约束_8_29_9],0.0
cons[火电机组出力之和约束_8_29],-6108.0109999999995
cons[火电机组分段中标量约束_8_30_0],0.0
cons[火电机组分段中标量约束_8_30_1],0.0
cons[火电机组分段中标量约束_8_30_2],0.0
cons[火电机组分段中标量约束_8_30_3],0.0
cons[火电机组分段中标量约束_8_30_4],0.0
cons[火电机组分段中标量约束_8_30_5],0.0
cons[火电机组分段中标量约束_8_30_6],0.0
cons[火电机组分段中标量约束_8_30_7],0.0
cons[火电机组分段中标量约束_8_30_8],0.0
cons[火电机组分段中标量约束_8_30_9],0.0
cons[火电机组出力之和约束_8_30],-6108.0109999999995
cons[火电机组分段中标量约束_8_31_0],0.0
cons[火电机组分段中标量约束_8_31_1],0.0
cons[火电机组分段中标量约束_8_31_2],0.0
cons[火电机组分段中标量约束_8_31_3],0.0
cons[火电机组分段中标量约束_8_31_4],0.0
cons[火电机组分段中标量约束_8_31_5],0.0
cons[火电机组分段中标量约束_8_31_6],0.0
cons[火电机组分段中标量约束_8_31_7],0.0
cons[火电机组分段中标量约束_8_31_8],0.0
cons[火电机组分段中标量约束_8_31_9],0.0
cons[火电机组出力之和约束_8_31],-6108.0109999999995
cons[火电机组分段中标量约束_8_32_0],-0.45500000000083674
cons[火电机组分段中标量约束_8_32_1],0.0
cons[火电机组分段中标量约束_8_32_2],0.0
cons[火电机组分段中标量约束_8_32_3],0.0
cons[火电机组分段中标量约束_8_32_4],0.0
cons[火电机组分段中标量约束_8_32_5],0.0
cons[火电机组分段中标量约束_8_32_6],0.0
cons[火电机组分段中标量约束_8_32_7],0.0
cons[火电机组分段中标量约束_8_32_8],0.0
cons[火电机组分段中标量约束_8_32_9],0.0
cons[火电机组出力之和约束_8_32],-6108.466
cons[火电机组分段中标量约束_8_33_0],-10.101000000000568
cons[火电机组分段中标量约束_8_33_1],0.0
cons[火电机组分段中标量约束_8_33_2],0.0
cons[火电机组分段中标量约束_8_33_3],0.0
cons[火电机组分段中标量约束_8_33_4],0.0
cons[火电机组分段中标量约束_8_33_5],0.0
cons[火电机组分段中标量约束_8_33_6],0.0
cons[火电机组分段中标量约束_8_33_7],0.0
cons[火电机组分段中标量约束_8_33_8],0.0
cons[火电机组分段中标量约束_8_33_9],0.0
cons[火电机组出力之和约束_8_33],-6118.112
cons[火电机组分段中标量约束_8_34_0],-10.101000000000568
cons[火电机组分段中标量约束_8_34_1],0.0
cons[火电机组分段中标量约束_8_34_2],0.0
cons[火电机组分段中标量约束_8_34_3],0.0
cons[火电机组分段中标量约束_8_34_4],0.0
cons[火电机组分段中标量约束_8_34_5],0.0
cons[火电机组分段中标量约束_8_34_6],0.0
cons[火电机组分段中标量约束_8_34_7],0.0
cons[火电机组分段中标量约束_8_34_8],0.0
cons[火电机组分段中标量约束_8_34_9],0.0
cons[火电机组出力之和约束_8_34],-6118.112
cons[火电机组分段中标量约束_8_35_0],-10.101000000000568
cons[火电机组分段中标量约束_8_35_1],0.0
cons[火电机组分段中标量约束_8_35_2],0.0
cons[火电机组分段中标量约束_8_35_3],0.0
cons[火电机组分段中标量约束_8_35_4],0.0
cons[火电机组分段中标量约束_8_35_5],0.0
cons[火电机组分段中标量约束_8_35_6],0.0
cons[火电机组分段中标量约束_8_35_7],0.0
cons[火电机组分段中标量约束_8_35_8],0.0
cons[火电机组分段中标量约束_8_35_9],0.0
cons[火电机组出力之和约束_8_35],-6118.112
cons[火电机组分段中标量约束_8_36_0],-10.101000000000568
cons[火电机组分段中标量约束_8_36_1],0.0
cons[火电机组分段中标量约束_8_36_2],0.0
cons[火电机组分段中标量约束_8_36_3],0.0
cons[火电机组分段中标量约束_8_36_4],0.0
cons[火电机组分段中标量约束_8_36_5],0.0
cons[火电机组分段中标量约束_8_36_6],0.0
cons[火电机组分段中标量约束_8_36_7],0.0
cons[火电机组分段中标量约束_8_36_8],0.0
cons[火电机组分段中标量约束_8_36_9],0.0
cons[火电机组出力之和约束_8_36],-6118.112
cons[火电机组分段中标量约束_8_37_0],-0.45500000000083674
cons[火电机组分段中标量约束_8_37_1],0.0
cons[火电机组分段中标量约束_8_37_2],0.0
cons[火电机组分段中标量约束_8_37_3],0.0
cons[火电机组分段中标量约束_8_37_4],0.0
cons[火电机组分段中标量约束_8_37_5],0.0
cons[火电机组分段中标量约束_8_37_6],0.0
cons[火电机组分段中标量约束_8_37_7],0.0
cons[火电机组分段中标量约束_8_37_8],0.0
cons[火电机组分段中标量约束_8_37_9],0.0
cons[火电机组出力之和约束_8_37],-6108.466
cons[火电机组分段中标量约束_8_38_0],-0.45500000000083674
cons[火电机组分段中标量约束_8_38_1],0.0
cons[火电机组分段中标量约束_8_38_2],0.0
cons[火电机组分段中标量约束_8_38_3],0.0
cons[火电机组分段中标量约束_8_38_4],0.0
cons[火电机组分段中标量约束_8_38_5],0.0
cons[火电机组分段中标量约束_8_38_6],0.0
cons[火电机组分段中标量约束_8_38_7],0.0
cons[火电机组分段中标量约束_8_38_8],0.0
cons[火电机组分段中标量约束_8_38_9],0.0
cons[火电机组出力之和约束_8_38],-6108.466
cons[火电机组分段中标量约束_8_39_0],-0.45500000000083674
cons[火电机组分段中标量约束_8_39_1],0.0
cons[火电机组分段中标量约束_8_39_2],0.0
cons[火电机组分段中标量约束_8_39_3],0.0
cons[火电机组分段中标量约束_8_39_4],0.0
cons[火电机组分段中标量约束_8_39_5],0.0
cons[火电机组分段中标量约束_8_39_6],0.0
cons[火电机组分段中标量约束_8_39_7],0.0
cons[火电机组分段中标量约束_8_39_8],0.0
cons[火电机组分段中标量约束_8_39_9],0.0
cons[火电机组出力之和约束_8_39],-6108.466
cons[火电机组分段中标量约束_8_40_0],-0.45500000000083674
cons[火电机组分段中标量约束_8_40_1],0.0
cons[火电机组分段中标量约束_8_40_2],0.0
cons[火电机组分段中标量约束_8_40_3],0.0
cons[火电机组分段中标量约束_8_40_4],0.0
cons[火电机组分段中标量约束_8_40_5],0.0
cons[火电机组分段中标量约束_8_40_6],0.0
cons[火电机组分段中标量约束_8_40_7],0.0
cons[火电机组分段中标量约束_8_40_8],0.0
cons[火电机组分段中标量约束_8_40_9],0.0
cons[火电机组出力之和约束_8_40],-6108.466
cons[火电机组分段中标量约束_8_41_0],-0.45500000000083674
cons[火电机组分段中标量约束_8_41_1],0.0
cons[火电机组分段中标量约束_8_41_2],0.0
cons[火电机组分段中标量约束_8_41_3],0.0
cons[火电机组分段中标量约束_8_41_4],0.0
cons[火电机组分段中标量约束_8_41_5],0.0
cons[火电机组分段中标量约束_8_41_6],0.0
cons[火电机组分段中标量约束_8_41_7],0.0
cons[火电机组分段中标量约束_8_41_8],0.0
cons[火电机组分段中标量约束_8_41_9],0.0
cons[火电机组出力之和约束_8_41],-6108.466
cons[火电机组分段中标量约束_8_42_0],-0.45500000000083674
cons[火电机组分段中标量约束_8_42_1],0.0
cons[火电机组分段中标量约束_8_42_2],0.0
cons[火电机组分段中标量约束_8_42_3],0.0
cons[火电机组分段中标量约束_8_42_4],0.0
cons[火电机组分段中标量约束_8_42_5],0.0
cons[火电机组分段中标量约束_8_42_6],0.0
cons[火电机组分段中标量约束_8_42_7],0.0
cons[火电机组分段中标量约束_8_42_8],0.0
cons[火电机组分段中标量约束_8_42_9],0.0
cons[火电机组出力之和约束_8_42],-6108.466
cons[火电机组分段中标量约束_8_43_0],-0.45500000000083674
cons[火电机组分段中标量约束_8_43_1],0.0
cons[火电机组分段中标量约束_8_43_2],0.0
cons[火电机组分段中标量约束_8_43_3],0.0
cons[火电机组分段中标量约束_8_43_4],0.0
cons[火电机组分段中标量约束_8_43_5],0.0
cons[火电机组分段中标量约束_8_43_6],0.0
cons[火电机组分段中标量约束_8_43_7],0.0
cons[火电机组分段中标量约束_8_43_8],0.0
cons[火电机组分段中标量约束_8_43_9],0.0
cons[火电机组出力之和约束_8_43],-6108.466
cons[火电机组分段中标量约束_8_44_0],-0.45500000000083674
cons[火电机组分段中标量约束_8_44_1],0.0
cons[火电机组分段中标量约束_8_44_2],0.0
cons[火电机组分段中标量约束_8_44_3],0.0
cons[火电机组分段中标量约束_8_44_4],0.0
cons[火电机组分段中标量约束_8_44_5],0.0
cons[火电机组分段中标量约束_8_44_6],0.0
cons[火电机组分段中标量约束_8_44_7],0.0
cons[火电机组分段中标量约束_8_44_8],0.0
cons[火电机组分段中标量约束_8_44_9],0.0
cons[火电机组出力之和约束_8_44],-6108.466
cons[火电机组分段中标量约束_8_45_0],0.0
cons[火电机组分段中标量约束_8_45_1],0.0
cons[火电机组分段中标量约束_8_45_2],0.0
cons[火电机组分段中标量约束_8_45_3],0.0
cons[火电机组分段中标量约束_8_45_4],0.0
cons[火电机组分段中标量约束_8_45_5],0.0
cons[火电机组分段中标量约束_8_45_6],0.0
cons[火电机组分段中标量约束_8_45_7],0.0
cons[火电机组分段中标量约束_8_45_8],0.0
cons[火电机组分段中标量约束_8_45_9],0.0
cons[火电机组出力之和约束_8_45],-6108.0109999999995
cons[火电机组分段中标量约束_8_46_0],0.0
cons[火电机组分段中标量约束_8_46_1],0.0
cons[火电机组分段中标量约束_8_46_2],0.0
cons[火电机组分段中标量约束_8_46_3],0.0
cons[火电机组分段中标量约束_8_46_4],0.0
cons[火电机组分段中标量约束_8_46_5],0.0
cons[火电机组分段中标量约束_8_46_6],0.0
cons[火电机组分段中标量约束_8_46_7],0.0
cons[火电机组分段中标量约束_8_46_8],0.0
cons[火电机组分段中标量约束_8_46_9],0.0
cons[火电机组出力之和约束_8_46],-6108.0109999999995
cons[火电机组分段中标量约束_8_47_0],0.0
cons[火电机组分段中标量约束_8_47_1],0.0
cons[火电机组分段中标量约束_8_47_2],0.0
cons[火电机组分段中标量约束_8_47_3],0.0
cons[火电机组分段中标量约束_8_47_4],0.0
cons[火电机组分段中标量约束_8_47_5],0.0
cons[火电机组分段中标量约束_8_47_6],0.0
cons[火电机组分段中标量约束_8_47_7],0.0
cons[火电机组分段中标量约束_8_47_8],0.0
cons[火电机组分段中标量约束_8_47_9],0.0
cons[火电机组出力之和约束_8_47],-6108.0109999999995
cons[火电机组分段中标量约束_8_48_0],0.0
cons[火电机组分段中标量约束_8_48_1],0.0
cons[火电机组分段中标量约束_8_48_2],0.0
cons[火电机组分段中标量约束_8_48_3],0.0
cons[火电机组分段中标量约束_8_48_4],0.0
cons[火电机组分段中标量约束_8_48_5],0.0
cons[火电机组分段中标量约束_8_48_6],0.0
cons[火电机组分段中标量约束_8_48_7],0.0
cons[火电机组分段中标量约束_8_48_8],0.0
cons[火电机组分段中标量约束_8_48_9],0.0
cons[火电机组出力之和约束_8_48],-6108.0109999999995
cons[火电机组分段中标量约束_8_49_0],0.0
cons[火电机组分段中标量约束_8_49_1],0.0
cons[火电机组分段中标量约束_8_49_2],0.0
cons[火电机组分段中标量约束_8_49_3],0.0
cons[火电机组分段中标量约束_8_49_4],0.0
cons[火电机组分段中标量约束_8_49_5],0.0
cons[火电机组分段中标量约束_8_49_6],0.0
cons[火电机组分段中标量约束_8_49_7],0.0
cons[火电机组分段中标量约束_8_49_8],0.0
cons[火电机组分段中标量约束_8_49_9],0.0
cons[火电机组出力之和约束_8_49],-6108.0109999999995
cons[火电机组分段中标量约束_8_50_0],0.0
cons[火电机组分段中标量约束_8_50_1],0.0
cons[火电机组分段中标量约束_8_50_2],0.0
cons[火电机组分段中标量约束_8_50_3],0.0
cons[火电机组分段中标量约束_8_50_4],0.0
cons[火电机组分段中标量约束_8_50_5],0.0
cons[火电机组分段中标量约束_8_50_6],0.0
cons[火电机组分段中标量约束_8_50_7],0.0
cons[火电机组分段中标量约束_8_50_8],0.0
cons[火电机组分段中标量约束_8_50_9],0.0
cons[火电机组出力之和约束_8_50],-6108.0109999999995
cons[火电机组分段中标量约束_8_51_0],0.0
cons[火电机组分段中标量约束_8_51_1],0.0
cons[火电机组分段中标量约束_8_51_2],0.0
cons[火电机组分段中标量约束_8_51_3],0.0
cons[火电机组分段中标量约束_8_51_4],0.0
cons[火电机组分段中标量约束_8_51_5],0.0
cons[火电机组分段中标量约束_8_51_6],0.0
cons[火电机组分段中标量约束_8_51_7],0.0
cons[火电机组分段中标量约束_8_51_8],0.0
cons[火电机组分段中标量约束_8_51_9],0.0
cons[火电机组出力之和约束_8_51],-6108.0109999999995
cons[火电机组分段中标量约束_8_52_0],0.0
cons[火电机组分段中标量约束_8_52_1],0.0
cons[火电机组分段中标量约束_8_52_2],0.0
cons[火电机组分段中标量约束_8_52_3],0.0
cons[火电机组分段中标量约束_8_52_4],0.0
cons[火电机组分段中标量约束_8_52_5],0.0
cons[火电机组分段中标量约束_8_52_6],0.0
cons[火电机组分段中标量约束_8_52_7],0.0
cons[火电机组分段中标量约束_8_52_8],0.0
cons[火电机组分段中标量约束_8_52_9],0.0
cons[火电机组出力之和约束_8_52],-6108.0109999999995
cons[火电机组分段中标量约束_8_53_0],0.0
cons[火电机组分段中标量约束_8_53_1],0.0
cons[火电机组分段中标量约束_8_53_2],0.0
cons[火电机组分段中标量约束_8_53_3],0.0
cons[火电机组分段中标量约束_8_53_4],0.0
cons[火电机组分段中标量约束_8_53_5],0.0
cons[火电机组分段中标量约束_8_53_6],0.0
cons[火电机组分段中标量约束_8_53_7],0.0
cons[火电机组分段中标量约束_8_53_8],0.0
cons[火电机组分段中标量约束_8_53_9],0.0
cons[火电机组出力之和约束_8_53],-6108.0109999999995
cons[火电机组分段中标量约束_8_54_0],0.0
cons[火电机组分段中标量约束_8_54_1],0.0
cons[火电机组分段中标量约束_8_54_2],0.0
cons[火电机组分段中标量约束_8_54_3],0.0
cons[火电机组分段中标量约束_8_54_4],0.0
cons[火电机组分段中标量约束_8_54_5],0.0
cons[火电机组分段中标量约束_8_54_6],0.0
cons[火电机组分段中标量约束_8_54_7],0.0
cons[火电机组分段中标量约束_8_54_8],0.0
cons[火电机组分段中标量约束_8_54_9],0.0
cons[火电机组出力之和约束_8_54],-6108.0109999999995
cons[火电机组分段中标量约束_8_55_0],0.0
cons[火电机组分段中标量约束_8_55_1],0.0
cons[火电机组分段中标量约束_8_55_2],0.0
cons[火电机组分段中标量约束_8_55_3],0.0
cons[火电机组分段中标量约束_8_55_4],0.0
cons[火电机组分段中标量约束_8_55_5],0.0
cons[火电机组分段中标量约束_8_55_6],0.0
cons[火电机组分段中标量约束_8_55_7],0.0
cons[火电机组分段中标量约束_8_55_8],0.0
cons[火电机组分段中标量约束_8_55_9],0.0
cons[火电机组出力之和约束_8_55],-6108.0109999999995
cons[火电机组分段中标量约束_8_56_0],0.0
cons[火电机组分段中标量约束_8_56_1],0.0
cons[火电机组分段中标量约束_8_56_2],0.0
cons[火电机组分段中标量约束_8_56_3],0.0
cons[火电机组分段中标量约束_8_56_4],0.0
cons[火电机组分段中标量约束_8_56_5],0.0
cons[火电机组分段中标量约束_8_56_6],0.0
cons[火电机组分段中标量约束_8_56_7],0.0
cons[火电机组分段中标量约束_8_56_8],0.0
cons[火电机组分段中标量约束_8_56_9],0.0
cons[火电机组出力之和约束_8_56],-6108.0109999999995
cons[火电机组分段中标量约束_8_57_0],0.0
cons[火电机组分段中标量约束_8_57_1],0.0
cons[火电机组分段中标量约束_8_57_2],0.0
cons[火电机组分段中标量约束_8_57_3],0.0
cons[火电机组分段中标量约束_8_57_4],0.0
cons[火电机组分段中标量约束_8_57_5],0.0
cons[火电机组分段中标量约束_8_57_6],0.0
cons[火电机组分段中标量约束_8_57_7],0.0
cons[火电机组分段中标量约束_8_57_8],0.0
cons[火电机组分段中标量约束_8_57_9],0.0
cons[火电机组出力之和约束_8_57],-6108.0109999999995
cons[火电机组分段中标量约束_8_58_0],0.0
cons[火电机组分段中标量约束_8_58_1],0.0
cons[火电机组分段中标量约束_8_58_2],0.0
cons[火电机组分段中标量约束_8_58_3],0.0
cons[火电机组分段中标量约束_8_58_4],0.0
cons[火电机组分段中标量约束_8_58_5],0.0
cons[火电机组分段中标量约束_8_58_6],0.0
cons[火电机组分段中标量约束_8_58_7],0.0
cons[火电机组分段中标量约束_8_58_8],0.0
cons[火电机组分段中标量约束_8_58_9],0.0
cons[火电机组出力之和约束_8_58],-6108.0109999999995
cons[火电机组分段中标量约束_8_59_0],0.0
cons[火电机组分段中标量约束_8_59_1],0.0
cons[火电机组分段中标量约束_8_59_2],0.0
cons[火电机组分段中标量约束_8_59_3],0.0
cons[火电机组分段中标量约束_8_59_4],0.0
cons[火电机组分段中标量约束_8_59_5],0.0
cons[火电机组分段中标量约束_8_59_6],0.0
cons[火电机组分段中标量约束_8_59_7],0.0
cons[火电机组分段中标量约束_8_59_8],0.0
cons[火电机组分段中标量约束_8_59_9],0.0
cons[火电机组出力之和约束_8_59],-6108.0109999999995
cons[火电机组分段中标量约束_8_60_0],-0.45500000000083674
cons[火电机组分段中标量约束_8_60_1],0.0
cons[火电机组分段中标量约束_8_60_2],0.0
cons[火电机组分段中标量约束_8_60_3],0.0
cons[火电机组分段中标量约束_8_60_4],0.0
cons[火电机组分段中标量约束_8_60_5],0.0
cons[火电机组分段中标量约束_8_60_6],0.0
cons[火电机组分段中标量约束_8_60_7],0.0
cons[火电机组分段中标量约束_8_60_8],0.0
cons[火电机组分段中标量约束_8_60_9],0.0
cons[火电机组出力之和约束_8_60],-6108.466
cons[火电机组分段中标量约束_8_61_0],-28.301000000000386
cons[火电机组分段中标量约束_8_61_1],0.0
cons[火电机组分段中标量约束_8_61_2],0.0
cons[火电机组分段中标量约束_8_61_3],0.0
cons[火电机组分段中标量约束_8_61_4],0.0
cons[火电机组分段中标量约束_8_61_5],0.0
cons[火电机组分段中标量约束_8_61_6],0.0
cons[火电机组分段中标量约束_8_61_7],0.0
cons[火电机组分段中标量约束_8_61_8],0.0
cons[火电机组分段中标量约束_8_61_9],0.0
cons[火电机组出力之和约束_8_61],-6136.312
cons[火电机组分段中标量约束_8_62_0],-56.146999999999935
cons[火电机组分段中标量约束_8_62_1],-10.100999999998749
cons[火电机组分段中标量约束_8_62_2],0.0
cons[火电机组分段中标量约束_8_62_3],0.0
cons[火电机组分段中标量约束_8_62_4],0.0
cons[火电机组分段中标量约束_8_62_5],0.0
cons[火电机组分段中标量约束_8_62_6],0.0
cons[火电机组分段中标量约束_8_62_7],0.0
cons[火电机组分段中标量约束_8_62_8],0.0
cons[火电机组分段中标量约束_8_62_9],0.0
cons[火电机组出力之和约束_8_62],-6164.157999999999
cons[火电机组分段中标量约束_8_63_0],-56.146999999999935
cons[火电机组分段中标量约束_8_63_1],-10.100999999998749
cons[火电机组分段中标量约束_8_63_2],0.0
cons[火电机组分段中标量约束_8_63_3],0.0
cons[火电机组分段中标量约束_8_63_4],0.0
cons[火电机组分段中标量约束_8_63_5],0.0
cons[火电机组分段中标量约束_8_63_6],0.0
cons[火电机组分段中标量约束_8_63_7],0.0
cons[火电机组分段中标量约束_8_63_8],0.0
cons[火电机组分段中标量约束_8_63_9],0.0
cons[火电机组出力之和约束_8_63],-6164.157999999999
cons[火电机组分段中标量约束_8_64_0],-83.99300000000221
cons[火电机组分段中标量约束_8_64_1],-37.947000000001026
cons[火电机组分段中标量约束_8_64_2],0.0
cons[火电机组分段中标量约束_8_64_3],0.0
cons[火电机组分段中标量约束_8_64_4],0.0
cons[火电机组分段中标量约束_8_64_5],0.0
cons[火电机组分段中标量约束_8_64_6],0.0
cons[火电机组分段中标量约束_8_64_7],0.0
cons[火电机组分段中标量约束_8_64_8],0.0
cons[火电机组分段中标量约束_8_64_9],0.0
cons[火电机组出力之和约束_8_64],-6192.004000000002
cons[火电机组分段中标量约束_8_65_0],-92.09200000000055
cons[火电机组分段中标量约束_8_65_1],-46.04599999999937
cons[火电机组分段中标量约束_8_65_2],0.0
cons[火电机组分段中标量约束_8_65_3],0.0
cons[火电机组分段中标量约束_8_65_4],0.0
cons[火电机组分段中标量约束_8_65_5],0.0
cons[火电机组分段中标量约束_8_65_6],0.0
cons[火电机组分段中标量约束_8_65_7],0.0
cons[火电机组分段中标量约束_8_65_8],0.0
cons[火电机组分段中标量约束_8_65_9],0.0
cons[火电机组出力之和约束_8_65],-6200.103
cons[火电机组分段中标量约束_8_66_0],-111.83900000000085
cons[火电机组分段中标量约束_8_66_1],-65.79299999999967
cons[火电机组分段中标量约束_8_66_2],-19.7470000000003
cons[火电机组分段中标量约束_8_66_3],0.0
cons[火电机组分段中标量约束_8_66_4],0.0
cons[火电机组分段中标量约束_8_66_5],0.0
cons[火电机组分段中标量约束_8_66_6],0.0
cons[火电机组分段中标量约束_8_66_7],0.0
cons[火电机组分段中标量约束_8_66_8],0.0
cons[火电机组分段中标量约束_8_66_9],0.0
cons[火电机组出力之和约束_8_66],-6219.85
cons[火电机组分段中标量约束_8_67_0],-111.83900000000085
cons[火电机组分段中标量约束_8_67_1],-65.79299999999967
cons[火电机组分段中标量约束_8_67_2],-19.7470000000003
cons[火电机组分段中标量约束_8_67_3],0.0
cons[火电机组分段中标量约束_8_67_4],0.0
cons[火电机组分段中标量约束_8_67_5],0.0
cons[火电机组分段中标量约束_8_67_6],0.0
cons[火电机组分段中标量约束_8_67_7],0.0
cons[火电机组分段中标量约束_8_67_8],0.0
cons[火电机组分段中标量约束_8_67_9],0.0
cons[火电机组出力之和约束_8_67],-6219.85
cons[火电机组分段中标量约束_8_68_0],-111.83900000000085
cons[火电机组分段中标量约束_8_68_1],-65.79299999999967
cons[火电机组分段中标量约束_8_68_2],-19.7470000000003
cons[火电机组分段中标量约束_8_68_3],0.0
cons[火电机组分段中标量约束_8_68_4],0.0
cons[火电机组分段中标量约束_8_68_5],0.0
cons[火电机组分段中标量约束_8_68_6],0.0
cons[火电机组分段中标量约束_8_68_7],0.0
cons[火电机组分段中标量约束_8_68_8],0.0
cons[火电机组分段中标量约束_8_68_9],0.0
cons[火电机组出力之和约束_8_68],-6219.85
cons[火电机组分段中标量约束_8_69_0],-111.83900000000085
cons[火电机组分段中标量约束_8_69_1],-65.79299999999967
cons[火电机组分段中标量约束_8_69_2],-19.7470000000003
cons[火电机组分段中标量约束_8_69_3],0.0
cons[火电机组分段中标量约束_8_69_4],0.0
cons[火电机组分段中标量约束_8_69_5],0.0
cons[火电机组分段中标量约束_8_69_6],0.0
cons[火电机组分段中标量约束_8_69_7],0.0
cons[火电机组分段中标量约束_8_69_8],0.0
cons[火电机组分段中标量约束_8_69_9],0.0
cons[火电机组出力之和约束_8_69],-6219.85
cons[火电机组分段中标量约束_8_70_0],-111.83900000000085
cons[火电机组分段中标量约束_8_70_1],-65.79299999999967
cons[火电机组分段中标量约束_8_70_2],-19.7470000000003
cons[火电机组分段中标量约束_8_70_3],0.0
cons[火电机组分段中标量约束_8_70_4],0.0
cons[火电机组分段中标量约束_8_70_5],0.0
cons[火电机组分段中标量约束_8_70_6],0.0
cons[火电机组分段中标量约束_8_70_7],0.0
cons[火电机组分段中标量约束_8_70_8],0.0
cons[火电机组分段中标量约束_8_70_9],0.0
cons[火电机组出力之和约束_8_70],-6219.85
cons[火电机组分段中标量约束_8_71_0],-134.22500000000036
cons[火电机组分段中标量约束_8_71_1],-88.17899999999918
cons[火电机组分段中标量约束_8_71_2],-42.13299999999981
cons[火电机组分段中标量约束_8_71_3],0.0
cons[火电机组分段中标量约束_8_71_4],0.0
cons[火电机组分段中标量约束_8_71_5],0.0
cons[火电机组分段中标量约束_8_71_6],0.0
cons[火电机组分段中标量约束_8_71_7],0.0
cons[火电机组分段中标量约束_8_71_8],0.0
cons[火电机组分段中标量约束_8_71_9],0.0
cons[火电机组出力之和约束_8_71],-6242.236
cons[火电机组分段中标量约束_8_72_0],-138.13799999999992
cons[火电机组分段中标量约束_8_72_1],-92.09199999999873
cons[火电机组分段中标量约束_8_72_2],-46.04599999999937
cons[火电机组分段中标量约束_8_72_3],0.0
cons[火电机组分段中标量约束_8_72_4],0.0
cons[火电机组分段中标量约束_8_72_5],0.0
cons[火电机组分段中标量约束_8_72_6],0.0
cons[火电机组分段中标量约束_8_72_7],0.0
cons[火电机组分段中标量约束_8_72_8],0.0
cons[火电机组分段中标量约束_8_72_9],0.0
cons[火电机组出力之和约束_8_72],-6246.148999999999
cons[火电机组分段中标量约束_8_73_0],-148.23900000000322
cons[火电机组分段中标量约束_8_73_1],-102.19300000000203
cons[火电机组分段中标量约束_8_73_2],-56.14700000000266
cons[火电机组分段中标量约束_8_73_3],-10.101000000003296
cons[火电机组分段中标量约束_8_73_4],0.0
cons[火电机组分段中标量约束_8_73_5],0.0
cons[火电机组分段中标量约束_8_73_6],0.0
cons[火电机组分段中标量约束_8_73_7],0.0
cons[火电机组分段中标量约束_8_73_8],0.0
cons[火电机组分段中标量约束_8_73_9],0.0
cons[火电机组出力之和约束_8_73],-6256.250000000003
cons[火电机组分段中标量约束_8_74_0],-179.77050000000054
cons[火电机组分段中标量约束_8_74_1],-133.72449999999935
cons[火电机组分段中标量约束_8_74_2],-87.67849999999999
cons[火电机组分段中标量约束_8_74_3],-41.63250000000062
cons[火电机组分段中标量约束_8_74_4],0.0
cons[火电机组分段中标量约束_8_74_5],0.0
cons[火电机组分段中标量约束_8_74_6],0.0
cons[火电机组分段中标量约束_8_74_7],0.0
cons[火电机组分段中标量约束_8_74_8],0.0
cons[火电机组分段中标量约束_8_74_9],0.0
cons[火电机组出力之和约束_8_74],-6287.7815
cons[火电机组分段中标量约束_8_75_0],-179.77050000000054
cons[火电机组分段中标量约束_8_75_1],-133.72449999999935
cons[火电机组分段中标量约束_8_75_2],-87.67849999999999
cons[火电机组分段中标量约束_8_75_3],-41.63250000000062
cons[火电机组分段中标量约束_8_75_4],0.0
cons[火电机组分段中标量约束_8_75_5],0.0
cons[火电机组分段中标量约束_8_75_6],0.0
cons[火电机组分段中标量约束_8_75_7],0.0
cons[火电机组分段中标量约束_8_75_8],0.0
cons[火电机组分段中标量约束_8_75_9],0.0
cons[火电机组出力之和约束_8_75],-6287.7815
cons[火电机组分段中标量约束_8_76_0],-138.13799999999992
cons[火电机组分段中标量约束_8_76_1],-92.09199999999873
cons[火电机组分段中标量约束_8_76_2],-46.04599999999937
cons[火电机组分段中标量约束_8_76_3],0.0
cons[火电机组分段中标量约束_8_76_4],0.0
cons[火电机组分段中标量约束_8_76_5],0.0
cons[火电机组分段中标量约束_8_76_6],0.0
cons[火电机组分段中标量约束_8_76_7],0.0
cons[火电机组分段中标量约束_8_76_8],0.0
cons[火电机组分段中标量约束_8_76_9],0.0
cons[火电机组出力之和约束_8_76],-6246.148999999999
cons[火电机组分段中标量约束_8_77_0],-134.22500000000036
cons[火电机组分段中标量约束_8_77_1],-88.17899999999918
cons[火电机组分段中标量约束_8_77_2],-42.13299999999981
cons[火电机组分段中标量约束_8_77_3],0.0
cons[火电机组分段中标量约束_8_77_4],0.0
cons[火电机组分段中标量约束_8_77_5],0.0
cons[火电机组分段中标量约束_8_77_6],0.0
cons[火电机组分段中标量约束_8_77_7],0.0
cons[火电机组分段中标量约束_8_77_8],0.0
cons[火电机组分段中标量约束_8_77_9],0.0
cons[火电机组出力之和约束_8_77],-6242.236
cons[火电机组分段中标量约束_8_78_0],-111.83900000000085
cons[火电机组分段中标量约束_8_78_1],-65.79299999999967
cons[火电机组分段中标量约束_8_78_2],-19.7470000000003
cons[火电机组分段中标量约束_8_78_3],0.0
cons[火电机组分段中标量约束_8_78_4],0.0
cons[火电机组分段中标量约束_8_78_5],0.0
cons[火电机组分段中标量约束_8_78_6],0.0
cons[火电机组分段中标量约束_8_78_7],0.0
cons[火电机组分段中标量约束_8_78_8],0.0
cons[火电机组分段中标量约束_8_78_9],0.0
cons[火电机组出力之和约束_8_78],-6219.85
cons[火电机组分段中标量约束_8_79_0],-111.83900000000085
cons[火电机组分段中标量约束_8_79_1],-65.79299999999967
cons[火电机组分段中标量约束_8_79_2],-19.7470000000003
cons[火电机组分段中标量约束_8_79_3],0.0
cons[火电机组分段中标量约束_8_79_4],0.0
cons[火电机组分段中标量约束_8_79_5],0.0
cons[火电机组分段中标量约束_8_79_6],0.0
cons[火电机组分段中标量约束_8_79_7],0.0
cons[火电机组分段中标量约束_8_79_8],0.0
cons[火电机组分段中标量约束_8_79_9],0.0
cons[火电机组出力之和约束_8_79],-6219.85
cons[火电机组分段中标量约束_8_80_0],-92.09200000000055
cons[火电机组分段中标量约束_8_80_1],-46.04599999999937
cons[火电机组分段中标量约束_8_80_2],0.0
cons[火电机组分段中标量约束_8_80_3],0.0
cons[火电机组分段中标量约束_8_80_4],0.0
cons[火电机组分段中标量约束_8_80_5],0.0
cons[火电机组分段中标量约束_8_80_6],0.0
cons[火电机组分段中标量约束_8_80_7],0.0
cons[火电机组分段中标量约束_8_80_8],0.0
cons[火电机组分段中标量约束_8_80_9],0.0
cons[火电机组出力之和约束_8_80],-6200.103
cons[火电机组分段中标量约束_8_81_0],-88.67950000000019
cons[火电机组分段中标量约束_8_81_1],-42.633499999999
cons[火电机组分段中标量约束_8_81_2],0.0
cons[火电机组分段中标量约束_8_81_3],0.0
cons[火电机组分段中标量约束_8_81_4],0.0
cons[火电机组分段中标量约束_8_81_5],0.0
cons[火电机组分段中标量约束_8_81_6],0.0
cons[火电机组分段中标量约束_8_81_7],0.0
cons[火电机组分段中标量约束_8_81_8],0.0
cons[火电机组分段中标量约束_8_81_9],0.0
cons[火电机组出力之和约束_8_81],-6196.6905
cons[火电机组分段中标量约束_8_82_0],-83.99300000000221
cons[火电机组分段中标量约束_8_82_1],-37.947000000001026
cons[火电机组分段中标量约束_8_82_2],0.0
cons[火电机组分段中标量约束_8_82_3],0.0
cons[火电机组分段中标量约束_8_82_4],0.0
cons[火电机组分段中标量约束_8_82_5],0.0
cons[火电机组分段中标量约束_8_82_6],0.0
cons[火电机组分段中标量约束_8_82_7],0.0
cons[火电机组分段中标量约束_8_82_8],0.0
cons[火电机组分段中标量约束_8_82_9],0.0
cons[火电机组出力之和约束_8_82],-6192.004000000002
cons[火电机组分段中标量约束_8_83_0],-56.146999999999935
cons[火电机组分段中标量约束_8_83_1],-10.100999999998749
cons[火电机组分段中标量约束_8_83_2],0.0
cons[火电机组分段中标量约束_8_83_3],0.0
cons[火电机组分段中标量约束_8_83_4],0.0
cons[火电机组分段中标量约束_8_83_5],0.0
cons[火电机组分段中标量约束_8_83_6],0.0
cons[火电机组分段中标量约束_8_83_7],0.0
cons[火电机组分段中标量约束_8_83_8],0.0
cons[火电机组分段中标量约束_8_83_9],0.0
cons[火电机组出力之和约束_8_83],-6164.157999999999
cons[火电机组分段中标量约束_8_84_0],-56.146999999999935
cons[火电机组分段中标量约束_8_84_1],-10.100999999998749
cons[火电机组分段中标量约束_8_84_2],0.0
cons[火电机组分段中标量约束_8_84_3],0.0
cons[火电机组分段中标量约束_8_84_4],0.0
cons[火电机组分段中标量约束_8_84_5],0.0
cons[火电机组分段中标量约束_8_84_6],0.0
cons[火电机组分段中标量约束_8_84_7],0.0
cons[火电机组分段中标量约束_8_84_8],0.0
cons[火电机组分段中标量约束_8_84_9],0.0
cons[火电机组出力之和约束_8_84],-6164.157999999999
cons[火电机组分段中标量约束_8_85_0],-56.146999999999935
cons[火电机组分段中标量约束_8_85_1],-10.100999999998749
cons[火电机组分段中标量约束_8_85_2],0.0
cons[火电机组分段中标量约束_8_85_3],0.0
cons[火电机组分段中标量约束_8_85_4],0.0
cons[火电机组分段中标量约束_8_85_5],0.0
cons[火电机组分段中标量约束_8_85_6],0.0
cons[火电机组分段中标量约束_8_85_7],0.0
cons[火电机组分段中标量约束_8_85_8],0.0
cons[火电机组分段中标量约束_8_85_9],0.0
cons[火电机组出力之和约束_8_85],-6164.157999999999
cons[火电机组分段中标量约束_8_86_0],-56.146999999999935
cons[火电机组分段中标量约束_8_86_1],-10.100999999998749
cons[火电机组分段中标量约束_8_86_2],0.0
cons[火电机组分段中标量约束_8_86_3],0.0
cons[火电机组分段中标量约束_8_86_4],0.0
cons[火电机组分段中标量约束_8_86_5],0.0
cons[火电机组分段中标量约束_8_86_6],0.0
cons[火电机组分段中标量约束_8_86_7],0.0
cons[火电机组分段中标量约束_8_86_8],0.0
cons[火电机组分段中标量约束_8_86_9],0.0
cons[火电机组出力之和约束_8_86],-6164.157999999999
cons[火电机组分段中标量约束_8_87_0],-46.046000000001186
cons[火电机组分段中标量约束_8_87_1],0.0
cons[火电机组分段中标量约束_8_87_2],0.0
cons[火电机组分段中标量约束_8_87_3],0.0
cons[火电机组分段中标量约束_8_87_4],0.0
cons[火电机组分段中标量约束_8_87_5],0.0
cons[火电机组分段中标量约束_8_87_6],0.0
cons[火电机组分段中标量约束_8_87_7],0.0
cons[火电机组分段中标量约束_8_87_8],0.0
cons[火电机组分段中标量约束_8_87_9],0.0
cons[火电机组出力之和约束_8_87],-6154.057000000001
cons[火电机组分段中标量约束_8_88_0],-0.45500000000083674
cons[火电机组分段中标量约束_8_88_1],0.0
cons[火电机组分段中标量约束_8_88_2],0.0
cons[火电机组分段中标量约束_8_88_3],0.0
cons[火电机组分段中标量约束_8_88_4],0.0
cons[火电机组分段中标量约束_8_88_5],0.0
cons[火电机组分段中标量约束_8_88_6],0.0
cons[火电机组分段中标量约束_8_88_7],0.0
cons[火电机组分段中标量约束_8_88_8],0.0
cons[火电机组分段中标量约束_8_88_9],0.0
cons[火电机组出力之和约束_8_88],-6108.466
cons[火电机组分段中标量约束_8_89_0],0.0
cons[火电机组分段中标量约束_8_89_1],0.0
cons[火电机组分段中标量约束_8_89_2],0.0
cons[火电机组分段中标量约束_8_89_3],0.0
cons[火电机组分段中标量约束_8_89_4],0.0
cons[火电机组分段中标量约束_8_89_5],0.0
cons[火电机组分段中标量约束_8_89_6],0.0
cons[火电机组分段中标量约束_8_89_7],0.0
cons[火电机组分段中标量约束_8_89_8],0.0
cons[火电机组分段中标量约束_8_89_9],0.0
cons[火电机组出力之和约束_8_89],-6108.0109999999995
cons[火电机组分段中标量约束_8_90_0],0.0
cons[火电机组分段中标量约束_8_90_1],0.0
cons[火电机组分段中标量约束_8_90_2],0.0
cons[火电机组分段中标量约束_8_90_3],0.0
cons[火电机组分段中标量约束_8_90_4],0.0
cons[火电机组分段中标量约束_8_90_5],0.0
cons[火电机组分段中标量约束_8_90_6],0.0
cons[火电机组分段中标量约束_8_90_7],0.0
cons[火电机组分段中标量约束_8_90_8],0.0
cons[火电机组分段中标量约束_8_90_9],0.0
cons[火电机组出力之和约束_8_90],-6108.0109999999995
cons[火电机组分段中标量约束_8_91_0],0.0
cons[火电机组分段中标量约束_8_91_1],0.0
cons[火电机组分段中标量约束_8_91_2],0.0
cons[火电机组分段中标量约束_8_91_3],0.0
cons[火电机组分段中标量约束_8_91_4],0.0
cons[火电机组分段中标量约束_8_91_5],0.0
cons[火电机组分段中标量约束_8_91_6],0.0
cons[火电机组分段中标量约束_8_91_7],0.0
cons[火电机组分段中标量约束_8_91_8],0.0
cons[火电机组分段中标量约束_8_91_9],0.0
cons[火电机组出力之和约束_8_91],-6108.0109999999995
cons[火电机组分段中标量约束_8_92_0],0.0
cons[火电机组分段中标量约束_8_92_1],0.0
cons[火电机组分段中标量约束_8_92_2],0.0
cons[火电机组分段中标量约束_8_92_3],0.0
cons[火电机组分段中标量约束_8_92_4],0.0
cons[火电机组分段中标量约束_8_92_5],0.0
cons[火电机组分段中标量约束_8_92_6],0.0
cons[火电机组分段中标量约束_8_92_7],0.0
cons[火电机组分段中标量约束_8_92_8],0.0
cons[火电机组分段中标量约束_8_92_9],0.0
cons[火电机组出力之和约束_8_92],-6108.0109999999995
cons[火电机组分段中标量约束_8_93_0],0.0
cons[火电机组分段中标量约束_8_93_1],0.0
cons[火电机组分段中标量约束_8_93_2],0.0
cons[火电机组分段中标量约束_8_93_3],0.0
cons[火电机组分段中标量约束_8_93_4],0.0
cons[火电机组分段中标量约束_8_93_5],0.0
cons[火电机组分段中标量约束_8_93_6],0.0
cons[火电机组分段中标量约束_8_93_7],0.0
cons[火电机组分段中标量约束_8_93_8],0.0
cons[火电机组分段中标量约束_8_93_9],0.0
cons[火电机组出力之和约束_8_93],-6108.0109999999995
cons[火电机组分段中标量约束_8_94_0],0.0
cons[火电机组分段中标量约束_8_94_1],0.0
cons[火电机组分段中标量约束_8_94_2],0.0
cons[火电机组分段中标量约束_8_94_3],0.0
cons[火电机组分段中标量约束_8_94_4],0.0
cons[火电机组分段中标量约束_8_94_5],0.0
cons[火电机组分段中标量约束_8_94_6],0.0
cons[火电机组分段中标量约束_8_94_7],0.0
cons[火电机组分段中标量约束_8_94_8],0.0
cons[火电机组分段中标量约束_8_94_9],0.0
cons[火电机组出力之和约束_8_94],-6108.0109999999995
cons[火电机组分段中标量约束_8_95_0],0.0
cons[火电机组分段中标量约束_8_95_1],0.0
cons[火电机组分段中标量约束_8_95_2],0.0
cons[火电机组分段中标量约束_8_95_3],0.0
cons[火电机组分段中标量约束_8_95_4],0.0
cons[火电机组分段中标量约束_8_95_5],0.0
cons[火电机组分段中标量约束_8_95_6],0.0
cons[火电机组分段中标量约束_8_95_7],0.0
cons[火电机组分段中标量约束_8_95_8],0.0
cons[火电机组分段中标量约束_8_95_9],0.0
cons[火电机组出力之和约束_8_95],-6108.0109999999995
cons[火电机组分段中标量约束_9_0_0],-102.19300000000112
cons[火电机组分段中标量约束_9_0_1],-56.146999999999935
cons[火电机组分段中标量约束_9_0_2],-10.101000000000568
cons[火电机组分段中标量约束_9_0_3],0.0
cons[火电机组分段中标量约束_9_0_4],0.0
cons[火电机组分段中标量约束_9_0_5],0.0
cons[火电机组分段中标量约束_9_0_6],0.0
cons[火电机组分段中标量约束_9_0_7],0.0
cons[火电机组分段中标量约束_9_0_8],0.0
cons[火电机组分段中标量约束_9_0_9],0.0
cons[火电机组出力之和约束_9_0],-6210.204000000001
cons[火电机组分段中标量约束_9_1_0],-88.67950000000019
cons[火电机组分段中标量约束_9_1_1],-42.633499999999
cons[火电机组分段中标量约束_9_1_2],0.0
cons[火电机组分段中标量约束_9_1_3],0.0
cons[火电机组分段中标量约束_9_1_4],0.0
cons[火电机组分段中标量约束_9_1_5],0.0
cons[火电机组分段中标量约束_9_1_6],0.0
cons[火电机组分段中标量约束_9_1_7],0.0
cons[火电机组分段中标量约束_9_1_8],0.0
cons[火电机组分段中标量约束_9_1_9],0.0
cons[火电机组出力之和约束_9_1],-6196.6905
cons[火电机组分段中标量约束_9_2_0],-46.046000000001186
cons[火电机组分段中标量约束_9_2_1],0.0
cons[火电机组分段中标量约束_9_2_2],0.0
cons[火电机组分段中标量约束_9_2_3],0.0
cons[火电机组分段中标量约束_9_2_4],0.0
cons[火电机组分段中标量约束_9_2_5],0.0
cons[火电机组分段中标量约束_9_2_6],0.0
cons[火电机组分段中标量约束_9_2_7],0.0
cons[火电机组分段中标量约束_9_2_8],0.0
cons[火电机组分段中标量约束_9_2_9],0.0
cons[火电机组出力之和约束_9_2],-6154.057000000001
cons[火电机组分段中标量约束_9_3_0],-10.101000000000568
cons[火电机组分段中标量约束_9_3_1],0.0
cons[火电机组分段中标量约束_9_3_2],0.0
cons[火电机组分段中标量约束_9_3_3],0.0
cons[火电机组分段中标量约束_9_3_4],0.0
cons[火电机组分段中标量约束_9_3_5],0.0
cons[火电机组分段中标量约束_9_3_6],0.0
cons[火电机组分段中标量约束_9_3_7],0.0
cons[火电机组分段中标量约束_9_3_8],0.0
cons[火电机组分段中标量约束_9_3_9],0.0
cons[火电机组出力之和约束_9_3],-6118.112
cons[火电机组分段中标量约束_9_4_0],0.0
cons[火电机组分段中标量约束_9_4_1],0.0
cons[火电机组分段中标量约束_9_4_2],0.0
cons[火电机组分段中标量约束_9_4_3],0.0
cons[火电机组分段中标量约束_9_4_4],0.0
cons[火电机组分段中标量约束_9_4_5],0.0
cons[火电机组分段中标量约束_9_4_6],0.0
cons[火电机组分段中标量约束_9_4_7],0.0
cons[火电机组分段中标量约束_9_4_8],0.0
cons[火电机组分段中标量约束_9_4_9],0.0
cons[火电机组出力之和约束_9_4],-6108.0109999999995
cons[火电机组分段中标量约束_9_5_0],0.0
cons[火电机组分段中标量约束_9_5_1],0.0
cons[火电机组分段中标量约束_9_5_2],0.0
cons[火电机组分段中标量约束_9_5_3],0.0
cons[火电机组分段中标量约束_9_5_4],0.0
cons[火电机组分段中标量约束_9_5_5],0.0
cons[火电机组分段中标量约束_9_5_6],0.0
cons[火电机组分段中标量约束_9_5_7],0.0
cons[火电机组分段中标量约束_9_5_8],0.0
cons[火电机组分段中标量约束_9_5_9],0.0
cons[火电机组出力之和约束_9_5],-6108.0109999999995
cons[火电机组分段中标量约束_9_6_0],0.0
cons[火电机组分段中标量约束_9_6_1],0.0
cons[火电机组分段中标量约束_9_6_2],0.0
cons[火电机组分段中标量约束_9_6_3],0.0
cons[火电机组分段中标量约束_9_6_4],0.0
cons[火电机组分段中标量约束_9_6_5],0.0
cons[火电机组分段中标量约束_9_6_6],0.0
cons[火电机组分段中标量约束_9_6_7],0.0
cons[火电机组分段中标量约束_9_6_8],0.0
cons[火电机组分段中标量约束_9_6_9],0.0
cons[火电机组出力之和约束_9_6],-6108.0109999999995
cons[火电机组分段中标量约束_9_7_0],0.0
cons[火电机组分段中标量约束_9_7_1],0.0
cons[火电机组分段中标量约束_9_7_2],0.0
cons[火电机组分段中标量约束_9_7_3],0.0
cons[火电机组分段中标量约束_9_7_4],0.0
cons[火电机组分段中标量约束_9_7_5],0.0
cons[火电机组分段中标量约束_9_7_6],0.0
cons[火电机组分段中标量约束_9_7_7],0.0
cons[火电机组分段中标量约束_9_7_8],0.0
cons[火电机组分段中标量约束_9_7_9],0.0
cons[火电机组出力之和约束_9_7],-6108.0109999999995
cons[火电机组分段中标量约束_9_8_0],0.0
cons[火电机组分段中标量约束_9_8_1],0.0
cons[火电机组分段中标量约束_9_8_2],0.0
cons[火电机组分段中标量约束_9_8_3],0.0
cons[火电机组分段中标量约束_9_8_4],0.0
cons[火电机组分段中标量约束_9_8_5],0.0
cons[火电机组分段中标量约束_9_8_6],0.0
cons[火电机组分段中标量约束_9_8_7],0.0
cons[火电机组分段中标量约束_9_8_8],0.0
cons[火电机组分段中标量约束_9_8_9],0.0
cons[火电机组出力之和约束_9_8],-6108.0109999999995
cons[火电机组分段中标量约束_9_9_0],0.0
cons[火电机组分段中标量约束_9_9_1],0.0
cons[火电机组分段中标量约束_9_9_2],0.0
cons[火电机组分段中标量约束_9_9_3],0.0
cons[火电机组分段中标量约束_9_9_4],0.0
cons[火电机组分段中标量约束_9_9_5],0.0
cons[火电机组分段中标量约束_9_9_6],0.0
cons[火电机组分段中标量约束_9_9_7],0.0
cons[火电机组分段中标量约束_9_9_8],0.0
cons[火电机组分段中标量约束_9_9_9],0.0
cons[火电机组出力之和约束_9_9],-6108.0109999999995
cons[火电机组分段中标量约束_9_10_0],0.0
cons[火电机组分段中标量约束_9_10_1],0.0
cons[火电机组分段中标量约束_9_10_2],0.0
cons[火电机组分段中标量约束_9_10_3],0.0
cons[火电机组分段中标量约束_9_10_4],0.0
cons[火电机组分段中标量约束_9_10_5],0.0
cons[火电机组分段中标量约束_9_10_6],0.0
cons[火电机组分段中标量约束_9_10_7],0.0
cons[火电机组分段中标量约束_9_10_8],0.0
cons[火电机组分段中标量约束_9_10_9],0.0
cons[火电机组出力之和约束_9_10],-6108.0109999999995
cons[火电机组分段中标量约束_9_11_0],0.0
cons[火电机组分段中标量约束_9_11_1],0.0
cons[火电机组分段中标量约束_9_11_2],0.0
cons[火电机组分段中标量约束_9_11_3],0.0
cons[火电机组分段中标量约束_9_11_4],0.0
cons[火电机组分段中标量约束_9_11_5],0.0
cons[火电机组分段中标量约束_9_11_6],0.0
cons[火电机组分段中标量约束_9_11_7],0.0
cons[火电机组分段中标量约束_9_11_8],0.0
cons[火电机组分段中标量约束_9_11_9],0.0
cons[火电机组出力之和约束_9_11],-6108.0109999999995
cons[火电机组分段中标量约束_9_12_0],0.0
cons[火电机组分段中标量约束_9_12_1],0.0
cons[火电机组分段中标量约束_9_12_2],0.0
cons[火电机组分段中标量约束_9_12_3],0.0
cons[火电机组分段中标量约束_9_12_4],0.0
cons[火电机组分段中标量约束_9_12_5],0.0
cons[火电机组分段中标量约束_9_12_6],0.0
cons[火电机组分段中标量约束_9_12_7],0.0
cons[火电机组分段中标量约束_9_12_8],0.0
cons[火电机组分段中标量约束_9_12_9],0.0
cons[火电机组出力之和约束_9_12],-6108.0109999999995
cons[火电机组分段中标量约束_9_13_0],0.0
cons[火电机组分段中标量约束_9_13_1],0.0
cons[火电机组分段中标量约束_9_13_2],0.0
cons[火电机组分段中标量约束_9_13_3],0.0
cons[火电机组分段中标量约束_9_13_4],0.0
cons[火电机组分段中标量约束_9_13_5],0.0
cons[火电机组分段中标量约束_9_13_6],0.0
cons[火电机组分段中标量约束_9_13_7],0.0
cons[火电机组分段中标量约束_9_13_8],0.0
cons[火电机组分段中标量约束_9_13_9],0.0
cons[火电机组出力之和约束_9_13],-6108.0109999999995
cons[火电机组分段中标量约束_9_14_0],0.0
cons[火电机组分段中标量约束_9_14_1],0.0
cons[火电机组分段中标量约束_9_14_2],0.0
cons[火电机组分段中标量约束_9_14_3],0.0
cons[火电机组分段中标量约束_9_14_4],0.0
cons[火电机组分段中标量约束_9_14_5],0.0
cons[火电机组分段中标量约束_9_14_6],0.0
cons[火电机组分段中标量约束_9_14_7],0.0
cons[火电机组分段中标量约束_9_14_8],0.0
cons[火电机组分段中标量约束_9_14_9],0.0
cons[火电机组出力之和约束_9_14],-6108.0109999999995
cons[火电机组分段中标量约束_9_15_0],0.0
cons[火电机组分段中标量约束_9_15_1],0.0
cons[火电机组分段中标量约束_9_15_2],0.0
cons[火电机组分段中标量约束_9_15_3],0.0
cons[火电机组分段中标量约束_9_15_4],0.0
cons[火电机组分段中标量约束_9_15_5],0.0
cons[火电机组分段中标量约束_9_15_6],0.0
cons[火电机组分段中标量约束_9_15_7],0.0
cons[火电机组分段中标量约束_9_15_8],0.0
cons[火电机组分段中标量约束_9_15_9],0.0
cons[火电机组出力之和约束_9_15],-6108.0109999999995
cons[火电机组分段中标量约束_9_16_0],0.0
cons[火电机组分段中标量约束_9_16_1],0.0
cons[火电机组分段中标量约束_9_16_2],0.0
cons[火电机组分段中标量约束_9_16_3],0.0
cons[火电机组分段中标量约束_9_16_4],0.0
cons[火电机组分段中标量约束_9_16_5],0.0
cons[火电机组分段中标量约束_9_16_6],0.0
cons[火电机组分段中标量约束_9_16_7],0.0
cons[火电机组分段中标量约束_9_16_8],0.0
cons[火电机组分段中标量约束_9_16_9],0.0
cons[火电机组出力之和约束_9_16],-6108.0109999999995
cons[火电机组分段中标量约束_9_17_0],0.0
cons[火电机组分段中标量约束_9_17_1],0.0
cons[火电机组分段中标量约束_9_17_2],0.0
cons[火电机组分段中标量约束_9_17_3],0.0
cons[火电机组分段中标量约束_9_17_4],0.0
cons[火电机组分段中标量约束_9_17_5],0.0
cons[火电机组分段中标量约束_9_17_6],0.0
cons[火电机组分段中标量约束_9_17_7],0.0
cons[火电机组分段中标量约束_9_17_8],0.0
cons[火电机组分段中标量约束_9_17_9],0.0
cons[火电机组出力之和约束_9_17],-6108.0109999999995
cons[火电机组分段中标量约束_9_18_0],0.0
cons[火电机组分段中标量约束_9_18_1],0.0
cons[火电机组分段中标量约束_9_18_2],0.0
cons[火电机组分段中标量约束_9_18_3],0.0
cons[火电机组分段中标量约束_9_18_4],0.0
cons[火电机组分段中标量约束_9_18_5],0.0
cons[火电机组分段中标量约束_9_18_6],0.0
cons[火电机组分段中标量约束_9_18_7],0.0
cons[火电机组分段中标量约束_9_18_8],0.0
cons[火电机组分段中标量约束_9_18_9],0.0
cons[火电机组出力之和约束_9_18],-6108.0109999999995
cons[火电机组分段中标量约束_9_19_0],0.0
cons[火电机组分段中标量约束_9_19_1],0.0
cons[火电机组分段中标量约束_9_19_2],0.0
cons[火电机组分段中标量约束_9_19_3],0.0
cons[火电机组分段中标量约束_9_19_4],0.0
cons[火电机组分段中标量约束_9_19_5],0.0
cons[火电机组分段中标量约束_9_19_6],0.0
cons[火电机组分段中标量约束_9_19_7],0.0
cons[火电机组分段中标量约束_9_19_8],0.0
cons[火电机组分段中标量约束_9_19_9],0.0
cons[火电机组出力之和约束_9_19],-6108.0109999999995
cons[火电机组分段中标量约束_9_20_0],0.0
cons[火电机组分段中标量约束_9_20_1],0.0
cons[火电机组分段中标量约束_9_20_2],0.0
cons[火电机组分段中标量约束_9_20_3],0.0
cons[火电机组分段中标量约束_9_20_4],0.0
cons[火电机组分段中标量约束_9_20_5],0.0
cons[火电机组分段中标量约束_9_20_6],0.0
cons[火电机组分段中标量约束_9_20_7],0.0
cons[火电机组分段中标量约束_9_20_8],0.0
cons[火电机组分段中标量约束_9_20_9],0.0
cons[火电机组出力之和约束_9_20],-6108.0109999999995
cons[火电机组分段中标量约束_9_21_0],0.0
cons[火电机组分段中标量约束_9_21_1],0.0
cons[火电机组分段中标量约束_9_21_2],0.0
cons[火电机组分段中标量约束_9_21_3],0.0
cons[火电机组分段中标量约束_9_21_4],0.0
cons[火电机组分段中标量约束_9_21_5],0.0
cons[火电机组分段中标量约束_9_21_6],0.0
cons[火电机组分段中标量约束_9_21_7],0.0
cons[火电机组分段中标量约束_9_21_8],0.0
cons[火电机组分段中标量约束_9_21_9],0.0
cons[火电机组出力之和约束_9_21],-6108.0109999999995
cons[火电机组分段中标量约束_9_22_0],0.0
cons[火电机组分段中标量约束_9_22_1],0.0
cons[火电机组分段中标量约束_9_22_2],0.0
cons[火电机组分段中标量约束_9_22_3],0.0
cons[火电机组分段中标量约束_9_22_4],0.0
cons[火电机组分段中标量约束_9_22_5],0.0
cons[火电机组分段中标量约束_9_22_6],0.0
cons[火电机组分段中标量约束_9_22_7],0.0
cons[火电机组分段中标量约束_9_22_8],0.0
cons[火电机组分段中标量约束_9_22_9],0.0
cons[火电机组出力之和约束_9_22],-6108.0109999999995
cons[火电机组分段中标量约束_9_23_0],0.0
cons[火电机组分段中标量约束_9_23_1],0.0
cons[火电机组分段中标量约束_9_23_2],0.0
cons[火电机组分段中标量约束_9_23_3],0.0
cons[火电机组分段中标量约束_9_23_4],0.0
cons[火电机组分段中标量约束_9_23_5],0.0
cons[火电机组分段中标量约束_9_23_6],0.0
cons[火电机组分段中标量约束_9_23_7],0.0
cons[火电机组分段中标量约束_9_23_8],0.0
cons[火电机组分段中标量约束_9_23_9],0.0
cons[火电机组出力之和约束_9_23],-6108.0109999999995
cons[火电机组分段中标量约束_9_24_0],0.0
cons[火电机组分段中标量约束_9_24_1],0.0
cons[火电机组分段中标量约束_9_24_2],0.0
cons[火电机组分段中标量约束_9_24_3],0.0
cons[火电机组分段中标量约束_9_24_4],0.0
cons[火电机组分段中标量约束_9_24_5],0.0
cons[火电机组分段中标量约束_9_24_6],0.0
cons[火电机组分段中标量约束_9_24_7],0.0
cons[火电机组分段中标量约束_9_24_8],0.0
cons[火电机组分段中标量约束_9_24_9],0.0
cons[火电机组出力之和约束_9_24],-6108.0109999999995
cons[火电机组分段中标量约束_9_25_0],0.0
cons[火电机组分段中标量约束_9_25_1],0.0
cons[火电机组分段中标量约束_9_25_2],0.0
cons[火电机组分段中标量约束_9_25_3],0.0
cons[火电机组分段中标量约束_9_25_4],0.0
cons[火电机组分段中标量约束_9_25_5],0.0
cons[火电机组分段中标量约束_9_25_6],0.0
cons[火电机组分段中标量约束_9_25_7],0.0
cons[火电机组分段中标量约束_9_25_8],0.0
cons[火电机组分段中标量约束_9_25_9],0.0
cons[火电机组出力之和约束_9_25],-6108.0109999999995
cons[火电机组分段中标量约束_9_26_0],0.0
cons[火电机组分段中标量约束_9_26_1],0.0
cons[火电机组分段中标量约束_9_26_2],0.0
cons[火电机组分段中标量约束_9_26_3],0.0
cons[火电机组分段中标量约束_9_26_4],0.0
cons[火电机组分段中标量约束_9_26_5],0.0
cons[火电机组分段中标量约束_9_26_6],0.0
cons[火电机组分段中标量约束_9_26_7],0.0
cons[火电机组分段中标量约束_9_26_8],0.0
cons[火电机组分段中标量约束_9_26_9],0.0
cons[火电机组出力之和约束_9_26],-6108.0109999999995
cons[火电机组分段中标量约束_9_27_0],0.0
cons[火电机组分段中标量约束_9_27_1],0.0
cons[火电机组分段中标量约束_9_27_2],0.0
cons[火电机组分段中标量约束_9_27_3],0.0
cons[火电机组分段中标量约束_9_27_4],0.0
cons[火电机组分段中标量约束_9_27_5],0.0
cons[火电机组分段中标量约束_9_27_6],0.0
cons[火电机组分段中标量约束_9_27_7],0.0
cons[火电机组分段中标量约束_9_27_8],0.0
cons[火电机组分段中标量约束_9_27_9],0.0
cons[火电机组出力之和约束_9_27],-6108.0109999999995
cons[火电机组分段中标量约束_9_28_0],0.0
cons[火电机组分段中标量约束_9_28_1],0.0
cons[火电机组分段中标量约束_9_28_2],0.0
cons[火电机组分段中标量约束_9_28_3],0.0
cons[火电机组分段中标量约束_9_28_4],0.0
cons[火电机组分段中标量约束_9_28_5],0.0
cons[火电机组分段中标量约束_9_28_6],0.0
cons[火电机组分段中标量约束_9_28_7],0.0
cons[火电机组分段中标量约束_9_28_8],0.0
cons[火电机组分段中标量约束_9_28_9],0.0
cons[火电机组出力之和约束_9_28],-6108.0109999999995
cons[火电机组分段中标量约束_9_29_0],0.0
cons[火电机组分段中标量约束_9_29_1],0.0
cons[火电机组分段中标量约束_9_29_2],0.0
cons[火电机组分段中标量约束_9_29_3],0.0
cons[火电机组分段中标量约束_9_29_4],0.0
cons[火电机组分段中标量约束_9_29_5],0.0
cons[火电机组分段中标量约束_9_29_6],0.0
cons[火电机组分段中标量约束_9_29_7],0.0
cons[火电机组分段中标量约束_9_29_8],0.0
cons[火电机组分段中标量约束_9_29_9],0.0
cons[火电机组出力之和约束_9_29],-6108.0109999999995
cons[火电机组分段中标量约束_9_30_0],0.0
cons[火电机组分段中标量约束_9_30_1],0.0
cons[火电机组分段中标量约束_9_30_2],0.0
cons[火电机组分段中标量约束_9_30_3],0.0
cons[火电机组分段中标量约束_9_30_4],0.0
cons[火电机组分段中标量约束_9_30_5],0.0
cons[火电机组分段中标量约束_9_30_6],0.0
cons[火电机组分段中标量约束_9_30_7],0.0
cons[火电机组分段中标量约束_9_30_8],0.0
cons[火电机组分段中标量约束_9_30_9],0.0
cons[火电机组出力之和约束_9_30],-6108.0109999999995
cons[火电机组分段中标量约束_9_31_0],0.0
cons[火电机组分段中标量约束_9_31_1],0.0
cons[火电机组分段中标量约束_9_31_2],0.0
cons[火电机组分段中标量约束_9_31_3],0.0
cons[火电机组分段中标量约束_9_31_4],0.0
cons[火电机组分段中标量约束_9_31_5],0.0
cons[火电机组分段中标量约束_9_31_6],0.0
cons[火电机组分段中标量约束_9_31_7],0.0
cons[火电机组分段中标量约束_9_31_8],0.0
cons[火电机组分段中标量约束_9_31_9],0.0
cons[火电机组出力之和约束_9_31],-6108.0109999999995
cons[火电机组分段中标量约束_9_32_0],-0.45500000000083674
cons[火电机组分段中标量约束_9_32_1],0.0
cons[火电机组分段中标量约束_9_32_2],0.0
cons[火电机组分段中标量约束_9_32_3],0.0
cons[火电机组分段中标量约束_9_32_4],0.0
cons[火电机组分段中标量约束_9_32_5],0.0
cons[火电机组分段中标量约束_9_32_6],0.0
cons[火电机组分段中标量约束_9_32_7],0.0
cons[火电机组分段中标量约束_9_32_8],0.0
cons[火电机组分段中标量约束_9_32_9],0.0
cons[火电机组出力之和约束_9_32],-6108.466
cons[火电机组分段中标量约束_9_33_0],-10.101000000000568
cons[火电机组分段中标量约束_9_33_1],0.0
cons[火电机组分段中标量约束_9_33_2],0.0
cons[火电机组分段中标量约束_9_33_3],0.0
cons[火电机组分段中标量约束_9_33_4],0.0
cons[火电机组分段中标量约束_9_33_5],0.0
cons[火电机组分段中标量约束_9_33_6],0.0
cons[火电机组分段中标量约束_9_33_7],0.0
cons[火电机组分段中标量约束_9_33_8],0.0
cons[火电机组分段中标量约束_9_33_9],0.0
cons[火电机组出力之和约束_9_33],-6118.112
cons[火电机组分段中标量约束_9_34_0],-10.101000000000568
cons[火电机组分段中标量约束_9_34_1],0.0
cons[火电机组分段中标量约束_9_34_2],0.0
cons[火电机组分段中标量约束_9_34_3],0.0
cons[火电机组分段中标量约束_9_34_4],0.0
cons[火电机组分段中标量约束_9_34_5],0.0
cons[火电机组分段中标量约束_9_34_6],0.0
cons[火电机组分段中标量约束_9_34_7],0.0
cons[火电机组分段中标量约束_9_34_8],0.0
cons[火电机组分段中标量约束_9_34_9],0.0
cons[火电机组出力之和约束_9_34],-6118.112
cons[火电机组分段中标量约束_9_35_0],-10.101000000000568
cons[火电机组分段中标量约束_9_35_1],0.0
cons[火电机组分段中标量约束_9_35_2],0.0
cons[火电机组分段中标量约束_9_35_3],0.0
cons[火电机组分段中标量约束_9_35_4],0.0
cons[火电机组分段中标量约束_9_35_5],0.0
cons[火电机组分段中标量约束_9_35_6],0.0
cons[火电机组分段中标量约束_9_35_7],0.0
cons[火电机组分段中标量约束_9_35_8],0.0
cons[火电机组分段中标量约束_9_35_9],0.0
cons[火电机组出力之和约束_9_35],-6118.112
cons[火电机组分段中标量约束_9_36_0],-10.101000000000568
cons[火电机组分段中标量约束_9_36_1],0.0
cons[火电机组分段中标量约束_9_36_2],0.0
cons[火电机组分段中标量约束_9_36_3],0.0
cons[火电机组分段中标量约束_9_36_4],0.0
cons[火电机组分段中标量约束_9_36_5],0.0
cons[火电机组分段中标量约束_9_36_6],0.0
cons[火电机组分段中标量约束_9_36_7],0.0
cons[火电机组分段中标量约束_9_36_8],0.0
cons[火电机组分段中标量约束_9_36_9],0.0
cons[火电机组出力之和约束_9_36],-6118.112
cons[火电机组分段中标量约束_9_37_0],-0.45500000000083674
cons[火电机组分段中标量约束_9_37_1],0.0
cons[火电机组分段中标量约束_9_37_2],0.0
cons[火电机组分段中标量约束_9_37_3],0.0
cons[火电机组分段中标量约束_9_37_4],0.0
cons[火电机组分段中标量约束_9_37_5],0.0
cons[火电机组分段中标量约束_9_37_6],0.0
cons[火电机组分段中标量约束_9_37_7],0.0
cons[火电机组分段中标量约束_9_37_8],0.0
cons[火电机组分段中标量约束_9_37_9],0.0
cons[火电机组出力之和约束_9_37],-6108.466
cons[火电机组分段中标量约束_9_38_0],-0.45500000000083674
cons[火电机组分段中标量约束_9_38_1],0.0
cons[火电机组分段中标量约束_9_38_2],0.0
cons[火电机组分段中标量约束_9_38_3],0.0
cons[火电机组分段中标量约束_9_38_4],0.0
cons[火电机组分段中标量约束_9_38_5],0.0
cons[火电机组分段中标量约束_9_38_6],0.0
cons[火电机组分段中标量约束_9_38_7],0.0
cons[火电机组分段中标量约束_9_38_8],0.0
cons[火电机组分段中标量约束_9_38_9],0.0
cons[火电机组出力之和约束_9_38],-6108.466
cons[火电机组分段中标量约束_9_39_0],-0.45500000000083674
cons[火电机组分段中标量约束_9_39_1],0.0
cons[火电机组分段中标量约束_9_39_2],0.0
cons[火电机组分段中标量约束_9_39_3],0.0
cons[火电机组分段中标量约束_9_39_4],0.0
cons[火电机组分段中标量约束_9_39_5],0.0
cons[火电机组分段中标量约束_9_39_6],0.0
cons[火电机组分段中标量约束_9_39_7],0.0
cons[火电机组分段中标量约束_9_39_8],0.0
cons[火电机组分段中标量约束_9_39_9],0.0
cons[火电机组出力之和约束_9_39],-6108.466
cons[火电机组分段中标量约束_9_40_0],-0.45500000000083674
cons[火电机组分段中标量约束_9_40_1],0.0
cons[火电机组分段中标量约束_9_40_2],0.0
cons[火电机组分段中标量约束_9_40_3],0.0
cons[火电机组分段中标量约束_9_40_4],0.0
cons[火电机组分段中标量约束_9_40_5],0.0
cons[火电机组分段中标量约束_9_40_6],0.0
cons[火电机组分段中标量约束_9_40_7],0.0
cons[火电机组分段中标量约束_9_40_8],0.0
cons[火电机组分段中标量约束_9_40_9],0.0
cons[火电机组出力之和约束_9_40],-6108.466
cons[火电机组分段中标量约束_9_41_0],-0.45500000000083674
cons[火电机组分段中标量约束_9_41_1],0.0
cons[火电机组分段中标量约束_9_41_2],0.0
cons[火电机组分段中标量约束_9_41_3],0.0
cons[火电机组分段中标量约束_9_41_4],0.0
cons[火电机组分段中标量约束_9_41_5],0.0
cons[火电机组分段中标量约束_9_41_6],0.0
cons[火电机组分段中标量约束_9_41_7],0.0
cons[火电机组分段中标量约束_9_41_8],0.0
cons[火电机组分段中标量约束_9_41_9],0.0
cons[火电机组出力之和约束_9_41],-6108.466
cons[火电机组分段中标量约束_9_42_0],-0.45500000000083674
cons[火电机组分段中标量约束_9_42_1],0.0
cons[火电机组分段中标量约束_9_42_2],0.0
cons[火电机组分段中标量约束_9_42_3],0.0
cons[火电机组分段中标量约束_9_42_4],0.0
cons[火电机组分段中标量约束_9_42_5],0.0
cons[火电机组分段中标量约束_9_42_6],0.0
cons[火电机组分段中标量约束_9_42_7],0.0
cons[火电机组分段中标量约束_9_42_8],0.0
cons[火电机组分段中标量约束_9_42_9],0.0
cons[火电机组出力之和约束_9_42],-6108.466
cons[火电机组分段中标量约束_9_43_0],-0.45500000000083674
cons[火电机组分段中标量约束_9_43_1],0.0
cons[火电机组分段中标量约束_9_43_2],0.0
cons[火电机组分段中标量约束_9_43_3],0.0
cons[火电机组分段中标量约束_9_43_4],0.0
cons[火电机组分段中标量约束_9_43_5],0.0
cons[火电机组分段中标量约束_9_43_6],0.0
cons[火电机组分段中标量约束_9_43_7],0.0
cons[火电机组分段中标量约束_9_43_8],0.0
cons[火电机组分段中标量约束_9_43_9],0.0
cons[火电机组出力之和约束_9_43],-6108.466
cons[火电机组分段中标量约束_9_44_0],-0.45500000000083674
cons[火电机组分段中标量约束_9_44_1],0.0
cons[火电机组分段中标量约束_9_44_2],0.0
cons[火电机组分段中标量约束_9_44_3],0.0
cons[火电机组分段中标量约束_9_44_4],0.0
cons[火电机组分段中标量约束_9_44_5],0.0
cons[火电机组分段中标量约束_9_44_6],0.0
cons[火电机组分段中标量约束_9_44_7],0.0
cons[火电机组分段中标量约束_9_44_8],0.0
cons[火电机组分段中标量约束_9_44_9],0.0
cons[火电机组出力之和约束_9_44],-6108.466
cons[火电机组分段中标量约束_9_45_0],0.0
cons[火电机组分段中标量约束_9_45_1],0.0
cons[火电机组分段中标量约束_9_45_2],0.0
cons[火电机组分段中标量约束_9_45_3],0.0
cons[火电机组分段中标量约束_9_45_4],0.0
cons[火电机组分段中标量约束_9_45_5],0.0
cons[火电机组分段中标量约束_9_45_6],0.0
cons[火电机组分段中标量约束_9_45_7],0.0
cons[火电机组分段中标量约束_9_45_8],0.0
cons[火电机组分段中标量约束_9_45_9],0.0
cons[火电机组出力之和约束_9_45],-6108.0109999999995
cons[火电机组分段中标量约束_9_46_0],0.0
cons[火电机组分段中标量约束_9_46_1],0.0
cons[火电机组分段中标量约束_9_46_2],0.0
cons[火电机组分段中标量约束_9_46_3],0.0
cons[火电机组分段中标量约束_9_46_4],0.0
cons[火电机组分段中标量约束_9_46_5],0.0
cons[火电机组分段中标量约束_9_46_6],0.0
cons[火电机组分段中标量约束_9_46_7],0.0
cons[火电机组分段中标量约束_9_46_8],0.0
cons[火电机组分段中标量约束_9_46_9],0.0
cons[火电机组出力之和约束_9_46],-6108.0109999999995
cons[火电机组分段中标量约束_9_47_0],0.0
cons[火电机组分段中标量约束_9_47_1],0.0
cons[火电机组分段中标量约束_9_47_2],0.0
cons[火电机组分段中标量约束_9_47_3],0.0
cons[火电机组分段中标量约束_9_47_4],0.0
cons[火电机组分段中标量约束_9_47_5],0.0
cons[火电机组分段中标量约束_9_47_6],0.0
cons[火电机组分段中标量约束_9_47_7],0.0
cons[火电机组分段中标量约束_9_47_8],0.0
cons[火电机组分段中标量约束_9_47_9],0.0
cons[火电机组出力之和约束_9_47],-6108.0109999999995
cons[火电机组分段中标量约束_9_48_0],0.0
cons[火电机组分段中标量约束_9_48_1],0.0
cons[火电机组分段中标量约束_9_48_2],0.0
cons[火电机组分段中标量约束_9_48_3],0.0
cons[火电机组分段中标量约束_9_48_4],0.0
cons[火电机组分段中标量约束_9_48_5],0.0
cons[火电机组分段中标量约束_9_48_6],0.0
cons[火电机组分段中标量约束_9_48_7],0.0
cons[火电机组分段中标量约束_9_48_8],0.0
cons[火电机组分段中标量约束_9_48_9],0.0
cons[火电机组出力之和约束_9_48],-6108.0109999999995
cons[火电机组分段中标量约束_9_49_0],0.0
cons[火电机组分段中标量约束_9_49_1],0.0
cons[火电机组分段中标量约束_9_49_2],0.0
cons[火电机组分段中标量约束_9_49_3],0.0
cons[火电机组分段中标量约束_9_49_4],0.0
cons[火电机组分段中标量约束_9_49_5],0.0
cons[火电机组分段中标量约束_9_49_6],0.0
cons[火电机组分段中标量约束_9_49_7],0.0
cons[火电机组分段中标量约束_9_49_8],0.0
cons[火电机组分段中标量约束_9_49_9],0.0
cons[火电机组出力之和约束_9_49],-6108.0109999999995
cons[火电机组分段中标量约束_9_50_0],0.0
cons[火电机组分段中标量约束_9_50_1],0.0
cons[火电机组分段中标量约束_9_50_2],0.0
cons[火电机组分段中标量约束_9_50_3],0.0
cons[火电机组分段中标量约束_9_50_4],0.0
cons[火电机组分段中标量约束_9_50_5],0.0
cons[火电机组分段中标量约束_9_50_6],0.0
cons[火电机组分段中标量约束_9_50_7],0.0
cons[火电机组分段中标量约束_9_50_8],0.0
cons[火电机组分段中标量约束_9_50_9],0.0
cons[火电机组出力之和约束_9_50],-6108.0109999999995
cons[火电机组分段中标量约束_9_51_0],0.0
cons[火电机组分段中标量约束_9_51_1],0.0
cons[火电机组分段中标量约束_9_51_2],0.0
cons[火电机组分段中标量约束_9_51_3],0.0
cons[火电机组分段中标量约束_9_51_4],0.0
cons[火电机组分段中标量约束_9_51_5],0.0
cons[火电机组分段中标量约束_9_51_6],0.0
cons[火电机组分段中标量约束_9_51_7],0.0
cons[火电机组分段中标量约束_9_51_8],0.0
cons[火电机组分段中标量约束_9_51_9],0.0
cons[火电机组出力之和约束_9_51],-6108.0109999999995
cons[火电机组分段中标量约束_9_52_0],0.0
cons[火电机组分段中标量约束_9_52_1],0.0
cons[火电机组分段中标量约束_9_52_2],0.0
cons[火电机组分段中标量约束_9_52_3],0.0
cons[火电机组分段中标量约束_9_52_4],0.0
cons[火电机组分段中标量约束_9_52_5],0.0
cons[火电机组分段中标量约束_9_52_6],0.0
cons[火电机组分段中标量约束_9_52_7],0.0
cons[火电机组分段中标量约束_9_52_8],0.0
cons[火电机组分段中标量约束_9_52_9],0.0
cons[火电机组出力之和约束_9_52],-6108.0109999999995
cons[火电机组分段中标量约束_9_53_0],0.0
cons[火电机组分段中标量约束_9_53_1],0.0
cons[火电机组分段中标量约束_9_53_2],0.0
cons[火电机组分段中标量约束_9_53_3],0.0
cons[火电机组分段中标量约束_9_53_4],0.0
cons[火电机组分段中标量约束_9_53_5],0.0
cons[火电机组分段中标量约束_9_53_6],0.0
cons[火电机组分段中标量约束_9_53_7],0.0
cons[火电机组分段中标量约束_9_53_8],0.0
cons[火电机组分段中标量约束_9_53_9],0.0
cons[火电机组出力之和约束_9_53],-6108.0109999999995
cons[火电机组分段中标量约束_9_54_0],0.0
cons[火电机组分段中标量约束_9_54_1],0.0
cons[火电机组分段中标量约束_9_54_2],0.0
cons[火电机组分段中标量约束_9_54_3],0.0
cons[火电机组分段中标量约束_9_54_4],0.0
cons[火电机组分段中标量约束_9_54_5],0.0
cons[火电机组分段中标量约束_9_54_6],0.0
cons[火电机组分段中标量约束_9_54_7],0.0
cons[火电机组分段中标量约束_9_54_8],0.0
cons[火电机组分段中标量约束_9_54_9],0.0
cons[火电机组出力之和约束_9_54],-6108.0109999999995
cons[火电机组分段中标量约束_9_55_0],0.0
cons[火电机组分段中标量约束_9_55_1],0.0
cons[火电机组分段中标量约束_9_55_2],0.0
cons[火电机组分段中标量约束_9_55_3],0.0
cons[火电机组分段中标量约束_9_55_4],0.0
cons[火电机组分段中标量约束_9_55_5],0.0
cons[火电机组分段中标量约束_9_55_6],0.0
cons[火电机组分段中标量约束_9_55_7],0.0
cons[火电机组分段中标量约束_9_55_8],0.0
cons[火电机组分段中标量约束_9_55_9],0.0
cons[火电机组出力之和约束_9_55],-6108.0109999999995
cons[火电机组分段中标量约束_9_56_0],0.0
cons[火电机组分段中标量约束_9_56_1],0.0
cons[火电机组分段中标量约束_9_56_2],0.0
cons[火电机组分段中标量约束_9_56_3],0.0
cons[火电机组分段中标量约束_9_56_4],0.0
cons[火电机组分段中标量约束_9_56_5],0.0
cons[火电机组分段中标量约束_9_56_6],0.0
cons[火电机组分段中标量约束_9_56_7],0.0
cons[火电机组分段中标量约束_9_56_8],0.0
cons[火电机组分段中标量约束_9_56_9],0.0
cons[火电机组出力之和约束_9_56],-6108.0109999999995
cons[火电机组分段中标量约束_9_57_0],0.0
cons[火电机组分段中标量约束_9_57_1],0.0
cons[火电机组分段中标量约束_9_57_2],0.0
cons[火电机组分段中标量约束_9_57_3],0.0
cons[火电机组分段中标量约束_9_57_4],0.0
cons[火电机组分段中标量约束_9_57_5],0.0
cons[火电机组分段中标量约束_9_57_6],0.0
cons[火电机组分段中标量约束_9_57_7],0.0
cons[火电机组分段中标量约束_9_57_8],0.0
cons[火电机组分段中标量约束_9_57_9],0.0
cons[火电机组出力之和约束_9_57],-6108.0109999999995
cons[火电机组分段中标量约束_9_58_0],0.0
cons[火电机组分段中标量约束_9_58_1],0.0
cons[火电机组分段中标量约束_9_58_2],0.0
cons[火电机组分段中标量约束_9_58_3],0.0
cons[火电机组分段中标量约束_9_58_4],0.0
cons[火电机组分段中标量约束_9_58_5],0.0
cons[火电机组分段中标量约束_9_58_6],0.0
cons[火电机组分段中标量约束_9_58_7],0.0
cons[火电机组分段中标量约束_9_58_8],0.0
cons[火电机组分段中标量约束_9_58_9],0.0
cons[火电机组出力之和约束_9_58],-6108.0109999999995
cons[火电机组分段中标量约束_9_59_0],0.0
cons[火电机组分段中标量约束_9_59_1],0.0
cons[火电机组分段中标量约束_9_59_2],0.0
cons[火电机组分段中标量约束_9_59_3],0.0
cons[火电机组分段中标量约束_9_59_4],0.0
cons[火电机组分段中标量约束_9_59_5],0.0
cons[火电机组分段中标量约束_9_59_6],0.0
cons[火电机组分段中标量约束_9_59_7],0.0
cons[火电机组分段中标量约束_9_59_8],0.0
cons[火电机组分段中标量约束_9_59_9],0.0
cons[火电机组出力之和约束_9_59],-6108.0109999999995
cons[火电机组分段中标量约束_9_60_0],-0.45500000000083674
cons[火电机组分段中标量约束_9_60_1],0.0
cons[火电机组分段中标量约束_9_60_2],0.0
cons[火电机组分段中标量约束_9_60_3],0.0
cons[火电机组分段中标量约束_9_60_4],0.0
cons[火电机组分段中标量约束_9_60_5],0.0
cons[火电机组分段中标量约束_9_60_6],0.0
cons[火电机组分段中标量约束_9_60_7],0.0
cons[火电机组分段中标量约束_9_60_8],0.0
cons[火电机组分段中标量约束_9_60_9],0.0
cons[火电机组出力之和约束_9_60],-6108.466
cons[火电机组分段中标量约束_9_61_0],-28.301000000000386
cons[火电机组分段中标量约束_9_61_1],0.0
cons[火电机组分段中标量约束_9_61_2],0.0
cons[火电机组分段中标量约束_9_61_3],0.0
cons[火电机组分段中标量约束_9_61_4],0.0
cons[火电机组分段中标量约束_9_61_5],0.0
cons[火电机组分段中标量约束_9_61_6],0.0
cons[火电机组分段中标量约束_9_61_7],0.0
cons[火电机组分段中标量约束_9_61_8],0.0
cons[火电机组分段中标量约束_9_61_9],0.0
cons[火电机组出力之和约束_9_61],-6136.312
cons[火电机组分段中标量约束_9_62_0],-56.146999999999935
cons[火电机组分段中标量约束_9_62_1],-10.100999999998749
cons[火电机组分段中标量约束_9_62_2],0.0
cons[火电机组分段中标量约束_9_62_3],0.0
cons[火电机组分段中标量约束_9_62_4],0.0
cons[火电机组分段中标量约束_9_62_5],0.0
cons[火电机组分段中标量约束_9_62_6],0.0
cons[火电机组分段中标量约束_9_62_7],0.0
cons[火电机组分段中标量约束_9_62_8],0.0
cons[火电机组分段中标量约束_9_62_9],0.0
cons[火电机组出力之和约束_9_62],-6164.157999999999
cons[火电机组分段中标量约束_9_63_0],-56.146999999999935
cons[火电机组分段中标量约束_9_63_1],-10.100999999998749
cons[火电机组分段中标量约束_9_63_2],0.0
cons[火电机组分段中标量约束_9_63_3],0.0
cons[火电机组分段中标量约束_9_63_4],0.0
cons[火电机组分段中标量约束_9_63_5],0.0
cons[火电机组分段中标量约束_9_63_6],0.0
cons[火电机组分段中标量约束_9_63_7],0.0
cons[火电机组分段中标量约束_9_63_8],0.0
cons[火电机组分段中标量约束_9_63_9],0.0
cons[火电机组出力之和约束_9_63],-6164.157999999999
cons[火电机组分段中标量约束_9_64_0],-83.99300000000221
cons[火电机组分段中标量约束_9_64_1],-37.947000000001026
cons[火电机组分段中标量约束_9_64_2],0.0
cons[火电机组分段中标量约束_9_64_3],0.0
cons[火电机组分段中标量约束_9_64_4],0.0
cons[火电机组分段中标量约束_9_64_5],0.0
cons[火电机组分段中标量约束_9_64_6],0.0
cons[火电机组分段中标量约束_9_64_7],0.0
cons[火电机组分段中标量约束_9_64_8],0.0
cons[火电机组分段中标量约束_9_64_9],0.0
cons[火电机组出力之和约束_9_64],-6192.004000000002
cons[火电机组分段中标量约束_9_65_0],-92.09200000000055
cons[火电机组分段中标量约束_9_65_1],-46.04599999999937
cons[火电机组分段中标量约束_9_65_2],0.0
cons[火电机组分段中标量约束_9_65_3],0.0
cons[火电机组分段中标量约束_9_65_4],0.0
cons[火电机组分段中标量约束_9_65_5],0.0
cons[火电机组分段中标量约束_9_65_6],0.0
cons[火电机组分段中标量约束_9_65_7],0.0
cons[火电机组分段中标量约束_9_65_8],0.0
cons[火电机组分段中标量约束_9_65_9],0.0
cons[火电机组出力之和约束_9_65],-6200.103
cons[火电机组分段中标量约束_9_66_0],-111.83900000000085
cons[火电机组分段中标量约束_9_66_1],-65.79299999999967
cons[火电机组分段中标量约束_9_66_2],-19.7470000000003
cons[火电机组分段中标量约束_9_66_3],0.0
cons[火电机组分段中标量约束_9_66_4],0.0
cons[火电机组分段中标量约束_9_66_5],0.0
cons[火电机组分段中标量约束_9_66_6],0.0
cons[火电机组分段中标量约束_9_66_7],0.0
cons[火电机组分段中标量约束_9_66_8],0.0
cons[火电机组分段中标量约束_9_66_9],0.0
cons[火电机组出力之和约束_9_66],-6219.85
cons[火电机组分段中标量约束_9_67_0],-111.83900000000085
cons[火电机组分段中标量约束_9_67_1],-65.79299999999967
cons[火电机组分段中标量约束_9_67_2],-19.7470000000003
cons[火电机组分段中标量约束_9_67_3],0.0
cons[火电机组分段中标量约束_9_67_4],0.0
cons[火电机组分段中标量约束_9_67_5],0.0
cons[火电机组分段中标量约束_9_67_6],0.0
cons[火电机组分段中标量约束_9_67_7],0.0
cons[火电机组分段中标量约束_9_67_8],0.0
cons[火电机组分段中标量约束_9_67_9],0.0
cons[火电机组出力之和约束_9_67],-6219.85
cons[火电机组分段中标量约束_9_68_0],-111.83900000000085
cons[火电机组分段中标量约束_9_68_1],-65.79299999999967
cons[火电机组分段中标量约束_9_68_2],-19.7470000000003
cons[火电机组分段中标量约束_9_68_3],0.0
cons[火电机组分段中标量约束_9_68_4],0.0
cons[火电机组分段中标量约束_9_68_5],0.0
cons[火电机组分段中标量约束_9_68_6],0.0
cons[火电机组分段中标量约束_9_68_7],0.0
cons[火电机组分段中标量约束_9_68_8],0.0
cons[火电机组分段中标量约束_9_68_9],0.0
cons[火电机组出力之和约束_9_68],-6219.85
cons[火电机组分段中标量约束_9_69_0],-111.83900000000085
cons[火电机组分段中标量约束_9_69_1],-65.79299999999967
cons[火电机组分段中标量约束_9_69_2],-19.7470000000003
cons[火电机组分段中标量约束_9_69_3],0.0
cons[火电机组分段中标量约束_9_69_4],0.0
cons[火电机组分段中标量约束_9_69_5],0.0
cons[火电机组分段中标量约束_9_69_6],0.0
cons[火电机组分段中标量约束_9_69_7],0.0
cons[火电机组分段中标量约束_9_69_8],0.0
cons[火电机组分段中标量约束_9_69_9],0.0
cons[火电机组出力之和约束_9_69],-6219.85
cons[火电机组分段中标量约束_9_70_0],-111.83900000000085
cons[火电机组分段中标量约束_9_70_1],-65.79299999999967
cons[火电机组分段中标量约束_9_70_2],-19.7470000000003
cons[火电机组分段中标量约束_9_70_3],0.0
cons[火电机组分段中标量约束_9_70_4],0.0
cons[火电机组分段中标量约束_9_70_5],0.0
cons[火电机组分段中标量约束_9_70_6],0.0
cons[火电机组分段中标量约束_9_70_7],0.0
cons[火电机组分段中标量约束_9_70_8],0.0
cons[火电机组分段中标量约束_9_70_9],0.0
cons[火电机组出力之和约束_9_70],-6219.85
cons[火电机组分段中标量约束_9_71_0],-134.22500000000036
cons[火电机组分段中标量约束_9_71_1],-88.17899999999918
cons[火电机组分段中标量约束_9_71_2],-42.13299999999981
cons[火电机组分段中标量约束_9_71_3],0.0
cons[火电机组分段中标量约束_9_71_4],0.0
cons[火电机组分段中标量约束_9_71_5],0.0
cons[火电机组分段中标量约束_9_71_6],0.0
cons[火电机组分段中标量约束_9_71_7],0.0
cons[火电机组分段中标量约束_9_71_8],0.0
cons[火电机组分段中标量约束_9_71_9],0.0
cons[火电机组出力之和约束_9_71],-6242.236
cons[火电机组分段中标量约束_9_72_0],-138.13799999999992
cons[火电机组分段中标量约束_9_72_1],-92.09199999999873
cons[火电机组分段中标量约束_9_72_2],-46.04599999999937
cons[火电机组分段中标量约束_9_72_3],0.0
cons[火电机组分段中标量约束_9_72_4],0.0
cons[火电机组分段中标量约束_9_72_5],0.0
cons[火电机组分段中标量约束_9_72_6],0.0
cons[火电机组分段中标量约束_9_72_7],0.0
cons[火电机组分段中标量约束_9_72_8],0.0
cons[火电机组分段中标量约束_9_72_9],0.0
cons[火电机组出力之和约束_9_72],-6246.148999999999
cons[火电机组分段中标量约束_9_73_0],-148.23900000000322
cons[火电机组分段中标量约束_9_73_1],-102.19300000000203
cons[火电机组分段中标量约束_9_73_2],-56.14700000000266
cons[火电机组分段中标量约束_9_73_3],-10.101000000003296
cons[火电机组分段中标量约束_9_73_4],0.0
cons[火电机组分段中标量约束_9_73_5],0.0
cons[火电机组分段中标量约束_9_73_6],0.0
cons[火电机组分段中标量约束_9_73_7],0.0
cons[火电机组分段中标量约束_9_73_8],0.0
cons[火电机组分段中标量约束_9_73_9],0.0
cons[火电机组出力之和约束_9_73],-6256.250000000003
cons[火电机组分段中标量约束_9_74_0],-179.77050000000054
cons[火电机组分段中标量约束_9_74_1],-133.72449999999935
cons[火电机组分段中标量约束_9_74_2],-87.67849999999999
cons[火电机组分段中标量约束_9_74_3],-41.63250000000062
cons[火电机组分段中标量约束_9_74_4],0.0
cons[火电机组分段中标量约束_9_74_5],0.0
cons[火电机组分段中标量约束_9_74_6],0.0
cons[火电机组分段中标量约束_9_74_7],0.0
cons[火电机组分段中标量约束_9_74_8],0.0
cons[火电机组分段中标量约束_9_74_9],0.0
cons[火电机组出力之和约束_9_74],-6287.7815
cons[火电机组分段中标量约束_9_75_0],-179.77050000000054
cons[火电机组分段中标量约束_9_75_1],-133.72449999999935
cons[火电机组分段中标量约束_9_75_2],-87.67849999999999
cons[火电机组分段中标量约束_9_75_3],-41.63250000000062
cons[火电机组分段中标量约束_9_75_4],0.0
cons[火电机组分段中标量约束_9_75_5],0.0
cons[火电机组分段中标量约束_9_75_6],0.0
cons[火电机组分段中标量约束_9_75_7],0.0
cons[火电机组分段中标量约束_9_75_8],0.0
cons[火电机组分段中标量约束_9_75_9],0.0
cons[火电机组出力之和约束_9_75],-6287.7815
cons[火电机组分段中标量约束_9_76_0],-138.13799999999992
cons[火电机组分段中标量约束_9_76_1],-92.09199999999873
cons[火电机组分段中标量约束_9_76_2],-46.04599999999937
cons[火电机组分段中标量约束_9_76_3],0.0
cons[火电机组分段中标量约束_9_76_4],0.0
cons[火电机组分段中标量约束_9_76_5],0.0
cons[火电机组分段中标量约束_9_76_6],0.0
cons[火电机组分段中标量约束_9_76_7],0.0
cons[火电机组分段中标量约束_9_76_8],0.0
cons[火电机组分段中标量约束_9_76_9],0.0
cons[火电机组出力之和约束_9_76],-6246.148999999999
cons[火电机组分段中标量约束_9_77_0],-134.22500000000036
cons[火电机组分段中标量约束_9_77_1],-88.17899999999918
cons[火电机组分段中标量约束_9_77_2],-42.13299999999981
cons[火电机组分段中标量约束_9_77_3],0.0
cons[火电机组分段中标量约束_9_77_4],0.0
cons[火电机组分段中标量约束_9_77_5],0.0
cons[火电机组分段中标量约束_9_77_6],0.0
cons[火电机组分段中标量约束_9_77_7],0.0
cons[火电机组分段中标量约束_9_77_8],0.0
cons[火电机组分段中标量约束_9_77_9],0.0
cons[火电机组出力之和约束_9_77],-6242.236
cons[火电机组分段中标量约束_9_78_0],-111.83900000000085
cons[火电机组分段中标量约束_9_78_1],-65.79299999999967
cons[火电机组分段中标量约束_9_78_2],-19.7470000000003
cons[火电机组分段中标量约束_9_78_3],0.0
cons[火电机组分段中标量约束_9_78_4],0.0
cons[火电机组分段中标量约束_9_78_5],0.0
cons[火电机组分段中标量约束_9_78_6],0.0
cons[火电机组分段中标量约束_9_78_7],0.0
cons[火电机组分段中标量约束_9_78_8],0.0
cons[火电机组分段中标量约束_9_78_9],0.0
cons[火电机组出力之和约束_9_78],-6219.85
cons[火电机组分段中标量约束_9_79_0],-111.83900000000085
cons[火电机组分段中标量约束_9_79_1],-65.79299999999967
cons[火电机组分段中标量约束_9_79_2],-19.7470000000003
cons[火电机组分段中标量约束_9_79_3],0.0
cons[火电机组分段中标量约束_9_79_4],0.0
cons[火电机组分段中标量约束_9_79_5],0.0
cons[火电机组分段中标量约束_9_79_6],0.0
cons[火电机组分段中标量约束_9_79_7],0.0
cons[火电机组分段中标量约束_9_79_8],0.0
cons[火电机组分段中标量约束_9_79_9],0.0
cons[火电机组出力之和约束_9_79],-6219.85
cons[火电机组分段中标量约束_9_80_0],-92.09200000000055
cons[火电机组分段中标量约束_9_80_1],-46.04599999999937
cons[火电机组分段中标量约束_9_80_2],0.0
cons[火电机组分段中标量约束_9_80_3],0.0
cons[火电机组分段中标量约束_9_80_4],0.0
cons[火电机组分段中标量约束_9_80_5],0.0
cons[火电机组分段中标量约束_9_80_6],0.0
cons[火电机组分段中标量约束_9_80_7],0.0
cons[火电机组分段中标量约束_9_80_8],0.0
cons[火电机组分段中标量约束_9_80_9],0.0
cons[火电机组出力之和约束_9_80],-6200.103
cons[火电机组分段中标量约束_9_81_0],-88.67950000000019
cons[火电机组分段中标量约束_9_81_1],-42.633499999999
cons[火电机组分段中标量约束_9_81_2],0.0
cons[火电机组分段中标量约束_9_81_3],0.0
cons[火电机组分段中标量约束_9_81_4],0.0
cons[火电机组分段中标量约束_9_81_5],0.0
cons[火电机组分段中标量约束_9_81_6],0.0
cons[火电机组分段中标量约束_9_81_7],0.0
cons[火电机组分段中标量约束_9_81_8],0.0
cons[火电机组分段中标量约束_9_81_9],0.0
cons[火电机组出力之和约束_9_81],-6196.6905
cons[火电机组分段中标量约束_9_82_0],-83.99300000000221
cons[火电机组分段中标量约束_9_82_1],-37.947000000001026
cons[火电机组分段中标量约束_9_82_2],0.0
cons[火电机组分段中标量约束_9_82_3],0.0
cons[火电机组分段中标量约束_9_82_4],0.0
cons[火电机组分段中标量约束_9_82_5],0.0
cons[火电机组分段中标量约束_9_82_6],0.0
cons[火电机组分段中标量约束_9_82_7],0.0
cons[火电机组分段中标量约束_9_82_8],0.0
cons[火电机组分段中标量约束_9_82_9],0.0
cons[火电机组出力之和约束_9_82],-6192.004000000002
cons[火电机组分段中标量约束_9_83_0],-56.146999999999935
cons[火电机组分段中标量约束_9_83_1],-10.100999999998749
cons[火电机组分段中标量约束_9_83_2],0.0
cons[火电机组分段中标量约束_9_83_3],0.0
cons[火电机组分段中标量约束_9_83_4],0.0
cons[火电机组分段中标量约束_9_83_5],0.0
cons[火电机组分段中标量约束_9_83_6],0.0
cons[火电机组分段中标量约束_9_83_7],0.0
cons[火电机组分段中标量约束_9_83_8],0.0
cons[火电机组分段中标量约束_9_83_9],0.0
cons[火电机组出力之和约束_9_83],-6164.157999999999
cons[火电机组分段中标量约束_9_84_0],-56.146999999999935
cons[火电机组分段中标量约束_9_84_1],-10.100999999998749
cons[火电机组分段中标量约束_9_84_2],0.0
cons[火电机组分段中标量约束_9_84_3],0.0
cons[火电机组分段中标量约束_9_84_4],0.0
cons[火电机组分段中标量约束_9_84_5],0.0
cons[火电机组分段中标量约束_9_84_6],0.0
cons[火电机组分段中标量约束_9_84_7],0.0
cons[火电机组分段中标量约束_9_84_8],0.0
cons[火电机组分段中标量约束_9_84_9],0.0
cons[火电机组出力之和约束_9_84],-6164.157999999999
cons[火电机组分段中标量约束_9_85_0],-56.146999999999935
cons[火电机组分段中标量约束_9_85_1],-10.100999999998749
cons[火电机组分段中标量约束_9_85_2],0.0
cons[火电机组分段中标量约束_9_85_3],0.0
cons[火电机组分段中标量约束_9_85_4],0.0
cons[火电机组分段中标量约束_9_85_5],0.0
cons[火电机组分段中标量约束_9_85_6],0.0
cons[火电机组分段中标量约束_9_85_7],0.0
cons[火电机组分段中标量约束_9_85_8],0.0
cons[火电机组分段中标量约束_9_85_9],0.0
cons[火电机组出力之和约束_9_85],-6164.157999999999
cons[火电机组分段中标量约束_9_86_0],-56.146999999999935
cons[火电机组分段中标量约束_9_86_1],-10.100999999998749
cons[火电机组分段中标量约束_9_86_2],0.0
cons[火电机组分段中标量约束_9_86_3],0.0
cons[火电机组分段中标量约束_9_86_4],0.0
cons[火电机组分段中标量约束_9_86_5],0.0
cons[火电机组分段中标量约束_9_86_6],0.0
cons[火电机组分段中标量约束_9_86_7],0.0
cons[火电机组分段中标量约束_9_86_8],0.0
cons[火电机组分段中标量约束_9_86_9],0.0
cons[火电机组出力之和约束_9_86],-6164.157999999999
cons[火电机组分段中标量约束_9_87_0],-46.046000000001186
cons[火电机组分段中标量约束_9_87_1],0.0
cons[火电机组分段中标量约束_9_87_2],0.0
cons[火电机组分段中标量约束_9_87_3],0.0
cons[火电机组分段中标量约束_9_87_4],0.0
cons[火电机组分段中标量约束_9_87_5],0.0
cons[火电机组分段中标量约束_9_87_6],0.0
cons[火电机组分段中标量约束_9_87_7],0.0
cons[火电机组分段中标量约束_9_87_8],0.0
cons[火电机组分段中标量约束_9_87_9],0.0
cons[火电机组出力之和约束_9_87],-6154.057000000001
cons[火电机组分段中标量约束_9_88_0],-0.45500000000083674
cons[火电机组分段中标量约束_9_88_1],0.0
cons[火电机组分段中标量约束_9_88_2],0.0
cons[火电机组分段中标量约束_9_88_3],0.0
cons[火电机组分段中标量约束_9_88_4],0.0
cons[火电机组分段中标量约束_9_88_5],0.0
cons[火电机组分段中标量约束_9_88_6],0.0
cons[火电机组分段中标量约束_9_88_7],0.0
cons[火电机组分段中标量约束_9_88_8],0.0
cons[火电机组分段中标量约束_9_88_9],0.0
cons[火电机组出力之和约束_9_88],-6108.466
cons[火电机组分段中标量约束_9_89_0],0.0
cons[火电机组分段中标量约束_9_89_1],0.0
cons[火电机组分段中标量约束_9_89_2],0.0
cons[火电机组分段中标量约束_9_89_3],0.0
cons[火电机组分段中标量约束_9_89_4],0.0
cons[火电机组分段中标量约束_9_89_5],0.0
cons[火电机组分段中标量约束_9_89_6],0.0
cons[火电机组分段中标量约束_9_89_7],0.0
cons[火电机组分段中标量约束_9_89_8],0.0
cons[火电机组分段中标量约束_9_89_9],0.0
cons[火电机组出力之和约束_9_89],-6108.0109999999995
cons[火电机组分段中标量约束_9_90_0],0.0
cons[火电机组分段中标量约束_9_90_1],0.0
cons[火电机组分段中标量约束_9_90_2],0.0
cons[火电机组分段中标量约束_9_90_3],0.0
cons[火电机组分段中标量约束_9_90_4],0.0
cons[火电机组分段中标量约束_9_90_5],0.0
cons[火电机组分段中标量约束_9_90_6],0.0
cons[火电机组分段中标量约束_9_90_7],0.0
cons[火电机组分段中标量约束_9_90_8],0.0
cons[火电机组分段中标量约束_9_90_9],0.0
cons[火电机组出力之和约束_9_90],-6108.0109999999995
cons[火电机组分段中标量约束_9_91_0],0.0
cons[火电机组分段中标量约束_9_91_1],0.0
cons[火电机组分段中标量约束_9_91_2],0.0
cons[火电机组分段中标量约束_9_91_3],0.0
cons[火电机组分段中标量约束_9_91_4],0.0
cons[火电机组分段中标量约束_9_91_5],0.0
cons[火电机组分段中标量约束_9_91_6],0.0
cons[火电机组分段中标量约束_9_91_7],0.0
cons[火电机组分段中标量约束_9_91_8],0.0
cons[火电机组分段中标量约束_9_91_9],0.0
cons[火电机组出力之和约束_9_91],-6108.0109999999995
cons[火电机组分段中标量约束_9_92_0],0.0
cons[火电机组分段中标量约束_9_92_1],0.0
cons[火电机组分段中标量约束_9_92_2],0.0
cons[火电机组分段中标量约束_9_92_3],0.0
cons[火电机组分段中标量约束_9_92_4],0.0
cons[火电机组分段中标量约束_9_92_5],0.0
cons[火电机组分段中标量约束_9_92_6],0.0
cons[火电机组分段中标量约束_9_92_7],0.0
cons[火电机组分段中标量约束_9_92_8],0.0
cons[火电机组分段中标量约束_9_92_9],0.0
cons[火电机组出力之和约束_9_92],-6108.0109999999995
cons[火电机组分段中标量约束_9_93_0],0.0
cons[火电机组分段中标量约束_9_93_1],0.0
cons[火电机组分段中标量约束_9_93_2],0.0
cons[火电机组分段中标量约束_9_93_3],0.0
cons[火电机组分段中标量约束_9_93_4],0.0
cons[火电机组分段中标量约束_9_93_5],0.0
cons[火电机组分段中标量约束_9_93_6],0.0
cons[火电机组分段中标量约束_9_93_7],0.0
cons[火电机组分段中标量约束_9_93_8],0.0
cons[火电机组分段中标量约束_9_93_9],0.0
cons[火电机组出力之和约束_9_93],-6108.0109999999995
cons[火电机组分段中标量约束_9_94_0],0.0
cons[火电机组分段中标量约束_9_94_1],0.0
cons[火电机组分段中标量约束_9_94_2],0.0
cons[火电机组分段中标量约束_9_94_3],0.0
cons[火电机组分段中标量约束_9_94_4],0.0
cons[火电机组分段中标量约束_9_94_5],0.0
cons[火电机组分段中标量约束_9_94_6],0.0
cons[火电机组分段中标量约束_9_94_7],0.0
cons[火电机组分段中标量约束_9_94_8],0.0
cons[火电机组分段中标量约束_9_94_9],0.0
cons[火电机组出力之和约束_9_94],-6108.0109999999995
cons[火电机组分段中标量约束_9_95_0],0.0
cons[火电机组分段中标量约束_9_95_1],0.0
cons[火电机组分段中标量约束_9_95_2],0.0
cons[火电机组分段中标量约束_9_95_3],0.0
cons[火电机组分段中标量约束_9_95_4],0.0
cons[火电机组分段中标量约束_9_95_5],0.0
cons[火电机组分段中标量约束_9_95_6],0.0
cons[火电机组分段中标量约束_9_95_7],0.0
cons[火电机组分段中标量约束_9_95_8],0.0
cons[火电机组分段中标量约束_9_95_9],0.0
cons[火电机组出力之和约束_9_95],-6108.0109999999995
cons[火电机组分段中标量约束_10_0_0],-102.19300000000112
cons[火电机组分段中标量约束_10_0_1],-56.146999999999935
cons[火电机组分段中标量约束_10_0_2],-10.101000000000568
cons[火电机组分段中标量约束_10_0_3],0.0
cons[火电机组分段中标量约束_10_0_4],0.0
cons[火电机组分段中标量约束_10_0_5],0.0
cons[火电机组分段中标量约束_10_0_6],0.0
cons[火电机组分段中标量约束_10_0_7],0.0
cons[火电机组分段中标量约束_10_0_8],0.0
cons[火电机组分段中标量约束_10_0_9],0.0
cons[火电机组出力之和约束_10_0],-6210.204000000001
cons[火电机组分段中标量约束_10_1_0],-88.67950000000019
cons[火电机组分段中标量约束_10_1_1],-42.633499999999
cons[火电机组分段中标量约束_10_1_2],0.0
cons[火电机组分段中标量约束_10_1_3],0.0
cons[火电机组分段中标量约束_10_1_4],0.0
cons[火电机组分段中标量约束_10_1_5],0.0
cons[火电机组分段中标量约束_10_1_6],0.0
cons[火电机组分段中标量约束_10_1_7],0.0
cons[火电机组分段中标量约束_10_1_8],0.0
cons[火电机组分段中标量约束_10_1_9],0.0
cons[火电机组出力之和约束_10_1],-6196.6905
cons[火电机组分段中标量约束_10_2_0],-46.046000000001186
cons[火电机组分段中标量约束_10_2_1],0.0
cons[火电机组分段中标量约束_10_2_2],0.0
cons[火电机组分段中标量约束_10_2_3],0.0
cons[火电机组分段中标量约束_10_2_4],0.0
cons[火电机组分段中标量约束_10_2_5],0.0
cons[火电机组分段中标量约束_10_2_6],0.0
cons[火电机组分段中标量约束_10_2_7],0.0
cons[火电机组分段中标量约束_10_2_8],0.0
cons[火电机组分段中标量约束_10_2_9],0.0
cons[火电机组出力之和约束_10_2],-6154.057000000001
cons[火电机组分段中标量约束_10_3_0],-10.101000000000568
cons[火电机组分段中标量约束_10_3_1],0.0
cons[火电机组分段中标量约束_10_3_2],0.0
cons[火电机组分段中标量约束_10_3_3],0.0
cons[火电机组分段中标量约束_10_3_4],0.0
cons[火电机组分段中标量约束_10_3_5],0.0
cons[火电机组分段中标量约束_10_3_6],0.0
cons[火电机组分段中标量约束_10_3_7],0.0
cons[火电机组分段中标量约束_10_3_8],0.0
cons[火电机组分段中标量约束_10_3_9],0.0
cons[火电机组出力之和约束_10_3],-6118.112
cons[火电机组分段中标量约束_10_4_0],0.0
cons[火电机组分段中标量约束_10_4_1],0.0
cons[火电机组分段中标量约束_10_4_2],0.0
cons[火电机组分段中标量约束_10_4_3],0.0
cons[火电机组分段中标量约束_10_4_4],0.0
cons[火电机组分段中标量约束_10_4_5],0.0
cons[火电机组分段中标量约束_10_4_6],0.0
cons[火电机组分段中标量约束_10_4_7],0.0
cons[火电机组分段中标量约束_10_4_8],0.0
cons[火电机组分段中标量约束_10_4_9],0.0
cons[火电机组出力之和约束_10_4],-6108.0109999999995
cons[火电机组分段中标量约束_10_5_0],0.0
cons[火电机组分段中标量约束_10_5_1],0.0
cons[火电机组分段中标量约束_10_5_2],0.0
cons[火电机组分段中标量约束_10_5_3],0.0
cons[火电机组分段中标量约束_10_5_4],0.0
cons[火电机组分段中标量约束_10_5_5],0.0
cons[火电机组分段中标量约束_10_5_6],0.0
cons[火电机组分段中标量约束_10_5_7],0.0
cons[火电机组分段中标量约束_10_5_8],0.0
cons[火电机组分段中标量约束_10_5_9],0.0
cons[火电机组出力之和约束_10_5],-6108.0109999999995
cons[火电机组分段中标量约束_10_6_0],0.0
cons[火电机组分段中标量约束_10_6_1],0.0
cons[火电机组分段中标量约束_10_6_2],0.0
cons[火电机组分段中标量约束_10_6_3],0.0
cons[火电机组分段中标量约束_10_6_4],0.0
cons[火电机组分段中标量约束_10_6_5],0.0
cons[火电机组分段中标量约束_10_6_6],0.0
cons[火电机组分段中标量约束_10_6_7],0.0
cons[火电机组分段中标量约束_10_6_8],0.0
cons[火电机组分段中标量约束_10_6_9],0.0
cons[火电机组出力之和约束_10_6],-6108.0109999999995
cons[火电机组分段中标量约束_10_7_0],0.0
cons[火电机组分段中标量约束_10_7_1],0.0
cons[火电机组分段中标量约束_10_7_2],0.0
cons[火电机组分段中标量约束_10_7_3],0.0
cons[火电机组分段中标量约束_10_7_4],0.0
cons[火电机组分段中标量约束_10_7_5],0.0
cons[火电机组分段中标量约束_10_7_6],0.0
cons[火电机组分段中标量约束_10_7_7],0.0
cons[火电机组分段中标量约束_10_7_8],0.0
cons[火电机组分段中标量约束_10_7_9],0.0
cons[火电机组出力之和约束_10_7],-6108.0109999999995
cons[火电机组分段中标量约束_10_8_0],0.0
cons[火电机组分段中标量约束_10_8_1],0.0
cons[火电机组分段中标量约束_10_8_2],0.0
cons[火电机组分段中标量约束_10_8_3],0.0
cons[火电机组分段中标量约束_10_8_4],0.0
cons[火电机组分段中标量约束_10_8_5],0.0
cons[火电机组分段中标量约束_10_8_6],0.0
cons[火电机组分段中标量约束_10_8_7],0.0
cons[火电机组分段中标量约束_10_8_8],0.0
cons[火电机组分段中标量约束_10_8_9],0.0
cons[火电机组出力之和约束_10_8],-6108.0109999999995
cons[火电机组分段中标量约束_10_9_0],0.0
cons[火电机组分段中标量约束_10_9_1],0.0
cons[火电机组分段中标量约束_10_9_2],0.0
cons[火电机组分段中标量约束_10_9_3],0.0
cons[火电机组分段中标量约束_10_9_4],0.0
cons[火电机组分段中标量约束_10_9_5],0.0
cons[火电机组分段中标量约束_10_9_6],0.0
cons[火电机组分段中标量约束_10_9_7],0.0
cons[火电机组分段中标量约束_10_9_8],0.0
cons[火电机组分段中标量约束_10_9_9],0.0
cons[火电机组出力之和约束_10_9],-6108.0109999999995
cons[火电机组分段中标量约束_10_10_0],0.0
cons[火电机组分段中标量约束_10_10_1],0.0
cons[火电机组分段中标量约束_10_10_2],0.0
cons[火电机组分段中标量约束_10_10_3],0.0
cons[火电机组分段中标量约束_10_10_4],0.0
cons[火电机组分段中标量约束_10_10_5],0.0
cons[火电机组分段中标量约束_10_10_6],0.0
cons[火电机组分段中标量约束_10_10_7],0.0
cons[火电机组分段中标量约束_10_10_8],0.0
cons[火电机组分段中标量约束_10_10_9],0.0
cons[火电机组出力之和约束_10_10],-6108.0109999999995
cons[火电机组分段中标量约束_10_11_0],0.0
cons[火电机组分段中标量约束_10_11_1],0.0
cons[火电机组分段中标量约束_10_11_2],0.0
cons[火电机组分段中标量约束_10_11_3],0.0
cons[火电机组分段中标量约束_10_11_4],0.0
cons[火电机组分段中标量约束_10_11_5],0.0
cons[火电机组分段中标量约束_10_11_6],0.0
cons[火电机组分段中标量约束_10_11_7],0.0
cons[火电机组分段中标量约束_10_11_8],0.0
cons[火电机组分段中标量约束_10_11_9],0.0
cons[火电机组出力之和约束_10_11],-6108.0109999999995
cons[火电机组分段中标量约束_10_12_0],0.0
cons[火电机组分段中标量约束_10_12_1],0.0
cons[火电机组分段中标量约束_10_12_2],0.0
cons[火电机组分段中标量约束_10_12_3],0.0
cons[火电机组分段中标量约束_10_12_4],0.0
cons[火电机组分段中标量约束_10_12_5],0.0
cons[火电机组分段中标量约束_10_12_6],0.0
cons[火电机组分段中标量约束_10_12_7],0.0
cons[火电机组分段中标量约束_10_12_8],0.0
cons[火电机组分段中标量约束_10_12_9],0.0
cons[火电机组出力之和约束_10_12],-6108.0109999999995
cons[火电机组分段中标量约束_10_13_0],0.0
cons[火电机组分段中标量约束_10_13_1],0.0
cons[火电机组分段中标量约束_10_13_2],0.0
cons[火电机组分段中标量约束_10_13_3],0.0
cons[火电机组分段中标量约束_10_13_4],0.0
cons[火电机组分段中标量约束_10_13_5],0.0
cons[火电机组分段中标量约束_10_13_6],0.0
cons[火电机组分段中标量约束_10_13_7],0.0
cons[火电机组分段中标量约束_10_13_8],0.0
cons[火电机组分段中标量约束_10_13_9],0.0
cons[火电机组出力之和约束_10_13],-6108.0109999999995
cons[火电机组分段中标量约束_10_14_0],0.0
cons[火电机组分段中标量约束_10_14_1],0.0
cons[火电机组分段中标量约束_10_14_2],0.0
cons[火电机组分段中标量约束_10_14_3],0.0
cons[火电机组分段中标量约束_10_14_4],0.0
cons[火电机组分段中标量约束_10_14_5],0.0
cons[火电机组分段中标量约束_10_14_6],0.0
cons[火电机组分段中标量约束_10_14_7],0.0
cons[火电机组分段中标量约束_10_14_8],0.0
cons[火电机组分段中标量约束_10_14_9],0.0
cons[火电机组出力之和约束_10_14],-6108.0109999999995
cons[火电机组分段中标量约束_10_15_0],0.0
cons[火电机组分段中标量约束_10_15_1],0.0
cons[火电机组分段中标量约束_10_15_2],0.0
cons[火电机组分段中标量约束_10_15_3],0.0
cons[火电机组分段中标量约束_10_15_4],0.0
cons[火电机组分段中标量约束_10_15_5],0.0
cons[火电机组分段中标量约束_10_15_6],0.0
cons[火电机组分段中标量约束_10_15_7],0.0
cons[火电机组分段中标量约束_10_15_8],0.0
cons[火电机组分段中标量约束_10_15_9],0.0
cons[火电机组出力之和约束_10_15],-6108.0109999999995
cons[火电机组分段中标量约束_10_16_0],0.0
cons[火电机组分段中标量约束_10_16_1],0.0
cons[火电机组分段中标量约束_10_16_2],0.0
cons[火电机组分段中标量约束_10_16_3],0.0
cons[火电机组分段中标量约束_10_16_4],0.0
cons[火电机组分段中标量约束_10_16_5],0.0
cons[火电机组分段中标量约束_10_16_6],0.0
cons[火电机组分段中标量约束_10_16_7],0.0
cons[火电机组分段中标量约束_10_16_8],0.0
cons[火电机组分段中标量约束_10_16_9],0.0
cons[火电机组出力之和约束_10_16],-6108.0109999999995
cons[火电机组分段中标量约束_10_17_0],0.0
cons[火电机组分段中标量约束_10_17_1],0.0
cons[火电机组分段中标量约束_10_17_2],0.0
cons[火电机组分段中标量约束_10_17_3],0.0
cons[火电机组分段中标量约束_10_17_4],0.0
cons[火电机组分段中标量约束_10_17_5],0.0
cons[火电机组分段中标量约束_10_17_6],0.0
cons[火电机组分段中标量约束_10_17_7],0.0
cons[火电机组分段中标量约束_10_17_8],0.0
cons[火电机组分段中标量约束_10_17_9],0.0
cons[火电机组出力之和约束_10_17],-6108.0109999999995
cons[火电机组分段中标量约束_10_18_0],0.0
cons[火电机组分段中标量约束_10_18_1],0.0
cons[火电机组分段中标量约束_10_18_2],0.0
cons[火电机组分段中标量约束_10_18_3],0.0
cons[火电机组分段中标量约束_10_18_4],0.0
cons[火电机组分段中标量约束_10_18_5],0.0
cons[火电机组分段中标量约束_10_18_6],0.0
cons[火电机组分段中标量约束_10_18_7],0.0
cons[火电机组分段中标量约束_10_18_8],0.0
cons[火电机组分段中标量约束_10_18_9],0.0
cons[火电机组出力之和约束_10_18],-6108.0109999999995
cons[火电机组分段中标量约束_10_19_0],0.0
cons[火电机组分段中标量约束_10_19_1],0.0
cons[火电机组分段中标量约束_10_19_2],0.0
cons[火电机组分段中标量约束_10_19_3],0.0
cons[火电机组分段中标量约束_10_19_4],0.0
cons[火电机组分段中标量约束_10_19_5],0.0
cons[火电机组分段中标量约束_10_19_6],0.0
cons[火电机组分段中标量约束_10_19_7],0.0
cons[火电机组分段中标量约束_10_19_8],0.0
cons[火电机组分段中标量约束_10_19_9],0.0
cons[火电机组出力之和约束_10_19],-6108.0109999999995
cons[火电机组分段中标量约束_10_20_0],0.0
cons[火电机组分段中标量约束_10_20_1],0.0
cons[火电机组分段中标量约束_10_20_2],0.0
cons[火电机组分段中标量约束_10_20_3],0.0
cons[火电机组分段中标量约束_10_20_4],0.0
cons[火电机组分段中标量约束_10_20_5],0.0
cons[火电机组分段中标量约束_10_20_6],0.0
cons[火电机组分段中标量约束_10_20_7],0.0
cons[火电机组分段中标量约束_10_20_8],0.0
cons[火电机组分段中标量约束_10_20_9],0.0
cons[火电机组出力之和约束_10_20],-6108.0109999999995
cons[火电机组分段中标量约束_10_21_0],0.0
cons[火电机组分段中标量约束_10_21_1],0.0
cons[火电机组分段中标量约束_10_21_2],0.0
cons[火电机组分段中标量约束_10_21_3],0.0
cons[火电机组分段中标量约束_10_21_4],0.0
cons[火电机组分段中标量约束_10_21_5],0.0
cons[火电机组分段中标量约束_10_21_6],0.0
cons[火电机组分段中标量约束_10_21_7],0.0
cons[火电机组分段中标量约束_10_21_8],0.0
cons[火电机组分段中标量约束_10_21_9],0.0
cons[火电机组出力之和约束_10_21],-6108.0109999999995
cons[火电机组分段中标量约束_10_22_0],0.0
cons[火电机组分段中标量约束_10_22_1],0.0
cons[火电机组分段中标量约束_10_22_2],0.0
cons[火电机组分段中标量约束_10_22_3],0.0
cons[火电机组分段中标量约束_10_22_4],0.0
cons[火电机组分段中标量约束_10_22_5],0.0
cons[火电机组分段中标量约束_10_22_6],0.0
cons[火电机组分段中标量约束_10_22_7],0.0
cons[火电机组分段中标量约束_10_22_8],0.0
cons[火电机组分段中标量约束_10_22_9],0.0
cons[火电机组出力之和约束_10_22],-6108.0109999999995
cons[火电机组分段中标量约束_10_23_0],0.0
cons[火电机组分段中标量约束_10_23_1],0.0
cons[火电机组分段中标量约束_10_23_2],0.0
cons[火电机组分段中标量约束_10_23_3],0.0
cons[火电机组分段中标量约束_10_23_4],0.0
cons[火电机组分段中标量约束_10_23_5],0.0
cons[火电机组分段中标量约束_10_23_6],0.0
cons[火电机组分段中标量约束_10_23_7],0.0
cons[火电机组分段中标量约束_10_23_8],0.0
cons[火电机组分段中标量约束_10_23_9],0.0
cons[火电机组出力之和约束_10_23],-6108.0109999999995
cons[火电机组分段中标量约束_10_24_0],0.0
cons[火电机组分段中标量约束_10_24_1],0.0
cons[火电机组分段中标量约束_10_24_2],0.0
cons[火电机组分段中标量约束_10_24_3],0.0
cons[火电机组分段中标量约束_10_24_4],0.0
cons[火电机组分段中标量约束_10_24_5],0.0
cons[火电机组分段中标量约束_10_24_6],0.0
cons[火电机组分段中标量约束_10_24_7],0.0
cons[火电机组分段中标量约束_10_24_8],0.0
cons[火电机组分段中标量约束_10_24_9],0.0
cons[火电机组出力之和约束_10_24],-6108.0109999999995
cons[火电机组分段中标量约束_10_25_0],0.0
cons[火电机组分段中标量约束_10_25_1],0.0
cons[火电机组分段中标量约束_10_25_2],0.0
cons[火电机组分段中标量约束_10_25_3],0.0
cons[火电机组分段中标量约束_10_25_4],0.0
cons[火电机组分段中标量约束_10_25_5],0.0
cons[火电机组分段中标量约束_10_25_6],0.0
cons[火电机组分段中标量约束_10_25_7],0.0
cons[火电机组分段中标量约束_10_25_8],0.0
cons[火电机组分段中标量约束_10_25_9],0.0
cons[火电机组出力之和约束_10_25],-6108.0109999999995
cons[火电机组分段中标量约束_10_26_0],0.0
cons[火电机组分段中标量约束_10_26_1],0.0
cons[火电机组分段中标量约束_10_26_2],0.0
cons[火电机组分段中标量约束_10_26_3],0.0
cons[火电机组分段中标量约束_10_26_4],0.0
cons[火电机组分段中标量约束_10_26_5],0.0
cons[火电机组分段中标量约束_10_26_6],0.0
cons[火电机组分段中标量约束_10_26_7],0.0
cons[火电机组分段中标量约束_10_26_8],0.0
cons[火电机组分段中标量约束_10_26_9],0.0
cons[火电机组出力之和约束_10_26],-6108.0109999999995
cons[火电机组分段中标量约束_10_27_0],0.0
cons[火电机组分段中标量约束_10_27_1],0.0
cons[火电机组分段中标量约束_10_27_2],0.0
cons[火电机组分段中标量约束_10_27_3],0.0
cons[火电机组分段中标量约束_10_27_4],0.0
cons[火电机组分段中标量约束_10_27_5],0.0
cons[火电机组分段中标量约束_10_27_6],0.0
cons[火电机组分段中标量约束_10_27_7],0.0
cons[火电机组分段中标量约束_10_27_8],0.0
cons[火电机组分段中标量约束_10_27_9],0.0
cons[火电机组出力之和约束_10_27],-6108.0109999999995
cons[火电机组分段中标量约束_10_28_0],0.0
cons[火电机组分段中标量约束_10_28_1],0.0
cons[火电机组分段中标量约束_10_28_2],0.0
cons[火电机组分段中标量约束_10_28_3],0.0
cons[火电机组分段中标量约束_10_28_4],0.0
cons[火电机组分段中标量约束_10_28_5],0.0
cons[火电机组分段中标量约束_10_28_6],0.0
cons[火电机组分段中标量约束_10_28_7],0.0
cons[火电机组分段中标量约束_10_28_8],0.0
cons[火电机组分段中标量约束_10_28_9],0.0
cons[火电机组出力之和约束_10_28],-6108.0109999999995
cons[火电机组分段中标量约束_10_29_0],0.0
cons[火电机组分段中标量约束_10_29_1],0.0
cons[火电机组分段中标量约束_10_29_2],0.0
cons[火电机组分段中标量约束_10_29_3],0.0
cons[火电机组分段中标量约束_10_29_4],0.0
cons[火电机组分段中标量约束_10_29_5],0.0
cons[火电机组分段中标量约束_10_29_6],0.0
cons[火电机组分段中标量约束_10_29_7],0.0
cons[火电机组分段中标量约束_10_29_8],0.0
cons[火电机组分段中标量约束_10_29_9],0.0
cons[火电机组出力之和约束_10_29],-6108.0109999999995
cons[火电机组分段中标量约束_10_30_0],0.0
cons[火电机组分段中标量约束_10_30_1],0.0
cons[火电机组分段中标量约束_10_30_2],0.0
cons[火电机组分段中标量约束_10_30_3],0.0
cons[火电机组分段中标量约束_10_30_4],0.0
cons[火电机组分段中标量约束_10_30_5],0.0
cons[火电机组分段中标量约束_10_30_6],0.0
cons[火电机组分段中标量约束_10_30_7],0.0
cons[火电机组分段中标量约束_10_30_8],0.0
cons[火电机组分段中标量约束_10_30_9],0.0
cons[火电机组出力之和约束_10_30],-6108.0109999999995
cons[火电机组分段中标量约束_10_31_0],0.0
cons[火电机组分段中标量约束_10_31_1],0.0
cons[火电机组分段中标量约束_10_31_2],0.0
cons[火电机组分段中标量约束_10_31_3],0.0
cons[火电机组分段中标量约束_10_31_4],0.0
cons[火电机组分段中标量约束_10_31_5],0.0
cons[火电机组分段中标量约束_10_31_6],0.0
cons[火电机组分段中标量约束_10_31_7],0.0
cons[火电机组分段中标量约束_10_31_8],0.0
cons[火电机组分段中标量约束_10_31_9],0.0
cons[火电机组出力之和约束_10_31],-6108.0109999999995
cons[火电机组分段中标量约束_10_32_0],-0.45500000000083674
cons[火电机组分段中标量约束_10_32_1],0.0
cons[火电机组分段中标量约束_10_32_2],0.0
cons[火电机组分段中标量约束_10_32_3],0.0
cons[火电机组分段中标量约束_10_32_4],0.0
cons[火电机组分段中标量约束_10_32_5],0.0
cons[火电机组分段中标量约束_10_32_6],0.0
cons[火电机组分段中标量约束_10_32_7],0.0
cons[火电机组分段中标量约束_10_32_8],0.0
cons[火电机组分段中标量约束_10_32_9],0.0
cons[火电机组出力之和约束_10_32],-6108.466
cons[火电机组分段中标量约束_10_33_0],-10.101000000000568
cons[火电机组分段中标量约束_10_33_1],0.0
cons[火电机组分段中标量约束_10_33_2],0.0
cons[火电机组分段中标量约束_10_33_3],0.0
cons[火电机组分段中标量约束_10_33_4],0.0
cons[火电机组分段中标量约束_10_33_5],0.0
cons[火电机组分段中标量约束_10_33_6],0.0
cons[火电机组分段中标量约束_10_33_7],0.0
cons[火电机组分段中标量约束_10_33_8],0.0
cons[火电机组分段中标量约束_10_33_9],0.0
cons[火电机组出力之和约束_10_33],-6118.112
cons[火电机组分段中标量约束_10_34_0],-10.101000000000568
cons[火电机组分段中标量约束_10_34_1],0.0
cons[火电机组分段中标量约束_10_34_2],0.0
cons[火电机组分段中标量约束_10_34_3],0.0
cons[火电机组分段中标量约束_10_34_4],0.0
cons[火电机组分段中标量约束_10_34_5],0.0
cons[火电机组分段中标量约束_10_34_6],0.0
cons[火电机组分段中标量约束_10_34_7],0.0
cons[火电机组分段中标量约束_10_34_8],0.0
cons[火电机组分段中标量约束_10_34_9],0.0
cons[火电机组出力之和约束_10_34],-6118.112
cons[火电机组分段中标量约束_10_35_0],-10.101000000000568
cons[火电机组分段中标量约束_10_35_1],0.0
cons[火电机组分段中标量约束_10_35_2],0.0
cons[火电机组分段中标量约束_10_35_3],0.0
cons[火电机组分段中标量约束_10_35_4],0.0
cons[火电机组分段中标量约束_10_35_5],0.0
cons[火电机组分段中标量约束_10_35_6],0.0
cons[火电机组分段中标量约束_10_35_7],0.0
cons[火电机组分段中标量约束_10_35_8],0.0
cons[火电机组分段中标量约束_10_35_9],0.0
cons[火电机组出力之和约束_10_35],-6118.112
cons[火电机组分段中标量约束_10_36_0],-10.101000000000568
cons[火电机组分段中标量约束_10_36_1],0.0
cons[火电机组分段中标量约束_10_36_2],0.0
cons[火电机组分段中标量约束_10_36_3],0.0
cons[火电机组分段中标量约束_10_36_4],0.0
cons[火电机组分段中标量约束_10_36_5],0.0
cons[火电机组分段中标量约束_10_36_6],0.0
cons[火电机组分段中标量约束_10_36_7],0.0
cons[火电机组分段中标量约束_10_36_8],0.0
cons[火电机组分段中标量约束_10_36_9],0.0
cons[火电机组出力之和约束_10_36],-6118.112
cons[火电机组分段中标量约束_10_37_0],-0.45500000000083674
cons[火电机组分段中标量约束_10_37_1],0.0
cons[火电机组分段中标量约束_10_37_2],0.0
cons[火电机组分段中标量约束_10_37_3],0.0
cons[火电机组分段中标量约束_10_37_4],0.0
cons[火电机组分段中标量约束_10_37_5],0.0
cons[火电机组分段中标量约束_10_37_6],0.0
cons[火电机组分段中标量约束_10_37_7],0.0
cons[火电机组分段中标量约束_10_37_8],0.0
cons[火电机组分段中标量约束_10_37_9],0.0
cons[火电机组出力之和约束_10_37],-6108.466
cons[火电机组分段中标量约束_10_38_0],-0.45500000000083674
cons[火电机组分段中标量约束_10_38_1],0.0
cons[火电机组分段中标量约束_10_38_2],0.0
cons[火电机组分段中标量约束_10_38_3],0.0
cons[火电机组分段中标量约束_10_38_4],0.0
cons[火电机组分段中标量约束_10_38_5],0.0
cons[火电机组分段中标量约束_10_38_6],0.0
cons[火电机组分段中标量约束_10_38_7],0.0
cons[火电机组分段中标量约束_10_38_8],0.0
cons[火电机组分段中标量约束_10_38_9],0.0
cons[火电机组出力之和约束_10_38],-6108.466
cons[火电机组分段中标量约束_10_39_0],-0.45500000000083674
cons[火电机组分段中标量约束_10_39_1],0.0
cons[火电机组分段中标量约束_10_39_2],0.0
cons[火电机组分段中标量约束_10_39_3],0.0
cons[火电机组分段中标量约束_10_39_4],0.0
cons[火电机组分段中标量约束_10_39_5],0.0
cons[火电机组分段中标量约束_10_39_6],0.0
cons[火电机组分段中标量约束_10_39_7],0.0
cons[火电机组分段中标量约束_10_39_8],0.0
cons[火电机组分段中标量约束_10_39_9],0.0
cons[火电机组出力之和约束_10_39],-6108.466
cons[火电机组分段中标量约束_10_40_0],-0.45500000000083674
cons[火电机组分段中标量约束_10_40_1],0.0
cons[火电机组分段中标量约束_10_40_2],0.0
cons[火电机组分段中标量约束_10_40_3],0.0
cons[火电机组分段中标量约束_10_40_4],0.0
cons[火电机组分段中标量约束_10_40_5],0.0
cons[火电机组分段中标量约束_10_40_6],0.0
cons[火电机组分段中标量约束_10_40_7],0.0
cons[火电机组分段中标量约束_10_40_8],0.0
cons[火电机组分段中标量约束_10_40_9],0.0
cons[火电机组出力之和约束_10_40],-6108.466
cons[火电机组分段中标量约束_10_41_0],-0.45500000000083674
cons[火电机组分段中标量约束_10_41_1],0.0
cons[火电机组分段中标量约束_10_41_2],0.0
cons[火电机组分段中标量约束_10_41_3],0.0
cons[火电机组分段中标量约束_10_41_4],0.0
cons[火电机组分段中标量约束_10_41_5],0.0
cons[火电机组分段中标量约束_10_41_6],0.0
cons[火电机组分段中标量约束_10_41_7],0.0
cons[火电机组分段中标量约束_10_41_8],0.0
cons[火电机组分段中标量约束_10_41_9],0.0
cons[火电机组出力之和约束_10_41],-6108.466
cons[火电机组分段中标量约束_10_42_0],-0.45500000000083674
cons[火电机组分段中标量约束_10_42_1],0.0
cons[火电机组分段中标量约束_10_42_2],0.0
cons[火电机组分段中标量约束_10_42_3],0.0
cons[火电机组分段中标量约束_10_42_4],0.0
cons[火电机组分段中标量约束_10_42_5],0.0
cons[火电机组分段中标量约束_10_42_6],0.0
cons[火电机组分段中标量约束_10_42_7],0.0
cons[火电机组分段中标量约束_10_42_8],0.0
cons[火电机组分段中标量约束_10_42_9],0.0
cons[火电机组出力之和约束_10_42],-6108.466
cons[火电机组分段中标量约束_10_43_0],-0.45500000000083674
cons[火电机组分段中标量约束_10_43_1],0.0
cons[火电机组分段中标量约束_10_43_2],0.0
cons[火电机组分段中标量约束_10_43_3],0.0
cons[火电机组分段中标量约束_10_43_4],0.0
cons[火电机组分段中标量约束_10_43_5],0.0
cons[火电机组分段中标量约束_10_43_6],0.0
cons[火电机组分段中标量约束_10_43_7],0.0
cons[火电机组分段中标量约束_10_43_8],0.0
cons[火电机组分段中标量约束_10_43_9],0.0
cons[火电机组出力之和约束_10_43],-6108.466
cons[火电机组分段中标量约束_10_44_0],-0.45500000000083674
cons[火电机组分段中标量约束_10_44_1],0.0
cons[火电机组分段中标量约束_10_44_2],0.0
cons[火电机组分段中标量约束_10_44_3],0.0
cons[火电机组分段中标量约束_10_44_4],0.0
cons[火电机组分段中标量约束_10_44_5],0.0
cons[火电机组分段中标量约束_10_44_6],0.0
cons[火电机组分段中标量约束_10_44_7],0.0
cons[火电机组分段中标量约束_10_44_8],0.0
cons[火电机组分段中标量约束_10_44_9],0.0
cons[火电机组出力之和约束_10_44],-6108.466
cons[火电机组分段中标量约束_10_45_0],0.0
cons[火电机组分段中标量约束_10_45_1],0.0
cons[火电机组分段中标量约束_10_45_2],0.0
cons[火电机组分段中标量约束_10_45_3],0.0
cons[火电机组分段中标量约束_10_45_4],0.0
cons[火电机组分段中标量约束_10_45_5],0.0
cons[火电机组分段中标量约束_10_45_6],0.0
cons[火电机组分段中标量约束_10_45_7],0.0
cons[火电机组分段中标量约束_10_45_8],0.0
cons[火电机组分段中标量约束_10_45_9],0.0
cons[火电机组出力之和约束_10_45],-6108.0109999999995
cons[火电机组分段中标量约束_10_46_0],0.0
cons[火电机组分段中标量约束_10_46_1],0.0
cons[火电机组分段中标量约束_10_46_2],0.0
cons[火电机组分段中标量约束_10_46_3],0.0
cons[火电机组分段中标量约束_10_46_4],0.0
cons[火电机组分段中标量约束_10_46_5],0.0
cons[火电机组分段中标量约束_10_46_6],0.0
cons[火电机组分段中标量约束_10_46_7],0.0
cons[火电机组分段中标量约束_10_46_8],0.0
cons[火电机组分段中标量约束_10_46_9],0.0
cons[火电机组出力之和约束_10_46],-6108.0109999999995
cons[火电机组分段中标量约束_10_47_0],0.0
cons[火电机组分段中标量约束_10_47_1],0.0
cons[火电机组分段中标量约束_10_47_2],0.0
cons[火电机组分段中标量约束_10_47_3],0.0
cons[火电机组分段中标量约束_10_47_4],0.0
cons[火电机组分段中标量约束_10_47_5],0.0
cons[火电机组分段中标量约束_10_47_6],0.0
cons[火电机组分段中标量约束_10_47_7],0.0
cons[火电机组分段中标量约束_10_47_8],0.0
cons[火电机组分段中标量约束_10_47_9],0.0
cons[火电机组出力之和约束_10_47],-6108.0109999999995
cons[火电机组分段中标量约束_10_48_0],0.0
cons[火电机组分段中标量约束_10_48_1],0.0
cons[火电机组分段中标量约束_10_48_2],0.0
cons[火电机组分段中标量约束_10_48_3],0.0
cons[火电机组分段中标量约束_10_48_4],0.0
cons[火电机组分段中标量约束_10_48_5],0.0
cons[火电机组分段中标量约束_10_48_6],0.0
cons[火电机组分段中标量约束_10_48_7],0.0
cons[火电机组分段中标量约束_10_48_8],0.0
cons[火电机组分段中标量约束_10_48_9],0.0
cons[火电机组出力之和约束_10_48],-6108.0109999999995
cons[火电机组分段中标量约束_10_49_0],0.0
cons[火电机组分段中标量约束_10_49_1],0.0
cons[火电机组分段中标量约束_10_49_2],0.0
cons[火电机组分段中标量约束_10_49_3],0.0
cons[火电机组分段中标量约束_10_49_4],0.0
cons[火电机组分段中标量约束_10_49_5],0.0
cons[火电机组分段中标量约束_10_49_6],0.0
cons[火电机组分段中标量约束_10_49_7],0.0
cons[火电机组分段中标量约束_10_49_8],0.0
cons[火电机组分段中标量约束_10_49_9],0.0
cons[火电机组出力之和约束_10_49],-6108.0109999999995
cons[火电机组分段中标量约束_10_50_0],0.0
cons[火电机组分段中标量约束_10_50_1],0.0
cons[火电机组分段中标量约束_10_50_2],0.0
cons[火电机组分段中标量约束_10_50_3],0.0
cons[火电机组分段中标量约束_10_50_4],0.0
cons[火电机组分段中标量约束_10_50_5],0.0
cons[火电机组分段中标量约束_10_50_6],0.0
cons[火电机组分段中标量约束_10_50_7],0.0
cons[火电机组分段中标量约束_10_50_8],0.0
cons[火电机组分段中标量约束_10_50_9],0.0
cons[火电机组出力之和约束_10_50],-6108.0109999999995
cons[火电机组分段中标量约束_10_51_0],0.0
cons[火电机组分段中标量约束_10_51_1],0.0
cons[火电机组分段中标量约束_10_51_2],0.0
cons[火电机组分段中标量约束_10_51_3],0.0
cons[火电机组分段中标量约束_10_51_4],0.0
cons[火电机组分段中标量约束_10_51_5],0.0
cons[火电机组分段中标量约束_10_51_6],0.0
cons[火电机组分段中标量约束_10_51_7],0.0
cons[火电机组分段中标量约束_10_51_8],0.0
cons[火电机组分段中标量约束_10_51_9],0.0
cons[火电机组出力之和约束_10_51],-6108.0109999999995
cons[火电机组分段中标量约束_10_52_0],0.0
cons[火电机组分段中标量约束_10_52_1],0.0
cons[火电机组分段中标量约束_10_52_2],0.0
cons[火电机组分段中标量约束_10_52_3],0.0
cons[火电机组分段中标量约束_10_52_4],0.0
cons[火电机组分段中标量约束_10_52_5],0.0
cons[火电机组分段中标量约束_10_52_6],0.0
cons[火电机组分段中标量约束_10_52_7],0.0
cons[火电机组分段中标量约束_10_52_8],0.0
cons[火电机组分段中标量约束_10_52_9],0.0
cons[火电机组出力之和约束_10_52],-6108.0109999999995
cons[火电机组分段中标量约束_10_53_0],0.0
cons[火电机组分段中标量约束_10_53_1],0.0
cons[火电机组分段中标量约束_10_53_2],0.0
cons[火电机组分段中标量约束_10_53_3],0.0
cons[火电机组分段中标量约束_10_53_4],0.0
cons[火电机组分段中标量约束_10_53_5],0.0
cons[火电机组分段中标量约束_10_53_6],0.0
cons[火电机组分段中标量约束_10_53_7],0.0
cons[火电机组分段中标量约束_10_53_8],0.0
cons[火电机组分段中标量约束_10_53_9],0.0
cons[火电机组出力之和约束_10_53],-6108.0109999999995
cons[火电机组分段中标量约束_10_54_0],0.0
cons[火电机组分段中标量约束_10_54_1],0.0
cons[火电机组分段中标量约束_10_54_2],0.0
cons[火电机组分段中标量约束_10_54_3],0.0
cons[火电机组分段中标量约束_10_54_4],0.0
cons[火电机组分段中标量约束_10_54_5],0.0
cons[火电机组分段中标量约束_10_54_6],0.0
cons[火电机组分段中标量约束_10_54_7],0.0
cons[火电机组分段中标量约束_10_54_8],0.0
cons[火电机组分段中标量约束_10_54_9],0.0
cons[火电机组出力之和约束_10_54],-6108.0109999999995
cons[火电机组分段中标量约束_10_55_0],0.0
cons[火电机组分段中标量约束_10_55_1],0.0
cons[火电机组分段中标量约束_10_55_2],0.0
cons[火电机组分段中标量约束_10_55_3],0.0
cons[火电机组分段中标量约束_10_55_4],0.0
cons[火电机组分段中标量约束_10_55_5],0.0
cons[火电机组分段中标量约束_10_55_6],0.0
cons[火电机组分段中标量约束_10_55_7],0.0
cons[火电机组分段中标量约束_10_55_8],0.0
cons[火电机组分段中标量约束_10_55_9],0.0
cons[火电机组出力之和约束_10_55],-6108.0109999999995
cons[火电机组分段中标量约束_10_56_0],0.0
cons[火电机组分段中标量约束_10_56_1],0.0
cons[火电机组分段中标量约束_10_56_2],0.0
cons[火电机组分段中标量约束_10_56_3],0.0
cons[火电机组分段中标量约束_10_56_4],0.0
cons[火电机组分段中标量约束_10_56_5],0.0
cons[火电机组分段中标量约束_10_56_6],0.0
cons[火电机组分段中标量约束_10_56_7],0.0
cons[火电机组分段中标量约束_10_56_8],0.0
cons[火电机组分段中标量约束_10_56_9],0.0
cons[火电机组出力之和约束_10_56],-6108.0109999999995
cons[火电机组分段中标量约束_10_57_0],0.0
cons[火电机组分段中标量约束_10_57_1],0.0
cons[火电机组分段中标量约束_10_57_2],0.0
cons[火电机组分段中标量约束_10_57_3],0.0
cons[火电机组分段中标量约束_10_57_4],0.0
cons[火电机组分段中标量约束_10_57_5],0.0
cons[火电机组分段中标量约束_10_57_6],0.0
cons[火电机组分段中标量约束_10_57_7],0.0
cons[火电机组分段中标量约束_10_57_8],0.0
cons[火电机组分段中标量约束_10_57_9],0.0
cons[火电机组出力之和约束_10_57],-6108.0109999999995
cons[火电机组分段中标量约束_10_58_0],0.0
cons[火电机组分段中标量约束_10_58_1],0.0
cons[火电机组分段中标量约束_10_58_2],0.0
cons[火电机组分段中标量约束_10_58_3],0.0
cons[火电机组分段中标量约束_10_58_4],0.0
cons[火电机组分段中标量约束_10_58_5],0.0
cons[火电机组分段中标量约束_10_58_6],0.0
cons[火电机组分段中标量约束_10_58_7],0.0
cons[火电机组分段中标量约束_10_58_8],0.0
cons[火电机组分段中标量约束_10_58_9],0.0
cons[火电机组出力之和约束_10_58],-6108.0109999999995
cons[火电机组分段中标量约束_10_59_0],0.0
cons[火电机组分段中标量约束_10_59_1],0.0
cons[火电机组分段中标量约束_10_59_2],0.0
cons[火电机组分段中标量约束_10_59_3],0.0
cons[火电机组分段中标量约束_10_59_4],0.0
cons[火电机组分段中标量约束_10_59_5],0.0
cons[火电机组分段中标量约束_10_59_6],0.0
cons[火电机组分段中标量约束_10_59_7],0.0
cons[火电机组分段中标量约束_10_59_8],0.0
cons[火电机组分段中标量约束_10_59_9],0.0
cons[火电机组出力之和约束_10_59],-6108.0109999999995
cons[火电机组分段中标量约束_10_60_0],-0.45500000000083674
cons[火电机组分段中标量约束_10_60_1],0.0
cons[火电机组分段中标量约束_10_60_2],0.0
cons[火电机组分段中标量约束_10_60_3],0.0
cons[火电机组分段中标量约束_10_60_4],0.0
cons[火电机组分段中标量约束_10_60_5],0.0
cons[火电机组分段中标量约束_10_60_6],0.0
cons[火电机组分段中标量约束_10_60_7],0.0
cons[火电机组分段中标量约束_10_60_8],0.0
cons[火电机组分段中标量约束_10_60_9],0.0
cons[火电机组出力之和约束_10_60],-6108.466
cons[火电机组分段中标量约束_10_61_0],-28.301000000000386
cons[火电机组分段中标量约束_10_61_1],0.0
cons[火电机组分段中标量约束_10_61_2],0.0
cons[火电机组分段中标量约束_10_61_3],0.0
cons[火电机组分段中标量约束_10_61_4],0.0
cons[火电机组分段中标量约束_10_61_5],0.0
cons[火电机组分段中标量约束_10_61_6],0.0
cons[火电机组分段中标量约束_10_61_7],0.0
cons[火电机组分段中标量约束_10_61_8],0.0
cons[火电机组分段中标量约束_10_61_9],0.0
cons[火电机组出力之和约束_10_61],-6136.312
cons[火电机组分段中标量约束_10_62_0],-56.146999999999935
cons[火电机组分段中标量约束_10_62_1],-10.100999999998749
cons[火电机组分段中标量约束_10_62_2],0.0
cons[火电机组分段中标量约束_10_62_3],0.0
cons[火电机组分段中标量约束_10_62_4],0.0
cons[火电机组分段中标量约束_10_62_5],0.0
cons[火电机组分段中标量约束_10_62_6],0.0
cons[火电机组分段中标量约束_10_62_7],0.0
cons[火电机组分段中标量约束_10_62_8],0.0
cons[火电机组分段中标量约束_10_62_9],0.0
cons[火电机组出力之和约束_10_62],-6164.157999999999
cons[火电机组分段中标量约束_10_63_0],-56.146999999999935
cons[火电机组分段中标量约束_10_63_1],-10.100999999998749
cons[火电机组分段中标量约束_10_63_2],0.0
cons[火电机组分段中标量约束_10_63_3],0.0
cons[火电机组分段中标量约束_10_63_4],0.0
cons[火电机组分段中标量约束_10_63_5],0.0
cons[火电机组分段中标量约束_10_63_6],0.0
cons[火电机组分段中标量约束_10_63_7],0.0
cons[火电机组分段中标量约束_10_63_8],0.0
cons[火电机组分段中标量约束_10_63_9],0.0
cons[火电机组出力之和约束_10_63],-6164.157999999999
cons[火电机组分段中标量约束_10_64_0],-83.99300000000221
cons[火电机组分段中标量约束_10_64_1],-37.947000000001026
cons[火电机组分段中标量约束_10_64_2],0.0
cons[火电机组分段中标量约束_10_64_3],0.0
cons[火电机组分段中标量约束_10_64_4],0.0
cons[火电机组分段中标量约束_10_64_5],0.0
cons[火电机组分段中标量约束_10_64_6],0.0
cons[火电机组分段中标量约束_10_64_7],0.0
cons[火电机组分段中标量约束_10_64_8],0.0
cons[火电机组分段中标量约束_10_64_9],0.0
cons[火电机组出力之和约束_10_64],-6192.004000000002
cons[火电机组分段中标量约束_10_65_0],-92.09200000000055
cons[火电机组分段中标量约束_10_65_1],-46.04599999999937
cons[火电机组分段中标量约束_10_65_2],0.0
cons[火电机组分段中标量约束_10_65_3],0.0
cons[火电机组分段中标量约束_10_65_4],0.0
cons[火电机组分段中标量约束_10_65_5],0.0
cons[火电机组分段中标量约束_10_65_6],0.0
cons[火电机组分段中标量约束_10_65_7],0.0
cons[火电机组分段中标量约束_10_65_8],0.0
cons[火电机组分段中标量约束_10_65_9],0.0
cons[火电机组出力之和约束_10_65],-6200.103
cons[火电机组分段中标量约束_10_66_0],-111.83900000000085
cons[火电机组分段中标量约束_10_66_1],-65.79299999999967
cons[火电机组分段中标量约束_10_66_2],-19.7470000000003
cons[火电机组分段中标量约束_10_66_3],0.0
cons[火电机组分段中标量约束_10_66_4],0.0
cons[火电机组分段中标量约束_10_66_5],0.0
cons[火电机组分段中标量约束_10_66_6],0.0
cons[火电机组分段中标量约束_10_66_7],0.0
cons[火电机组分段中标量约束_10_66_8],0.0
cons[火电机组分段中标量约束_10_66_9],0.0
cons[火电机组出力之和约束_10_66],-6219.85
cons[火电机组分段中标量约束_10_67_0],-111.83900000000085
cons[火电机组分段中标量约束_10_67_1],-65.79299999999967
cons[火电机组分段中标量约束_10_67_2],-19.7470000000003
cons[火电机组分段中标量约束_10_67_3],0.0
cons[火电机组分段中标量约束_10_67_4],0.0
cons[火电机组分段中标量约束_10_67_5],0.0
cons[火电机组分段中标量约束_10_67_6],0.0
cons[火电机组分段中标量约束_10_67_7],0.0
cons[火电机组分段中标量约束_10_67_8],0.0
cons[火电机组分段中标量约束_10_67_9],0.0
cons[火电机组出力之和约束_10_67],-6219.85
cons[火电机组分段中标量约束_10_68_0],-111.83900000000085
cons[火电机组分段中标量约束_10_68_1],-65.79299999999967
cons[火电机组分段中标量约束_10_68_2],-19.7470000000003
cons[火电机组分段中标量约束_10_68_3],0.0
cons[火电机组分段中标量约束_10_68_4],0.0
cons[火电机组分段中标量约束_10_68_5],0.0
cons[火电机组分段中标量约束_10_68_6],0.0
cons[火电机组分段中标量约束_10_68_7],0.0
cons[火电机组分段中标量约束_10_68_8],0.0
cons[火电机组分段中标量约束_10_68_9],0.0
cons[火电机组出力之和约束_10_68],-6219.85
cons[火电机组分段中标量约束_10_69_0],-111.83900000000085
cons[火电机组分段中标量约束_10_69_1],-65.79299999999967
cons[火电机组分段中标量约束_10_69_2],-19.7470000000003
cons[火电机组分段中标量约束_10_69_3],0.0
cons[火电机组分段中标量约束_10_69_4],0.0
cons[火电机组分段中标量约束_10_69_5],0.0
cons[火电机组分段中标量约束_10_69_6],0.0
cons[火电机组分段中标量约束_10_69_7],0.0
cons[火电机组分段中标量约束_10_69_8],0.0
cons[火电机组分段中标量约束_10_69_9],0.0
cons[火电机组出力之和约束_10_69],-6219.85
cons[火电机组分段中标量约束_10_70_0],-111.83900000000085
cons[火电机组分段中标量约束_10_70_1],-65.79299999999967
cons[火电机组分段中标量约束_10_70_2],-19.7470000000003
cons[火电机组分段中标量约束_10_70_3],0.0
cons[火电机组分段中标量约束_10_70_4],0.0
cons[火电机组分段中标量约束_10_70_5],0.0
cons[火电机组分段中标量约束_10_70_6],0.0
cons[火电机组分段中标量约束_10_70_7],0.0
cons[火电机组分段中标量约束_10_70_8],0.0
cons[火电机组分段中标量约束_10_70_9],0.0
cons[火电机组出力之和约束_10_70],-6219.85
cons[火电机组分段中标量约束_10_71_0],-134.22500000000036
cons[火电机组分段中标量约束_10_71_1],-88.17899999999918
cons[火电机组分段中标量约束_10_71_2],-42.13299999999981
cons[火电机组分段中标量约束_10_71_3],0.0
cons[火电机组分段中标量约束_10_71_4],0.0
cons[火电机组分段中标量约束_10_71_5],0.0
cons[火电机组分段中标量约束_10_71_6],0.0
cons[火电机组分段中标量约束_10_71_7],0.0
cons[火电机组分段中标量约束_10_71_8],0.0
cons[火电机组分段中标量约束_10_71_9],0.0
cons[火电机组出力之和约束_10_71],-6242.236
cons[火电机组分段中标量约束_10_72_0],-138.13799999999992
cons[火电机组分段中标量约束_10_72_1],-92.09199999999873
cons[火电机组分段中标量约束_10_72_2],-46.04599999999937
cons[火电机组分段中标量约束_10_72_3],0.0
cons[火电机组分段中标量约束_10_72_4],0.0
cons[火电机组分段中标量约束_10_72_5],0.0
cons[火电机组分段中标量约束_10_72_6],0.0
cons[火电机组分段中标量约束_10_72_7],0.0
cons[火电机组分段中标量约束_10_72_8],0.0
cons[火电机组分段中标量约束_10_72_9],0.0
cons[火电机组出力之和约束_10_72],-6246.148999999999
cons[火电机组分段中标量约束_10_73_0],-148.23900000000322
cons[火电机组分段中标量约束_10_73_1],-102.19300000000203
cons[火电机组分段中标量约束_10_73_2],-56.14700000000266
cons[火电机组分段中标量约束_10_73_3],-10.101000000003296
cons[火电机组分段中标量约束_10_73_4],0.0
cons[火电机组分段中标量约束_10_73_5],0.0
cons[火电机组分段中标量约束_10_73_6],0.0
cons[火电机组分段中标量约束_10_73_7],0.0
cons[火电机组分段中标量约束_10_73_8],0.0
cons[火电机组分段中标量约束_10_73_9],0.0
cons[火电机组出力之和约束_10_73],-6256.250000000003
cons[火电机组分段中标量约束_10_74_0],-179.77050000000054
cons[火电机组分段中标量约束_10_74_1],-133.72449999999935
cons[火电机组分段中标量约束_10_74_2],-87.67849999999999
cons[火电机组分段中标量约束_10_74_3],-41.63250000000062
cons[火电机组分段中标量约束_10_74_4],0.0
cons[火电机组分段中标量约束_10_74_5],0.0
cons[火电机组分段中标量约束_10_74_6],0.0
cons[火电机组分段中标量约束_10_74_7],0.0
cons[火电机组分段中标量约束_10_74_8],0.0
cons[火电机组分段中标量约束_10_74_9],0.0
cons[火电机组出力之和约束_10_74],-6287.7815
cons[火电机组分段中标量约束_10_75_0],-179.77050000000054
cons[火电机组分段中标量约束_10_75_1],-133.72449999999935
cons[火电机组分段中标量约束_10_75_2],-87.67849999999999
cons[火电机组分段中标量约束_10_75_3],-41.63250000000062
cons[火电机组分段中标量约束_10_75_4],0.0
cons[火电机组分段中标量约束_10_75_5],0.0
cons[火电机组分段中标量约束_10_75_6],0.0
cons[火电机组分段中标量约束_10_75_7],0.0
cons[火电机组分段中标量约束_10_75_8],0.0
cons[火电机组分段中标量约束_10_75_9],0.0
cons[火电机组出力之和约束_10_75],-6287.7815
cons[火电机组分段中标量约束_10_76_0],-138.13799999999992
cons[火电机组分段中标量约束_10_76_1],-92.09199999999873
cons[火电机组分段中标量约束_10_76_2],-46.04599999999937
cons[火电机组分段中标量约束_10_76_3],0.0
cons[火电机组分段中标量约束_10_76_4],0.0
cons[火电机组分段中标量约束_10_76_5],0.0
cons[火电机组分段中标量约束_10_76_6],0.0
cons[火电机组分段中标量约束_10_76_7],0.0
cons[火电机组分段中标量约束_10_76_8],0.0
cons[火电机组分段中标量约束_10_76_9],0.0
cons[火电机组出力之和约束_10_76],-6246.148999999999
cons[火电机组分段中标量约束_10_77_0],-134.22500000000036
cons[火电机组分段中标量约束_10_77_1],-88.17899999999918
cons[火电机组分段中标量约束_10_77_2],-42.13299999999981
cons[火电机组分段中标量约束_10_77_3],0.0
cons[火电机组分段中标量约束_10_77_4],0.0
cons[火电机组分段中标量约束_10_77_5],0.0
cons[火电机组分段中标量约束_10_77_6],0.0
cons[火电机组分段中标量约束_10_77_7],0.0
cons[火电机组分段中标量约束_10_77_8],0.0
cons[火电机组分段中标量约束_10_77_9],0.0
cons[火电机组出力之和约束_10_77],-6242.236
cons[火电机组分段中标量约束_10_78_0],-111.83900000000085
cons[火电机组分段中标量约束_10_78_1],-65.79299999999967
cons[火电机组分段中标量约束_10_78_2],-19.7470000000003
cons[火电机组分段中标量约束_10_78_3],0.0
cons[火电机组分段中标量约束_10_78_4],0.0
cons[火电机组分段中标量约束_10_78_5],0.0
cons[火电机组分段中标量约束_10_78_6],0.0
cons[火电机组分段中标量约束_10_78_7],0.0
cons[火电机组分段中标量约束_10_78_8],0.0
cons[火电机组分段中标量约束_10_78_9],0.0
cons[火电机组出力之和约束_10_78],-6219.85
cons[火电机组分段中标量约束_10_79_0],-111.83900000000085
cons[火电机组分段中标量约束_10_79_1],-65.79299999999967
cons[火电机组分段中标量约束_10_79_2],-19.7470000000003
cons[火电机组分段中标量约束_10_79_3],0.0
cons[火电机组分段中标量约束_10_79_4],0.0
cons[火电机组分段中标量约束_10_79_5],0.0
cons[火电机组分段中标量约束_10_79_6],0.0
cons[火电机组分段中标量约束_10_79_7],0.0
cons[火电机组分段中标量约束_10_79_8],0.0
cons[火电机组分段中标量约束_10_79_9],0.0
cons[火电机组出力之和约束_10_79],-6219.85
cons[火电机组分段中标量约束_10_80_0],-92.09200000000055
cons[火电机组分段中标量约束_10_80_1],-46.04599999999937
cons[火电机组分段中标量约束_10_80_2],0.0
cons[火电机组分段中标量约束_10_80_3],0.0
cons[火电机组分段中标量约束_10_80_4],0.0
cons[火电机组分段中标量约束_10_80_5],0.0
cons[火电机组分段中标量约束_10_80_6],0.0
cons[火电机组分段中标量约束_10_80_7],0.0
cons[火电机组分段中标量约束_10_80_8],0.0
cons[火电机组分段中标量约束_10_80_9],0.0
cons[火电机组出力之和约束_10_80],-6200.103
cons[火电机组分段中标量约束_10_81_0],-88.67950000000019
cons[火电机组分段中标量约束_10_81_1],-42.633499999999
cons[火电机组分段中标量约束_10_81_2],0.0
cons[火电机组分段中标量约束_10_81_3],0.0
cons[火电机组分段中标量约束_10_81_4],0.0
cons[火电机组分段中标量约束_10_81_5],0.0
cons[火电机组分段中标量约束_10_81_6],0.0
cons[火电机组分段中标量约束_10_81_7],0.0
cons[火电机组分段中标量约束_10_81_8],0.0
cons[火电机组分段中标量约束_10_81_9],0.0
cons[火电机组出力之和约束_10_81],-6196.6905
cons[火电机组分段中标量约束_10_82_0],-83.99300000000221
cons[火电机组分段中标量约束_10_82_1],-37.947000000001026
cons[火电机组分段中标量约束_10_82_2],0.0
cons[火电机组分段中标量约束_10_82_3],0.0
cons[火电机组分段中标量约束_10_82_4],0.0
cons[火电机组分段中标量约束_10_82_5],0.0
cons[火电机组分段中标量约束_10_82_6],0.0
cons[火电机组分段中标量约束_10_82_7],0.0
cons[火电机组分段中标量约束_10_82_8],0.0
cons[火电机组分段中标量约束_10_82_9],0.0
cons[火电机组出力之和约束_10_82],-6192.004000000002
cons[火电机组分段中标量约束_10_83_0],-56.146999999999935
cons[火电机组分段中标量约束_10_83_1],-10.100999999998749
cons[火电机组分段中标量约束_10_83_2],0.0
cons[火电机组分段中标量约束_10_83_3],0.0
cons[火电机组分段中标量约束_10_83_4],0.0
cons[火电机组分段中标量约束_10_83_5],0.0
cons[火电机组分段中标量约束_10_83_6],0.0
cons[火电机组分段中标量约束_10_83_7],0.0
cons[火电机组分段中标量约束_10_83_8],0.0
cons[火电机组分段中标量约束_10_83_9],0.0
cons[火电机组出力之和约束_10_83],-6164.157999999999
cons[火电机组分段中标量约束_10_84_0],-56.146999999999935
cons[火电机组分段中标量约束_10_84_1],-10.100999999998749
cons[火电机组分段中标量约束_10_84_2],0.0
cons[火电机组分段中标量约束_10_84_3],0.0
cons[火电机组分段中标量约束_10_84_4],0.0
cons[火电机组分段中标量约束_10_84_5],0.0
cons[火电机组分段中标量约束_10_84_6],0.0
cons[火电机组分段中标量约束_10_84_7],0.0
cons[火电机组分段中标量约束_10_84_8],0.0
cons[火电机组分段中标量约束_10_84_9],0.0
cons[火电机组出力之和约束_10_84],-6164.157999999999
cons[火电机组分段中标量约束_10_85_0],-56.146999999999935
cons[火电机组分段中标量约束_10_85_1],-10.100999999998749
cons[火电机组分段中标量约束_10_85_2],0.0
cons[火电机组分段中标量约束_10_85_3],0.0
cons[火电机组分段中标量约束_10_85_4],0.0
cons[火电机组分段中标量约束_10_85_5],0.0
cons[火电机组分段中标量约束_10_85_6],0.0
cons[火电机组分段中标量约束_10_85_7],0.0
cons[火电机组分段中标量约束_10_85_8],0.0
cons[火电机组分段中标量约束_10_85_9],0.0
cons[火电机组出力之和约束_10_85],-6164.157999999999
cons[火电机组分段中标量约束_10_86_0],-56.146999999999935
cons[火电机组分段中标量约束_10_86_1],-10.100999999998749
cons[火电机组分段中标量约束_10_86_2],0.0
cons[火电机组分段中标量约束_10_86_3],0.0
cons[火电机组分段中标量约束_10_86_4],0.0
cons[火电机组分段中标量约束_10_86_5],0.0
cons[火电机组分段中标量约束_10_86_6],0.0
cons[火电机组分段中标量约束_10_86_7],0.0
cons[火电机组分段中标量约束_10_86_8],0.0
cons[火电机组分段中标量约束_10_86_9],0.0
cons[火电机组出力之和约束_10_86],-6164.157999999999
cons[火电机组分段中标量约束_10_87_0],-46.046000000001186
cons[火电机组分段中标量约束_10_87_1],0.0
cons[火电机组分段中标量约束_10_87_2],0.0
cons[火电机组分段中标量约束_10_87_3],0.0
cons[火电机组分段中标量约束_10_87_4],0.0
cons[火电机组分段中标量约束_10_87_5],0.0
cons[火电机组分段中标量约束_10_87_6],0.0
cons[火电机组分段中标量约束_10_87_7],0.0
cons[火电机组分段中标量约束_10_87_8],0.0
cons[火电机组分段中标量约束_10_87_9],0.0
cons[火电机组出力之和约束_10_87],-6154.057000000001
cons[火电机组分段中标量约束_10_88_0],-0.45500000000083674
cons[火电机组分段中标量约束_10_88_1],0.0
cons[火电机组分段中标量约束_10_88_2],0.0
cons[火电机组分段中标量约束_10_88_3],0.0
cons[火电机组分段中标量约束_10_88_4],0.0
cons[火电机组分段中标量约束_10_88_5],0.0
cons[火电机组分段中标量约束_10_88_6],0.0
cons[火电机组分段中标量约束_10_88_7],0.0
cons[火电机组分段中标量约束_10_88_8],0.0
cons[火电机组分段中标量约束_10_88_9],0.0
cons[火电机组出力之和约束_10_88],-6108.466
cons[火电机组分段中标量约束_10_89_0],0.0
cons[火电机组分段中标量约束_10_89_1],0.0
cons[火电机组分段中标量约束_10_89_2],0.0
cons[火电机组分段中标量约束_10_89_3],0.0
cons[火电机组分段中标量约束_10_89_4],0.0
cons[火电机组分段中标量约束_10_89_5],0.0
cons[火电机组分段中标量约束_10_89_6],0.0
cons[火电机组分段中标量约束_10_89_7],0.0
cons[火电机组分段中标量约束_10_89_8],0.0
cons[火电机组分段中标量约束_10_89_9],0.0
cons[火电机组出力之和约束_10_89],-6108.0109999999995
cons[火电机组分段中标量约束_10_90_0],0.0
cons[火电机组分段中标量约束_10_90_1],0.0
cons[火电机组分段中标量约束_10_90_2],0.0
cons[火电机组分段中标量约束_10_90_3],0.0
cons[火电机组分段中标量约束_10_90_4],0.0
cons[火电机组分段中标量约束_10_90_5],0.0
cons[火电机组分段中标量约束_10_90_6],0.0
cons[火电机组分段中标量约束_10_90_7],0.0
cons[火电机组分段中标量约束_10_90_8],0.0
cons[火电机组分段中标量约束_10_90_9],0.0
cons[火电机组出力之和约束_10_90],-6108.0109999999995
cons[火电机组分段中标量约束_10_91_0],0.0
cons[火电机组分段中标量约束_10_91_1],0.0
cons[火电机组分段中标量约束_10_91_2],0.0
cons[火电机组分段中标量约束_10_91_3],0.0
cons[火电机组分段中标量约束_10_91_4],0.0
cons[火电机组分段中标量约束_10_91_5],0.0
cons[火电机组分段中标量约束_10_91_6],0.0
cons[火电机组分段中标量约束_10_91_7],0.0
cons[火电机组分段中标量约束_10_91_8],0.0
cons[火电机组分段中标量约束_10_91_9],0.0
cons[火电机组出力之和约束_10_91],-6108.0109999999995
cons[火电机组分段中标量约束_10_92_0],0.0
cons[火电机组分段中标量约束_10_92_1],0.0
cons[火电机组分段中标量约束_10_92_2],0.0
cons[火电机组分段中标量约束_10_92_3],0.0
cons[火电机组分段中标量约束_10_92_4],0.0
cons[火电机组分段中标量约束_10_92_5],0.0
cons[火电机组分段中标量约束_10_92_6],0.0
cons[火电机组分段中标量约束_10_92_7],0.0
cons[火电机组分段中标量约束_10_92_8],0.0
cons[火电机组分段中标量约束_10_92_9],0.0
cons[火电机组出力之和约束_10_92],-6108.0109999999995
cons[火电机组分段中标量约束_10_93_0],0.0
cons[火电机组分段中标量约束_10_93_1],0.0
cons[火电机组分段中标量约束_10_93_2],0.0
cons[火电机组分段中标量约束_10_93_3],0.0
cons[火电机组分段中标量约束_10_93_4],0.0
cons[火电机组分段中标量约束_10_93_5],0.0
cons[火电机组分段中标量约束_10_93_6],0.0
cons[火电机组分段中标量约束_10_93_7],0.0
cons[火电机组分段中标量约束_10_93_8],0.0
cons[火电机组分段中标量约束_10_93_9],0.0
cons[火电机组出力之和约束_10_93],-6108.0109999999995
cons[火电机组分段中标量约束_10_94_0],0.0
cons[火电机组分段中标量约束_10_94_1],0.0
cons[火电机组分段中标量约束_10_94_2],0.0
cons[火电机组分段中标量约束_10_94_3],0.0
cons[火电机组分段中标量约束_10_94_4],0.0
cons[火电机组分段中标量约束_10_94_5],0.0
cons[火电机组分段中标量约束_10_94_6],0.0
cons[火电机组分段中标量约束_10_94_7],0.0
cons[火电机组分段中标量约束_10_94_8],0.0
cons[火电机组分段中标量约束_10_94_9],0.0
cons[火电机组出力之和约束_10_94],-6108.0109999999995
cons[火电机组分段中标量约束_10_95_0],0.0
cons[火电机组分段中标量约束_10_95_1],0.0
cons[火电机组分段中标量约束_10_95_2],0.0
cons[火电机组分段中标量约束_10_95_3],0.0
cons[火电机组分段中标量约束_10_95_4],0.0
cons[火电机组分段中标量约束_10_95_5],0.0
cons[火电机组分段中标量约束_10_95_6],0.0
cons[火电机组分段中标量约束_10_95_7],0.0
cons[火电机组分段中标量约束_10_95_8],0.0
cons[火电机组分段中标量约束_10_95_9],0.0
cons[火电机组出力之和约束_10_95],-6108.0109999999995
cons[火电机组分段中标量约束_11_0_0],-102.19300000000112
cons[火电机组分段中标量约束_11_0_1],-56.146999999999935
cons[火电机组分段中标量约束_11_0_2],-10.101000000000568
cons[火电机组分段中标量约束_11_0_3],0.0
cons[火电机组分段中标量约束_11_0_4],0.0
cons[火电机组分段中标量约束_11_0_5],0.0
cons[火电机组分段中标量约束_11_0_6],0.0
cons[火电机组分段中标量约束_11_0_7],0.0
cons[火电机组分段中标量约束_11_0_8],0.0
cons[火电机组分段中标量约束_11_0_9],0.0
cons[火电机组出力之和约束_11_0],-6210.204000000001
cons[火电机组分段中标量约束_11_1_0],-88.67950000000019
cons[火电机组分段中标量约束_11_1_1],-42.633499999999
cons[火电机组分段中标量约束_11_1_2],0.0
cons[火电机组分段中标量约束_11_1_3],0.0
cons[火电机组分段中标量约束_11_1_4],0.0
cons[火电机组分段中标量约束_11_1_5],0.0
cons[火电机组分段中标量约束_11_1_6],0.0
cons[火电机组分段中标量约束_11_1_7],0.0
cons[火电机组分段中标量约束_11_1_8],0.0
cons[火电机组分段中标量约束_11_1_9],0.0
cons[火电机组出力之和约束_11_1],-6196.6905
cons[火电机组分段中标量约束_11_2_0],-46.046000000001186
cons[火电机组分段中标量约束_11_2_1],0.0
cons[火电机组分段中标量约束_11_2_2],0.0
cons[火电机组分段中标量约束_11_2_3],0.0
cons[火电机组分段中标量约束_11_2_4],0.0
cons[火电机组分段中标量约束_11_2_5],0.0
cons[火电机组分段中标量约束_11_2_6],0.0
cons[火电机组分段中标量约束_11_2_7],0.0
cons[火电机组分段中标量约束_11_2_8],0.0
cons[火电机组分段中标量约束_11_2_9],0.0
cons[火电机组出力之和约束_11_2],-6154.057000000001
cons[火电机组分段中标量约束_11_3_0],-10.101000000000568
cons[火电机组分段中标量约束_11_3_1],0.0
cons[火电机组分段中标量约束_11_3_2],0.0
cons[火电机组分段中标量约束_11_3_3],0.0
cons[火电机组分段中标量约束_11_3_4],0.0
cons[火电机组分段中标量约束_11_3_5],0.0
cons[火电机组分段中标量约束_11_3_6],0.0
cons[火电机组分段中标量约束_11_3_7],0.0
cons[火电机组分段中标量约束_11_3_8],0.0
cons[火电机组分段中标量约束_11_3_9],0.0
cons[火电机组出力之和约束_11_3],-6118.112
cons[火电机组分段中标量约束_11_4_0],0.0
cons[火电机组分段中标量约束_11_4_1],0.0
cons[火电机组分段中标量约束_11_4_2],0.0
cons[火电机组分段中标量约束_11_4_3],0.0
cons[火电机组分段中标量约束_11_4_4],0.0
cons[火电机组分段中标量约束_11_4_5],0.0
cons[火电机组分段中标量约束_11_4_6],0.0
cons[火电机组分段中标量约束_11_4_7],0.0
cons[火电机组分段中标量约束_11_4_8],0.0
cons[火电机组分段中标量约束_11_4_9],0.0
cons[火电机组出力之和约束_11_4],-6108.0109999999995
cons[火电机组分段中标量约束_11_5_0],0.0
cons[火电机组分段中标量约束_11_5_1],0.0
cons[火电机组分段中标量约束_11_5_2],0.0
cons[火电机组分段中标量约束_11_5_3],0.0
cons[火电机组分段中标量约束_11_5_4],0.0
cons[火电机组分段中标量约束_11_5_5],0.0
cons[火电机组分段中标量约束_11_5_6],0.0
cons[火电机组分段中标量约束_11_5_7],0.0
cons[火电机组分段中标量约束_11_5_8],0.0
cons[火电机组分段中标量约束_11_5_9],0.0
cons[火电机组出力之和约束_11_5],-6108.0109999999995
cons[火电机组分段中标量约束_11_6_0],0.0
cons[火电机组分段中标量约束_11_6_1],0.0
cons[火电机组分段中标量约束_11_6_2],0.0
cons[火电机组分段中标量约束_11_6_3],0.0
cons[火电机组分段中标量约束_11_6_4],0.0
cons[火电机组分段中标量约束_11_6_5],0.0
cons[火电机组分段中标量约束_11_6_6],0.0
cons[火电机组分段中标量约束_11_6_7],0.0
cons[火电机组分段中标量约束_11_6_8],0.0
cons[火电机组分段中标量约束_11_6_9],0.0
cons[火电机组出力之和约束_11_6],-6108.0109999999995
cons[火电机组分段中标量约束_11_7_0],0.0
cons[火电机组分段中标量约束_11_7_1],0.0
cons[火电机组分段中标量约束_11_7_2],0.0
cons[火电机组分段中标量约束_11_7_3],0.0
cons[火电机组分段中标量约束_11_7_4],0.0
cons[火电机组分段中标量约束_11_7_5],0.0
cons[火电机组分段中标量约束_11_7_6],0.0
cons[火电机组分段中标量约束_11_7_7],0.0
cons[火电机组分段中标量约束_11_7_8],0.0
cons[火电机组分段中标量约束_11_7_9],0.0
cons[火电机组出力之和约束_11_7],-6108.0109999999995
cons[火电机组分段中标量约束_11_8_0],0.0
cons[火电机组分段中标量约束_11_8_1],0.0
cons[火电机组分段中标量约束_11_8_2],0.0
cons[火电机组分段中标量约束_11_8_3],0.0
cons[火电机组分段中标量约束_11_8_4],0.0
cons[火电机组分段中标量约束_11_8_5],0.0
cons[火电机组分段中标量约束_11_8_6],0.0
cons[火电机组分段中标量约束_11_8_7],0.0
cons[火电机组分段中标量约束_11_8_8],0.0
cons[火电机组分段中标量约束_11_8_9],0.0
cons[火电机组出力之和约束_11_8],-6108.0109999999995
cons[火电机组分段中标量约束_11_9_0],0.0
cons[火电机组分段中标量约束_11_9_1],0.0
cons[火电机组分段中标量约束_11_9_2],0.0
cons[火电机组分段中标量约束_11_9_3],0.0
cons[火电机组分段中标量约束_11_9_4],0.0
cons[火电机组分段中标量约束_11_9_5],0.0
cons[火电机组分段中标量约束_11_9_6],0.0
cons[火电机组分段中标量约束_11_9_7],0.0
cons[火电机组分段中标量约束_11_9_8],0.0
cons[火电机组分段中标量约束_11_9_9],0.0
cons[火电机组出力之和约束_11_9],-6108.0109999999995
cons[火电机组分段中标量约束_11_10_0],0.0
cons[火电机组分段中标量约束_11_10_1],0.0
cons[火电机组分段中标量约束_11_10_2],0.0
cons[火电机组分段中标量约束_11_10_3],0.0
cons[火电机组分段中标量约束_11_10_4],0.0
cons[火电机组分段中标量约束_11_10_5],0.0
cons[火电机组分段中标量约束_11_10_6],0.0
cons[火电机组分段中标量约束_11_10_7],0.0
cons[火电机组分段中标量约束_11_10_8],0.0
cons[火电机组分段中标量约束_11_10_9],0.0
cons[火电机组出力之和约束_11_10],-6108.0109999999995
cons[火电机组分段中标量约束_11_11_0],0.0
cons[火电机组分段中标量约束_11_11_1],0.0
cons[火电机组分段中标量约束_11_11_2],0.0
cons[火电机组分段中标量约束_11_11_3],0.0
cons[火电机组分段中标量约束_11_11_4],0.0
cons[火电机组分段中标量约束_11_11_5],0.0
cons[火电机组分段中标量约束_11_11_6],0.0
cons[火电机组分段中标量约束_11_11_7],0.0
cons[火电机组分段中标量约束_11_11_8],0.0
cons[火电机组分段中标量约束_11_11_9],0.0
cons[火电机组出力之和约束_11_11],-6108.0109999999995
cons[火电机组分段中标量约束_11_12_0],0.0
cons[火电机组分段中标量约束_11_12_1],0.0
cons[火电机组分段中标量约束_11_12_2],0.0
cons[火电机组分段中标量约束_11_12_3],0.0
cons[火电机组分段中标量约束_11_12_4],0.0
cons[火电机组分段中标量约束_11_12_5],0.0
cons[火电机组分段中标量约束_11_12_6],0.0
cons[火电机组分段中标量约束_11_12_7],0.0
cons[火电机组分段中标量约束_11_12_8],0.0
cons[火电机组分段中标量约束_11_12_9],0.0
cons[火电机组出力之和约束_11_12],-6108.0109999999995
cons[火电机组分段中标量约束_11_13_0],0.0
cons[火电机组分段中标量约束_11_13_1],0.0
cons[火电机组分段中标量约束_11_13_2],0.0
cons[火电机组分段中标量约束_11_13_3],0.0
cons[火电机组分段中标量约束_11_13_4],0.0
cons[火电机组分段中标量约束_11_13_5],0.0
cons[火电机组分段中标量约束_11_13_6],0.0
cons[火电机组分段中标量约束_11_13_7],0.0
cons[火电机组分段中标量约束_11_13_8],0.0
cons[火电机组分段中标量约束_11_13_9],0.0
cons[火电机组出力之和约束_11_13],-6108.0109999999995
cons[火电机组分段中标量约束_11_14_0],0.0
cons[火电机组分段中标量约束_11_14_1],0.0
cons[火电机组分段中标量约束_11_14_2],0.0
cons[火电机组分段中标量约束_11_14_3],0.0
cons[火电机组分段中标量约束_11_14_4],0.0
cons[火电机组分段中标量约束_11_14_5],0.0
cons[火电机组分段中标量约束_11_14_6],0.0
cons[火电机组分段中标量约束_11_14_7],0.0
cons[火电机组分段中标量约束_11_14_8],0.0
cons[火电机组分段中标量约束_11_14_9],0.0
cons[火电机组出力之和约束_11_14],-6108.0109999999995
cons[火电机组分段中标量约束_11_15_0],0.0
cons[火电机组分段中标量约束_11_15_1],0.0
cons[火电机组分段中标量约束_11_15_2],0.0
cons[火电机组分段中标量约束_11_15_3],0.0
cons[火电机组分段中标量约束_11_15_4],0.0
cons[火电机组分段中标量约束_11_15_5],0.0
cons[火电机组分段中标量约束_11_15_6],0.0
cons[火电机组分段中标量约束_11_15_7],0.0
cons[火电机组分段中标量约束_11_15_8],0.0
cons[火电机组分段中标量约束_11_15_9],0.0
cons[火电机组出力之和约束_11_15],-6108.0109999999995
cons[火电机组分段中标量约束_11_16_0],0.0
cons[火电机组分段中标量约束_11_16_1],0.0
cons[火电机组分段中标量约束_11_16_2],0.0
cons[火电机组分段中标量约束_11_16_3],0.0
cons[火电机组分段中标量约束_11_16_4],0.0
cons[火电机组分段中标量约束_11_16_5],0.0
cons[火电机组分段中标量约束_11_16_6],0.0
cons[火电机组分段中标量约束_11_16_7],0.0
cons[火电机组分段中标量约束_11_16_8],0.0
cons[火电机组分段中标量约束_11_16_9],0.0
cons[火电机组出力之和约束_11_16],-6108.0109999999995
cons[火电机组分段中标量约束_11_17_0],0.0
cons[火电机组分段中标量约束_11_17_1],0.0
cons[火电机组分段中标量约束_11_17_2],0.0
cons[火电机组分段中标量约束_11_17_3],0.0
cons[火电机组分段中标量约束_11_17_4],0.0
cons[火电机组分段中标量约束_11_17_5],0.0
cons[火电机组分段中标量约束_11_17_6],0.0
cons[火电机组分段中标量约束_11_17_7],0.0
cons[火电机组分段中标量约束_11_17_8],0.0
cons[火电机组分段中标量约束_11_17_9],0.0
cons[火电机组出力之和约束_11_17],-6108.0109999999995
cons[火电机组分段中标量约束_11_18_0],0.0
cons[火电机组分段中标量约束_11_18_1],0.0
cons[火电机组分段中标量约束_11_18_2],0.0
cons[火电机组分段中标量约束_11_18_3],0.0
cons[火电机组分段中标量约束_11_18_4],0.0
cons[火电机组分段中标量约束_11_18_5],0.0
cons[火电机组分段中标量约束_11_18_6],0.0
cons[火电机组分段中标量约束_11_18_7],0.0
cons[火电机组分段中标量约束_11_18_8],0.0
cons[火电机组分段中标量约束_11_18_9],0.0
cons[火电机组出力之和约束_11_18],-6108.0109999999995
cons[火电机组分段中标量约束_11_19_0],0.0
cons[火电机组分段中标量约束_11_19_1],0.0
cons[火电机组分段中标量约束_11_19_2],0.0
cons[火电机组分段中标量约束_11_19_3],0.0
cons[火电机组分段中标量约束_11_19_4],0.0
cons[火电机组分段中标量约束_11_19_5],0.0
cons[火电机组分段中标量约束_11_19_6],0.0
cons[火电机组分段中标量约束_11_19_7],0.0
cons[火电机组分段中标量约束_11_19_8],0.0
cons[火电机组分段中标量约束_11_19_9],0.0
cons[火电机组出力之和约束_11_19],-6108.0109999999995
cons[火电机组分段中标量约束_11_20_0],0.0
cons[火电机组分段中标量约束_11_20_1],0.0
cons[火电机组分段中标量约束_11_20_2],0.0
cons[火电机组分段中标量约束_11_20_3],0.0
cons[火电机组分段中标量约束_11_20_4],0.0
cons[火电机组分段中标量约束_11_20_5],0.0
cons[火电机组分段中标量约束_11_20_6],0.0
cons[火电机组分段中标量约束_11_20_7],0.0
cons[火电机组分段中标量约束_11_20_8],0.0
cons[火电机组分段中标量约束_11_20_9],0.0
cons[火电机组出力之和约束_11_20],-6108.0109999999995
cons[火电机组分段中标量约束_11_21_0],0.0
cons[火电机组分段中标量约束_11_21_1],0.0
cons[火电机组分段中标量约束_11_21_2],0.0
cons[火电机组分段中标量约束_11_21_3],0.0
cons[火电机组分段中标量约束_11_21_4],0.0
cons[火电机组分段中标量约束_11_21_5],0.0
cons[火电机组分段中标量约束_11_21_6],0.0
cons[火电机组分段中标量约束_11_21_7],0.0
cons[火电机组分段中标量约束_11_21_8],0.0
cons[火电机组分段中标量约束_11_21_9],0.0
cons[火电机组出力之和约束_11_21],-6108.0109999999995
cons[火电机组分段中标量约束_11_22_0],0.0
cons[火电机组分段中标量约束_11_22_1],0.0
cons[火电机组分段中标量约束_11_22_2],0.0
cons[火电机组分段中标量约束_11_22_3],0.0
cons[火电机组分段中标量约束_11_22_4],0.0
cons[火电机组分段中标量约束_11_22_5],0.0
cons[火电机组分段中标量约束_11_22_6],0.0
cons[火电机组分段中标量约束_11_22_7],0.0
cons[火电机组分段中标量约束_11_22_8],0.0
cons[火电机组分段中标量约束_11_22_9],0.0
cons[火电机组出力之和约束_11_22],-6108.0109999999995
cons[火电机组分段中标量约束_11_23_0],0.0
cons[火电机组分段中标量约束_11_23_1],0.0
cons[火电机组分段中标量约束_11_23_2],0.0
cons[火电机组分段中标量约束_11_23_3],0.0
cons[火电机组分段中标量约束_11_23_4],0.0
cons[火电机组分段中标量约束_11_23_5],0.0
cons[火电机组分段中标量约束_11_23_6],0.0
cons[火电机组分段中标量约束_11_23_7],0.0
cons[火电机组分段中标量约束_11_23_8],0.0
cons[火电机组分段中标量约束_11_23_9],0.0
cons[火电机组出力之和约束_11_23],-6108.0109999999995
cons[火电机组分段中标量约束_11_24_0],0.0
cons[火电机组分段中标量约束_11_24_1],0.0
cons[火电机组分段中标量约束_11_24_2],0.0
cons[火电机组分段中标量约束_11_24_3],0.0
cons[火电机组分段中标量约束_11_24_4],0.0
cons[火电机组分段中标量约束_11_24_5],0.0
cons[火电机组分段中标量约束_11_24_6],0.0
cons[火电机组分段中标量约束_11_24_7],0.0
cons[火电机组分段中标量约束_11_24_8],0.0
cons[火电机组分段中标量约束_11_24_9],0.0
cons[火电机组出力之和约束_11_24],-6108.0109999999995
cons[火电机组分段中标量约束_11_25_0],0.0
cons[火电机组分段中标量约束_11_25_1],0.0
cons[火电机组分段中标量约束_11_25_2],0.0
cons[火电机组分段中标量约束_11_25_3],0.0
cons[火电机组分段中标量约束_11_25_4],0.0
cons[火电机组分段中标量约束_11_25_5],0.0
cons[火电机组分段中标量约束_11_25_6],0.0
cons[火电机组分段中标量约束_11_25_7],0.0
cons[火电机组分段中标量约束_11_25_8],0.0
cons[火电机组分段中标量约束_11_25_9],0.0
cons[火电机组出力之和约束_11_25],-6108.0109999999995
cons[火电机组分段中标量约束_11_26_0],0.0
cons[火电机组分段中标量约束_11_26_1],0.0
cons[火电机组分段中标量约束_11_26_2],0.0
cons[火电机组分段中标量约束_11_26_3],0.0
cons[火电机组分段中标量约束_11_26_4],0.0
cons[火电机组分段中标量约束_11_26_5],0.0
cons[火电机组分段中标量约束_11_26_6],0.0
cons[火电机组分段中标量约束_11_26_7],0.0
cons[火电机组分段中标量约束_11_26_8],0.0
cons[火电机组分段中标量约束_11_26_9],0.0
cons[火电机组出力之和约束_11_26],-6108.0109999999995
cons[火电机组分段中标量约束_11_27_0],0.0
cons[火电机组分段中标量约束_11_27_1],0.0
cons[火电机组分段中标量约束_11_27_2],0.0
cons[火电机组分段中标量约束_11_27_3],0.0
cons[火电机组分段中标量约束_11_27_4],0.0
cons[火电机组分段中标量约束_11_27_5],0.0
cons[火电机组分段中标量约束_11_27_6],0.0
cons[火电机组分段中标量约束_11_27_7],0.0
cons[火电机组分段中标量约束_11_27_8],0.0
cons[火电机组分段中标量约束_11_27_9],0.0
cons[火电机组出力之和约束_11_27],-6108.0109999999995
cons[火电机组分段中标量约束_11_28_0],0.0
cons[火电机组分段中标量约束_11_28_1],0.0
cons[火电机组分段中标量约束_11_28_2],0.0
cons[火电机组分段中标量约束_11_28_3],0.0
cons[火电机组分段中标量约束_11_28_4],0.0
cons[火电机组分段中标量约束_11_28_5],0.0
cons[火电机组分段中标量约束_11_28_6],0.0
cons[火电机组分段中标量约束_11_28_7],0.0
cons[火电机组分段中标量约束_11_28_8],0.0
cons[火电机组分段中标量约束_11_28_9],0.0
cons[火电机组出力之和约束_11_28],-6108.0109999999995
cons[火电机组分段中标量约束_11_29_0],0.0
cons[火电机组分段中标量约束_11_29_1],0.0
cons[火电机组分段中标量约束_11_29_2],0.0
cons[火电机组分段中标量约束_11_29_3],0.0
cons[火电机组分段中标量约束_11_29_4],0.0
cons[火电机组分段中标量约束_11_29_5],0.0
cons[火电机组分段中标量约束_11_29_6],0.0
cons[火电机组分段中标量约束_11_29_7],0.0
cons[火电机组分段中标量约束_11_29_8],0.0
cons[火电机组分段中标量约束_11_29_9],0.0
cons[火电机组出力之和约束_11_29],-6108.0109999999995
cons[火电机组分段中标量约束_11_30_0],0.0
cons[火电机组分段中标量约束_11_30_1],0.0
cons[火电机组分段中标量约束_11_30_2],0.0
cons[火电机组分段中标量约束_11_30_3],0.0
cons[火电机组分段中标量约束_11_30_4],0.0
cons[火电机组分段中标量约束_11_30_5],0.0
cons[火电机组分段中标量约束_11_30_6],0.0
cons[火电机组分段中标量约束_11_30_7],0.0
cons[火电机组分段中标量约束_11_30_8],0.0
cons[火电机组分段中标量约束_11_30_9],0.0
cons[火电机组出力之和约束_11_30],-6108.0109999999995
cons[火电机组分段中标量约束_11_31_0],0.0
cons[火电机组分段中标量约束_11_31_1],0.0
cons[火电机组分段中标量约束_11_31_2],0.0
cons[火电机组分段中标量约束_11_31_3],0.0
cons[火电机组分段中标量约束_11_31_4],0.0
cons[火电机组分段中标量约束_11_31_5],0.0
cons[火电机组分段中标量约束_11_31_6],0.0
cons[火电机组分段中标量约束_11_31_7],0.0
cons[火电机组分段中标量约束_11_31_8],0.0
cons[火电机组分段中标量约束_11_31_9],0.0
cons[火电机组出力之和约束_11_31],-6108.0109999999995
cons[火电机组分段中标量约束_11_32_0],-0.45500000000083674
cons[火电机组分段中标量约束_11_32_1],0.0
cons[火电机组分段中标量约束_11_32_2],0.0
cons[火电机组分段中标量约束_11_32_3],0.0
cons[火电机组分段中标量约束_11_32_4],0.0
cons[火电机组分段中标量约束_11_32_5],0.0
cons[火电机组分段中标量约束_11_32_6],0.0
cons[火电机组分段中标量约束_11_32_7],0.0
cons[火电机组分段中标量约束_11_32_8],0.0
cons[火电机组分段中标量约束_11_32_9],0.0
cons[火电机组出力之和约束_11_32],-6108.466
cons[火电机组分段中标量约束_11_33_0],-10.101000000000568
cons[火电机组分段中标量约束_11_33_1],0.0
cons[火电机组分段中标量约束_11_33_2],0.0
cons[火电机组分段中标量约束_11_33_3],0.0
cons[火电机组分段中标量约束_11_33_4],0.0
cons[火电机组分段中标量约束_11_33_5],0.0
cons[火电机组分段中标量约束_11_33_6],0.0
cons[火电机组分段中标量约束_11_33_7],0.0
cons[火电机组分段中标量约束_11_33_8],0.0
cons[火电机组分段中标量约束_11_33_9],0.0
cons[火电机组出力之和约束_11_33],-6118.112
cons[火电机组分段中标量约束_11_34_0],-10.101000000000568
cons[火电机组分段中标量约束_11_34_1],0.0
cons[火电机组分段中标量约束_11_34_2],0.0
cons[火电机组分段中标量约束_11_34_3],0.0
cons[火电机组分段中标量约束_11_34_4],0.0
cons[火电机组分段中标量约束_11_34_5],0.0
cons[火电机组分段中标量约束_11_34_6],0.0
cons[火电机组分段中标量约束_11_34_7],0.0
cons[火电机组分段中标量约束_11_34_8],0.0
cons[火电机组分段中标量约束_11_34_9],0.0
cons[火电机组出力之和约束_11_34],-6118.112
cons[火电机组分段中标量约束_11_35_0],-10.101000000000568
cons[火电机组分段中标量约束_11_35_1],0.0
cons[火电机组分段中标量约束_11_35_2],0.0
cons[火电机组分段中标量约束_11_35_3],0.0
cons[火电机组分段中标量约束_11_35_4],0.0
cons[火电机组分段中标量约束_11_35_5],0.0
cons[火电机组分段中标量约束_11_35_6],0.0
cons[火电机组分段中标量约束_11_35_7],0.0
cons[火电机组分段中标量约束_11_35_8],0.0
cons[火电机组分段中标量约束_11_35_9],0.0
cons[火电机组出力之和约束_11_35],-6118.112
cons[火电机组分段中标量约束_11_36_0],-10.101000000000568
cons[火电机组分段中标量约束_11_36_1],0.0
cons[火电机组分段中标量约束_11_36_2],0.0
cons[火电机组分段中标量约束_11_36_3],0.0
cons[火电机组分段中标量约束_11_36_4],0.0
cons[火电机组分段中标量约束_11_36_5],0.0
cons[火电机组分段中标量约束_11_36_6],0.0
cons[火电机组分段中标量约束_11_36_7],0.0
cons[火电机组分段中标量约束_11_36_8],0.0
cons[火电机组分段中标量约束_11_36_9],0.0
cons[火电机组出力之和约束_11_36],-6118.112
cons[火电机组分段中标量约束_11_37_0],-0.45500000000083674
cons[火电机组分段中标量约束_11_37_1],0.0
cons[火电机组分段中标量约束_11_37_2],0.0
cons[火电机组分段中标量约束_11_37_3],0.0
cons[火电机组分段中标量约束_11_37_4],0.0
cons[火电机组分段中标量约束_11_37_5],0.0
cons[火电机组分段中标量约束_11_37_6],0.0
cons[火电机组分段中标量约束_11_37_7],0.0
cons[火电机组分段中标量约束_11_37_8],0.0
cons[火电机组分段中标量约束_11_37_9],0.0
cons[火电机组出力之和约束_11_37],-6108.466
cons[火电机组分段中标量约束_11_38_0],-0.45500000000083674
cons[火电机组分段中标量约束_11_38_1],0.0
cons[火电机组分段中标量约束_11_38_2],0.0
cons[火电机组分段中标量约束_11_38_3],0.0
cons[火电机组分段中标量约束_11_38_4],0.0
cons[火电机组分段中标量约束_11_38_5],0.0
cons[火电机组分段中标量约束_11_38_6],0.0
cons[火电机组分段中标量约束_11_38_7],0.0
cons[火电机组分段中标量约束_11_38_8],0.0
cons[火电机组分段中标量约束_11_38_9],0.0
cons[火电机组出力之和约束_11_38],-6108.466
cons[火电机组分段中标量约束_11_39_0],-0.45500000000083674
cons[火电机组分段中标量约束_11_39_1],0.0
cons[火电机组分段中标量约束_11_39_2],0.0
cons[火电机组分段中标量约束_11_39_3],0.0
cons[火电机组分段中标量约束_11_39_4],0.0
cons[火电机组分段中标量约束_11_39_5],0.0
cons[火电机组分段中标量约束_11_39_6],0.0
cons[火电机组分段中标量约束_11_39_7],0.0
cons[火电机组分段中标量约束_11_39_8],0.0
cons[火电机组分段中标量约束_11_39_9],0.0
cons[火电机组出力之和约束_11_39],-6108.466
cons[火电机组分段中标量约束_11_40_0],-0.45500000000083674
cons[火电机组分段中标量约束_11_40_1],0.0
cons[火电机组分段中标量约束_11_40_2],0.0
cons[火电机组分段中标量约束_11_40_3],0.0
cons[火电机组分段中标量约束_11_40_4],0.0
cons[火电机组分段中标量约束_11_40_5],0.0
cons[火电机组分段中标量约束_11_40_6],0.0
cons[火电机组分段中标量约束_11_40_7],0.0
cons[火电机组分段中标量约束_11_40_8],0.0
cons[火电机组分段中标量约束_11_40_9],0.0
cons[火电机组出力之和约束_11_40],-6108.466
cons[火电机组分段中标量约束_11_41_0],-0.45500000000083674
cons[火电机组分段中标量约束_11_41_1],0.0
cons[火电机组分段中标量约束_11_41_2],0.0
cons[火电机组分段中标量约束_11_41_3],0.0
cons[火电机组分段中标量约束_11_41_4],0.0
cons[火电机组分段中标量约束_11_41_5],0.0
cons[火电机组分段中标量约束_11_41_6],0.0
cons[火电机组分段中标量约束_11_41_7],0.0
cons[火电机组分段中标量约束_11_41_8],0.0
cons[火电机组分段中标量约束_11_41_9],0.0
cons[火电机组出力之和约束_11_41],-6108.466
cons[火电机组分段中标量约束_11_42_0],-0.45500000000083674
cons[火电机组分段中标量约束_11_42_1],0.0
cons[火电机组分段中标量约束_11_42_2],0.0
cons[火电机组分段中标量约束_11_42_3],0.0
cons[火电机组分段中标量约束_11_42_4],0.0
cons[火电机组分段中标量约束_11_42_5],0.0
cons[火电机组分段中标量约束_11_42_6],0.0
cons[火电机组分段中标量约束_11_42_7],0.0
cons[火电机组分段中标量约束_11_42_8],0.0
cons[火电机组分段中标量约束_11_42_9],0.0
cons[火电机组出力之和约束_11_42],-6108.466
cons[火电机组分段中标量约束_11_43_0],-0.45500000000083674
cons[火电机组分段中标量约束_11_43_1],0.0
cons[火电机组分段中标量约束_11_43_2],0.0
cons[火电机组分段中标量约束_11_43_3],0.0
cons[火电机组分段中标量约束_11_43_4],0.0
cons[火电机组分段中标量约束_11_43_5],0.0
cons[火电机组分段中标量约束_11_43_6],0.0
cons[火电机组分段中标量约束_11_43_7],0.0
cons[火电机组分段中标量约束_11_43_8],0.0
cons[火电机组分段中标量约束_11_43_9],0.0
cons[火电机组出力之和约束_11_43],-6108.466
cons[火电机组分段中标量约束_11_44_0],-0.45500000000083674
cons[火电机组分段中标量约束_11_44_1],0.0
cons[火电机组分段中标量约束_11_44_2],0.0
cons[火电机组分段中标量约束_11_44_3],0.0
cons[火电机组分段中标量约束_11_44_4],0.0
cons[火电机组分段中标量约束_11_44_5],0.0
cons[火电机组分段中标量约束_11_44_6],0.0
cons[火电机组分段中标量约束_11_44_7],0.0
cons[火电机组分段中标量约束_11_44_8],0.0
cons[火电机组分段中标量约束_11_44_9],0.0
cons[火电机组出力之和约束_11_44],-6108.466
cons[火电机组分段中标量约束_11_45_0],0.0
cons[火电机组分段中标量约束_11_45_1],0.0
cons[火电机组分段中标量约束_11_45_2],0.0
cons[火电机组分段中标量约束_11_45_3],0.0
cons[火电机组分段中标量约束_11_45_4],0.0
cons[火电机组分段中标量约束_11_45_5],0.0
cons[火电机组分段中标量约束_11_45_6],0.0
cons[火电机组分段中标量约束_11_45_7],0.0
cons[火电机组分段中标量约束_11_45_8],0.0
cons[火电机组分段中标量约束_11_45_9],0.0
cons[火电机组出力之和约束_11_45],-6108.0109999999995
cons[火电机组分段中标量约束_11_46_0],0.0
cons[火电机组分段中标量约束_11_46_1],0.0
cons[火电机组分段中标量约束_11_46_2],0.0
cons[火电机组分段中标量约束_11_46_3],0.0
cons[火电机组分段中标量约束_11_46_4],0.0
cons[火电机组分段中标量约束_11_46_5],0.0
cons[火电机组分段中标量约束_11_46_6],0.0
cons[火电机组分段中标量约束_11_46_7],0.0
cons[火电机组分段中标量约束_11_46_8],0.0
cons[火电机组分段中标量约束_11_46_9],0.0
cons[火电机组出力之和约束_11_46],-6108.0109999999995
cons[火电机组分段中标量约束_11_47_0],0.0
cons[火电机组分段中标量约束_11_47_1],0.0
cons[火电机组分段中标量约束_11_47_2],0.0
cons[火电机组分段中标量约束_11_47_3],0.0
cons[火电机组分段中标量约束_11_47_4],0.0
cons[火电机组分段中标量约束_11_47_5],0.0
cons[火电机组分段中标量约束_11_47_6],0.0
cons[火电机组分段中标量约束_11_47_7],0.0
cons[火电机组分段中标量约束_11_47_8],0.0
cons[火电机组分段中标量约束_11_47_9],0.0
cons[火电机组出力之和约束_11_47],-6108.0109999999995
cons[火电机组分段中标量约束_11_48_0],0.0
cons[火电机组分段中标量约束_11_48_1],0.0
cons[火电机组分段中标量约束_11_48_2],0.0
cons[火电机组分段中标量约束_11_48_3],0.0
cons[火电机组分段中标量约束_11_48_4],0.0
cons[火电机组分段中标量约束_11_48_5],0.0
cons[火电机组分段中标量约束_11_48_6],0.0
cons[火电机组分段中标量约束_11_48_7],0.0
cons[火电机组分段中标量约束_11_48_8],0.0
cons[火电机组分段中标量约束_11_48_9],0.0
cons[火电机组出力之和约束_11_48],-6108.0109999999995
cons[火电机组分段中标量约束_11_49_0],0.0
cons[火电机组分段中标量约束_11_49_1],0.0
cons[火电机组分段中标量约束_11_49_2],0.0
cons[火电机组分段中标量约束_11_49_3],0.0
cons[火电机组分段中标量约束_11_49_4],0.0
cons[火电机组分段中标量约束_11_49_5],0.0
cons[火电机组分段中标量约束_11_49_6],0.0
cons[火电机组分段中标量约束_11_49_7],0.0
cons[火电机组分段中标量约束_11_49_8],0.0
cons[火电机组分段中标量约束_11_49_9],0.0
cons[火电机组出力之和约束_11_49],-6108.0109999999995
cons[火电机组分段中标量约束_11_50_0],0.0
cons[火电机组分段中标量约束_11_50_1],0.0
cons[火电机组分段中标量约束_11_50_2],0.0
cons[火电机组分段中标量约束_11_50_3],0.0
cons[火电机组分段中标量约束_11_50_4],0.0
cons[火电机组分段中标量约束_11_50_5],0.0
cons[火电机组分段中标量约束_11_50_6],0.0
cons[火电机组分段中标量约束_11_50_7],0.0
cons[火电机组分段中标量约束_11_50_8],0.0
cons[火电机组分段中标量约束_11_50_9],0.0
cons[火电机组出力之和约束_11_50],-6108.0109999999995
cons[火电机组分段中标量约束_11_51_0],0.0
cons[火电机组分段中标量约束_11_51_1],0.0
cons[火电机组分段中标量约束_11_51_2],0.0
cons[火电机组分段中标量约束_11_51_3],0.0
cons[火电机组分段中标量约束_11_51_4],0.0
cons[火电机组分段中标量约束_11_51_5],0.0
cons[火电机组分段中标量约束_11_51_6],0.0
cons[火电机组分段中标量约束_11_51_7],0.0
cons[火电机组分段中标量约束_11_51_8],0.0
cons[火电机组分段中标量约束_11_51_9],0.0
cons[火电机组出力之和约束_11_51],-6108.0109999999995
cons[火电机组分段中标量约束_11_52_0],0.0
cons[火电机组分段中标量约束_11_52_1],0.0
cons[火电机组分段中标量约束_11_52_2],0.0
cons[火电机组分段中标量约束_11_52_3],0.0
cons[火电机组分段中标量约束_11_52_4],0.0
cons[火电机组分段中标量约束_11_52_5],0.0
cons[火电机组分段中标量约束_11_52_6],0.0
cons[火电机组分段中标量约束_11_52_7],0.0
cons[火电机组分段中标量约束_11_52_8],0.0
cons[火电机组分段中标量约束_11_52_9],0.0
cons[火电机组出力之和约束_11_52],-6108.0109999999995
cons[火电机组分段中标量约束_11_53_0],0.0
cons[火电机组分段中标量约束_11_53_1],0.0
cons[火电机组分段中标量约束_11_53_2],0.0
cons[火电机组分段中标量约束_11_53_3],0.0
cons[火电机组分段中标量约束_11_53_4],0.0
cons[火电机组分段中标量约束_11_53_5],0.0
cons[火电机组分段中标量约束_11_53_6],0.0
cons[火电机组分段中标量约束_11_53_7],0.0
cons[火电机组分段中标量约束_11_53_8],0.0
cons[火电机组分段中标量约束_11_53_9],0.0
cons[火电机组出力之和约束_11_53],-6108.0109999999995
cons[火电机组分段中标量约束_11_54_0],0.0
cons[火电机组分段中标量约束_11_54_1],0.0
cons[火电机组分段中标量约束_11_54_2],0.0
cons[火电机组分段中标量约束_11_54_3],0.0
cons[火电机组分段中标量约束_11_54_4],0.0
cons[火电机组分段中标量约束_11_54_5],0.0
cons[火电机组分段中标量约束_11_54_6],0.0
cons[火电机组分段中标量约束_11_54_7],0.0
cons[火电机组分段中标量约束_11_54_8],0.0
cons[火电机组分段中标量约束_11_54_9],0.0
cons[火电机组出力之和约束_11_54],-6108.0109999999995
cons[火电机组分段中标量约束_11_55_0],0.0
cons[火电机组分段中标量约束_11_55_1],0.0
cons[火电机组分段中标量约束_11_55_2],0.0
cons[火电机组分段中标量约束_11_55_3],0.0
cons[火电机组分段中标量约束_11_55_4],0.0
cons[火电机组分段中标量约束_11_55_5],0.0
cons[火电机组分段中标量约束_11_55_6],0.0
cons[火电机组分段中标量约束_11_55_7],0.0
cons[火电机组分段中标量约束_11_55_8],0.0
cons[火电机组分段中标量约束_11_55_9],0.0
cons[火电机组出力之和约束_11_55],-6108.0109999999995
cons[火电机组分段中标量约束_11_56_0],0.0
cons[火电机组分段中标量约束_11_56_1],0.0
cons[火电机组分段中标量约束_11_56_2],0.0
cons[火电机组分段中标量约束_11_56_3],0.0
cons[火电机组分段中标量约束_11_56_4],0.0
cons[火电机组分段中标量约束_11_56_5],0.0
cons[火电机组分段中标量约束_11_56_6],0.0
cons[火电机组分段中标量约束_11_56_7],0.0
cons[火电机组分段中标量约束_11_56_8],0.0
cons[火电机组分段中标量约束_11_56_9],0.0
cons[火电机组出力之和约束_11_56],-6108.0109999999995
cons[火电机组分段中标量约束_11_57_0],0.0
cons[火电机组分段中标量约束_11_57_1],0.0
cons[火电机组分段中标量约束_11_57_2],0.0
cons[火电机组分段中标量约束_11_57_3],0.0
cons[火电机组分段中标量约束_11_57_4],0.0
cons[火电机组分段中标量约束_11_57_5],0.0
cons[火电机组分段中标量约束_11_57_6],0.0
cons[火电机组分段中标量约束_11_57_7],0.0
cons[火电机组分段中标量约束_11_57_8],0.0
cons[火电机组分段中标量约束_11_57_9],0.0
cons[火电机组出力之和约束_11_57],-6108.0109999999995
cons[火电机组分段中标量约束_11_58_0],0.0
cons[火电机组分段中标量约束_11_58_1],0.0
cons[火电机组分段中标量约束_11_58_2],0.0
cons[火电机组分段中标量约束_11_58_3],0.0
cons[火电机组分段中标量约束_11_58_4],0.0
cons[火电机组分段中标量约束_11_58_5],0.0
cons[火电机组分段中标量约束_11_58_6],0.0
cons[火电机组分段中标量约束_11_58_7],0.0
cons[火电机组分段中标量约束_11_58_8],0.0
cons[火电机组分段中标量约束_11_58_9],0.0
cons[火电机组出力之和约束_11_58],-6108.0109999999995
cons[火电机组分段中标量约束_11_59_0],0.0
cons[火电机组分段中标量约束_11_59_1],0.0
cons[火电机组分段中标量约束_11_59_2],0.0
cons[火电机组分段中标量约束_11_59_3],0.0
cons[火电机组分段中标量约束_11_59_4],0.0
cons[火电机组分段中标量约束_11_59_5],0.0
cons[火电机组分段中标量约束_11_59_6],0.0
cons[火电机组分段中标量约束_11_59_7],0.0
cons[火电机组分段中标量约束_11_59_8],0.0
cons[火电机组分段中标量约束_11_59_9],0.0
cons[火电机组出力之和约束_11_59],-6108.0109999999995
cons[火电机组分段中标量约束_11_60_0],-0.45500000000083674
cons[火电机组分段中标量约束_11_60_1],0.0
cons[火电机组分段中标量约束_11_60_2],0.0
cons[火电机组分段中标量约束_11_60_3],0.0
cons[火电机组分段中标量约束_11_60_4],0.0
cons[火电机组分段中标量约束_11_60_5],0.0
cons[火电机组分段中标量约束_11_60_6],0.0
cons[火电机组分段中标量约束_11_60_7],0.0
cons[火电机组分段中标量约束_11_60_8],0.0
cons[火电机组分段中标量约束_11_60_9],0.0
cons[火电机组出力之和约束_11_60],-6108.466
cons[火电机组分段中标量约束_11_61_0],-28.301000000000386
cons[火电机组分段中标量约束_11_61_1],0.0
cons[火电机组分段中标量约束_11_61_2],0.0
cons[火电机组分段中标量约束_11_61_3],0.0
cons[火电机组分段中标量约束_11_61_4],0.0
cons[火电机组分段中标量约束_11_61_5],0.0
cons[火电机组分段中标量约束_11_61_6],0.0
cons[火电机组分段中标量约束_11_61_7],0.0
cons[火电机组分段中标量约束_11_61_8],0.0
cons[火电机组分段中标量约束_11_61_9],0.0
cons[火电机组出力之和约束_11_61],-6136.312
cons[火电机组分段中标量约束_11_62_0],-56.146999999999935
cons[火电机组分段中标量约束_11_62_1],-10.100999999998749
cons[火电机组分段中标量约束_11_62_2],0.0
cons[火电机组分段中标量约束_11_62_3],0.0
cons[火电机组分段中标量约束_11_62_4],0.0
cons[火电机组分段中标量约束_11_62_5],0.0
cons[火电机组分段中标量约束_11_62_6],0.0
cons[火电机组分段中标量约束_11_62_7],0.0
cons[火电机组分段中标量约束_11_62_8],0.0
cons[火电机组分段中标量约束_11_62_9],0.0
cons[火电机组出力之和约束_11_62],-6164.157999999999
cons[火电机组分段中标量约束_11_63_0],-56.146999999999935
cons[火电机组分段中标量约束_11_63_1],-10.100999999998749
cons[火电机组分段中标量约束_11_63_2],0.0
cons[火电机组分段中标量约束_11_63_3],0.0
cons[火电机组分段中标量约束_11_63_4],0.0
cons[火电机组分段中标量约束_11_63_5],0.0
cons[火电机组分段中标量约束_11_63_6],0.0
cons[火电机组分段中标量约束_11_63_7],0.0
cons[火电机组分段中标量约束_11_63_8],0.0
cons[火电机组分段中标量约束_11_63_9],0.0
cons[火电机组出力之和约束_11_63],-6164.157999999999
cons[火电机组分段中标量约束_11_64_0],-83.99300000000221
cons[火电机组分段中标量约束_11_64_1],-37.947000000001026
cons[火电机组分段中标量约束_11_64_2],0.0
cons[火电机组分段中标量约束_11_64_3],0.0
cons[火电机组分段中标量约束_11_64_4],0.0
cons[火电机组分段中标量约束_11_64_5],0.0
cons[火电机组分段中标量约束_11_64_6],0.0
cons[火电机组分段中标量约束_11_64_7],0.0
cons[火电机组分段中标量约束_11_64_8],0.0
cons[火电机组分段中标量约束_11_64_9],0.0
cons[火电机组出力之和约束_11_64],-6192.004000000002
cons[火电机组分段中标量约束_11_65_0],-92.09200000000055
cons[火电机组分段中标量约束_11_65_1],-46.04599999999937
cons[火电机组分段中标量约束_11_65_2],0.0
cons[火电机组分段中标量约束_11_65_3],0.0
cons[火电机组分段中标量约束_11_65_4],0.0
cons[火电机组分段中标量约束_11_65_5],0.0
cons[火电机组分段中标量约束_11_65_6],0.0
cons[火电机组分段中标量约束_11_65_7],0.0
cons[火电机组分段中标量约束_11_65_8],0.0
cons[火电机组分段中标量约束_11_65_9],0.0
cons[火电机组出力之和约束_11_65],-6200.103
cons[火电机组分段中标量约束_11_66_0],-111.83900000000085
cons[火电机组分段中标量约束_11_66_1],-65.79299999999967
cons[火电机组分段中标量约束_11_66_2],-19.7470000000003
cons[火电机组分段中标量约束_11_66_3],0.0
cons[火电机组分段中标量约束_11_66_4],0.0
cons[火电机组分段中标量约束_11_66_5],0.0
cons[火电机组分段中标量约束_11_66_6],0.0
cons[火电机组分段中标量约束_11_66_7],0.0
cons[火电机组分段中标量约束_11_66_8],0.0
cons[火电机组分段中标量约束_11_66_9],0.0
cons[火电机组出力之和约束_11_66],-6219.85
cons[火电机组分段中标量约束_11_67_0],-111.83900000000085
cons[火电机组分段中标量约束_11_67_1],-65.79299999999967
cons[火电机组分段中标量约束_11_67_2],-19.7470000000003
cons[火电机组分段中标量约束_11_67_3],0.0
cons[火电机组分段中标量约束_11_67_4],0.0
cons[火电机组分段中标量约束_11_67_5],0.0
cons[火电机组分段中标量约束_11_67_6],0.0
cons[火电机组分段中标量约束_11_67_7],0.0
cons[火电机组分段中标量约束_11_67_8],0.0
cons[火电机组分段中标量约束_11_67_9],0.0
cons[火电机组出力之和约束_11_67],-6219.85
cons[火电机组分段中标量约束_11_68_0],-111.83900000000085
cons[火电机组分段中标量约束_11_68_1],-65.79299999999967
cons[火电机组分段中标量约束_11_68_2],-19.7470000000003
cons[火电机组分段中标量约束_11_68_3],0.0
cons[火电机组分段中标量约束_11_68_4],0.0
cons[火电机组分段中标量约束_11_68_5],0.0
cons[火电机组分段中标量约束_11_68_6],0.0
cons[火电机组分段中标量约束_11_68_7],0.0
cons[火电机组分段中标量约束_11_68_8],0.0
cons[火电机组分段中标量约束_11_68_9],0.0
cons[火电机组出力之和约束_11_68],-6219.85
cons[火电机组分段中标量约束_11_69_0],-111.83900000000085
cons[火电机组分段中标量约束_11_69_1],-65.79299999999967
cons[火电机组分段中标量约束_11_69_2],-19.7470000000003
cons[火电机组分段中标量约束_11_69_3],0.0
cons[火电机组分段中标量约束_11_69_4],0.0
cons[火电机组分段中标量约束_11_69_5],0.0
cons[火电机组分段中标量约束_11_69_6],0.0
cons[火电机组分段中标量约束_11_69_7],0.0
cons[火电机组分段中标量约束_11_69_8],0.0
cons[火电机组分段中标量约束_11_69_9],0.0
cons[火电机组出力之和约束_11_69],-6219.85
cons[火电机组分段中标量约束_11_70_0],-111.83900000000085
cons[火电机组分段中标量约束_11_70_1],-65.79299999999967
cons[火电机组分段中标量约束_11_70_2],-19.7470000000003
cons[火电机组分段中标量约束_11_70_3],0.0
cons[火电机组分段中标量约束_11_70_4],0.0
cons[火电机组分段中标量约束_11_70_5],0.0
cons[火电机组分段中标量约束_11_70_6],0.0
cons[火电机组分段中标量约束_11_70_7],0.0
cons[火电机组分段中标量约束_11_70_8],0.0
cons[火电机组分段中标量约束_11_70_9],0.0
cons[火电机组出力之和约束_11_70],-6219.85
cons[火电机组分段中标量约束_11_71_0],-134.22500000000036
cons[火电机组分段中标量约束_11_71_1],-88.17899999999918
cons[火电机组分段中标量约束_11_71_2],-42.13299999999981
cons[火电机组分段中标量约束_11_71_3],0.0
cons[火电机组分段中标量约束_11_71_4],0.0
cons[火电机组分段中标量约束_11_71_5],0.0
cons[火电机组分段中标量约束_11_71_6],0.0
cons[火电机组分段中标量约束_11_71_7],0.0
cons[火电机组分段中标量约束_11_71_8],0.0
cons[火电机组分段中标量约束_11_71_9],0.0
cons[火电机组出力之和约束_11_71],-6242.236
cons[火电机组分段中标量约束_11_72_0],-138.13799999999992
cons[火电机组分段中标量约束_11_72_1],-92.09199999999873
cons[火电机组分段中标量约束_11_72_2],-46.04599999999937
cons[火电机组分段中标量约束_11_72_3],0.0
cons[火电机组分段中标量约束_11_72_4],0.0
cons[火电机组分段中标量约束_11_72_5],0.0
cons[火电机组分段中标量约束_11_72_6],0.0
cons[火电机组分段中标量约束_11_72_7],0.0
cons[火电机组分段中标量约束_11_72_8],0.0
cons[火电机组分段中标量约束_11_72_9],0.0
cons[火电机组出力之和约束_11_72],-6246.148999999999
cons[火电机组分段中标量约束_11_73_0],-148.23900000000322
cons[火电机组分段中标量约束_11_73_1],-102.19300000000203
cons[火电机组分段中标量约束_11_73_2],-56.14700000000266
cons[火电机组分段中标量约束_11_73_3],-10.101000000003296
cons[火电机组分段中标量约束_11_73_4],0.0
cons[火电机组分段中标量约束_11_73_5],0.0
cons[火电机组分段中标量约束_11_73_6],0.0
cons[火电机组分段中标量约束_11_73_7],0.0
cons[火电机组分段中标量约束_11_73_8],0.0
cons[火电机组分段中标量约束_11_73_9],0.0
cons[火电机组出力之和约束_11_73],-6256.250000000003
cons[火电机组分段中标量约束_11_74_0],-179.77050000000054
cons[火电机组分段中标量约束_11_74_1],-133.72449999999935
cons[火电机组分段中标量约束_11_74_2],-87.67849999999999
cons[火电机组分段中标量约束_11_74_3],-41.63250000000062
cons[火电机组分段中标量约束_11_74_4],0.0
cons[火电机组分段中标量约束_11_74_5],0.0
cons[火电机组分段中标量约束_11_74_6],0.0
cons[火电机组分段中标量约束_11_74_7],0.0
cons[火电机组分段中标量约束_11_74_8],0.0
cons[火电机组分段中标量约束_11_74_9],0.0
cons[火电机组出力之和约束_11_74],-6287.7815
cons[火电机组分段中标量约束_11_75_0],-179.77050000000054
cons[火电机组分段中标量约束_11_75_1],-133.72449999999935
cons[火电机组分段中标量约束_11_75_2],-87.67849999999999
cons[火电机组分段中标量约束_11_75_3],-41.63250000000062
cons[火电机组分段中标量约束_11_75_4],0.0
cons[火电机组分段中标量约束_11_75_5],0.0
cons[火电机组分段中标量约束_11_75_6],0.0
cons[火电机组分段中标量约束_11_75_7],0.0
cons[火电机组分段中标量约束_11_75_8],0.0
cons[火电机组分段中标量约束_11_75_9],0.0
cons[火电机组出力之和约束_11_75],-6287.7815
cons[火电机组分段中标量约束_11_76_0],-138.13799999999992
cons[火电机组分段中标量约束_11_76_1],-92.09199999999873
cons[火电机组分段中标量约束_11_76_2],-46.04599999999937
cons[火电机组分段中标量约束_11_76_3],0.0
cons[火电机组分段中标量约束_11_76_4],0.0
cons[火电机组分段中标量约束_11_76_5],0.0
cons[火电机组分段中标量约束_11_76_6],0.0
cons[火电机组分段中标量约束_11_76_7],0.0
cons[火电机组分段中标量约束_11_76_8],0.0
cons[火电机组分段中标量约束_11_76_9],0.0
cons[火电机组出力之和约束_11_76],-6246.148999999999
cons[火电机组分段中标量约束_11_77_0],-134.22500000000036
cons[火电机组分段中标量约束_11_77_1],-88.17899999999918
cons[火电机组分段中标量约束_11_77_2],-42.13299999999981
cons[火电机组分段中标量约束_11_77_3],0.0
cons[火电机组分段中标量约束_11_77_4],0.0
cons[火电机组分段中标量约束_11_77_5],0.0
cons[火电机组分段中标量约束_11_77_6],0.0
cons[火电机组分段中标量约束_11_77_7],0.0
cons[火电机组分段中标量约束_11_77_8],0.0
cons[火电机组分段中标量约束_11_77_9],0.0
cons[火电机组出力之和约束_11_77],-6242.236
cons[火电机组分段中标量约束_11_78_0],-111.83900000000085
cons[火电机组分段中标量约束_11_78_1],-65.79299999999967
cons[火电机组分段中标量约束_11_78_2],-19.7470000000003
cons[火电机组分段中标量约束_11_78_3],0.0
cons[火电机组分段中标量约束_11_78_4],0.0
cons[火电机组分段中标量约束_11_78_5],0.0
cons[火电机组分段中标量约束_11_78_6],0.0
cons[火电机组分段中标量约束_11_78_7],0.0
cons[火电机组分段中标量约束_11_78_8],0.0
cons[火电机组分段中标量约束_11_78_9],0.0
cons[火电机组出力之和约束_11_78],-6219.85
cons[火电机组分段中标量约束_11_79_0],-111.83900000000085
cons[火电机组分段中标量约束_11_79_1],-65.79299999999967
cons[火电机组分段中标量约束_11_79_2],-19.7470000000003
cons[火电机组分段中标量约束_11_79_3],0.0
cons[火电机组分段中标量约束_11_79_4],0.0
cons[火电机组分段中标量约束_11_79_5],0.0
cons[火电机组分段中标量约束_11_79_6],0.0
cons[火电机组分段中标量约束_11_79_7],0.0
cons[火电机组分段中标量约束_11_79_8],0.0
cons[火电机组分段中标量约束_11_79_9],0.0
cons[火电机组出力之和约束_11_79],-6219.85
cons[火电机组分段中标量约束_11_80_0],-92.09200000000055
cons[火电机组分段中标量约束_11_80_1],-46.04599999999937
cons[火电机组分段中标量约束_11_80_2],0.0
cons[火电机组分段中标量约束_11_80_3],0.0
cons[火电机组分段中标量约束_11_80_4],0.0
cons[火电机组分段中标量约束_11_80_5],0.0
cons[火电机组分段中标量约束_11_80_6],0.0
cons[火电机组分段中标量约束_11_80_7],0.0
cons[火电机组分段中标量约束_11_80_8],0.0
cons[火电机组分段中标量约束_11_80_9],0.0
cons[火电机组出力之和约束_11_80],-6200.103
cons[火电机组分段中标量约束_11_81_0],-88.67950000000019
cons[火电机组分段中标量约束_11_81_1],-42.633499999999
cons[火电机组分段中标量约束_11_81_2],0.0
cons[火电机组分段中标量约束_11_81_3],0.0
cons[火电机组分段中标量约束_11_81_4],0.0
cons[火电机组分段中标量约束_11_81_5],0.0
cons[火电机组分段中标量约束_11_81_6],0.0
cons[火电机组分段中标量约束_11_81_7],0.0
cons[火电机组分段中标量约束_11_81_8],0.0
cons[火电机组分段中标量约束_11_81_9],0.0
cons[火电机组出力之和约束_11_81],-6196.6905
cons[火电机组分段中标量约束_11_82_0],-83.99300000000221
cons[火电机组分段中标量约束_11_82_1],-37.947000000001026
cons[火电机组分段中标量约束_11_82_2],0.0
cons[火电机组分段中标量约束_11_82_3],0.0
cons[火电机组分段中标量约束_11_82_4],0.0
cons[火电机组分段中标量约束_11_82_5],0.0
cons[火电机组分段中标量约束_11_82_6],0.0
cons[火电机组分段中标量约束_11_82_7],0.0
cons[火电机组分段中标量约束_11_82_8],0.0
cons[火电机组分段中标量约束_11_82_9],0.0
cons[火电机组出力之和约束_11_82],-6192.004000000002
cons[火电机组分段中标量约束_11_83_0],-56.146999999999935
cons[火电机组分段中标量约束_11_83_1],-10.100999999998749
cons[火电机组分段中标量约束_11_83_2],0.0
cons[火电机组分段中标量约束_11_83_3],0.0
cons[火电机组分段中标量约束_11_83_4],0.0
cons[火电机组分段中标量约束_11_83_5],0.0
cons[火电机组分段中标量约束_11_83_6],0.0
cons[火电机组分段中标量约束_11_83_7],0.0
cons[火电机组分段中标量约束_11_83_8],0.0
cons[火电机组分段中标量约束_11_83_9],0.0
cons[火电机组出力之和约束_11_83],-6164.157999999999
cons[火电机组分段中标量约束_11_84_0],-56.146999999999935
cons[火电机组分段中标量约束_11_84_1],-10.100999999998749
cons[火电机组分段中标量约束_11_84_2],0.0
cons[火电机组分段中标量约束_11_84_3],0.0
cons[火电机组分段中标量约束_11_84_4],0.0
cons[火电机组分段中标量约束_11_84_5],0.0
cons[火电机组分段中标量约束_11_84_6],0.0
cons[火电机组分段中标量约束_11_84_7],0.0
cons[火电机组分段中标量约束_11_84_8],0.0
cons[火电机组分段中标量约束_11_84_9],0.0
cons[火电机组出力之和约束_11_84],-6164.157999999999
cons[火电机组分段中标量约束_11_85_0],-56.146999999999935
cons[火电机组分段中标量约束_11_85_1],-10.100999999998749
cons[火电机组分段中标量约束_11_85_2],0.0
cons[火电机组分段中标量约束_11_85_3],0.0
cons[火电机组分段中标量约束_11_85_4],0.0
cons[火电机组分段中标量约束_11_85_5],0.0
cons[火电机组分段中标量约束_11_85_6],0.0
cons[火电机组分段中标量约束_11_85_7],0.0
cons[火电机组分段中标量约束_11_85_8],0.0
cons[火电机组分段中标量约束_11_85_9],0.0
cons[火电机组出力之和约束_11_85],-6164.157999999999
cons[火电机组分段中标量约束_11_86_0],-56.146999999999935
cons[火电机组分段中标量约束_11_86_1],-10.100999999998749
cons[火电机组分段中标量约束_11_86_2],0.0
cons[火电机组分段中标量约束_11_86_3],0.0
cons[火电机组分段中标量约束_11_86_4],0.0
cons[火电机组分段中标量约束_11_86_5],0.0
cons[火电机组分段中标量约束_11_86_6],0.0
cons[火电机组分段中标量约束_11_86_7],0.0
cons[火电机组分段中标量约束_11_86_8],0.0
cons[火电机组分段中标量约束_11_86_9],0.0
cons[火电机组出力之和约束_11_86],-6164.157999999999
cons[火电机组分段中标量约束_11_87_0],-46.046000000001186
cons[火电机组分段中标量约束_11_87_1],0.0
cons[火电机组分段中标量约束_11_87_2],0.0
cons[火电机组分段中标量约束_11_87_3],0.0
cons[火电机组分段中标量约束_11_87_4],0.0
cons[火电机组分段中标量约束_11_87_5],0.0
cons[火电机组分段中标量约束_11_87_6],0.0
cons[火电机组分段中标量约束_11_87_7],0.0
cons[火电机组分段中标量约束_11_87_8],0.0
cons[火电机组分段中标量约束_11_87_9],0.0
cons[火电机组出力之和约束_11_87],-6154.057000000001
cons[火电机组分段中标量约束_11_88_0],-0.45500000000083674
cons[火电机组分段中标量约束_11_88_1],0.0
cons[火电机组分段中标量约束_11_88_2],0.0
cons[火电机组分段中标量约束_11_88_3],0.0
cons[火电机组分段中标量约束_11_88_4],0.0
cons[火电机组分段中标量约束_11_88_5],0.0
cons[火电机组分段中标量约束_11_88_6],0.0
cons[火电机组分段中标量约束_11_88_7],0.0
cons[火电机组分段中标量约束_11_88_8],0.0
cons[火电机组分段中标量约束_11_88_9],0.0
cons[火电机组出力之和约束_11_88],-6108.466
cons[火电机组分段中标量约束_11_89_0],0.0
cons[火电机组分段中标量约束_11_89_1],0.0
cons[火电机组分段中标量约束_11_89_2],0.0
cons[火电机组分段中标量约束_11_89_3],0.0
cons[火电机组分段中标量约束_11_89_4],0.0
cons[火电机组分段中标量约束_11_89_5],0.0
cons[火电机组分段中标量约束_11_89_6],0.0
cons[火电机组分段中标量约束_11_89_7],0.0
cons[火电机组分段中标量约束_11_89_8],0.0
cons[火电机组分段中标量约束_11_89_9],0.0
cons[火电机组出力之和约束_11_89],-6108.0109999999995
cons[火电机组分段中标量约束_11_90_0],0.0
cons[火电机组分段中标量约束_11_90_1],0.0
cons[火电机组分段中标量约束_11_90_2],0.0
cons[火电机组分段中标量约束_11_90_3],0.0
cons[火电机组分段中标量约束_11_90_4],0.0
cons[火电机组分段中标量约束_11_90_5],0.0
cons[火电机组分段中标量约束_11_90_6],0.0
cons[火电机组分段中标量约束_11_90_7],0.0
cons[火电机组分段中标量约束_11_90_8],0.0
cons[火电机组分段中标量约束_11_90_9],0.0
cons[火电机组出力之和约束_11_90],-6108.0109999999995
cons[火电机组分段中标量约束_11_91_0],0.0
cons[火电机组分段中标量约束_11_91_1],0.0
cons[火电机组分段中标量约束_11_91_2],0.0
cons[火电机组分段中标量约束_11_91_3],0.0
cons[火电机组分段中标量约束_11_91_4],0.0
cons[火电机组分段中标量约束_11_91_5],0.0
cons[火电机组分段中标量约束_11_91_6],0.0
cons[火电机组分段中标量约束_11_91_7],0.0
cons[火电机组分段中标量约束_11_91_8],0.0
cons[火电机组分段中标量约束_11_91_9],0.0
cons[火电机组出力之和约束_11_91],-6108.0109999999995
cons[火电机组分段中标量约束_11_92_0],0.0
cons[火电机组分段中标量约束_11_92_1],0.0
cons[火电机组分段中标量约束_11_92_2],0.0
cons[火电机组分段中标量约束_11_92_3],0.0
cons[火电机组分段中标量约束_11_92_4],0.0
cons[火电机组分段中标量约束_11_92_5],0.0
cons[火电机组分段中标量约束_11_92_6],0.0
cons[火电机组分段中标量约束_11_92_7],0.0
cons[火电机组分段中标量约束_11_92_8],0.0
cons[火电机组分段中标量约束_11_92_9],0.0
cons[火电机组出力之和约束_11_92],-6108.0109999999995
cons[火电机组分段中标量约束_11_93_0],0.0
cons[火电机组分段中标量约束_11_93_1],0.0
cons[火电机组分段中标量约束_11_93_2],0.0
cons[火电机组分段中标量约束_11_93_3],0.0
cons[火电机组分段中标量约束_11_93_4],0.0
cons[火电机组分段中标量约束_11_93_5],0.0
cons[火电机组分段中标量约束_11_93_6],0.0
cons[火电机组分段中标量约束_11_93_7],0.0
cons[火电机组分段中标量约束_11_93_8],0.0
cons[火电机组分段中标量约束_11_93_9],0.0
cons[火电机组出力之和约束_11_93],-6108.0109999999995
cons[火电机组分段中标量约束_11_94_0],0.0
cons[火电机组分段中标量约束_11_94_1],0.0
cons[火电机组分段中标量约束_11_94_2],0.0
cons[火电机组分段中标量约束_11_94_3],0.0
cons[火电机组分段中标量约束_11_94_4],0.0
cons[火电机组分段中标量约束_11_94_5],0.0
cons[火电机组分段中标量约束_11_94_6],0.0
cons[火电机组分段中标量约束_11_94_7],0.0
cons[火电机组分段中标量约束_11_94_8],0.0
cons[火电机组分段中标量约束_11_94_9],0.0
cons[火电机组出力之和约束_11_94],-6108.0109999999995
cons[火电机组分段中标量约束_11_95_0],0.0
cons[火电机组分段中标量约束_11_95_1],0.0
cons[火电机组分段中标量约束_11_95_2],0.0
cons[火电机组分段中标量约束_11_95_3],0.0
cons[火电机组分段中标量约束_11_95_4],0.0
cons[火电机组分段中标量约束_11_95_5],0.0
cons[火电机组分段中标量约束_11_95_6],0.0
cons[火电机组分段中标量约束_11_95_7],0.0
cons[火电机组分段中标量约束_11_95_8],0.0
cons[火电机组分段中标量约束_11_95_9],0.0
cons[火电机组出力之和约束_11_95],-6108.0109999999995
cons[火电机组分段中标量约束_12_0_0],-102.19300000000112
cons[火电机组分段中标量约束_12_0_1],-56.146999999999935
cons[火电机组分段中标量约束_12_0_2],-10.101000000000568
cons[火电机组分段中标量约束_12_0_3],0.0
cons[火电机组分段中标量约束_12_0_4],0.0
cons[火电机组分段中标量约束_12_0_5],0.0
cons[火电机组分段中标量约束_12_0_6],0.0
cons[火电机组分段中标量约束_12_0_7],0.0
cons[火电机组分段中标量约束_12_0_8],0.0
cons[火电机组分段中标量约束_12_0_9],0.0
cons[火电机组出力之和约束_12_0],-6210.204000000001
cons[火电机组分段中标量约束_12_1_0],-88.67950000000019
cons[火电机组分段中标量约束_12_1_1],-42.633499999999
cons[火电机组分段中标量约束_12_1_2],0.0
cons[火电机组分段中标量约束_12_1_3],0.0
cons[火电机组分段中标量约束_12_1_4],0.0
cons[火电机组分段中标量约束_12_1_5],0.0
cons[火电机组分段中标量约束_12_1_6],0.0
cons[火电机组分段中标量约束_12_1_7],0.0
cons[火电机组分段中标量约束_12_1_8],0.0
cons[火电机组分段中标量约束_12_1_9],0.0
cons[火电机组出力之和约束_12_1],-6196.6905
cons[火电机组分段中标量约束_12_2_0],-46.046000000001186
cons[火电机组分段中标量约束_12_2_1],0.0
cons[火电机组分段中标量约束_12_2_2],0.0
cons[火电机组分段中标量约束_12_2_3],0.0
cons[火电机组分段中标量约束_12_2_4],0.0
cons[火电机组分段中标量约束_12_2_5],0.0
cons[火电机组分段中标量约束_12_2_6],0.0
cons[火电机组分段中标量约束_12_2_7],0.0
cons[火电机组分段中标量约束_12_2_8],0.0
cons[火电机组分段中标量约束_12_2_9],0.0
cons[火电机组出力之和约束_12_2],-6154.057000000001
cons[火电机组分段中标量约束_12_3_0],-10.101000000000568
cons[火电机组分段中标量约束_12_3_1],0.0
cons[火电机组分段中标量约束_12_3_2],0.0
cons[火电机组分段中标量约束_12_3_3],0.0
cons[火电机组分段中标量约束_12_3_4],0.0
cons[火电机组分段中标量约束_12_3_5],0.0
cons[火电机组分段中标量约束_12_3_6],0.0
cons[火电机组分段中标量约束_12_3_7],0.0
cons[火电机组分段中标量约束_12_3_8],0.0
cons[火电机组分段中标量约束_12_3_9],0.0
cons[火电机组出力之和约束_12_3],-6118.112
cons[火电机组分段中标量约束_12_4_0],0.0
cons[火电机组分段中标量约束_12_4_1],0.0
cons[火电机组分段中标量约束_12_4_2],0.0
cons[火电机组分段中标量约束_12_4_3],0.0
cons[火电机组分段中标量约束_12_4_4],0.0
cons[火电机组分段中标量约束_12_4_5],0.0
cons[火电机组分段中标量约束_12_4_6],0.0
cons[火电机组分段中标量约束_12_4_7],0.0
cons[火电机组分段中标量约束_12_4_8],0.0
cons[火电机组分段中标量约束_12_4_9],0.0
cons[火电机组出力之和约束_12_4],-6108.0109999999995
cons[火电机组分段中标量约束_12_5_0],0.0
cons[火电机组分段中标量约束_12_5_1],0.0
cons[火电机组分段中标量约束_12_5_2],0.0
cons[火电机组分段中标量约束_12_5_3],0.0
cons[火电机组分段中标量约束_12_5_4],0.0
cons[火电机组分段中标量约束_12_5_5],0.0
cons[火电机组分段中标量约束_12_5_6],0.0
cons[火电机组分段中标量约束_12_5_7],0.0
cons[火电机组分段中标量约束_12_5_8],0.0
cons[火电机组分段中标量约束_12_5_9],0.0
cons[火电机组出力之和约束_12_5],-6108.0109999999995
cons[火电机组分段中标量约束_12_6_0],0.0
cons[火电机组分段中标量约束_12_6_1],0.0
cons[火电机组分段中标量约束_12_6_2],0.0
cons[火电机组分段中标量约束_12_6_3],0.0
cons[火电机组分段中标量约束_12_6_4],0.0
cons[火电机组分段中标量约束_12_6_5],0.0
cons[火电机组分段中标量约束_12_6_6],0.0
cons[火电机组分段中标量约束_12_6_7],0.0
cons[火电机组分段中标量约束_12_6_8],0.0
cons[火电机组分段中标量约束_12_6_9],0.0
cons[火电机组出力之和约束_12_6],-6108.0109999999995
cons[火电机组分段中标量约束_12_7_0],0.0
cons[火电机组分段中标量约束_12_7_1],0.0
cons[火电机组分段中标量约束_12_7_2],0.0
cons[火电机组分段中标量约束_12_7_3],0.0
cons[火电机组分段中标量约束_12_7_4],0.0
cons[火电机组分段中标量约束_12_7_5],0.0
cons[火电机组分段中标量约束_12_7_6],0.0
cons[火电机组分段中标量约束_12_7_7],0.0
cons[火电机组分段中标量约束_12_7_8],0.0
cons[火电机组分段中标量约束_12_7_9],0.0
cons[火电机组出力之和约束_12_7],-6108.0109999999995
cons[火电机组分段中标量约束_12_8_0],0.0
cons[火电机组分段中标量约束_12_8_1],0.0
cons[火电机组分段中标量约束_12_8_2],0.0
cons[火电机组分段中标量约束_12_8_3],0.0
cons[火电机组分段中标量约束_12_8_4],0.0
cons[火电机组分段中标量约束_12_8_5],0.0
cons[火电机组分段中标量约束_12_8_6],0.0
cons[火电机组分段中标量约束_12_8_7],0.0
cons[火电机组分段中标量约束_12_8_8],0.0
cons[火电机组分段中标量约束_12_8_9],0.0
cons[火电机组出力之和约束_12_8],-6108.0109999999995
cons[火电机组分段中标量约束_12_9_0],0.0
cons[火电机组分段中标量约束_12_9_1],0.0
cons[火电机组分段中标量约束_12_9_2],0.0
cons[火电机组分段中标量约束_12_9_3],0.0
cons[火电机组分段中标量约束_12_9_4],0.0
cons[火电机组分段中标量约束_12_9_5],0.0
cons[火电机组分段中标量约束_12_9_6],0.0
cons[火电机组分段中标量约束_12_9_7],0.0
cons[火电机组分段中标量约束_12_9_8],0.0
cons[火电机组分段中标量约束_12_9_9],0.0
cons[火电机组出力之和约束_12_9],-6108.0109999999995
cons[火电机组分段中标量约束_12_10_0],0.0
cons[火电机组分段中标量约束_12_10_1],0.0
cons[火电机组分段中标量约束_12_10_2],0.0
cons[火电机组分段中标量约束_12_10_3],0.0
cons[火电机组分段中标量约束_12_10_4],0.0
cons[火电机组分段中标量约束_12_10_5],0.0
cons[火电机组分段中标量约束_12_10_6],0.0
cons[火电机组分段中标量约束_12_10_7],0.0
cons[火电机组分段中标量约束_12_10_8],0.0
cons[火电机组分段中标量约束_12_10_9],0.0
cons[火电机组出力之和约束_12_10],-6108.0109999999995
cons[火电机组分段中标量约束_12_11_0],0.0
cons[火电机组分段中标量约束_12_11_1],0.0
cons[火电机组分段中标量约束_12_11_2],0.0
cons[火电机组分段中标量约束_12_11_3],0.0
cons[火电机组分段中标量约束_12_11_4],0.0
cons[火电机组分段中标量约束_12_11_5],0.0
cons[火电机组分段中标量约束_12_11_6],0.0
cons[火电机组分段中标量约束_12_11_7],0.0
cons[火电机组分段中标量约束_12_11_8],0.0
cons[火电机组分段中标量约束_12_11_9],0.0
cons[火电机组出力之和约束_12_11],-6108.0109999999995
cons[火电机组分段中标量约束_12_12_0],0.0
cons[火电机组分段中标量约束_12_12_1],0.0
cons[火电机组分段中标量约束_12_12_2],0.0
cons[火电机组分段中标量约束_12_12_3],0.0
cons[火电机组分段中标量约束_12_12_4],0.0
cons[火电机组分段中标量约束_12_12_5],0.0
cons[火电机组分段中标量约束_12_12_6],0.0
cons[火电机组分段中标量约束_12_12_7],0.0
cons[火电机组分段中标量约束_12_12_8],0.0
cons[火电机组分段中标量约束_12_12_9],0.0
cons[火电机组出力之和约束_12_12],-6108.0109999999995
cons[火电机组分段中标量约束_12_13_0],0.0
cons[火电机组分段中标量约束_12_13_1],0.0
cons[火电机组分段中标量约束_12_13_2],0.0
cons[火电机组分段中标量约束_12_13_3],0.0
cons[火电机组分段中标量约束_12_13_4],0.0
cons[火电机组分段中标量约束_12_13_5],0.0
cons[火电机组分段中标量约束_12_13_6],0.0
cons[火电机组分段中标量约束_12_13_7],0.0
cons[火电机组分段中标量约束_12_13_8],0.0
cons[火电机组分段中标量约束_12_13_9],0.0
cons[火电机组出力之和约束_12_13],-6108.0109999999995
cons[火电机组分段中标量约束_12_14_0],0.0
cons[火电机组分段中标量约束_12_14_1],0.0
cons[火电机组分段中标量约束_12_14_2],0.0
cons[火电机组分段中标量约束_12_14_3],0.0
cons[火电机组分段中标量约束_12_14_4],0.0
cons[火电机组分段中标量约束_12_14_5],0.0
cons[火电机组分段中标量约束_12_14_6],0.0
cons[火电机组分段中标量约束_12_14_7],0.0
cons[火电机组分段中标量约束_12_14_8],0.0
cons[火电机组分段中标量约束_12_14_9],0.0
cons[火电机组出力之和约束_12_14],-6108.0109999999995
cons[火电机组分段中标量约束_12_15_0],0.0
cons[火电机组分段中标量约束_12_15_1],0.0
cons[火电机组分段中标量约束_12_15_2],0.0
cons[火电机组分段中标量约束_12_15_3],0.0
cons[火电机组分段中标量约束_12_15_4],0.0
cons[火电机组分段中标量约束_12_15_5],0.0
cons[火电机组分段中标量约束_12_15_6],0.0
cons[火电机组分段中标量约束_12_15_7],0.0
cons[火电机组分段中标量约束_12_15_8],0.0
cons[火电机组分段中标量约束_12_15_9],0.0
cons[火电机组出力之和约束_12_15],-6108.0109999999995
cons[火电机组分段中标量约束_12_16_0],0.0
cons[火电机组分段中标量约束_12_16_1],0.0
cons[火电机组分段中标量约束_12_16_2],0.0
cons[火电机组分段中标量约束_12_16_3],0.0
cons[火电机组分段中标量约束_12_16_4],0.0
cons[火电机组分段中标量约束_12_16_5],0.0
cons[火电机组分段中标量约束_12_16_6],0.0
cons[火电机组分段中标量约束_12_16_7],0.0
cons[火电机组分段中标量约束_12_16_8],0.0
cons[火电机组分段中标量约束_12_16_9],0.0
cons[火电机组出力之和约束_12_16],-6108.0109999999995
cons[火电机组分段中标量约束_12_17_0],0.0
cons[火电机组分段中标量约束_12_17_1],0.0
cons[火电机组分段中标量约束_12_17_2],0.0
cons[火电机组分段中标量约束_12_17_3],0.0
cons[火电机组分段中标量约束_12_17_4],0.0
cons[火电机组分段中标量约束_12_17_5],0.0
cons[火电机组分段中标量约束_12_17_6],0.0
cons[火电机组分段中标量约束_12_17_7],0.0
cons[火电机组分段中标量约束_12_17_8],0.0
cons[火电机组分段中标量约束_12_17_9],0.0
cons[火电机组出力之和约束_12_17],-6108.0109999999995
cons[火电机组分段中标量约束_12_18_0],0.0
cons[火电机组分段中标量约束_12_18_1],0.0
cons[火电机组分段中标量约束_12_18_2],0.0
cons[火电机组分段中标量约束_12_18_3],0.0
cons[火电机组分段中标量约束_12_18_4],0.0
cons[火电机组分段中标量约束_12_18_5],0.0
cons[火电机组分段中标量约束_12_18_6],0.0
cons[火电机组分段中标量约束_12_18_7],0.0
cons[火电机组分段中标量约束_12_18_8],0.0
cons[火电机组分段中标量约束_12_18_9],0.0
cons[火电机组出力之和约束_12_18],-6108.0109999999995
cons[火电机组分段中标量约束_12_19_0],0.0
cons[火电机组分段中标量约束_12_19_1],0.0
cons[火电机组分段中标量约束_12_19_2],0.0
cons[火电机组分段中标量约束_12_19_3],0.0
cons[火电机组分段中标量约束_12_19_4],0.0
cons[火电机组分段中标量约束_12_19_5],0.0
cons[火电机组分段中标量约束_12_19_6],0.0
cons[火电机组分段中标量约束_12_19_7],0.0
cons[火电机组分段中标量约束_12_19_8],0.0
cons[火电机组分段中标量约束_12_19_9],0.0
cons[火电机组出力之和约束_12_19],-6108.0109999999995
cons[火电机组分段中标量约束_12_20_0],0.0
cons[火电机组分段中标量约束_12_20_1],0.0
cons[火电机组分段中标量约束_12_20_2],0.0
cons[火电机组分段中标量约束_12_20_3],0.0
cons[火电机组分段中标量约束_12_20_4],0.0
cons[火电机组分段中标量约束_12_20_5],0.0
cons[火电机组分段中标量约束_12_20_6],0.0
cons[火电机组分段中标量约束_12_20_7],0.0
cons[火电机组分段中标量约束_12_20_8],0.0
cons[火电机组分段中标量约束_12_20_9],0.0
cons[火电机组出力之和约束_12_20],-6108.0109999999995
cons[火电机组分段中标量约束_12_21_0],0.0
cons[火电机组分段中标量约束_12_21_1],0.0
cons[火电机组分段中标量约束_12_21_2],0.0
cons[火电机组分段中标量约束_12_21_3],0.0
cons[火电机组分段中标量约束_12_21_4],0.0
cons[火电机组分段中标量约束_12_21_5],0.0
cons[火电机组分段中标量约束_12_21_6],0.0
cons[火电机组分段中标量约束_12_21_7],0.0
cons[火电机组分段中标量约束_12_21_8],0.0
cons[火电机组分段中标量约束_12_21_9],0.0
cons[火电机组出力之和约束_12_21],-6108.0109999999995
cons[火电机组分段中标量约束_12_22_0],0.0
cons[火电机组分段中标量约束_12_22_1],0.0
cons[火电机组分段中标量约束_12_22_2],0.0
cons[火电机组分段中标量约束_12_22_3],0.0
cons[火电机组分段中标量约束_12_22_4],0.0
cons[火电机组分段中标量约束_12_22_5],0.0
cons[火电机组分段中标量约束_12_22_6],0.0
cons[火电机组分段中标量约束_12_22_7],0.0
cons[火电机组分段中标量约束_12_22_8],0.0
cons[火电机组分段中标量约束_12_22_9],0.0
cons[火电机组出力之和约束_12_22],-6108.0109999999995
cons[火电机组分段中标量约束_12_23_0],0.0
cons[火电机组分段中标量约束_12_23_1],0.0
cons[火电机组分段中标量约束_12_23_2],0.0
cons[火电机组分段中标量约束_12_23_3],0.0
cons[火电机组分段中标量约束_12_23_4],0.0
cons[火电机组分段中标量约束_12_23_5],0.0
cons[火电机组分段中标量约束_12_23_6],0.0
cons[火电机组分段中标量约束_12_23_7],0.0
cons[火电机组分段中标量约束_12_23_8],0.0
cons[火电机组分段中标量约束_12_23_9],0.0
cons[火电机组出力之和约束_12_23],-6108.0109999999995
cons[火电机组分段中标量约束_12_24_0],0.0
cons[火电机组分段中标量约束_12_24_1],0.0
cons[火电机组分段中标量约束_12_24_2],0.0
cons[火电机组分段中标量约束_12_24_3],0.0
cons[火电机组分段中标量约束_12_24_4],0.0
cons[火电机组分段中标量约束_12_24_5],0.0
cons[火电机组分段中标量约束_12_24_6],0.0
cons[火电机组分段中标量约束_12_24_7],0.0
cons[火电机组分段中标量约束_12_24_8],0.0
cons[火电机组分段中标量约束_12_24_9],0.0
cons[火电机组出力之和约束_12_24],-6108.0109999999995
cons[火电机组分段中标量约束_12_25_0],0.0
cons[火电机组分段中标量约束_12_25_1],0.0
cons[火电机组分段中标量约束_12_25_2],0.0
cons[火电机组分段中标量约束_12_25_3],0.0
cons[火电机组分段中标量约束_12_25_4],0.0
cons[火电机组分段中标量约束_12_25_5],0.0
cons[火电机组分段中标量约束_12_25_6],0.0
cons[火电机组分段中标量约束_12_25_7],0.0
cons[火电机组分段中标量约束_12_25_8],0.0
cons[火电机组分段中标量约束_12_25_9],0.0
cons[火电机组出力之和约束_12_25],-6108.0109999999995
cons[火电机组分段中标量约束_12_26_0],0.0
cons[火电机组分段中标量约束_12_26_1],0.0
cons[火电机组分段中标量约束_12_26_2],0.0
cons[火电机组分段中标量约束_12_26_3],0.0
cons[火电机组分段中标量约束_12_26_4],0.0
cons[火电机组分段中标量约束_12_26_5],0.0
cons[火电机组分段中标量约束_12_26_6],0.0
cons[火电机组分段中标量约束_12_26_7],0.0
cons[火电机组分段中标量约束_12_26_8],0.0
cons[火电机组分段中标量约束_12_26_9],0.0
cons[火电机组出力之和约束_12_26],-6108.0109999999995
cons[火电机组分段中标量约束_12_27_0],0.0
cons[火电机组分段中标量约束_12_27_1],0.0
cons[火电机组分段中标量约束_12_27_2],0.0
cons[火电机组分段中标量约束_12_27_3],0.0
cons[火电机组分段中标量约束_12_27_4],0.0
cons[火电机组分段中标量约束_12_27_5],0.0
cons[火电机组分段中标量约束_12_27_6],0.0
cons[火电机组分段中标量约束_12_27_7],0.0
cons[火电机组分段中标量约束_12_27_8],0.0
cons[火电机组分段中标量约束_12_27_9],0.0
cons[火电机组出力之和约束_12_27],-6108.0109999999995
cons[火电机组分段中标量约束_12_28_0],0.0
cons[火电机组分段中标量约束_12_28_1],0.0
cons[火电机组分段中标量约束_12_28_2],0.0
cons[火电机组分段中标量约束_12_28_3],0.0
cons[火电机组分段中标量约束_12_28_4],0.0
cons[火电机组分段中标量约束_12_28_5],0.0
cons[火电机组分段中标量约束_12_28_6],0.0
cons[火电机组分段中标量约束_12_28_7],0.0
cons[火电机组分段中标量约束_12_28_8],0.0
cons[火电机组分段中标量约束_12_28_9],0.0
cons[火电机组出力之和约束_12_28],-6108.0109999999995
cons[火电机组分段中标量约束_12_29_0],0.0
cons[火电机组分段中标量约束_12_29_1],0.0
cons[火电机组分段中标量约束_12_29_2],0.0
cons[火电机组分段中标量约束_12_29_3],0.0
cons[火电机组分段中标量约束_12_29_4],0.0
cons[火电机组分段中标量约束_12_29_5],0.0
cons[火电机组分段中标量约束_12_29_6],0.0
cons[火电机组分段中标量约束_12_29_7],0.0
cons[火电机组分段中标量约束_12_29_8],0.0
cons[火电机组分段中标量约束_12_29_9],0.0
cons[火电机组出力之和约束_12_29],-6108.0109999999995
cons[火电机组分段中标量约束_12_30_0],0.0
cons[火电机组分段中标量约束_12_30_1],0.0
cons[火电机组分段中标量约束_12_30_2],0.0
cons[火电机组分段中标量约束_12_30_3],0.0
cons[火电机组分段中标量约束_12_30_4],0.0
cons[火电机组分段中标量约束_12_30_5],0.0
cons[火电机组分段中标量约束_12_30_6],0.0
cons[火电机组分段中标量约束_12_30_7],0.0
cons[火电机组分段中标量约束_12_30_8],0.0
cons[火电机组分段中标量约束_12_30_9],0.0
cons[火电机组出力之和约束_12_30],-6108.0109999999995
cons[火电机组分段中标量约束_12_31_0],0.0
cons[火电机组分段中标量约束_12_31_1],0.0
cons[火电机组分段中标量约束_12_31_2],0.0
cons[火电机组分段中标量约束_12_31_3],0.0
cons[火电机组分段中标量约束_12_31_4],0.0
cons[火电机组分段中标量约束_12_31_5],0.0
cons[火电机组分段中标量约束_12_31_6],0.0
cons[火电机组分段中标量约束_12_31_7],0.0
cons[火电机组分段中标量约束_12_31_8],0.0
cons[火电机组分段中标量约束_12_31_9],0.0
cons[火电机组出力之和约束_12_31],-6108.0109999999995
cons[火电机组分段中标量约束_12_32_0],-0.45500000000083674
cons[火电机组分段中标量约束_12_32_1],0.0
cons[火电机组分段中标量约束_12_32_2],0.0
cons[火电机组分段中标量约束_12_32_3],0.0
cons[火电机组分段中标量约束_12_32_4],0.0
cons[火电机组分段中标量约束_12_32_5],0.0
cons[火电机组分段中标量约束_12_32_6],0.0
cons[火电机组分段中标量约束_12_32_7],0.0
cons[火电机组分段中标量约束_12_32_8],0.0
cons[火电机组分段中标量约束_12_32_9],0.0
cons[火电机组出力之和约束_12_32],-6108.466
cons[火电机组分段中标量约束_12_33_0],-10.101000000000568
cons[火电机组分段中标量约束_12_33_1],0.0
cons[火电机组分段中标量约束_12_33_2],0.0
cons[火电机组分段中标量约束_12_33_3],0.0
cons[火电机组分段中标量约束_12_33_4],0.0
cons[火电机组分段中标量约束_12_33_5],0.0
cons[火电机组分段中标量约束_12_33_6],0.0
cons[火电机组分段中标量约束_12_33_7],0.0
cons[火电机组分段中标量约束_12_33_8],0.0
cons[火电机组分段中标量约束_12_33_9],0.0
cons[火电机组出力之和约束_12_33],-6118.112
cons[火电机组分段中标量约束_12_34_0],-10.101000000000568
cons[火电机组分段中标量约束_12_34_1],0.0
cons[火电机组分段中标量约束_12_34_2],0.0
cons[火电机组分段中标量约束_12_34_3],0.0
cons[火电机组分段中标量约束_12_34_4],0.0
cons[火电机组分段中标量约束_12_34_5],0.0
cons[火电机组分段中标量约束_12_34_6],0.0
cons[火电机组分段中标量约束_12_34_7],0.0
cons[火电机组分段中标量约束_12_34_8],0.0
cons[火电机组分段中标量约束_12_34_9],0.0
cons[火电机组出力之和约束_12_34],-6118.112
cons[火电机组分段中标量约束_12_35_0],-10.101000000000568
cons[火电机组分段中标量约束_12_35_1],0.0
cons[火电机组分段中标量约束_12_35_2],0.0
cons[火电机组分段中标量约束_12_35_3],0.0
cons[火电机组分段中标量约束_12_35_4],0.0
cons[火电机组分段中标量约束_12_35_5],0.0
cons[火电机组分段中标量约束_12_35_6],0.0
cons[火电机组分段中标量约束_12_35_7],0.0
cons[火电机组分段中标量约束_12_35_8],0.0
cons[火电机组分段中标量约束_12_35_9],0.0
cons[火电机组出力之和约束_12_35],-6118.112
cons[火电机组分段中标量约束_12_36_0],-10.101000000000568
cons[火电机组分段中标量约束_12_36_1],0.0
cons[火电机组分段中标量约束_12_36_2],0.0
cons[火电机组分段中标量约束_12_36_3],0.0
cons[火电机组分段中标量约束_12_36_4],0.0
cons[火电机组分段中标量约束_12_36_5],0.0
cons[火电机组分段中标量约束_12_36_6],0.0
cons[火电机组分段中标量约束_12_36_7],0.0
cons[火电机组分段中标量约束_12_36_8],0.0
cons[火电机组分段中标量约束_12_36_9],0.0
cons[火电机组出力之和约束_12_36],-6118.112
cons[火电机组分段中标量约束_12_37_0],-0.45500000000083674
cons[火电机组分段中标量约束_12_37_1],0.0
cons[火电机组分段中标量约束_12_37_2],0.0
cons[火电机组分段中标量约束_12_37_3],0.0
cons[火电机组分段中标量约束_12_37_4],0.0
cons[火电机组分段中标量约束_12_37_5],0.0
cons[火电机组分段中标量约束_12_37_6],0.0
cons[火电机组分段中标量约束_12_37_7],0.0
cons[火电机组分段中标量约束_12_37_8],0.0
cons[火电机组分段中标量约束_12_37_9],0.0
cons[火电机组出力之和约束_12_37],-6108.466
cons[火电机组分段中标量约束_12_38_0],-0.45500000000083674
cons[火电机组分段中标量约束_12_38_1],0.0
cons[火电机组分段中标量约束_12_38_2],0.0
cons[火电机组分段中标量约束_12_38_3],0.0
cons[火电机组分段中标量约束_12_38_4],0.0
cons[火电机组分段中标量约束_12_38_5],0.0
cons[火电机组分段中标量约束_12_38_6],0.0
cons[火电机组分段中标量约束_12_38_7],0.0
cons[火电机组分段中标量约束_12_38_8],0.0
cons[火电机组分段中标量约束_12_38_9],0.0
cons[火电机组出力之和约束_12_38],-6108.466
cons[火电机组分段中标量约束_12_39_0],-0.45500000000083674
cons[火电机组分段中标量约束_12_39_1],0.0
cons[火电机组分段中标量约束_12_39_2],0.0
cons[火电机组分段中标量约束_12_39_3],0.0
cons[火电机组分段中标量约束_12_39_4],0.0
cons[火电机组分段中标量约束_12_39_5],0.0
cons[火电机组分段中标量约束_12_39_6],0.0
cons[火电机组分段中标量约束_12_39_7],0.0
cons[火电机组分段中标量约束_12_39_8],0.0
cons[火电机组分段中标量约束_12_39_9],0.0
cons[火电机组出力之和约束_12_39],-6108.466
cons[火电机组分段中标量约束_12_40_0],-0.45500000000083674
cons[火电机组分段中标量约束_12_40_1],0.0
cons[火电机组分段中标量约束_12_40_2],0.0
cons[火电机组分段中标量约束_12_40_3],0.0
cons[火电机组分段中标量约束_12_40_4],0.0
cons[火电机组分段中标量约束_12_40_5],0.0
cons[火电机组分段中标量约束_12_40_6],0.0
cons[火电机组分段中标量约束_12_40_7],0.0
cons[火电机组分段中标量约束_12_40_8],0.0
cons[火电机组分段中标量约束_12_40_9],0.0
cons[火电机组出力之和约束_12_40],-6108.466
cons[火电机组分段中标量约束_12_41_0],-0.45500000000083674
cons[火电机组分段中标量约束_12_41_1],0.0
cons[火电机组分段中标量约束_12_41_2],0.0
cons[火电机组分段中标量约束_12_41_3],0.0
cons[火电机组分段中标量约束_12_41_4],0.0
cons[火电机组分段中标量约束_12_41_5],0.0
cons[火电机组分段中标量约束_12_41_6],0.0
cons[火电机组分段中标量约束_12_41_7],0.0
cons[火电机组分段中标量约束_12_41_8],0.0
cons[火电机组分段中标量约束_12_41_9],0.0
cons[火电机组出力之和约束_12_41],-6108.466
cons[火电机组分段中标量约束_12_42_0],-0.45500000000083674
cons[火电机组分段中标量约束_12_42_1],0.0
cons[火电机组分段中标量约束_12_42_2],0.0
cons[火电机组分段中标量约束_12_42_3],0.0
cons[火电机组分段中标量约束_12_42_4],0.0
cons[火电机组分段中标量约束_12_42_5],0.0
cons[火电机组分段中标量约束_12_42_6],0.0
cons[火电机组分段中标量约束_12_42_7],0.0
cons[火电机组分段中标量约束_12_42_8],0.0
cons[火电机组分段中标量约束_12_42_9],0.0
cons[火电机组出力之和约束_12_42],-6108.466
cons[火电机组分段中标量约束_12_43_0],-0.45500000000083674
cons[火电机组分段中标量约束_12_43_1],0.0
cons[火电机组分段中标量约束_12_43_2],0.0
cons[火电机组分段中标量约束_12_43_3],0.0
cons[火电机组分段中标量约束_12_43_4],0.0
cons[火电机组分段中标量约束_12_43_5],0.0
cons[火电机组分段中标量约束_12_43_6],0.0
cons[火电机组分段中标量约束_12_43_7],0.0
cons[火电机组分段中标量约束_12_43_8],0.0
cons[火电机组分段中标量约束_12_43_9],0.0
cons[火电机组出力之和约束_12_43],-6108.466
cons[火电机组分段中标量约束_12_44_0],-0.45500000000083674
cons[火电机组分段中标量约束_12_44_1],0.0
cons[火电机组分段中标量约束_12_44_2],0.0
cons[火电机组分段中标量约束_12_44_3],0.0
cons[火电机组分段中标量约束_12_44_4],0.0
cons[火电机组分段中标量约束_12_44_5],0.0
cons[火电机组分段中标量约束_12_44_6],0.0
cons[火电机组分段中标量约束_12_44_7],0.0
cons[火电机组分段中标量约束_12_44_8],0.0
cons[火电机组分段中标量约束_12_44_9],0.0
cons[火电机组出力之和约束_12_44],-6108.466
cons[火电机组分段中标量约束_12_45_0],0.0
cons[火电机组分段中标量约束_12_45_1],0.0
cons[火电机组分段中标量约束_12_45_2],0.0
cons[火电机组分段中标量约束_12_45_3],0.0
cons[火电机组分段中标量约束_12_45_4],0.0
cons[火电机组分段中标量约束_12_45_5],0.0
cons[火电机组分段中标量约束_12_45_6],0.0
cons[火电机组分段中标量约束_12_45_7],0.0
cons[火电机组分段中标量约束_12_45_8],0.0
cons[火电机组分段中标量约束_12_45_9],0.0
cons[火电机组出力之和约束_12_45],-6108.0109999999995
cons[火电机组分段中标量约束_12_46_0],0.0
cons[火电机组分段中标量约束_12_46_1],0.0
cons[火电机组分段中标量约束_12_46_2],0.0
cons[火电机组分段中标量约束_12_46_3],0.0
cons[火电机组分段中标量约束_12_46_4],0.0
cons[火电机组分段中标量约束_12_46_5],0.0
cons[火电机组分段中标量约束_12_46_6],0.0
cons[火电机组分段中标量约束_12_46_7],0.0
cons[火电机组分段中标量约束_12_46_8],0.0
cons[火电机组分段中标量约束_12_46_9],0.0
cons[火电机组出力之和约束_12_46],-6108.0109999999995
cons[火电机组分段中标量约束_12_47_0],0.0
cons[火电机组分段中标量约束_12_47_1],0.0
cons[火电机组分段中标量约束_12_47_2],0.0
cons[火电机组分段中标量约束_12_47_3],0.0
cons[火电机组分段中标量约束_12_47_4],0.0
cons[火电机组分段中标量约束_12_47_5],0.0
cons[火电机组分段中标量约束_12_47_6],0.0
cons[火电机组分段中标量约束_12_47_7],0.0
cons[火电机组分段中标量约束_12_47_8],0.0
cons[火电机组分段中标量约束_12_47_9],0.0
cons[火电机组出力之和约束_12_47],-6108.0109999999995
cons[火电机组分段中标量约束_12_48_0],0.0
cons[火电机组分段中标量约束_12_48_1],0.0
cons[火电机组分段中标量约束_12_48_2],0.0
cons[火电机组分段中标量约束_12_48_3],0.0
cons[火电机组分段中标量约束_12_48_4],0.0
cons[火电机组分段中标量约束_12_48_5],0.0
cons[火电机组分段中标量约束_12_48_6],0.0
cons[火电机组分段中标量约束_12_48_7],0.0
cons[火电机组分段中标量约束_12_48_8],0.0
cons[火电机组分段中标量约束_12_48_9],0.0
cons[火电机组出力之和约束_12_48],-6108.0109999999995
cons[火电机组分段中标量约束_12_49_0],0.0
cons[火电机组分段中标量约束_12_49_1],0.0
cons[火电机组分段中标量约束_12_49_2],0.0
cons[火电机组分段中标量约束_12_49_3],0.0
cons[火电机组分段中标量约束_12_49_4],0.0
cons[火电机组分段中标量约束_12_49_5],0.0
cons[火电机组分段中标量约束_12_49_6],0.0
cons[火电机组分段中标量约束_12_49_7],0.0
cons[火电机组分段中标量约束_12_49_8],0.0
cons[火电机组分段中标量约束_12_49_9],0.0
cons[火电机组出力之和约束_12_49],-6108.0109999999995
cons[火电机组分段中标量约束_12_50_0],0.0
cons[火电机组分段中标量约束_12_50_1],0.0
cons[火电机组分段中标量约束_12_50_2],0.0
cons[火电机组分段中标量约束_12_50_3],0.0
cons[火电机组分段中标量约束_12_50_4],0.0
cons[火电机组分段中标量约束_12_50_5],0.0
cons[火电机组分段中标量约束_12_50_6],0.0
cons[火电机组分段中标量约束_12_50_7],0.0
cons[火电机组分段中标量约束_12_50_8],0.0
cons[火电机组分段中标量约束_12_50_9],0.0
cons[火电机组出力之和约束_12_50],-6108.0109999999995
cons[火电机组分段中标量约束_12_51_0],0.0
cons[火电机组分段中标量约束_12_51_1],0.0
cons[火电机组分段中标量约束_12_51_2],0.0
cons[火电机组分段中标量约束_12_51_3],0.0
cons[火电机组分段中标量约束_12_51_4],0.0
cons[火电机组分段中标量约束_12_51_5],0.0
cons[火电机组分段中标量约束_12_51_6],0.0
cons[火电机组分段中标量约束_12_51_7],0.0
cons[火电机组分段中标量约束_12_51_8],0.0
cons[火电机组分段中标量约束_12_51_9],0.0
cons[火电机组出力之和约束_12_51],-6108.0109999999995
cons[火电机组分段中标量约束_12_52_0],0.0
cons[火电机组分段中标量约束_12_52_1],0.0
cons[火电机组分段中标量约束_12_52_2],0.0
cons[火电机组分段中标量约束_12_52_3],0.0
cons[火电机组分段中标量约束_12_52_4],0.0
cons[火电机组分段中标量约束_12_52_5],0.0
cons[火电机组分段中标量约束_12_52_6],0.0
cons[火电机组分段中标量约束_12_52_7],0.0
cons[火电机组分段中标量约束_12_52_8],0.0
cons[火电机组分段中标量约束_12_52_9],0.0
cons[火电机组出力之和约束_12_52],-6108.0109999999995
cons[火电机组分段中标量约束_12_53_0],0.0
cons[火电机组分段中标量约束_12_53_1],0.0
cons[火电机组分段中标量约束_12_53_2],0.0
cons[火电机组分段中标量约束_12_53_3],0.0
cons[火电机组分段中标量约束_12_53_4],0.0
cons[火电机组分段中标量约束_12_53_5],0.0
cons[火电机组分段中标量约束_12_53_6],0.0
cons[火电机组分段中标量约束_12_53_7],0.0
cons[火电机组分段中标量约束_12_53_8],0.0
cons[火电机组分段中标量约束_12_53_9],0.0
cons[火电机组出力之和约束_12_53],-6108.0109999999995
cons[火电机组分段中标量约束_12_54_0],0.0
cons[火电机组分段中标量约束_12_54_1],0.0
cons[火电机组分段中标量约束_12_54_2],0.0
cons[火电机组分段中标量约束_12_54_3],0.0
cons[火电机组分段中标量约束_12_54_4],0.0
cons[火电机组分段中标量约束_12_54_5],0.0
cons[火电机组分段中标量约束_12_54_6],0.0
cons[火电机组分段中标量约束_12_54_7],0.0
cons[火电机组分段中标量约束_12_54_8],0.0
cons[火电机组分段中标量约束_12_54_9],0.0
cons[火电机组出力之和约束_12_54],-6108.0109999999995
cons[火电机组分段中标量约束_12_55_0],0.0
cons[火电机组分段中标量约束_12_55_1],0.0
cons[火电机组分段中标量约束_12_55_2],0.0
cons[火电机组分段中标量约束_12_55_3],0.0
cons[火电机组分段中标量约束_12_55_4],0.0
cons[火电机组分段中标量约束_12_55_5],0.0
cons[火电机组分段中标量约束_12_55_6],0.0
cons[火电机组分段中标量约束_12_55_7],0.0
cons[火电机组分段中标量约束_12_55_8],0.0
cons[火电机组分段中标量约束_12_55_9],0.0
cons[火电机组出力之和约束_12_55],-6108.0109999999995
cons[火电机组分段中标量约束_12_56_0],0.0
cons[火电机组分段中标量约束_12_56_1],0.0
cons[火电机组分段中标量约束_12_56_2],0.0
cons[火电机组分段中标量约束_12_56_3],0.0
cons[火电机组分段中标量约束_12_56_4],0.0
cons[火电机组分段中标量约束_12_56_5],0.0
cons[火电机组分段中标量约束_12_56_6],0.0
cons[火电机组分段中标量约束_12_56_7],0.0
cons[火电机组分段中标量约束_12_56_8],0.0
cons[火电机组分段中标量约束_12_56_9],0.0
cons[火电机组出力之和约束_12_56],-6108.0109999999995
cons[火电机组分段中标量约束_12_57_0],0.0
cons[火电机组分段中标量约束_12_57_1],0.0
cons[火电机组分段中标量约束_12_57_2],0.0
cons[火电机组分段中标量约束_12_57_3],0.0
cons[火电机组分段中标量约束_12_57_4],0.0
cons[火电机组分段中标量约束_12_57_5],0.0
cons[火电机组分段中标量约束_12_57_6],0.0
cons[火电机组分段中标量约束_12_57_7],0.0
cons[火电机组分段中标量约束_12_57_8],0.0
cons[火电机组分段中标量约束_12_57_9],0.0
cons[火电机组出力之和约束_12_57],-6108.0109999999995
cons[火电机组分段中标量约束_12_58_0],0.0
cons[火电机组分段中标量约束_12_58_1],0.0
cons[火电机组分段中标量约束_12_58_2],0.0
cons[火电机组分段中标量约束_12_58_3],0.0
cons[火电机组分段中标量约束_12_58_4],0.0
cons[火电机组分段中标量约束_12_58_5],0.0
cons[火电机组分段中标量约束_12_58_6],0.0
cons[火电机组分段中标量约束_12_58_7],0.0
cons[火电机组分段中标量约束_12_58_8],0.0
cons[火电机组分段中标量约束_12_58_9],0.0
cons[火电机组出力之和约束_12_58],-6108.0109999999995
cons[火电机组分段中标量约束_12_59_0],0.0
cons[火电机组分段中标量约束_12_59_1],0.0
cons[火电机组分段中标量约束_12_59_2],0.0
cons[火电机组分段中标量约束_12_59_3],0.0
cons[火电机组分段中标量约束_12_59_4],0.0
cons[火电机组分段中标量约束_12_59_5],0.0
cons[火电机组分段中标量约束_12_59_6],0.0
cons[火电机组分段中标量约束_12_59_7],0.0
cons[火电机组分段中标量约束_12_59_8],0.0
cons[火电机组分段中标量约束_12_59_9],0.0
cons[火电机组出力之和约束_12_59],-6108.0109999999995
cons[火电机组分段中标量约束_12_60_0],-0.45500000000083674
cons[火电机组分段中标量约束_12_60_1],0.0
cons[火电机组分段中标量约束_12_60_2],0.0
cons[火电机组分段中标量约束_12_60_3],0.0
cons[火电机组分段中标量约束_12_60_4],0.0
cons[火电机组分段中标量约束_12_60_5],0.0
cons[火电机组分段中标量约束_12_60_6],0.0
cons[火电机组分段中标量约束_12_60_7],0.0
cons[火电机组分段中标量约束_12_60_8],0.0
cons[火电机组分段中标量约束_12_60_9],0.0
cons[火电机组出力之和约束_12_60],-6108.466
cons[火电机组分段中标量约束_12_61_0],-28.301000000000386
cons[火电机组分段中标量约束_12_61_1],0.0
cons[火电机组分段中标量约束_12_61_2],0.0
cons[火电机组分段中标量约束_12_61_3],0.0
cons[火电机组分段中标量约束_12_61_4],0.0
cons[火电机组分段中标量约束_12_61_5],0.0
cons[火电机组分段中标量约束_12_61_6],0.0
cons[火电机组分段中标量约束_12_61_7],0.0
cons[火电机组分段中标量约束_12_61_8],0.0
cons[火电机组分段中标量约束_12_61_9],0.0
cons[火电机组出力之和约束_12_61],-6136.312
cons[火电机组分段中标量约束_12_62_0],-56.146999999999935
cons[火电机组分段中标量约束_12_62_1],-10.100999999998749
cons[火电机组分段中标量约束_12_62_2],0.0
cons[火电机组分段中标量约束_12_62_3],0.0
cons[火电机组分段中标量约束_12_62_4],0.0
cons[火电机组分段中标量约束_12_62_5],0.0
cons[火电机组分段中标量约束_12_62_6],0.0
cons[火电机组分段中标量约束_12_62_7],0.0
cons[火电机组分段中标量约束_12_62_8],0.0
cons[火电机组分段中标量约束_12_62_9],0.0
cons[火电机组出力之和约束_12_62],-6164.157999999999
cons[火电机组分段中标量约束_12_63_0],-56.146999999999935
cons[火电机组分段中标量约束_12_63_1],-10.100999999998749
cons[火电机组分段中标量约束_12_63_2],0.0
cons[火电机组分段中标量约束_12_63_3],0.0
cons[火电机组分段中标量约束_12_63_4],0.0
cons[火电机组分段中标量约束_12_63_5],0.0
cons[火电机组分段中标量约束_12_63_6],0.0
cons[火电机组分段中标量约束_12_63_7],0.0
cons[火电机组分段中标量约束_12_63_8],0.0
cons[火电机组分段中标量约束_12_63_9],0.0
cons[火电机组出力之和约束_12_63],-6164.157999999999
cons[火电机组分段中标量约束_12_64_0],-83.99300000000221
cons[火电机组分段中标量约束_12_64_1],-37.947000000001026
cons[火电机组分段中标量约束_12_64_2],0.0
cons[火电机组分段中标量约束_12_64_3],0.0
cons[火电机组分段中标量约束_12_64_4],0.0
cons[火电机组分段中标量约束_12_64_5],0.0
cons[火电机组分段中标量约束_12_64_6],0.0
cons[火电机组分段中标量约束_12_64_7],0.0
cons[火电机组分段中标量约束_12_64_8],0.0
cons[火电机组分段中标量约束_12_64_9],0.0
cons[火电机组出力之和约束_12_64],-6192.004000000002
cons[火电机组分段中标量约束_12_65_0],-92.09200000000055
cons[火电机组分段中标量约束_12_65_1],-46.04599999999937
cons[火电机组分段中标量约束_12_65_2],0.0
cons[火电机组分段中标量约束_12_65_3],0.0
cons[火电机组分段中标量约束_12_65_4],0.0
cons[火电机组分段中标量约束_12_65_5],0.0
cons[火电机组分段中标量约束_12_65_6],0.0
cons[火电机组分段中标量约束_12_65_7],0.0
cons[火电机组分段中标量约束_12_65_8],0.0
cons[火电机组分段中标量约束_12_65_9],0.0
cons[火电机组出力之和约束_12_65],-6200.103
cons[火电机组分段中标量约束_12_66_0],-111.83900000000085
cons[火电机组分段中标量约束_12_66_1],-65.79299999999967
cons[火电机组分段中标量约束_12_66_2],-19.7470000000003
cons[火电机组分段中标量约束_12_66_3],0.0
cons[火电机组分段中标量约束_12_66_4],0.0
cons[火电机组分段中标量约束_12_66_5],0.0
cons[火电机组分段中标量约束_12_66_6],0.0
cons[火电机组分段中标量约束_12_66_7],0.0
cons[火电机组分段中标量约束_12_66_8],0.0
cons[火电机组分段中标量约束_12_66_9],0.0
cons[火电机组出力之和约束_12_66],-6219.85
cons[火电机组分段中标量约束_12_67_0],-111.83900000000085
cons[火电机组分段中标量约束_12_67_1],-65.79299999999967
cons[火电机组分段中标量约束_12_67_2],-19.7470000000003
cons[火电机组分段中标量约束_12_67_3],0.0
cons[火电机组分段中标量约束_12_67_4],0.0
cons[火电机组分段中标量约束_12_67_5],0.0
cons[火电机组分段中标量约束_12_67_6],0.0
cons[火电机组分段中标量约束_12_67_7],0.0
cons[火电机组分段中标量约束_12_67_8],0.0
cons[火电机组分段中标量约束_12_67_9],0.0
cons[火电机组出力之和约束_12_67],-6219.85
cons[火电机组分段中标量约束_12_68_0],-111.83900000000085
cons[火电机组分段中标量约束_12_68_1],-65.79299999999967
cons[火电机组分段中标量约束_12_68_2],-19.7470000000003
cons[火电机组分段中标量约束_12_68_3],0.0
cons[火电机组分段中标量约束_12_68_4],0.0
cons[火电机组分段中标量约束_12_68_5],0.0
cons[火电机组分段中标量约束_12_68_6],0.0
cons[火电机组分段中标量约束_12_68_7],0.0
cons[火电机组分段中标量约束_12_68_8],0.0
cons[火电机组分段中标量约束_12_68_9],0.0
cons[火电机组出力之和约束_12_68],-6219.85
cons[火电机组分段中标量约束_12_69_0],-111.83900000000085
cons[火电机组分段中标量约束_12_69_1],-65.79299999999967
cons[火电机组分段中标量约束_12_69_2],-19.7470000000003
cons[火电机组分段中标量约束_12_69_3],0.0
cons[火电机组分段中标量约束_12_69_4],0.0
cons[火电机组分段中标量约束_12_69_5],0.0
cons[火电机组分段中标量约束_12_69_6],0.0
cons[火电机组分段中标量约束_12_69_7],0.0
cons[火电机组分段中标量约束_12_69_8],0.0
cons[火电机组分段中标量约束_12_69_9],0.0
cons[火电机组出力之和约束_12_69],-6219.85
cons[火电机组分段中标量约束_12_70_0],-111.83900000000085
cons[火电机组分段中标量约束_12_70_1],-65.79299999999967
cons[火电机组分段中标量约束_12_70_2],-19.7470000000003
cons[火电机组分段中标量约束_12_70_3],0.0
cons[火电机组分段中标量约束_12_70_4],0.0
cons[火电机组分段中标量约束_12_70_5],0.0
cons[火电机组分段中标量约束_12_70_6],0.0
cons[火电机组分段中标量约束_12_70_7],0.0
cons[火电机组分段中标量约束_12_70_8],0.0
cons[火电机组分段中标量约束_12_70_9],0.0
cons[火电机组出力之和约束_12_70],-6219.85
cons[火电机组分段中标量约束_12_71_0],-134.22500000000036
cons[火电机组分段中标量约束_12_71_1],-88.17899999999918
cons[火电机组分段中标量约束_12_71_2],-42.13299999999981
cons[火电机组分段中标量约束_12_71_3],0.0
cons[火电机组分段中标量约束_12_71_4],0.0
cons[火电机组分段中标量约束_12_71_5],0.0
cons[火电机组分段中标量约束_12_71_6],0.0
cons[火电机组分段中标量约束_12_71_7],0.0
cons[火电机组分段中标量约束_12_71_8],0.0
cons[火电机组分段中标量约束_12_71_9],0.0
cons[火电机组出力之和约束_12_71],-6242.236
cons[火电机组分段中标量约束_12_72_0],-138.13799999999992
cons[火电机组分段中标量约束_12_72_1],-92.09199999999873
cons[火电机组分段中标量约束_12_72_2],-46.04599999999937
cons[火电机组分段中标量约束_12_72_3],0.0
cons[火电机组分段中标量约束_12_72_4],0.0
cons[火电机组分段中标量约束_12_72_5],0.0
cons[火电机组分段中标量约束_12_72_6],0.0
cons[火电机组分段中标量约束_12_72_7],0.0
cons[火电机组分段中标量约束_12_72_8],0.0
cons[火电机组分段中标量约束_12_72_9],0.0
cons[火电机组出力之和约束_12_72],-6246.148999999999
cons[火电机组分段中标量约束_12_73_0],-148.23900000000322
cons[火电机组分段中标量约束_12_73_1],-102.19300000000203
cons[火电机组分段中标量约束_12_73_2],-56.14700000000266
cons[火电机组分段中标量约束_12_73_3],-10.101000000003296
cons[火电机组分段中标量约束_12_73_4],0.0
cons[火电机组分段中标量约束_12_73_5],0.0
cons[火电机组分段中标量约束_12_73_6],0.0
cons[火电机组分段中标量约束_12_73_7],0.0
cons[火电机组分段中标量约束_12_73_8],0.0
cons[火电机组分段中标量约束_12_73_9],0.0
cons[火电机组出力之和约束_12_73],-6256.250000000003
cons[火电机组分段中标量约束_12_74_0],-179.77050000000054
cons[火电机组分段中标量约束_12_74_1],-133.72449999999935
cons[火电机组分段中标量约束_12_74_2],-87.67849999999999
cons[火电机组分段中标量约束_12_74_3],-41.63250000000062
cons[火电机组分段中标量约束_12_74_4],0.0
cons[火电机组分段中标量约束_12_74_5],0.0
cons[火电机组分段中标量约束_12_74_6],0.0
cons[火电机组分段中标量约束_12_74_7],0.0
cons[火电机组分段中标量约束_12_74_8],0.0
cons[火电机组分段中标量约束_12_74_9],0.0
cons[火电机组出力之和约束_12_74],-6287.7815
cons[火电机组分段中标量约束_12_75_0],-179.77050000000054
cons[火电机组分段中标量约束_12_75_1],-133.72449999999935
cons[火电机组分段中标量约束_12_75_2],-87.67849999999999
cons[火电机组分段中标量约束_12_75_3],-41.63250000000062
cons[火电机组分段中标量约束_12_75_4],0.0
cons[火电机组分段中标量约束_12_75_5],0.0
cons[火电机组分段中标量约束_12_75_6],0.0
cons[火电机组分段中标量约束_12_75_7],0.0
cons[火电机组分段中标量约束_12_75_8],0.0
cons[火电机组分段中标量约束_12_75_9],0.0
cons[火电机组出力之和约束_12_75],-6287.7815
cons[火电机组分段中标量约束_12_76_0],-138.13799999999992
cons[火电机组分段中标量约束_12_76_1],-92.09199999999873
cons[火电机组分段中标量约束_12_76_2],-46.04599999999937
cons[火电机组分段中标量约束_12_76_3],0.0
cons[火电机组分段中标量约束_12_76_4],0.0
cons[火电机组分段中标量约束_12_76_5],0.0
cons[火电机组分段中标量约束_12_76_6],0.0
cons[火电机组分段中标量约束_12_76_7],0.0
cons[火电机组分段中标量约束_12_76_8],0.0
cons[火电机组分段中标量约束_12_76_9],0.0
cons[火电机组出力之和约束_12_76],-6246.148999999999
cons[火电机组分段中标量约束_12_77_0],-134.22500000000036
cons[火电机组分段中标量约束_12_77_1],-88.17899999999918
cons[火电机组分段中标量约束_12_77_2],-42.13299999999981
cons[火电机组分段中标量约束_12_77_3],0.0
cons[火电机组分段中标量约束_12_77_4],0.0
cons[火电机组分段中标量约束_12_77_5],0.0
cons[火电机组分段中标量约束_12_77_6],0.0
cons[火电机组分段中标量约束_12_77_7],0.0
cons[火电机组分段中标量约束_12_77_8],0.0
cons[火电机组分段中标量约束_12_77_9],0.0
cons[火电机组出力之和约束_12_77],-6242.236
cons[火电机组分段中标量约束_12_78_0],-111.83900000000085
cons[火电机组分段中标量约束_12_78_1],-65.79299999999967
cons[火电机组分段中标量约束_12_78_2],-19.7470000000003
cons[火电机组分段中标量约束_12_78_3],0.0
cons[火电机组分段中标量约束_12_78_4],0.0
cons[火电机组分段中标量约束_12_78_5],0.0
cons[火电机组分段中标量约束_12_78_6],0.0
cons[火电机组分段中标量约束_12_78_7],0.0
cons[火电机组分段中标量约束_12_78_8],0.0
cons[火电机组分段中标量约束_12_78_9],0.0
cons[火电机组出力之和约束_12_78],-6219.85
cons[火电机组分段中标量约束_12_79_0],-111.83900000000085
cons[火电机组分段中标量约束_12_79_1],-65.79299999999967
cons[火电机组分段中标量约束_12_79_2],-19.7470000000003
cons[火电机组分段中标量约束_12_79_3],0.0
cons[火电机组分段中标量约束_12_79_4],0.0
cons[火电机组分段中标量约束_12_79_5],0.0
cons[火电机组分段中标量约束_12_79_6],0.0
cons[火电机组分段中标量约束_12_79_7],0.0
cons[火电机组分段中标量约束_12_79_8],0.0
cons[火电机组分段中标量约束_12_79_9],0.0
cons[火电机组出力之和约束_12_79],-6219.85
cons[火电机组分段中标量约束_12_80_0],-92.09200000000055
cons[火电机组分段中标量约束_12_80_1],-46.04599999999937
cons[火电机组分段中标量约束_12_80_2],0.0
cons[火电机组分段中标量约束_12_80_3],0.0
cons[火电机组分段中标量约束_12_80_4],0.0
cons[火电机组分段中标量约束_12_80_5],0.0
cons[火电机组分段中标量约束_12_80_6],0.0
cons[火电机组分段中标量约束_12_80_7],0.0
cons[火电机组分段中标量约束_12_80_8],0.0
cons[火电机组分段中标量约束_12_80_9],0.0
cons[火电机组出力之和约束_12_80],-6200.103
cons[火电机组分段中标量约束_12_81_0],-88.67950000000019
cons[火电机组分段中标量约束_12_81_1],-42.633499999999
cons[火电机组分段中标量约束_12_81_2],0.0
cons[火电机组分段中标量约束_12_81_3],0.0
cons[火电机组分段中标量约束_12_81_4],0.0
cons[火电机组分段中标量约束_12_81_5],0.0
cons[火电机组分段中标量约束_12_81_6],0.0
cons[火电机组分段中标量约束_12_81_7],0.0
cons[火电机组分段中标量约束_12_81_8],0.0
cons[火电机组分段中标量约束_12_81_9],0.0
cons[火电机组出力之和约束_12_81],-6196.6905
cons[火电机组分段中标量约束_12_82_0],-83.99300000000221
cons[火电机组分段中标量约束_12_82_1],-37.947000000001026
cons[火电机组分段中标量约束_12_82_2],0.0
cons[火电机组分段中标量约束_12_82_3],0.0
cons[火电机组分段中标量约束_12_82_4],0.0
cons[火电机组分段中标量约束_12_82_5],0.0
cons[火电机组分段中标量约束_12_82_6],0.0
cons[火电机组分段中标量约束_12_82_7],0.0
cons[火电机组分段中标量约束_12_82_8],0.0
cons[火电机组分段中标量约束_12_82_9],0.0
cons[火电机组出力之和约束_12_82],-6192.004000000002
cons[火电机组分段中标量约束_12_83_0],-56.146999999999935
cons[火电机组分段中标量约束_12_83_1],-10.100999999998749
cons[火电机组分段中标量约束_12_83_2],0.0
cons[火电机组分段中标量约束_12_83_3],0.0
cons[火电机组分段中标量约束_12_83_4],0.0
cons[火电机组分段中标量约束_12_83_5],0.0
cons[火电机组分段中标量约束_12_83_6],0.0
cons[火电机组分段中标量约束_12_83_7],0.0
cons[火电机组分段中标量约束_12_83_8],0.0
cons[火电机组分段中标量约束_12_83_9],0.0
cons[火电机组出力之和约束_12_83],-6164.157999999999
cons[火电机组分段中标量约束_12_84_0],-56.146999999999935
cons[火电机组分段中标量约束_12_84_1],-10.100999999998749
cons[火电机组分段中标量约束_12_84_2],0.0
cons[火电机组分段中标量约束_12_84_3],0.0
cons[火电机组分段中标量约束_12_84_4],0.0
cons[火电机组分段中标量约束_12_84_5],0.0
cons[火电机组分段中标量约束_12_84_6],0.0
cons[火电机组分段中标量约束_12_84_7],0.0
cons[火电机组分段中标量约束_12_84_8],0.0
cons[火电机组分段中标量约束_12_84_9],0.0
cons[火电机组出力之和约束_12_84],-6164.157999999999
cons[火电机组分段中标量约束_12_85_0],-56.146999999999935
cons[火电机组分段中标量约束_12_85_1],-10.100999999998749
cons[火电机组分段中标量约束_12_85_2],0.0
cons[火电机组分段中标量约束_12_85_3],0.0
cons[火电机组分段中标量约束_12_85_4],0.0
cons[火电机组分段中标量约束_12_85_5],0.0
cons[火电机组分段中标量约束_12_85_6],0.0
cons[火电机组分段中标量约束_12_85_7],0.0
cons[火电机组分段中标量约束_12_85_8],0.0
cons[火电机组分段中标量约束_12_85_9],0.0
cons[火电机组出力之和约束_12_85],-6164.157999999999
cons[火电机组分段中标量约束_12_86_0],-56.146999999999935
cons[火电机组分段中标量约束_12_86_1],-10.100999999998749
cons[火电机组分段中标量约束_12_86_2],0.0
cons[火电机组分段中标量约束_12_86_3],0.0
cons[火电机组分段中标量约束_12_86_4],0.0
cons[火电机组分段中标量约束_12_86_5],0.0
cons[火电机组分段中标量约束_12_86_6],0.0
cons[火电机组分段中标量约束_12_86_7],0.0
cons[火电机组分段中标量约束_12_86_8],0.0
cons[火电机组分段中标量约束_12_86_9],0.0
cons[火电机组出力之和约束_12_86],-6164.157999999999
cons[火电机组分段中标量约束_12_87_0],-46.046000000001186
cons[火电机组分段中标量约束_12_87_1],0.0
cons[火电机组分段中标量约束_12_87_2],0.0
cons[火电机组分段中标量约束_12_87_3],0.0
cons[火电机组分段中标量约束_12_87_4],0.0
cons[火电机组分段中标量约束_12_87_5],0.0
cons[火电机组分段中标量约束_12_87_6],0.0
cons[火电机组分段中标量约束_12_87_7],0.0
cons[火电机组分段中标量约束_12_87_8],0.0
cons[火电机组分段中标量约束_12_87_9],0.0
cons[火电机组出力之和约束_12_87],-6154.057000000001
cons[火电机组分段中标量约束_12_88_0],-0.45500000000083674
cons[火电机组分段中标量约束_12_88_1],0.0
cons[火电机组分段中标量约束_12_88_2],0.0
cons[火电机组分段中标量约束_12_88_3],0.0
cons[火电机组分段中标量约束_12_88_4],0.0
cons[火电机组分段中标量约束_12_88_5],0.0
cons[火电机组分段中标量约束_12_88_6],0.0
cons[火电机组分段中标量约束_12_88_7],0.0
cons[火电机组分段中标量约束_12_88_8],0.0
cons[火电机组分段中标量约束_12_88_9],0.0
cons[火电机组出力之和约束_12_88],-6108.466
cons[火电机组分段中标量约束_12_89_0],0.0
cons[火电机组分段中标量约束_12_89_1],0.0
cons[火电机组分段中标量约束_12_89_2],0.0
cons[火电机组分段中标量约束_12_89_3],0.0
cons[火电机组分段中标量约束_12_89_4],0.0
cons[火电机组分段中标量约束_12_89_5],0.0
cons[火电机组分段中标量约束_12_89_6],0.0
cons[火电机组分段中标量约束_12_89_7],0.0
cons[火电机组分段中标量约束_12_89_8],0.0
cons[火电机组分段中标量约束_12_89_9],0.0
cons[火电机组出力之和约束_12_89],-6108.0109999999995
cons[火电机组分段中标量约束_12_90_0],0.0
cons[火电机组分段中标量约束_12_90_1],0.0
cons[火电机组分段中标量约束_12_90_2],0.0
cons[火电机组分段中标量约束_12_90_3],0.0
cons[火电机组分段中标量约束_12_90_4],0.0
cons[火电机组分段中标量约束_12_90_5],0.0
cons[火电机组分段中标量约束_12_90_6],0.0
cons[火电机组分段中标量约束_12_90_7],0.0
cons[火电机组分段中标量约束_12_90_8],0.0
cons[火电机组分段中标量约束_12_90_9],0.0
cons[火电机组出力之和约束_12_90],-6108.0109999999995
cons[火电机组分段中标量约束_12_91_0],0.0
cons[火电机组分段中标量约束_12_91_1],0.0
cons[火电机组分段中标量约束_12_91_2],0.0
cons[火电机组分段中标量约束_12_91_3],0.0
cons[火电机组分段中标量约束_12_91_4],0.0
cons[火电机组分段中标量约束_12_91_5],0.0
cons[火电机组分段中标量约束_12_91_6],0.0
cons[火电机组分段中标量约束_12_91_7],0.0
cons[火电机组分段中标量约束_12_91_8],0.0
cons[火电机组分段中标量约束_12_91_9],0.0
cons[火电机组出力之和约束_12_91],-6108.0109999999995
cons[火电机组分段中标量约束_12_92_0],0.0
cons[火电机组分段中标量约束_12_92_1],0.0
cons[火电机组分段中标量约束_12_92_2],0.0
cons[火电机组分段中标量约束_12_92_3],0.0
cons[火电机组分段中标量约束_12_92_4],0.0
cons[火电机组分段中标量约束_12_92_5],0.0
cons[火电机组分段中标量约束_12_92_6],0.0
cons[火电机组分段中标量约束_12_92_7],0.0
cons[火电机组分段中标量约束_12_92_8],0.0
cons[火电机组分段中标量约束_12_92_9],0.0
cons[火电机组出力之和约束_12_92],-6108.0109999999995
cons[火电机组分段中标量约束_12_93_0],0.0
cons[火电机组分段中标量约束_12_93_1],0.0
cons[火电机组分段中标量约束_12_93_2],0.0
cons[火电机组分段中标量约束_12_93_3],0.0
cons[火电机组分段中标量约束_12_93_4],0.0
cons[火电机组分段中标量约束_12_93_5],0.0
cons[火电机组分段中标量约束_12_93_6],0.0
cons[火电机组分段中标量约束_12_93_7],0.0
cons[火电机组分段中标量约束_12_93_8],0.0
cons[火电机组分段中标量约束_12_93_9],0.0
cons[火电机组出力之和约束_12_93],-6108.0109999999995
cons[火电机组分段中标量约束_12_94_0],0.0
cons[火电机组分段中标量约束_12_94_1],0.0
cons[火电机组分段中标量约束_12_94_2],0.0
cons[火电机组分段中标量约束_12_94_3],0.0
cons[火电机组分段中标量约束_12_94_4],0.0
cons[火电机组分段中标量约束_12_94_5],0.0
cons[火电机组分段中标量约束_12_94_6],0.0
cons[火电机组分段中标量约束_12_94_7],0.0
cons[火电机组分段中标量约束_12_94_8],0.0
cons[火电机组分段中标量约束_12_94_9],0.0
cons[火电机组出力之和约束_12_94],-6108.0109999999995
cons[火电机组分段中标量约束_12_95_0],0.0
cons[火电机组分段中标量约束_12_95_1],0.0
cons[火电机组分段中标量约束_12_95_2],0.0
cons[火电机组分段中标量约束_12_95_3],0.0
cons[火电机组分段中标量约束_12_95_4],0.0
cons[火电机组分段中标量约束_12_95_5],0.0
cons[火电机组分段中标量约束_12_95_6],0.0
cons[火电机组分段中标量约束_12_95_7],0.0
cons[火电机组分段中标量约束_12_95_8],0.0
cons[火电机组分段中标量约束_12_95_9],0.0
cons[火电机组出力之和约束_12_95],-6108.0109999999995
cons[火电机组分段中标量约束_13_0_0],-102.19300000000112
cons[火电机组分段中标量约束_13_0_1],-56.146999999999935
cons[火电机组分段中标量约束_13_0_2],-10.101000000000568
cons[火电机组分段中标量约束_13_0_3],0.0
cons[火电机组分段中标量约束_13_0_4],0.0
cons[火电机组分段中标量约束_13_0_5],0.0
cons[火电机组分段中标量约束_13_0_6],0.0
cons[火电机组分段中标量约束_13_0_7],0.0
cons[火电机组分段中标量约束_13_0_8],0.0
cons[火电机组分段中标量约束_13_0_9],0.0
cons[火电机组出力之和约束_13_0],-6210.204000000001
cons[火电机组分段中标量约束_13_1_0],-88.67950000000019
cons[火电机组分段中标量约束_13_1_1],-42.633499999999
cons[火电机组分段中标量约束_13_1_2],0.0
cons[火电机组分段中标量约束_13_1_3],0.0
cons[火电机组分段中标量约束_13_1_4],0.0
cons[火电机组分段中标量约束_13_1_5],0.0
cons[火电机组分段中标量约束_13_1_6],0.0
cons[火电机组分段中标量约束_13_1_7],0.0
cons[火电机组分段中标量约束_13_1_8],0.0
cons[火电机组分段中标量约束_13_1_9],0.0
cons[火电机组出力之和约束_13_1],-6196.6905
cons[火电机组分段中标量约束_13_2_0],-46.046000000001186
cons[火电机组分段中标量约束_13_2_1],0.0
cons[火电机组分段中标量约束_13_2_2],0.0
cons[火电机组分段中标量约束_13_2_3],0.0
cons[火电机组分段中标量约束_13_2_4],0.0
cons[火电机组分段中标量约束_13_2_5],0.0
cons[火电机组分段中标量约束_13_2_6],0.0
cons[火电机组分段中标量约束_13_2_7],0.0
cons[火电机组分段中标量约束_13_2_8],0.0
cons[火电机组分段中标量约束_13_2_9],0.0
cons[火电机组出力之和约束_13_2],-6154.057000000001
cons[火电机组分段中标量约束_13_3_0],-10.101000000000568
cons[火电机组分段中标量约束_13_3_1],0.0
cons[火电机组分段中标量约束_13_3_2],0.0
cons[火电机组分段中标量约束_13_3_3],0.0
cons[火电机组分段中标量约束_13_3_4],0.0
cons[火电机组分段中标量约束_13_3_5],0.0
cons[火电机组分段中标量约束_13_3_6],0.0
cons[火电机组分段中标量约束_13_3_7],0.0
cons[火电机组分段中标量约束_13_3_8],0.0
cons[火电机组分段中标量约束_13_3_9],0.0
cons[火电机组出力之和约束_13_3],-6118.112
cons[火电机组分段中标量约束_13_4_0],0.0
cons[火电机组分段中标量约束_13_4_1],0.0
cons[火电机组分段中标量约束_13_4_2],0.0
cons[火电机组分段中标量约束_13_4_3],0.0
cons[火电机组分段中标量约束_13_4_4],0.0
cons[火电机组分段中标量约束_13_4_5],0.0
cons[火电机组分段中标量约束_13_4_6],0.0
cons[火电机组分段中标量约束_13_4_7],0.0
cons[火电机组分段中标量约束_13_4_8],0.0
cons[火电机组分段中标量约束_13_4_9],0.0
cons[火电机组出力之和约束_13_4],-6108.0109999999995
cons[火电机组分段中标量约束_13_5_0],0.0
cons[火电机组分段中标量约束_13_5_1],0.0
cons[火电机组分段中标量约束_13_5_2],0.0
cons[火电机组分段中标量约束_13_5_3],0.0
cons[火电机组分段中标量约束_13_5_4],0.0
cons[火电机组分段中标量约束_13_5_5],0.0
cons[火电机组分段中标量约束_13_5_6],0.0
cons[火电机组分段中标量约束_13_5_7],0.0
cons[火电机组分段中标量约束_13_5_8],0.0
cons[火电机组分段中标量约束_13_5_9],0.0
cons[火电机组出力之和约束_13_5],-6108.0109999999995
cons[火电机组分段中标量约束_13_6_0],0.0
cons[火电机组分段中标量约束_13_6_1],0.0
cons[火电机组分段中标量约束_13_6_2],0.0
cons[火电机组分段中标量约束_13_6_3],0.0
cons[火电机组分段中标量约束_13_6_4],0.0
cons[火电机组分段中标量约束_13_6_5],0.0
cons[火电机组分段中标量约束_13_6_6],0.0
cons[火电机组分段中标量约束_13_6_7],0.0
cons[火电机组分段中标量约束_13_6_8],0.0
cons[火电机组分段中标量约束_13_6_9],0.0
cons[火电机组出力之和约束_13_6],-6108.0109999999995
cons[火电机组分段中标量约束_13_7_0],0.0
cons[火电机组分段中标量约束_13_7_1],0.0
cons[火电机组分段中标量约束_13_7_2],0.0
cons[火电机组分段中标量约束_13_7_3],0.0
cons[火电机组分段中标量约束_13_7_4],0.0
cons[火电机组分段中标量约束_13_7_5],0.0
cons[火电机组分段中标量约束_13_7_6],0.0
cons[火电机组分段中标量约束_13_7_7],0.0
cons[火电机组分段中标量约束_13_7_8],0.0
cons[火电机组分段中标量约束_13_7_9],0.0
cons[火电机组出力之和约束_13_7],-6108.0109999999995
cons[火电机组分段中标量约束_13_8_0],0.0
cons[火电机组分段中标量约束_13_8_1],0.0
cons[火电机组分段中标量约束_13_8_2],0.0
cons[火电机组分段中标量约束_13_8_3],0.0
cons[火电机组分段中标量约束_13_8_4],0.0
cons[火电机组分段中标量约束_13_8_5],0.0
cons[火电机组分段中标量约束_13_8_6],0.0
cons[火电机组分段中标量约束_13_8_7],0.0
cons[火电机组分段中标量约束_13_8_8],0.0
cons[火电机组分段中标量约束_13_8_9],0.0
cons[火电机组出力之和约束_13_8],-6108.0109999999995
cons[火电机组分段中标量约束_13_9_0],0.0
cons[火电机组分段中标量约束_13_9_1],0.0
cons[火电机组分段中标量约束_13_9_2],0.0
cons[火电机组分段中标量约束_13_9_3],0.0
cons[火电机组分段中标量约束_13_9_4],0.0
cons[火电机组分段中标量约束_13_9_5],0.0
cons[火电机组分段中标量约束_13_9_6],0.0
cons[火电机组分段中标量约束_13_9_7],0.0
cons[火电机组分段中标量约束_13_9_8],0.0
cons[火电机组分段中标量约束_13_9_9],0.0
cons[火电机组出力之和约束_13_9],-6108.0109999999995
cons[火电机组分段中标量约束_13_10_0],0.0
cons[火电机组分段中标量约束_13_10_1],0.0
cons[火电机组分段中标量约束_13_10_2],0.0
cons[火电机组分段中标量约束_13_10_3],0.0
cons[火电机组分段中标量约束_13_10_4],0.0
cons[火电机组分段中标量约束_13_10_5],0.0
cons[火电机组分段中标量约束_13_10_6],0.0
cons[火电机组分段中标量约束_13_10_7],0.0
cons[火电机组分段中标量约束_13_10_8],0.0
cons[火电机组分段中标量约束_13_10_9],0.0
cons[火电机组出力之和约束_13_10],-6108.0109999999995
cons[火电机组分段中标量约束_13_11_0],0.0
cons[火电机组分段中标量约束_13_11_1],0.0
cons[火电机组分段中标量约束_13_11_2],0.0
cons[火电机组分段中标量约束_13_11_3],0.0
cons[火电机组分段中标量约束_13_11_4],0.0
cons[火电机组分段中标量约束_13_11_5],0.0
cons[火电机组分段中标量约束_13_11_6],0.0
cons[火电机组分段中标量约束_13_11_7],0.0
cons[火电机组分段中标量约束_13_11_8],0.0
cons[火电机组分段中标量约束_13_11_9],0.0
cons[火电机组出力之和约束_13_11],-6108.0109999999995
cons[火电机组分段中标量约束_13_12_0],0.0
cons[火电机组分段中标量约束_13_12_1],0.0
cons[火电机组分段中标量约束_13_12_2],0.0
cons[火电机组分段中标量约束_13_12_3],0.0
cons[火电机组分段中标量约束_13_12_4],0.0
cons[火电机组分段中标量约束_13_12_5],0.0
cons[火电机组分段中标量约束_13_12_6],0.0
cons[火电机组分段中标量约束_13_12_7],0.0
cons[火电机组分段中标量约束_13_12_8],0.0
cons[火电机组分段中标量约束_13_12_9],0.0
cons[火电机组出力之和约束_13_12],-6108.0109999999995
cons[火电机组分段中标量约束_13_13_0],0.0
cons[火电机组分段中标量约束_13_13_1],0.0
cons[火电机组分段中标量约束_13_13_2],0.0
cons[火电机组分段中标量约束_13_13_3],0.0
cons[火电机组分段中标量约束_13_13_4],0.0
cons[火电机组分段中标量约束_13_13_5],0.0
cons[火电机组分段中标量约束_13_13_6],0.0
cons[火电机组分段中标量约束_13_13_7],0.0
cons[火电机组分段中标量约束_13_13_8],0.0
cons[火电机组分段中标量约束_13_13_9],0.0
cons[火电机组出力之和约束_13_13],-6108.0109999999995
cons[火电机组分段中标量约束_13_14_0],0.0
cons[火电机组分段中标量约束_13_14_1],0.0
cons[火电机组分段中标量约束_13_14_2],0.0
cons[火电机组分段中标量约束_13_14_3],0.0
cons[火电机组分段中标量约束_13_14_4],0.0
cons[火电机组分段中标量约束_13_14_5],0.0
cons[火电机组分段中标量约束_13_14_6],0.0
cons[火电机组分段中标量约束_13_14_7],0.0
cons[火电机组分段中标量约束_13_14_8],0.0
cons[火电机组分段中标量约束_13_14_9],0.0
cons[火电机组出力之和约束_13_14],-6108.0109999999995
cons[火电机组分段中标量约束_13_15_0],0.0
cons[火电机组分段中标量约束_13_15_1],0.0
cons[火电机组分段中标量约束_13_15_2],0.0
cons[火电机组分段中标量约束_13_15_3],0.0
cons[火电机组分段中标量约束_13_15_4],0.0
cons[火电机组分段中标量约束_13_15_5],0.0
cons[火电机组分段中标量约束_13_15_6],0.0
cons[火电机组分段中标量约束_13_15_7],0.0
cons[火电机组分段中标量约束_13_15_8],0.0
cons[火电机组分段中标量约束_13_15_9],0.0
cons[火电机组出力之和约束_13_15],-6108.0109999999995
cons[火电机组分段中标量约束_13_16_0],0.0
cons[火电机组分段中标量约束_13_16_1],0.0
cons[火电机组分段中标量约束_13_16_2],0.0
cons[火电机组分段中标量约束_13_16_3],0.0
cons[火电机组分段中标量约束_13_16_4],0.0
cons[火电机组分段中标量约束_13_16_5],0.0
cons[火电机组分段中标量约束_13_16_6],0.0
cons[火电机组分段中标量约束_13_16_7],0.0
cons[火电机组分段中标量约束_13_16_8],0.0
cons[火电机组分段中标量约束_13_16_9],0.0
cons[火电机组出力之和约束_13_16],-6108.0109999999995
cons[火电机组分段中标量约束_13_17_0],0.0
cons[火电机组分段中标量约束_13_17_1],0.0
cons[火电机组分段中标量约束_13_17_2],0.0
cons[火电机组分段中标量约束_13_17_3],0.0
cons[火电机组分段中标量约束_13_17_4],0.0
cons[火电机组分段中标量约束_13_17_5],0.0
cons[火电机组分段中标量约束_13_17_6],0.0
cons[火电机组分段中标量约束_13_17_7],0.0
cons[火电机组分段中标量约束_13_17_8],0.0
cons[火电机组分段中标量约束_13_17_9],0.0
cons[火电机组出力之和约束_13_17],-6108.0109999999995
cons[火电机组分段中标量约束_13_18_0],0.0
cons[火电机组分段中标量约束_13_18_1],0.0
cons[火电机组分段中标量约束_13_18_2],0.0
cons[火电机组分段中标量约束_13_18_3],0.0
cons[火电机组分段中标量约束_13_18_4],0.0
cons[火电机组分段中标量约束_13_18_5],0.0
cons[火电机组分段中标量约束_13_18_6],0.0
cons[火电机组分段中标量约束_13_18_7],0.0
cons[火电机组分段中标量约束_13_18_8],0.0
cons[火电机组分段中标量约束_13_18_9],0.0
cons[火电机组出力之和约束_13_18],-6108.0109999999995
cons[火电机组分段中标量约束_13_19_0],0.0
cons[火电机组分段中标量约束_13_19_1],0.0
cons[火电机组分段中标量约束_13_19_2],0.0
cons[火电机组分段中标量约束_13_19_3],0.0
cons[火电机组分段中标量约束_13_19_4],0.0
cons[火电机组分段中标量约束_13_19_5],0.0
cons[火电机组分段中标量约束_13_19_6],0.0
cons[火电机组分段中标量约束_13_19_7],0.0
cons[火电机组分段中标量约束_13_19_8],0.0
cons[火电机组分段中标量约束_13_19_9],0.0
cons[火电机组出力之和约束_13_19],-6108.0109999999995
cons[火电机组分段中标量约束_13_20_0],0.0
cons[火电机组分段中标量约束_13_20_1],0.0
cons[火电机组分段中标量约束_13_20_2],0.0
cons[火电机组分段中标量约束_13_20_3],0.0
cons[火电机组分段中标量约束_13_20_4],0.0
cons[火电机组分段中标量约束_13_20_5],0.0
cons[火电机组分段中标量约束_13_20_6],0.0
cons[火电机组分段中标量约束_13_20_7],0.0
cons[火电机组分段中标量约束_13_20_8],0.0
cons[火电机组分段中标量约束_13_20_9],0.0
cons[火电机组出力之和约束_13_20],-6108.0109999999995
cons[火电机组分段中标量约束_13_21_0],0.0
cons[火电机组分段中标量约束_13_21_1],0.0
cons[火电机组分段中标量约束_13_21_2],0.0
cons[火电机组分段中标量约束_13_21_3],0.0
cons[火电机组分段中标量约束_13_21_4],0.0
cons[火电机组分段中标量约束_13_21_5],0.0
cons[火电机组分段中标量约束_13_21_6],0.0
cons[火电机组分段中标量约束_13_21_7],0.0
cons[火电机组分段中标量约束_13_21_8],0.0
cons[火电机组分段中标量约束_13_21_9],0.0
cons[火电机组出力之和约束_13_21],-6108.0109999999995
cons[火电机组分段中标量约束_13_22_0],0.0
cons[火电机组分段中标量约束_13_22_1],0.0
cons[火电机组分段中标量约束_13_22_2],0.0
cons[火电机组分段中标量约束_13_22_3],0.0
cons[火电机组分段中标量约束_13_22_4],0.0
cons[火电机组分段中标量约束_13_22_5],0.0
cons[火电机组分段中标量约束_13_22_6],0.0
cons[火电机组分段中标量约束_13_22_7],0.0
cons[火电机组分段中标量约束_13_22_8],0.0
cons[火电机组分段中标量约束_13_22_9],0.0
cons[火电机组出力之和约束_13_22],-6108.0109999999995
cons[火电机组分段中标量约束_13_23_0],0.0
cons[火电机组分段中标量约束_13_23_1],0.0
cons[火电机组分段中标量约束_13_23_2],0.0
cons[火电机组分段中标量约束_13_23_3],0.0
cons[火电机组分段中标量约束_13_23_4],0.0
cons[火电机组分段中标量约束_13_23_5],0.0
cons[火电机组分段中标量约束_13_23_6],0.0
cons[火电机组分段中标量约束_13_23_7],0.0
cons[火电机组分段中标量约束_13_23_8],0.0
cons[火电机组分段中标量约束_13_23_9],0.0
cons[火电机组出力之和约束_13_23],-6108.0109999999995
cons[火电机组分段中标量约束_13_24_0],0.0
cons[火电机组分段中标量约束_13_24_1],0.0
cons[火电机组分段中标量约束_13_24_2],0.0
cons[火电机组分段中标量约束_13_24_3],0.0
cons[火电机组分段中标量约束_13_24_4],0.0
cons[火电机组分段中标量约束_13_24_5],0.0
cons[火电机组分段中标量约束_13_24_6],0.0
cons[火电机组分段中标量约束_13_24_7],0.0
cons[火电机组分段中标量约束_13_24_8],0.0
cons[火电机组分段中标量约束_13_24_9],0.0
cons[火电机组出力之和约束_13_24],-6108.0109999999995
cons[火电机组分段中标量约束_13_25_0],0.0
cons[火电机组分段中标量约束_13_25_1],0.0
cons[火电机组分段中标量约束_13_25_2],0.0
cons[火电机组分段中标量约束_13_25_3],0.0
cons[火电机组分段中标量约束_13_25_4],0.0
cons[火电机组分段中标量约束_13_25_5],0.0
cons[火电机组分段中标量约束_13_25_6],0.0
cons[火电机组分段中标量约束_13_25_7],0.0
cons[火电机组分段中标量约束_13_25_8],0.0
cons[火电机组分段中标量约束_13_25_9],0.0
cons[火电机组出力之和约束_13_25],-6108.0109999999995
cons[火电机组分段中标量约束_13_26_0],0.0
cons[火电机组分段中标量约束_13_26_1],0.0
cons[火电机组分段中标量约束_13_26_2],0.0
cons[火电机组分段中标量约束_13_26_3],0.0
cons[火电机组分段中标量约束_13_26_4],0.0
cons[火电机组分段中标量约束_13_26_5],0.0
cons[火电机组分段中标量约束_13_26_6],0.0
cons[火电机组分段中标量约束_13_26_7],0.0
cons[火电机组分段中标量约束_13_26_8],0.0
cons[火电机组分段中标量约束_13_26_9],0.0
cons[火电机组出力之和约束_13_26],-6108.0109999999995
cons[火电机组分段中标量约束_13_27_0],0.0
cons[火电机组分段中标量约束_13_27_1],0.0
cons[火电机组分段中标量约束_13_27_2],0.0
cons[火电机组分段中标量约束_13_27_3],0.0
cons[火电机组分段中标量约束_13_27_4],0.0
cons[火电机组分段中标量约束_13_27_5],0.0
cons[火电机组分段中标量约束_13_27_6],0.0
cons[火电机组分段中标量约束_13_27_7],0.0
cons[火电机组分段中标量约束_13_27_8],0.0
cons[火电机组分段中标量约束_13_27_9],0.0
cons[火电机组出力之和约束_13_27],-6108.0109999999995
cons[火电机组分段中标量约束_13_28_0],0.0
cons[火电机组分段中标量约束_13_28_1],0.0
cons[火电机组分段中标量约束_13_28_2],0.0
cons[火电机组分段中标量约束_13_28_3],0.0
cons[火电机组分段中标量约束_13_28_4],0.0
cons[火电机组分段中标量约束_13_28_5],0.0
cons[火电机组分段中标量约束_13_28_6],0.0
cons[火电机组分段中标量约束_13_28_7],0.0
cons[火电机组分段中标量约束_13_28_8],0.0
cons[火电机组分段中标量约束_13_28_9],0.0
cons[火电机组出力之和约束_13_28],-6108.0109999999995
cons[火电机组分段中标量约束_13_29_0],0.0
cons[火电机组分段中标量约束_13_29_1],0.0
cons[火电机组分段中标量约束_13_29_2],0.0
cons[火电机组分段中标量约束_13_29_3],0.0
cons[火电机组分段中标量约束_13_29_4],0.0
cons[火电机组分段中标量约束_13_29_5],0.0
cons[火电机组分段中标量约束_13_29_6],0.0
cons[火电机组分段中标量约束_13_29_7],0.0
cons[火电机组分段中标量约束_13_29_8],0.0
cons[火电机组分段中标量约束_13_29_9],0.0
cons[火电机组出力之和约束_13_29],-6108.0109999999995
cons[火电机组分段中标量约束_13_30_0],0.0
cons[火电机组分段中标量约束_13_30_1],0.0
cons[火电机组分段中标量约束_13_30_2],0.0
cons[火电机组分段中标量约束_13_30_3],0.0
cons[火电机组分段中标量约束_13_30_4],0.0
cons[火电机组分段中标量约束_13_30_5],0.0
cons[火电机组分段中标量约束_13_30_6],0.0
cons[火电机组分段中标量约束_13_30_7],0.0
cons[火电机组分段中标量约束_13_30_8],0.0
cons[火电机组分段中标量约束_13_30_9],0.0
cons[火电机组出力之和约束_13_30],-6108.0109999999995
cons[火电机组分段中标量约束_13_31_0],0.0
cons[火电机组分段中标量约束_13_31_1],0.0
cons[火电机组分段中标量约束_13_31_2],0.0
cons[火电机组分段中标量约束_13_31_3],0.0
cons[火电机组分段中标量约束_13_31_4],0.0
cons[火电机组分段中标量约束_13_31_5],0.0
cons[火电机组分段中标量约束_13_31_6],0.0
cons[火电机组分段中标量约束_13_31_7],0.0
cons[火电机组分段中标量约束_13_31_8],0.0
cons[火电机组分段中标量约束_13_31_9],0.0
cons[火电机组出力之和约束_13_31],-6108.0109999999995
cons[火电机组分段中标量约束_13_32_0],-0.45500000000083674
cons[火电机组分段中标量约束_13_32_1],0.0
cons[火电机组分段中标量约束_13_32_2],0.0
cons[火电机组分段中标量约束_13_32_3],0.0
cons[火电机组分段中标量约束_13_32_4],0.0
cons[火电机组分段中标量约束_13_32_5],0.0
cons[火电机组分段中标量约束_13_32_6],0.0
cons[火电机组分段中标量约束_13_32_7],0.0
cons[火电机组分段中标量约束_13_32_8],0.0
cons[火电机组分段中标量约束_13_32_9],0.0
cons[火电机组出力之和约束_13_32],-6108.466
cons[火电机组分段中标量约束_13_33_0],-10.101000000000568
cons[火电机组分段中标量约束_13_33_1],0.0
cons[火电机组分段中标量约束_13_33_2],0.0
cons[火电机组分段中标量约束_13_33_3],0.0
cons[火电机组分段中标量约束_13_33_4],0.0
cons[火电机组分段中标量约束_13_33_5],0.0
cons[火电机组分段中标量约束_13_33_6],0.0
cons[火电机组分段中标量约束_13_33_7],0.0
cons[火电机组分段中标量约束_13_33_8],0.0
cons[火电机组分段中标量约束_13_33_9],0.0
cons[火电机组出力之和约束_13_33],-6118.112
cons[火电机组分段中标量约束_13_34_0],-10.101000000000568
cons[火电机组分段中标量约束_13_34_1],0.0
cons[火电机组分段中标量约束_13_34_2],0.0
cons[火电机组分段中标量约束_13_34_3],0.0
cons[火电机组分段中标量约束_13_34_4],0.0
cons[火电机组分段中标量约束_13_34_5],0.0
cons[火电机组分段中标量约束_13_34_6],0.0
cons[火电机组分段中标量约束_13_34_7],0.0
cons[火电机组分段中标量约束_13_34_8],0.0
cons[火电机组分段中标量约束_13_34_9],0.0
cons[火电机组出力之和约束_13_34],-6118.112
cons[火电机组分段中标量约束_13_35_0],-10.101000000000568
cons[火电机组分段中标量约束_13_35_1],0.0
cons[火电机组分段中标量约束_13_35_2],0.0
cons[火电机组分段中标量约束_13_35_3],0.0
cons[火电机组分段中标量约束_13_35_4],0.0
cons[火电机组分段中标量约束_13_35_5],0.0
cons[火电机组分段中标量约束_13_35_6],0.0
cons[火电机组分段中标量约束_13_35_7],0.0
cons[火电机组分段中标量约束_13_35_8],0.0
cons[火电机组分段中标量约束_13_35_9],0.0
cons[火电机组出力之和约束_13_35],-6118.112
cons[火电机组分段中标量约束_13_36_0],-10.101000000000568
cons[火电机组分段中标量约束_13_36_1],0.0
cons[火电机组分段中标量约束_13_36_2],0.0
cons[火电机组分段中标量约束_13_36_3],0.0
cons[火电机组分段中标量约束_13_36_4],0.0
cons[火电机组分段中标量约束_13_36_5],0.0
cons[火电机组分段中标量约束_13_36_6],0.0
cons[火电机组分段中标量约束_13_36_7],0.0
cons[火电机组分段中标量约束_13_36_8],0.0
cons[火电机组分段中标量约束_13_36_9],0.0
cons[火电机组出力之和约束_13_36],-6118.112
cons[火电机组分段中标量约束_13_37_0],-0.45500000000083674
cons[火电机组分段中标量约束_13_37_1],0.0
cons[火电机组分段中标量约束_13_37_2],0.0
cons[火电机组分段中标量约束_13_37_3],0.0
cons[火电机组分段中标量约束_13_37_4],0.0
cons[火电机组分段中标量约束_13_37_5],0.0
cons[火电机组分段中标量约束_13_37_6],0.0
cons[火电机组分段中标量约束_13_37_7],0.0
cons[火电机组分段中标量约束_13_37_8],0.0
cons[火电机组分段中标量约束_13_37_9],0.0
cons[火电机组出力之和约束_13_37],-6108.466
cons[火电机组分段中标量约束_13_38_0],-0.45500000000083674
cons[火电机组分段中标量约束_13_38_1],0.0
cons[火电机组分段中标量约束_13_38_2],0.0
cons[火电机组分段中标量约束_13_38_3],0.0
cons[火电机组分段中标量约束_13_38_4],0.0
cons[火电机组分段中标量约束_13_38_5],0.0
cons[火电机组分段中标量约束_13_38_6],0.0
cons[火电机组分段中标量约束_13_38_7],0.0
cons[火电机组分段中标量约束_13_38_8],0.0
cons[火电机组分段中标量约束_13_38_9],0.0
cons[火电机组出力之和约束_13_38],-6108.466
cons[火电机组分段中标量约束_13_39_0],-0.45500000000083674
cons[火电机组分段中标量约束_13_39_1],0.0
cons[火电机组分段中标量约束_13_39_2],0.0
cons[火电机组分段中标量约束_13_39_3],0.0
cons[火电机组分段中标量约束_13_39_4],0.0
cons[火电机组分段中标量约束_13_39_5],0.0
cons[火电机组分段中标量约束_13_39_6],0.0
cons[火电机组分段中标量约束_13_39_7],0.0
cons[火电机组分段中标量约束_13_39_8],0.0
cons[火电机组分段中标量约束_13_39_9],0.0
cons[火电机组出力之和约束_13_39],-6108.466
cons[火电机组分段中标量约束_13_40_0],-0.45500000000083674
cons[火电机组分段中标量约束_13_40_1],0.0
cons[火电机组分段中标量约束_13_40_2],0.0
cons[火电机组分段中标量约束_13_40_3],0.0
cons[火电机组分段中标量约束_13_40_4],0.0
cons[火电机组分段中标量约束_13_40_5],0.0
cons[火电机组分段中标量约束_13_40_6],0.0
cons[火电机组分段中标量约束_13_40_7],0.0
cons[火电机组分段中标量约束_13_40_8],0.0
cons[火电机组分段中标量约束_13_40_9],0.0
cons[火电机组出力之和约束_13_40],-6108.466
cons[火电机组分段中标量约束_13_41_0],-0.45500000000083674
cons[火电机组分段中标量约束_13_41_1],0.0
cons[火电机组分段中标量约束_13_41_2],0.0
cons[火电机组分段中标量约束_13_41_3],0.0
cons[火电机组分段中标量约束_13_41_4],0.0
cons[火电机组分段中标量约束_13_41_5],0.0
cons[火电机组分段中标量约束_13_41_6],0.0
cons[火电机组分段中标量约束_13_41_7],0.0
cons[火电机组分段中标量约束_13_41_8],0.0
cons[火电机组分段中标量约束_13_41_9],0.0
cons[火电机组出力之和约束_13_41],-6108.466
cons[火电机组分段中标量约束_13_42_0],-0.45500000000083674
cons[火电机组分段中标量约束_13_42_1],0.0
cons[火电机组分段中标量约束_13_42_2],0.0
cons[火电机组分段中标量约束_13_42_3],0.0
cons[火电机组分段中标量约束_13_42_4],0.0
cons[火电机组分段中标量约束_13_42_5],0.0
cons[火电机组分段中标量约束_13_42_6],0.0
cons[火电机组分段中标量约束_13_42_7],0.0
cons[火电机组分段中标量约束_13_42_8],0.0
cons[火电机组分段中标量约束_13_42_9],0.0
cons[火电机组出力之和约束_13_42],-6108.466
cons[火电机组分段中标量约束_13_43_0],-0.45500000000083674
cons[火电机组分段中标量约束_13_43_1],0.0
cons[火电机组分段中标量约束_13_43_2],0.0
cons[火电机组分段中标量约束_13_43_3],0.0
cons[火电机组分段中标量约束_13_43_4],0.0
cons[火电机组分段中标量约束_13_43_5],0.0
cons[火电机组分段中标量约束_13_43_6],0.0
cons[火电机组分段中标量约束_13_43_7],0.0
cons[火电机组分段中标量约束_13_43_8],0.0
cons[火电机组分段中标量约束_13_43_9],0.0
cons[火电机组出力之和约束_13_43],-6108.466
cons[火电机组分段中标量约束_13_44_0],-0.45500000000083674
cons[火电机组分段中标量约束_13_44_1],0.0
cons[火电机组分段中标量约束_13_44_2],0.0
cons[火电机组分段中标量约束_13_44_3],0.0
cons[火电机组分段中标量约束_13_44_4],0.0
cons[火电机组分段中标量约束_13_44_5],0.0
cons[火电机组分段中标量约束_13_44_6],0.0
cons[火电机组分段中标量约束_13_44_7],0.0
cons[火电机组分段中标量约束_13_44_8],0.0
cons[火电机组分段中标量约束_13_44_9],0.0
cons[火电机组出力之和约束_13_44],-6108.466
cons[火电机组分段中标量约束_13_45_0],0.0
cons[火电机组分段中标量约束_13_45_1],0.0
cons[火电机组分段中标量约束_13_45_2],0.0
cons[火电机组分段中标量约束_13_45_3],0.0
cons[火电机组分段中标量约束_13_45_4],0.0
cons[火电机组分段中标量约束_13_45_5],0.0
cons[火电机组分段中标量约束_13_45_6],0.0
cons[火电机组分段中标量约束_13_45_7],0.0
cons[火电机组分段中标量约束_13_45_8],0.0
cons[火电机组分段中标量约束_13_45_9],0.0
cons[火电机组出力之和约束_13_45],-6108.0109999999995
cons[火电机组分段中标量约束_13_46_0],0.0
cons[火电机组分段中标量约束_13_46_1],0.0
cons[火电机组分段中标量约束_13_46_2],0.0
cons[火电机组分段中标量约束_13_46_3],0.0
cons[火电机组分段中标量约束_13_46_4],0.0
cons[火电机组分段中标量约束_13_46_5],0.0
cons[火电机组分段中标量约束_13_46_6],0.0
cons[火电机组分段中标量约束_13_46_7],0.0
cons[火电机组分段中标量约束_13_46_8],0.0
cons[火电机组分段中标量约束_13_46_9],0.0
cons[火电机组出力之和约束_13_46],-6108.0109999999995
cons[火电机组分段中标量约束_13_47_0],0.0
cons[火电机组分段中标量约束_13_47_1],0.0
cons[火电机组分段中标量约束_13_47_2],0.0
cons[火电机组分段中标量约束_13_47_3],0.0
cons[火电机组分段中标量约束_13_47_4],0.0
cons[火电机组分段中标量约束_13_47_5],0.0
cons[火电机组分段中标量约束_13_47_6],0.0
cons[火电机组分段中标量约束_13_47_7],0.0
cons[火电机组分段中标量约束_13_47_8],0.0
cons[火电机组分段中标量约束_13_47_9],0.0
cons[火电机组出力之和约束_13_47],-6108.0109999999995
cons[火电机组分段中标量约束_13_48_0],0.0
cons[火电机组分段中标量约束_13_48_1],0.0
cons[火电机组分段中标量约束_13_48_2],0.0
cons[火电机组分段中标量约束_13_48_3],0.0
cons[火电机组分段中标量约束_13_48_4],0.0
cons[火电机组分段中标量约束_13_48_5],0.0
cons[火电机组分段中标量约束_13_48_6],0.0
cons[火电机组分段中标量约束_13_48_7],0.0
cons[火电机组分段中标量约束_13_48_8],0.0
cons[火电机组分段中标量约束_13_48_9],0.0
cons[火电机组出力之和约束_13_48],-6108.0109999999995
cons[火电机组分段中标量约束_13_49_0],0.0
cons[火电机组分段中标量约束_13_49_1],0.0
cons[火电机组分段中标量约束_13_49_2],0.0
cons[火电机组分段中标量约束_13_49_3],0.0
cons[火电机组分段中标量约束_13_49_4],0.0
cons[火电机组分段中标量约束_13_49_5],0.0
cons[火电机组分段中标量约束_13_49_6],0.0
cons[火电机组分段中标量约束_13_49_7],0.0
cons[火电机组分段中标量约束_13_49_8],0.0
cons[火电机组分段中标量约束_13_49_9],0.0
cons[火电机组出力之和约束_13_49],-6108.0109999999995
cons[火电机组分段中标量约束_13_50_0],0.0
cons[火电机组分段中标量约束_13_50_1],0.0
cons[火电机组分段中标量约束_13_50_2],0.0
cons[火电机组分段中标量约束_13_50_3],0.0
cons[火电机组分段中标量约束_13_50_4],0.0
cons[火电机组分段中标量约束_13_50_5],0.0
cons[火电机组分段中标量约束_13_50_6],0.0
cons[火电机组分段中标量约束_13_50_7],0.0
cons[火电机组分段中标量约束_13_50_8],0.0
cons[火电机组分段中标量约束_13_50_9],0.0
cons[火电机组出力之和约束_13_50],-6108.0109999999995
cons[火电机组分段中标量约束_13_51_0],0.0
cons[火电机组分段中标量约束_13_51_1],0.0
cons[火电机组分段中标量约束_13_51_2],0.0
cons[火电机组分段中标量约束_13_51_3],0.0
cons[火电机组分段中标量约束_13_51_4],0.0
cons[火电机组分段中标量约束_13_51_5],0.0
cons[火电机组分段中标量约束_13_51_6],0.0
cons[火电机组分段中标量约束_13_51_7],0.0
cons[火电机组分段中标量约束_13_51_8],0.0
cons[火电机组分段中标量约束_13_51_9],0.0
cons[火电机组出力之和约束_13_51],-6108.0109999999995
cons[火电机组分段中标量约束_13_52_0],0.0
cons[火电机组分段中标量约束_13_52_1],0.0
cons[火电机组分段中标量约束_13_52_2],0.0
cons[火电机组分段中标量约束_13_52_3],0.0
cons[火电机组分段中标量约束_13_52_4],0.0
cons[火电机组分段中标量约束_13_52_5],0.0
cons[火电机组分段中标量约束_13_52_6],0.0
cons[火电机组分段中标量约束_13_52_7],0.0
cons[火电机组分段中标量约束_13_52_8],0.0
cons[火电机组分段中标量约束_13_52_9],0.0
cons[火电机组出力之和约束_13_52],-6108.0109999999995
cons[火电机组分段中标量约束_13_53_0],0.0
cons[火电机组分段中标量约束_13_53_1],0.0
cons[火电机组分段中标量约束_13_53_2],0.0
cons[火电机组分段中标量约束_13_53_3],0.0
cons[火电机组分段中标量约束_13_53_4],0.0
cons[火电机组分段中标量约束_13_53_5],0.0
cons[火电机组分段中标量约束_13_53_6],0.0
cons[火电机组分段中标量约束_13_53_7],0.0
cons[火电机组分段中标量约束_13_53_8],0.0
cons[火电机组分段中标量约束_13_53_9],0.0
cons[火电机组出力之和约束_13_53],-6108.0109999999995
cons[火电机组分段中标量约束_13_54_0],0.0
cons[火电机组分段中标量约束_13_54_1],0.0
cons[火电机组分段中标量约束_13_54_2],0.0
cons[火电机组分段中标量约束_13_54_3],0.0
cons[火电机组分段中标量约束_13_54_4],0.0
cons[火电机组分段中标量约束_13_54_5],0.0
cons[火电机组分段中标量约束_13_54_6],0.0
cons[火电机组分段中标量约束_13_54_7],0.0
cons[火电机组分段中标量约束_13_54_8],0.0
cons[火电机组分段中标量约束_13_54_9],0.0
cons[火电机组出力之和约束_13_54],-6108.0109999999995
cons[火电机组分段中标量约束_13_55_0],0.0
cons[火电机组分段中标量约束_13_55_1],0.0
cons[火电机组分段中标量约束_13_55_2],0.0
cons[火电机组分段中标量约束_13_55_3],0.0
cons[火电机组分段中标量约束_13_55_4],0.0
cons[火电机组分段中标量约束_13_55_5],0.0
cons[火电机组分段中标量约束_13_55_6],0.0
cons[火电机组分段中标量约束_13_55_7],0.0
cons[火电机组分段中标量约束_13_55_8],0.0
cons[火电机组分段中标量约束_13_55_9],0.0
cons[火电机组出力之和约束_13_55],-6108.0109999999995
cons[火电机组分段中标量约束_13_56_0],0.0
cons[火电机组分段中标量约束_13_56_1],0.0
cons[火电机组分段中标量约束_13_56_2],0.0
cons[火电机组分段中标量约束_13_56_3],0.0
cons[火电机组分段中标量约束_13_56_4],0.0
cons[火电机组分段中标量约束_13_56_5],0.0
cons[火电机组分段中标量约束_13_56_6],0.0
cons[火电机组分段中标量约束_13_56_7],0.0
cons[火电机组分段中标量约束_13_56_8],0.0
cons[火电机组分段中标量约束_13_56_9],0.0
cons[火电机组出力之和约束_13_56],-6108.0109999999995
cons[火电机组分段中标量约束_13_57_0],0.0
cons[火电机组分段中标量约束_13_57_1],0.0
cons[火电机组分段中标量约束_13_57_2],0.0
cons[火电机组分段中标量约束_13_57_3],0.0
cons[火电机组分段中标量约束_13_57_4],0.0
cons[火电机组分段中标量约束_13_57_5],0.0
cons[火电机组分段中标量约束_13_57_6],0.0
cons[火电机组分段中标量约束_13_57_7],0.0
cons[火电机组分段中标量约束_13_57_8],0.0
cons[火电机组分段中标量约束_13_57_9],0.0
cons[火电机组出力之和约束_13_57],-6108.0109999999995
cons[火电机组分段中标量约束_13_58_0],0.0
cons[火电机组分段中标量约束_13_58_1],0.0
cons[火电机组分段中标量约束_13_58_2],0.0
cons[火电机组分段中标量约束_13_58_3],0.0
cons[火电机组分段中标量约束_13_58_4],0.0
cons[火电机组分段中标量约束_13_58_5],0.0
cons[火电机组分段中标量约束_13_58_6],0.0
cons[火电机组分段中标量约束_13_58_7],0.0
cons[火电机组分段中标量约束_13_58_8],0.0
cons[火电机组分段中标量约束_13_58_9],0.0
cons[火电机组出力之和约束_13_58],-6108.0109999999995
cons[火电机组分段中标量约束_13_59_0],0.0
cons[火电机组分段中标量约束_13_59_1],0.0
cons[火电机组分段中标量约束_13_59_2],0.0
cons[火电机组分段中标量约束_13_59_3],0.0
cons[火电机组分段中标量约束_13_59_4],0.0
cons[火电机组分段中标量约束_13_59_5],0.0
cons[火电机组分段中标量约束_13_59_6],0.0
cons[火电机组分段中标量约束_13_59_7],0.0
cons[火电机组分段中标量约束_13_59_8],0.0
cons[火电机组分段中标量约束_13_59_9],0.0
cons[火电机组出力之和约束_13_59],-6108.0109999999995
cons[火电机组分段中标量约束_13_60_0],-0.45500000000083674
cons[火电机组分段中标量约束_13_60_1],0.0
cons[火电机组分段中标量约束_13_60_2],0.0
cons[火电机组分段中标量约束_13_60_3],0.0
cons[火电机组分段中标量约束_13_60_4],0.0
cons[火电机组分段中标量约束_13_60_5],0.0
cons[火电机组分段中标量约束_13_60_6],0.0
cons[火电机组分段中标量约束_13_60_7],0.0
cons[火电机组分段中标量约束_13_60_8],0.0
cons[火电机组分段中标量约束_13_60_9],0.0
cons[火电机组出力之和约束_13_60],-6108.466
cons[火电机组分段中标量约束_13_61_0],-28.301000000000386
cons[火电机组分段中标量约束_13_61_1],0.0
cons[火电机组分段中标量约束_13_61_2],0.0
cons[火电机组分段中标量约束_13_61_3],0.0
cons[火电机组分段中标量约束_13_61_4],0.0
cons[火电机组分段中标量约束_13_61_5],0.0
cons[火电机组分段中标量约束_13_61_6],0.0
cons[火电机组分段中标量约束_13_61_7],0.0
cons[火电机组分段中标量约束_13_61_8],0.0
cons[火电机组分段中标量约束_13_61_9],0.0
cons[火电机组出力之和约束_13_61],-6136.312
cons[火电机组分段中标量约束_13_62_0],-56.146999999999935
cons[火电机组分段中标量约束_13_62_1],-10.100999999998749
cons[火电机组分段中标量约束_13_62_2],0.0
cons[火电机组分段中标量约束_13_62_3],0.0
cons[火电机组分段中标量约束_13_62_4],0.0
cons[火电机组分段中标量约束_13_62_5],0.0
cons[火电机组分段中标量约束_13_62_6],0.0
cons[火电机组分段中标量约束_13_62_7],0.0
cons[火电机组分段中标量约束_13_62_8],0.0
cons[火电机组分段中标量约束_13_62_9],0.0
cons[火电机组出力之和约束_13_62],-6164.157999999999
cons[火电机组分段中标量约束_13_63_0],-56.146999999999935
cons[火电机组分段中标量约束_13_63_1],-10.100999999998749
cons[火电机组分段中标量约束_13_63_2],0.0
cons[火电机组分段中标量约束_13_63_3],0.0
cons[火电机组分段中标量约束_13_63_4],0.0
cons[火电机组分段中标量约束_13_63_5],0.0
cons[火电机组分段中标量约束_13_63_6],0.0
cons[火电机组分段中标量约束_13_63_7],0.0
cons[火电机组分段中标量约束_13_63_8],0.0
cons[火电机组分段中标量约束_13_63_9],0.0
cons[火电机组出力之和约束_13_63],-6164.157999999999
cons[火电机组分段中标量约束_13_64_0],-83.99300000000221
cons[火电机组分段中标量约束_13_64_1],-37.947000000001026
cons[火电机组分段中标量约束_13_64_2],0.0
cons[火电机组分段中标量约束_13_64_3],0.0
cons[火电机组分段中标量约束_13_64_4],0.0
cons[火电机组分段中标量约束_13_64_5],0.0
cons[火电机组分段中标量约束_13_64_6],0.0
cons[火电机组分段中标量约束_13_64_7],0.0
cons[火电机组分段中标量约束_13_64_8],0.0
cons[火电机组分段中标量约束_13_64_9],0.0
cons[火电机组出力之和约束_13_64],-6192.004000000002
cons[火电机组分段中标量约束_13_65_0],-92.09200000000055
cons[火电机组分段中标量约束_13_65_1],-46.04599999999937
cons[火电机组分段中标量约束_13_65_2],0.0
cons[火电机组分段中标量约束_13_65_3],0.0
cons[火电机组分段中标量约束_13_65_4],0.0
cons[火电机组分段中标量约束_13_65_5],0.0
cons[火电机组分段中标量约束_13_65_6],0.0
cons[火电机组分段中标量约束_13_65_7],0.0
cons[火电机组分段中标量约束_13_65_8],0.0
cons[火电机组分段中标量约束_13_65_9],0.0
cons[火电机组出力之和约束_13_65],-6200.103
cons[火电机组分段中标量约束_13_66_0],-111.83900000000085
cons[火电机组分段中标量约束_13_66_1],-65.79299999999967
cons[火电机组分段中标量约束_13_66_2],-19.7470000000003
cons[火电机组分段中标量约束_13_66_3],0.0
cons[火电机组分段中标量约束_13_66_4],0.0
cons[火电机组分段中标量约束_13_66_5],0.0
cons[火电机组分段中标量约束_13_66_6],0.0
cons[火电机组分段中标量约束_13_66_7],0.0
cons[火电机组分段中标量约束_13_66_8],0.0
cons[火电机组分段中标量约束_13_66_9],0.0
cons[火电机组出力之和约束_13_66],-6219.85
cons[火电机组分段中标量约束_13_67_0],-111.83900000000085
cons[火电机组分段中标量约束_13_67_1],-65.79299999999967
cons[火电机组分段中标量约束_13_67_2],-19.7470000000003
cons[火电机组分段中标量约束_13_67_3],0.0
cons[火电机组分段中标量约束_13_67_4],0.0
cons[火电机组分段中标量约束_13_67_5],0.0
cons[火电机组分段中标量约束_13_67_6],0.0
cons[火电机组分段中标量约束_13_67_7],0.0
cons[火电机组分段中标量约束_13_67_8],0.0
cons[火电机组分段中标量约束_13_67_9],0.0
cons[火电机组出力之和约束_13_67],-6219.85
cons[火电机组分段中标量约束_13_68_0],-111.83900000000085
cons[火电机组分段中标量约束_13_68_1],-65.79299999999967
cons[火电机组分段中标量约束_13_68_2],-19.7470000000003
cons[火电机组分段中标量约束_13_68_3],0.0
cons[火电机组分段中标量约束_13_68_4],0.0
cons[火电机组分段中标量约束_13_68_5],0.0
cons[火电机组分段中标量约束_13_68_6],0.0
cons[火电机组分段中标量约束_13_68_7],0.0
cons[火电机组分段中标量约束_13_68_8],0.0
cons[火电机组分段中标量约束_13_68_9],0.0
cons[火电机组出力之和约束_13_68],-6219.85
cons[火电机组分段中标量约束_13_69_0],-111.83900000000085
cons[火电机组分段中标量约束_13_69_1],-65.79299999999967
cons[火电机组分段中标量约束_13_69_2],-19.7470000000003
cons[火电机组分段中标量约束_13_69_3],0.0
cons[火电机组分段中标量约束_13_69_4],0.0
cons[火电机组分段中标量约束_13_69_5],0.0
cons[火电机组分段中标量约束_13_69_6],0.0
cons[火电机组分段中标量约束_13_69_7],0.0
cons[火电机组分段中标量约束_13_69_8],0.0
cons[火电机组分段中标量约束_13_69_9],0.0
cons[火电机组出力之和约束_13_69],-6219.85
cons[火电机组分段中标量约束_13_70_0],-111.83900000000085
cons[火电机组分段中标量约束_13_70_1],-65.79299999999967
cons[火电机组分段中标量约束_13_70_2],-19.7470000000003
cons[火电机组分段中标量约束_13_70_3],0.0
cons[火电机组分段中标量约束_13_70_4],0.0
cons[火电机组分段中标量约束_13_70_5],0.0
cons[火电机组分段中标量约束_13_70_6],0.0
cons[火电机组分段中标量约束_13_70_7],0.0
cons[火电机组分段中标量约束_13_70_8],0.0
cons[火电机组分段中标量约束_13_70_9],0.0
cons[火电机组出力之和约束_13_70],-6219.85
cons[火电机组分段中标量约束_13_71_0],-134.22500000000036
cons[火电机组分段中标量约束_13_71_1],-88.17899999999918
cons[火电机组分段中标量约束_13_71_2],-42.13299999999981
cons[火电机组分段中标量约束_13_71_3],0.0
cons[火电机组分段中标量约束_13_71_4],0.0
cons[火电机组分段中标量约束_13_71_5],0.0
cons[火电机组分段中标量约束_13_71_6],0.0
cons[火电机组分段中标量约束_13_71_7],0.0
cons[火电机组分段中标量约束_13_71_8],0.0
cons[火电机组分段中标量约束_13_71_9],0.0
cons[火电机组出力之和约束_13_71],-6242.236
cons[火电机组分段中标量约束_13_72_0],-138.13799999999992
cons[火电机组分段中标量约束_13_72_1],-92.09199999999873
cons[火电机组分段中标量约束_13_72_2],-46.04599999999937
cons[火电机组分段中标量约束_13_72_3],0.0
cons[火电机组分段中标量约束_13_72_4],0.0
cons[火电机组分段中标量约束_13_72_5],0.0
cons[火电机组分段中标量约束_13_72_6],0.0
cons[火电机组分段中标量约束_13_72_7],0.0
cons[火电机组分段中标量约束_13_72_8],0.0
cons[火电机组分段中标量约束_13_72_9],0.0
cons[火电机组出力之和约束_13_72],-6246.148999999999
cons[火电机组分段中标量约束_13_73_0],-148.23900000000322
cons[火电机组分段中标量约束_13_73_1],-102.19300000000203
cons[火电机组分段中标量约束_13_73_2],-56.14700000000266
cons[火电机组分段中标量约束_13_73_3],-10.101000000003296
cons[火电机组分段中标量约束_13_73_4],0.0
cons[火电机组分段中标量约束_13_73_5],0.0
cons[火电机组分段中标量约束_13_73_6],0.0
cons[火电机组分段中标量约束_13_73_7],0.0
cons[火电机组分段中标量约束_13_73_8],0.0
cons[火电机组分段中标量约束_13_73_9],0.0
cons[火电机组出力之和约束_13_73],-6256.250000000003
cons[火电机组分段中标量约束_13_74_0],-179.77050000000054
cons[火电机组分段中标量约束_13_74_1],-133.72449999999935
cons[火电机组分段中标量约束_13_74_2],-87.67849999999999
cons[火电机组分段中标量约束_13_74_3],-41.63250000000062
cons[火电机组分段中标量约束_13_74_4],0.0
cons[火电机组分段中标量约束_13_74_5],0.0
cons[火电机组分段中标量约束_13_74_6],0.0
cons[火电机组分段中标量约束_13_74_7],0.0
cons[火电机组分段中标量约束_13_74_8],0.0
cons[火电机组分段中标量约束_13_74_9],0.0
cons[火电机组出力之和约束_13_74],-6287.7815
cons[火电机组分段中标量约束_13_75_0],-179.77050000000054
cons[火电机组分段中标量约束_13_75_1],-133.72449999999935
cons[火电机组分段中标量约束_13_75_2],-87.67849999999999
cons[火电机组分段中标量约束_13_75_3],-41.63250000000062
cons[火电机组分段中标量约束_13_75_4],0.0
cons[火电机组分段中标量约束_13_75_5],0.0
cons[火电机组分段中标量约束_13_75_6],0.0
cons[火电机组分段中标量约束_13_75_7],0.0
cons[火电机组分段中标量约束_13_75_8],0.0
cons[火电机组分段中标量约束_13_75_9],0.0
cons[火电机组出力之和约束_13_75],-6287.7815
cons[火电机组分段中标量约束_13_76_0],-138.13799999999992
cons[火电机组分段中标量约束_13_76_1],-92.09199999999873
cons[火电机组分段中标量约束_13_76_2],-46.04599999999937
cons[火电机组分段中标量约束_13_76_3],0.0
cons[火电机组分段中标量约束_13_76_4],0.0
cons[火电机组分段中标量约束_13_76_5],0.0
cons[火电机组分段中标量约束_13_76_6],0.0
cons[火电机组分段中标量约束_13_76_7],0.0
cons[火电机组分段中标量约束_13_76_8],0.0
cons[火电机组分段中标量约束_13_76_9],0.0
cons[火电机组出力之和约束_13_76],-6246.148999999999
cons[火电机组分段中标量约束_13_77_0],-134.22500000000036
cons[火电机组分段中标量约束_13_77_1],-88.17899999999918
cons[火电机组分段中标量约束_13_77_2],-42.13299999999981
cons[火电机组分段中标量约束_13_77_3],0.0
cons[火电机组分段中标量约束_13_77_4],0.0
cons[火电机组分段中标量约束_13_77_5],0.0
cons[火电机组分段中标量约束_13_77_6],0.0
cons[火电机组分段中标量约束_13_77_7],0.0
cons[火电机组分段中标量约束_13_77_8],0.0
cons[火电机组分段中标量约束_13_77_9],0.0
cons[火电机组出力之和约束_13_77],-6242.236
cons[火电机组分段中标量约束_13_78_0],-111.83900000000085
cons[火电机组分段中标量约束_13_78_1],-65.79299999999967
cons[火电机组分段中标量约束_13_78_2],-19.7470000000003
cons[火电机组分段中标量约束_13_78_3],0.0
cons[火电机组分段中标量约束_13_78_4],0.0
cons[火电机组分段中标量约束_13_78_5],0.0
cons[火电机组分段中标量约束_13_78_6],0.0
cons[火电机组分段中标量约束_13_78_7],0.0
cons[火电机组分段中标量约束_13_78_8],0.0
cons[火电机组分段中标量约束_13_78_9],0.0
cons[火电机组出力之和约束_13_78],-6219.85
cons[火电机组分段中标量约束_13_79_0],-111.83900000000085
cons[火电机组分段中标量约束_13_79_1],-65.79299999999967
cons[火电机组分段中标量约束_13_79_2],-19.7470000000003
cons[火电机组分段中标量约束_13_79_3],0.0
cons[火电机组分段中标量约束_13_79_4],0.0
cons[火电机组分段中标量约束_13_79_5],0.0
cons[火电机组分段中标量约束_13_79_6],0.0
cons[火电机组分段中标量约束_13_79_7],0.0
cons[火电机组分段中标量约束_13_79_8],0.0
cons[火电机组分段中标量约束_13_79_9],0.0
cons[火电机组出力之和约束_13_79],-6219.85
cons[火电机组分段中标量约束_13_80_0],-92.09200000000055
cons[火电机组分段中标量约束_13_80_1],-46.04599999999937
cons[火电机组分段中标量约束_13_80_2],0.0
cons[火电机组分段中标量约束_13_80_3],0.0
cons[火电机组分段中标量约束_13_80_4],0.0
cons[火电机组分段中标量约束_13_80_5],0.0
cons[火电机组分段中标量约束_13_80_6],0.0
cons[火电机组分段中标量约束_13_80_7],0.0
cons[火电机组分段中标量约束_13_80_8],0.0
cons[火电机组分段中标量约束_13_80_9],0.0
cons[火电机组出力之和约束_13_80],-6200.103
cons[火电机组分段中标量约束_13_81_0],-88.67950000000019
cons[火电机组分段中标量约束_13_81_1],-42.633499999999
cons[火电机组分段中标量约束_13_81_2],0.0
cons[火电机组分段中标量约束_13_81_3],0.0
cons[火电机组分段中标量约束_13_81_4],0.0
cons[火电机组分段中标量约束_13_81_5],0.0
cons[火电机组分段中标量约束_13_81_6],0.0
cons[火电机组分段中标量约束_13_81_7],0.0
cons[火电机组分段中标量约束_13_81_8],0.0
cons[火电机组分段中标量约束_13_81_9],0.0
cons[火电机组出力之和约束_13_81],-6196.6905
cons[火电机组分段中标量约束_13_82_0],-83.99300000000221
cons[火电机组分段中标量约束_13_82_1],-37.947000000001026
cons[火电机组分段中标量约束_13_82_2],0.0
cons[火电机组分段中标量约束_13_82_3],0.0
cons[火电机组分段中标量约束_13_82_4],0.0
cons[火电机组分段中标量约束_13_82_5],0.0
cons[火电机组分段中标量约束_13_82_6],0.0
cons[火电机组分段中标量约束_13_82_7],0.0
cons[火电机组分段中标量约束_13_82_8],0.0
cons[火电机组分段中标量约束_13_82_9],0.0
cons[火电机组出力之和约束_13_82],-6192.004000000002
cons[火电机组分段中标量约束_13_83_0],-56.146999999999935
cons[火电机组分段中标量约束_13_83_1],-10.100999999998749
cons[火电机组分段中标量约束_13_83_2],0.0
cons[火电机组分段中标量约束_13_83_3],0.0
cons[火电机组分段中标量约束_13_83_4],0.0
cons[火电机组分段中标量约束_13_83_5],0.0
cons[火电机组分段中标量约束_13_83_6],0.0
cons[火电机组分段中标量约束_13_83_7],0.0
cons[火电机组分段中标量约束_13_83_8],0.0
cons[火电机组分段中标量约束_13_83_9],0.0
cons[火电机组出力之和约束_13_83],-6164.157999999999
cons[火电机组分段中标量约束_13_84_0],-56.146999999999935
cons[火电机组分段中标量约束_13_84_1],-10.100999999998749
cons[火电机组分段中标量约束_13_84_2],0.0
cons[火电机组分段中标量约束_13_84_3],0.0
cons[火电机组分段中标量约束_13_84_4],0.0
cons[火电机组分段中标量约束_13_84_5],0.0
cons[火电机组分段中标量约束_13_84_6],0.0
cons[火电机组分段中标量约束_13_84_7],0.0
cons[火电机组分段中标量约束_13_84_8],0.0
cons[火电机组分段中标量约束_13_84_9],0.0
cons[火电机组出力之和约束_13_84],-6164.157999999999
cons[火电机组分段中标量约束_13_85_0],-56.146999999999935
cons[火电机组分段中标量约束_13_85_1],-10.100999999998749
cons[火电机组分段中标量约束_13_85_2],0.0
cons[火电机组分段中标量约束_13_85_3],0.0
cons[火电机组分段中标量约束_13_85_4],0.0
cons[火电机组分段中标量约束_13_85_5],0.0
cons[火电机组分段中标量约束_13_85_6],0.0
cons[火电机组分段中标量约束_13_85_7],0.0
cons[火电机组分段中标量约束_13_85_8],0.0
cons[火电机组分段中标量约束_13_85_9],0.0
cons[火电机组出力之和约束_13_85],-6164.157999999999
cons[火电机组分段中标量约束_13_86_0],-56.146999999999935
cons[火电机组分段中标量约束_13_86_1],-10.100999999998749
cons[火电机组分段中标量约束_13_86_2],0.0
cons[火电机组分段中标量约束_13_86_3],0.0
cons[火电机组分段中标量约束_13_86_4],0.0
cons[火电机组分段中标量约束_13_86_5],0.0
cons[火电机组分段中标量约束_13_86_6],0.0
cons[火电机组分段中标量约束_13_86_7],0.0
cons[火电机组分段中标量约束_13_86_8],0.0
cons[火电机组分段中标量约束_13_86_9],0.0
cons[火电机组出力之和约束_13_86],-6164.157999999999
cons[火电机组分段中标量约束_13_87_0],-46.046000000001186
cons[火电机组分段中标量约束_13_87_1],0.0
cons[火电机组分段中标量约束_13_87_2],0.0
cons[火电机组分段中标量约束_13_87_3],0.0
cons[火电机组分段中标量约束_13_87_4],0.0
cons[火电机组分段中标量约束_13_87_5],0.0
cons[火电机组分段中标量约束_13_87_6],0.0
cons[火电机组分段中标量约束_13_87_7],0.0
cons[火电机组分段中标量约束_13_87_8],0.0
cons[火电机组分段中标量约束_13_87_9],0.0
cons[火电机组出力之和约束_13_87],-6154.057000000001
cons[火电机组分段中标量约束_13_88_0],-0.45500000000083674
cons[火电机组分段中标量约束_13_88_1],0.0
cons[火电机组分段中标量约束_13_88_2],0.0
cons[火电机组分段中标量约束_13_88_3],0.0
cons[火电机组分段中标量约束_13_88_4],0.0
cons[火电机组分段中标量约束_13_88_5],0.0
cons[火电机组分段中标量约束_13_88_6],0.0
cons[火电机组分段中标量约束_13_88_7],0.0
cons[火电机组分段中标量约束_13_88_8],0.0
cons[火电机组分段中标量约束_13_88_9],0.0
cons[火电机组出力之和约束_13_88],-6108.466
cons[火电机组分段中标量约束_13_89_0],0.0
cons[火电机组分段中标量约束_13_89_1],0.0
cons[火电机组分段中标量约束_13_89_2],0.0
cons[火电机组分段中标量约束_13_89_3],0.0
cons[火电机组分段中标量约束_13_89_4],0.0
cons[火电机组分段中标量约束_13_89_5],0.0
cons[火电机组分段中标量约束_13_89_6],0.0
cons[火电机组分段中标量约束_13_89_7],0.0
cons[火电机组分段中标量约束_13_89_8],0.0
cons[火电机组分段中标量约束_13_89_9],0.0
cons[火电机组出力之和约束_13_89],-6108.0109999999995
cons[火电机组分段中标量约束_13_90_0],0.0
cons[火电机组分段中标量约束_13_90_1],0.0
cons[火电机组分段中标量约束_13_90_2],0.0
cons[火电机组分段中标量约束_13_90_3],0.0
cons[火电机组分段中标量约束_13_90_4],0.0
cons[火电机组分段中标量约束_13_90_5],0.0
cons[火电机组分段中标量约束_13_90_6],0.0
cons[火电机组分段中标量约束_13_90_7],0.0
cons[火电机组分段中标量约束_13_90_8],0.0
cons[火电机组分段中标量约束_13_90_9],0.0
cons[火电机组出力之和约束_13_90],-6108.0109999999995
cons[火电机组分段中标量约束_13_91_0],0.0
cons[火电机组分段中标量约束_13_91_1],0.0
cons[火电机组分段中标量约束_13_91_2],0.0
cons[火电机组分段中标量约束_13_91_3],0.0
cons[火电机组分段中标量约束_13_91_4],0.0
cons[火电机组分段中标量约束_13_91_5],0.0
cons[火电机组分段中标量约束_13_91_6],0.0
cons[火电机组分段中标量约束_13_91_7],0.0
cons[火电机组分段中标量约束_13_91_8],0.0
cons[火电机组分段中标量约束_13_91_9],0.0
cons[火电机组出力之和约束_13_91],-6108.0109999999995
cons[火电机组分段中标量约束_13_92_0],0.0
cons[火电机组分段中标量约束_13_92_1],0.0
cons[火电机组分段中标量约束_13_92_2],0.0
cons[火电机组分段中标量约束_13_92_3],0.0
cons[火电机组分段中标量约束_13_92_4],0.0
cons[火电机组分段中标量约束_13_92_5],0.0
cons[火电机组分段中标量约束_13_92_6],0.0
cons[火电机组分段中标量约束_13_92_7],0.0
cons[火电机组分段中标量约束_13_92_8],0.0
cons[火电机组分段中标量约束_13_92_9],0.0
cons[火电机组出力之和约束_13_92],-6108.0109999999995
cons[火电机组分段中标量约束_13_93_0],0.0
cons[火电机组分段中标量约束_13_93_1],0.0
cons[火电机组分段中标量约束_13_93_2],0.0
cons[火电机组分段中标量约束_13_93_3],0.0
cons[火电机组分段中标量约束_13_93_4],0.0
cons[火电机组分段中标量约束_13_93_5],0.0
cons[火电机组分段中标量约束_13_93_6],0.0
cons[火电机组分段中标量约束_13_93_7],0.0
cons[火电机组分段中标量约束_13_93_8],0.0
cons[火电机组分段中标量约束_13_93_9],0.0
cons[火电机组出力之和约束_13_93],-6108.0109999999995
cons[火电机组分段中标量约束_13_94_0],0.0
cons[火电机组分段中标量约束_13_94_1],0.0
cons[火电机组分段中标量约束_13_94_2],0.0
cons[火电机组分段中标量约束_13_94_3],0.0
cons[火电机组分段中标量约束_13_94_4],0.0
cons[火电机组分段中标量约束_13_94_5],0.0
cons[火电机组分段中标量约束_13_94_6],0.0
cons[火电机组分段中标量约束_13_94_7],0.0
cons[火电机组分段中标量约束_13_94_8],0.0
cons[火电机组分段中标量约束_13_94_9],0.0
cons[火电机组出力之和约束_13_94],-6108.0109999999995
cons[火电机组分段中标量约束_13_95_0],0.0
cons[火电机组分段中标量约束_13_95_1],0.0
cons[火电机组分段中标量约束_13_95_2],0.0
cons[火电机组分段中标量约束_13_95_3],0.0
cons[火电机组分段中标量约束_13_95_4],0.0
cons[火电机组分段中标量约束_13_95_5],0.0
cons[火电机组分段中标量约束_13_95_6],0.0
cons[火电机组分段中标量约束_13_95_7],0.0
cons[火电机组分段中标量约束_13_95_8],0.0
cons[火电机组分段中标量约束_13_95_9],0.0
cons[火电机组出力之和约束_13_95],-6108.0109999999995
cons[火电机组分段中标量约束_14_0_0],-13.513500000000931
cons[火电机组分段中标量约束_14_0_1],0.0
cons[火电机组分段中标量约束_14_0_2],0.0
cons[火电机组分段中标量约束_14_0_3],0.0
cons[火电机组分段中标量约束_14_0_4],0.0
cons[火电机组分段中标量约束_14_0_5],0.0
cons[火电机组分段中标量约束_14_0_6],0.0
cons[火电机组分段中标量约束_14_0_7],0.0
cons[火电机组分段中标量约束_14_0_8],0.0
cons[火电机组分段中标量约束_14_0_9],0.0
cons[火电机组出力之和约束_14_0],-6210.204000000001
cons[火电机组分段中标量约束_14_1_0],0.0
cons[火电机组分段中标量约束_14_1_1],0.0
cons[火电机组分段中标量约束_14_1_2],0.0
cons[火电机组分段中标量约束_14_1_3],0.0
cons[火电机组分段中标量约束_14_1_4],0.0
cons[火电机组分段中标量约束_14_1_5],0.0
cons[火电机组分段中标量约束_14_1_6],0.0
cons[火电机组分段中标量约束_14_1_7],0.0
cons[火电机组分段中标量约束_14_1_8],0.0
cons[火电机组分段中标量约束_14_1_9],0.0
cons[火电机组出力之和约束_14_1],-6196.6905
cons[火电机组分段中标量约束_14_2_0],0.0
cons[火电机组分段中标量约束_14_2_1],0.0
cons[火电机组分段中标量约束_14_2_2],0.0
cons[火电机组分段中标量约束_14_2_3],0.0
cons[火电机组分段中标量约束_14_2_4],0.0
cons[火电机组分段中标量约束_14_2_5],0.0
cons[火电机组分段中标量约束_14_2_6],0.0
cons[火电机组分段中标量约束_14_2_7],0.0
cons[火电机组分段中标量约束_14_2_8],0.0
cons[火电机组分段中标量约束_14_2_9],0.0
cons[火电机组出力之和约束_14_2],-6196.6905
cons[火电机组分段中标量约束_14_3_0],0.0
cons[火电机组分段中标量约束_14_3_1],0.0
cons[火电机组分段中标量约束_14_3_2],0.0
cons[火电机组分段中标量约束_14_3_3],0.0
cons[火电机组分段中标量约束_14_3_4],0.0
cons[火电机组分段中标量约束_14_3_5],0.0
cons[火电机组分段中标量约束_14_3_6],0.0
cons[火电机组分段中标量约束_14_3_7],0.0
cons[火电机组分段中标量约束_14_3_8],0.0
cons[火电机组分段中标量约束_14_3_9],0.0
cons[火电机组出力之和约束_14_3],-6196.6905
cons[火电机组分段中标量约束_14_4_0],0.0
cons[火电机组分段中标量约束_14_4_1],0.0
cons[火电机组分段中标量约束_14_4_2],0.0
cons[火电机组分段中标量约束_14_4_3],0.0
cons[火电机组分段中标量约束_14_4_4],0.0
cons[火电机组分段中标量约束_14_4_5],0.0
cons[火电机组分段中标量约束_14_4_6],0.0
cons[火电机组分段中标量约束_14_4_7],0.0
cons[火电机组分段中标量约束_14_4_8],0.0
cons[火电机组分段中标量约束_14_4_9],0.0
cons[火电机组出力之和约束_14_4],-6196.6905
cons[火电机组分段中标量约束_14_5_0],0.0
cons[火电机组分段中标量约束_14_5_1],0.0
cons[火电机组分段中标量约束_14_5_2],0.0
cons[火电机组分段中标量约束_14_5_3],0.0
cons[火电机组分段中标量约束_14_5_4],0.0
cons[火电机组分段中标量约束_14_5_5],0.0
cons[火电机组分段中标量约束_14_5_6],0.0
cons[火电机组分段中标量约束_14_5_7],0.0
cons[火电机组分段中标量约束_14_5_8],0.0
cons[火电机组分段中标量约束_14_5_9],0.0
cons[火电机组出力之和约束_14_5],-6196.6905
cons[火电机组分段中标量约束_14_6_0],0.0
cons[火电机组分段中标量约束_14_6_1],0.0
cons[火电机组分段中标量约束_14_6_2],0.0
cons[火电机组分段中标量约束_14_6_3],0.0
cons[火电机组分段中标量约束_14_6_4],0.0
cons[火电机组分段中标量约束_14_6_5],0.0
cons[火电机组分段中标量约束_14_6_6],0.0
cons[火电机组分段中标量约束_14_6_7],0.0
cons[火电机组分段中标量约束_14_6_8],0.0
cons[火电机组分段中标量约束_14_6_9],0.0
cons[火电机组出力之和约束_14_6],-6196.6905
cons[火电机组分段中标量约束_14_7_0],0.0
cons[火电机组分段中标量约束_14_7_1],0.0
cons[火电机组分段中标量约束_14_7_2],0.0
cons[火电机组分段中标量约束_14_7_3],0.0
cons[火电机组分段中标量约束_14_7_4],0.0
cons[火电机组分段中标量约束_14_7_5],0.0
cons[火电机组分段中标量约束_14_7_6],0.0
cons[火电机组分段中标量约束_14_7_7],0.0
cons[火电机组分段中标量约束_14_7_8],0.0
cons[火电机组分段中标量约束_14_7_9],0.0
cons[火电机组出力之和约束_14_7],-6196.6905
cons[火电机组分段中标量约束_14_8_0],0.0
cons[火电机组分段中标量约束_14_8_1],0.0
cons[火电机组分段中标量约束_14_8_2],0.0
cons[火电机组分段中标量约束_14_8_3],0.0
cons[火电机组分段中标量约束_14_8_4],0.0
cons[火电机组分段中标量约束_14_8_5],0.0
cons[火电机组分段中标量约束_14_8_6],0.0
cons[火电机组分段中标量约束_14_8_7],0.0
cons[火电机组分段中标量约束_14_8_8],0.0
cons[火电机组分段中标量约束_14_8_9],0.0
cons[火电机组出力之和约束_14_8],-6196.6905
cons[火电机组分段中标量约束_14_9_0],0.0
cons[火电机组分段中标量约束_14_9_1],0.0
cons[火电机组分段中标量约束_14_9_2],0.0
cons[火电机组分段中标量约束_14_9_3],0.0
cons[火电机组分段中标量约束_14_9_4],0.0
cons[火电机组分段中标量约束_14_9_5],0.0
cons[火电机组分段中标量约束_14_9_6],0.0
cons[火电机组分段中标量约束_14_9_7],0.0
cons[火电机组分段中标量约束_14_9_8],0.0
cons[火电机组分段中标量约束_14_9_9],0.0
cons[火电机组出力之和约束_14_9],-6196.6905
cons[火电机组分段中标量约束_14_10_0],0.0
cons[火电机组分段中标量约束_14_10_1],0.0
cons[火电机组分段中标量约束_14_10_2],0.0
cons[火电机组分段中标量约束_14_10_3],0.0
cons[火电机组分段中标量约束_14_10_4],0.0
cons[火电机组分段中标量约束_14_10_5],0.0
cons[火电机组分段中标量约束_14_10_6],0.0
cons[火电机组分段中标量约束_14_10_7],0.0
cons[火电机组分段中标量约束_14_10_8],0.0
cons[火电机组分段中标量约束_14_10_9],0.0
cons[火电机组出力之和约束_14_10],-6196.6905
cons[火电机组分段中标量约束_14_11_0],0.0
cons[火电机组分段中标量约束_14_11_1],0.0
cons[火电机组分段中标量约束_14_11_2],0.0
cons[火电机组分段中标量约束_14_11_3],0.0
cons[火电机组分段中标量约束_14_11_4],0.0
cons[火电机组分段中标量约束_14_11_5],0.0
cons[火电机组分段中标量约束_14_11_6],0.0
cons[火电机组分段中标量约束_14_11_7],0.0
cons[火电机组分段中标量约束_14_11_8],0.0
cons[火电机组分段中标量约束_14_11_9],0.0
cons[火电机组出力之和约束_14_11],-6196.6905
cons[火电机组分段中标量约束_14_12_0],0.0
cons[火电机组分段中标量约束_14_12_1],0.0
cons[火电机组分段中标量约束_14_12_2],0.0
cons[火电机组分段中标量约束_14_12_3],0.0
cons[火电机组分段中标量约束_14_12_4],0.0
cons[火电机组分段中标量约束_14_12_5],0.0
cons[火电机组分段中标量约束_14_12_6],0.0
cons[火电机组分段中标量约束_14_12_7],0.0
cons[火电机组分段中标量约束_14_12_8],0.0
cons[火电机组分段中标量约束_14_12_9],0.0
cons[火电机组出力之和约束_14_12],-6196.6905
cons[火电机组分段中标量约束_14_13_0],0.0
cons[火电机组分段中标量约束_14_13_1],0.0
cons[火电机组分段中标量约束_14_13_2],0.0
cons[火电机组分段中标量约束_14_13_3],0.0
cons[火电机组分段中标量约束_14_13_4],0.0
cons[火电机组分段中标量约束_14_13_5],0.0
cons[火电机组分段中标量约束_14_13_6],0.0
cons[火电机组分段中标量约束_14_13_7],0.0
cons[火电机组分段中标量约束_14_13_8],0.0
cons[火电机组分段中标量约束_14_13_9],0.0
cons[火电机组出力之和约束_14_13],-6196.6905
cons[火电机组分段中标量约束_14_14_0],0.0
cons[火电机组分段中标量约束_14_14_1],0.0
cons[火电机组分段中标量约束_14_14_2],0.0
cons[火电机组分段中标量约束_14_14_3],0.0
cons[火电机组分段中标量约束_14_14_4],0.0
cons[火电机组分段中标量约束_14_14_5],0.0
cons[火电机组分段中标量约束_14_14_6],0.0
cons[火电机组分段中标量约束_14_14_7],0.0
cons[火电机组分段中标量约束_14_14_8],0.0
cons[火电机组分段中标量约束_14_14_9],0.0
cons[火电机组出力之和约束_14_14],-6196.6905
cons[火电机组分段中标量约束_14_15_0],0.0
cons[火电机组分段中标量约束_14_15_1],0.0
cons[火电机组分段中标量约束_14_15_2],0.0
cons[火电机组分段中标量约束_14_15_3],0.0
cons[火电机组分段中标量约束_14_15_4],0.0
cons[火电机组分段中标量约束_14_15_5],0.0
cons[火电机组分段中标量约束_14_15_6],0.0
cons[火电机组分段中标量约束_14_15_7],0.0
cons[火电机组分段中标量约束_14_15_8],0.0
cons[火电机组分段中标量约束_14_15_9],0.0
cons[火电机组出力之和约束_14_15],-6196.6905
cons[火电机组分段中标量约束_14_16_0],0.0
cons[火电机组分段中标量约束_14_16_1],0.0
cons[火电机组分段中标量约束_14_16_2],0.0
cons[火电机组分段中标量约束_14_16_3],0.0
cons[火电机组分段中标量约束_14_16_4],0.0
cons[火电机组分段中标量约束_14_16_5],0.0
cons[火电机组分段中标量约束_14_16_6],0.0
cons[火电机组分段中标量约束_14_16_7],0.0
cons[火电机组分段中标量约束_14_16_8],0.0
cons[火电机组分段中标量约束_14_16_9],0.0
cons[火电机组出力之和约束_14_16],-6196.6905
cons[火电机组分段中标量约束_14_17_0],0.0
cons[火电机组分段中标量约束_14_17_1],0.0
cons[火电机组分段中标量约束_14_17_2],0.0
cons[火电机组分段中标量约束_14_17_3],0.0
cons[火电机组分段中标量约束_14_17_4],0.0
cons[火电机组分段中标量约束_14_17_5],0.0
cons[火电机组分段中标量约束_14_17_6],0.0
cons[火电机组分段中标量约束_14_17_7],0.0
cons[火电机组分段中标量约束_14_17_8],0.0
cons[火电机组分段中标量约束_14_17_9],0.0
cons[火电机组出力之和约束_14_17],-6196.6905
cons[火电机组分段中标量约束_14_18_0],0.0
cons[火电机组分段中标量约束_14_18_1],0.0
cons[火电机组分段中标量约束_14_18_2],0.0
cons[火电机组分段中标量约束_14_18_3],0.0
cons[火电机组分段中标量约束_14_18_4],0.0
cons[火电机组分段中标量约束_14_18_5],0.0
cons[火电机组分段中标量约束_14_18_6],0.0
cons[火电机组分段中标量约束_14_18_7],0.0
cons[火电机组分段中标量约束_14_18_8],0.0
cons[火电机组分段中标量约束_14_18_9],0.0
cons[火电机组出力之和约束_14_18],-6196.6905
cons[火电机组分段中标量约束_14_19_0],0.0
cons[火电机组分段中标量约束_14_19_1],0.0
cons[火电机组分段中标量约束_14_19_2],0.0
cons[火电机组分段中标量约束_14_19_3],0.0
cons[火电机组分段中标量约束_14_19_4],0.0
cons[火电机组分段中标量约束_14_19_5],0.0
cons[火电机组分段中标量约束_14_19_6],0.0
cons[火电机组分段中标量约束_14_19_7],0.0
cons[火电机组分段中标量约束_14_19_8],0.0
cons[火电机组分段中标量约束_14_19_9],0.0
cons[火电机组出力之和约束_14_19],-6196.6905
cons[火电机组分段中标量约束_14_20_0],0.0
cons[火电机组分段中标量约束_14_20_1],0.0
cons[火电机组分段中标量约束_14_20_2],0.0
cons[火电机组分段中标量约束_14_20_3],0.0
cons[火电机组分段中标量约束_14_20_4],0.0
cons[火电机组分段中标量约束_14_20_5],0.0
cons[火电机组分段中标量约束_14_20_6],0.0
cons[火电机组分段中标量约束_14_20_7],0.0
cons[火电机组分段中标量约束_14_20_8],0.0
cons[火电机组分段中标量约束_14_20_9],0.0
cons[火电机组出力之和约束_14_20],-6196.6905
cons[火电机组分段中标量约束_14_21_0],0.0
cons[火电机组分段中标量约束_14_21_1],0.0
cons[火电机组分段中标量约束_14_21_2],0.0
cons[火电机组分段中标量约束_14_21_3],0.0
cons[火电机组分段中标量约束_14_21_4],0.0
cons[火电机组分段中标量约束_14_21_5],0.0
cons[火电机组分段中标量约束_14_21_6],0.0
cons[火电机组分段中标量约束_14_21_7],0.0
cons[火电机组分段中标量约束_14_21_8],0.0
cons[火电机组分段中标量约束_14_21_9],0.0
cons[火电机组出力之和约束_14_21],-6196.6905
cons[火电机组分段中标量约束_14_22_0],0.0
cons[火电机组分段中标量约束_14_22_1],0.0
cons[火电机组分段中标量约束_14_22_2],0.0
cons[火电机组分段中标量约束_14_22_3],0.0
cons[火电机组分段中标量约束_14_22_4],0.0
cons[火电机组分段中标量约束_14_22_5],0.0
cons[火电机组分段中标量约束_14_22_6],0.0
cons[火电机组分段中标量约束_14_22_7],0.0
cons[火电机组分段中标量约束_14_22_8],0.0
cons[火电机组分段中标量约束_14_22_9],0.0
cons[火电机组出力之和约束_14_22],-6196.6905
cons[火电机组分段中标量约束_14_23_0],0.0
cons[火电机组分段中标量约束_14_23_1],0.0
cons[火电机组分段中标量约束_14_23_2],0.0
cons[火电机组分段中标量约束_14_23_3],0.0
cons[火电机组分段中标量约束_14_23_4],0.0
cons[火电机组分段中标量约束_14_23_5],0.0
cons[火电机组分段中标量约束_14_23_6],0.0
cons[火电机组分段中标量约束_14_23_7],0.0
cons[火电机组分段中标量约束_14_23_8],0.0
cons[火电机组分段中标量约束_14_23_9],0.0
cons[火电机组出力之和约束_14_23],-6196.6905
cons[火电机组分段中标量约束_14_24_0],0.0
cons[火电机组分段中标量约束_14_24_1],0.0
cons[火电机组分段中标量约束_14_24_2],0.0
cons[火电机组分段中标量约束_14_24_3],0.0
cons[火电机组分段中标量约束_14_24_4],0.0
cons[火电机组分段中标量约束_14_24_5],0.0
cons[火电机组分段中标量约束_14_24_6],0.0
cons[火电机组分段中标量约束_14_24_7],0.0
cons[火电机组分段中标量约束_14_24_8],0.0
cons[火电机组分段中标量约束_14_24_9],0.0
cons[火电机组出力之和约束_14_24],-6196.6905
cons[火电机组分段中标量约束_14_25_0],0.0
cons[火电机组分段中标量约束_14_25_1],0.0
cons[火电机组分段中标量约束_14_25_2],0.0
cons[火电机组分段中标量约束_14_25_3],0.0
cons[火电机组分段中标量约束_14_25_4],0.0
cons[火电机组分段中标量约束_14_25_5],0.0
cons[火电机组分段中标量约束_14_25_6],0.0
cons[火电机组分段中标量约束_14_25_7],0.0
cons[火电机组分段中标量约束_14_25_8],0.0
cons[火电机组分段中标量约束_14_25_9],0.0
cons[火电机组出力之和约束_14_25],-6196.6905
cons[火电机组分段中标量约束_14_26_0],0.0
cons[火电机组分段中标量约束_14_26_1],0.0
cons[火电机组分段中标量约束_14_26_2],0.0
cons[火电机组分段中标量约束_14_26_3],0.0
cons[火电机组分段中标量约束_14_26_4],0.0
cons[火电机组分段中标量约束_14_26_5],0.0
cons[火电机组分段中标量约束_14_26_6],0.0
cons[火电机组分段中标量约束_14_26_7],0.0
cons[火电机组分段中标量约束_14_26_8],0.0
cons[火电机组分段中标量约束_14_26_9],0.0
cons[火电机组出力之和约束_14_26],-6196.6905
cons[火电机组分段中标量约束_14_27_0],0.0
cons[火电机组分段中标量约束_14_27_1],0.0
cons[火电机组分段中标量约束_14_27_2],0.0
cons[火电机组分段中标量约束_14_27_3],0.0
cons[火电机组分段中标量约束_14_27_4],0.0
cons[火电机组分段中标量约束_14_27_5],0.0
cons[火电机组分段中标量约束_14_27_6],0.0
cons[火电机组分段中标量约束_14_27_7],0.0
cons[火电机组分段中标量约束_14_27_8],0.0
cons[火电机组分段中标量约束_14_27_9],0.0
cons[火电机组出力之和约束_14_27],-6196.6905
cons[火电机组分段中标量约束_14_28_0],0.0
cons[火电机组分段中标量约束_14_28_1],0.0
cons[火电机组分段中标量约束_14_28_2],0.0
cons[火电机组分段中标量约束_14_28_3],0.0
cons[火电机组分段中标量约束_14_28_4],0.0
cons[火电机组分段中标量约束_14_28_5],0.0
cons[火电机组分段中标量约束_14_28_6],0.0
cons[火电机组分段中标量约束_14_28_7],0.0
cons[火电机组分段中标量约束_14_28_8],0.0
cons[火电机组分段中标量约束_14_28_9],0.0
cons[火电机组出力之和约束_14_28],-6196.6905
cons[火电机组分段中标量约束_14_29_0],0.0
cons[火电机组分段中标量约束_14_29_1],0.0
cons[火电机组分段中标量约束_14_29_2],0.0
cons[火电机组分段中标量约束_14_29_3],0.0
cons[火电机组分段中标量约束_14_29_4],0.0
cons[火电机组分段中标量约束_14_29_5],0.0
cons[火电机组分段中标量约束_14_29_6],0.0
cons[火电机组分段中标量约束_14_29_7],0.0
cons[火电机组分段中标量约束_14_29_8],0.0
cons[火电机组分段中标量约束_14_29_9],0.0
cons[火电机组出力之和约束_14_29],-6196.6905
cons[火电机组分段中标量约束_14_30_0],0.0
cons[火电机组分段中标量约束_14_30_1],0.0
cons[火电机组分段中标量约束_14_30_2],0.0
cons[火电机组分段中标量约束_14_30_3],0.0
cons[火电机组分段中标量约束_14_30_4],0.0
cons[火电机组分段中标量约束_14_30_5],0.0
cons[火电机组分段中标量约束_14_30_6],0.0
cons[火电机组分段中标量约束_14_30_7],0.0
cons[火电机组分段中标量约束_14_30_8],0.0
cons[火电机组分段中标量约束_14_30_9],0.0
cons[火电机组出力之和约束_14_30],-6196.6905
cons[火电机组分段中标量约束_14_31_0],0.0
cons[火电机组分段中标量约束_14_31_1],0.0
cons[火电机组分段中标量约束_14_31_2],0.0
cons[火电机组分段中标量约束_14_31_3],0.0
cons[火电机组分段中标量约束_14_31_4],0.0
cons[火电机组分段中标量约束_14_31_5],0.0
cons[火电机组分段中标量约束_14_31_6],0.0
cons[火电机组分段中标量约束_14_31_7],0.0
cons[火电机组分段中标量约束_14_31_8],0.0
cons[火电机组分段中标量约束_14_31_9],0.0
cons[火电机组出力之和约束_14_31],-6196.6905
cons[火电机组分段中标量约束_14_32_0],0.0
cons[火电机组分段中标量约束_14_32_1],0.0
cons[火电机组分段中标量约束_14_32_2],0.0
cons[火电机组分段中标量约束_14_32_3],0.0
cons[火电机组分段中标量约束_14_32_4],0.0
cons[火电机组分段中标量约束_14_32_5],0.0
cons[火电机组分段中标量约束_14_32_6],0.0
cons[火电机组分段中标量约束_14_32_7],0.0
cons[火电机组分段中标量约束_14_32_8],0.0
cons[火电机组分段中标量约束_14_32_9],0.0
cons[火电机组出力之和约束_14_32],-6196.6905
cons[火电机组分段中标量约束_14_33_0],0.0
cons[火电机组分段中标量约束_14_33_1],0.0
cons[火电机组分段中标量约束_14_33_2],0.0
cons[火电机组分段中标量约束_14_33_3],0.0
cons[火电机组分段中标量约束_14_33_4],0.0
cons[火电机组分段中标量约束_14_33_5],0.0
cons[火电机组分段中标量约束_14_33_6],0.0
cons[火电机组分段中标量约束_14_33_7],0.0
cons[火电机组分段中标量约束_14_33_8],0.0
cons[火电机组分段中标量约束_14_33_9],0.0
cons[火电机组出力之和约束_14_33],-6196.6905
cons[火电机组分段中标量约束_14_34_0],0.0
cons[火电机组分段中标量约束_14_34_1],0.0
cons[火电机组分段中标量约束_14_34_2],0.0
cons[火电机组分段中标量约束_14_34_3],0.0
cons[火电机组分段中标量约束_14_34_4],0.0
cons[火电机组分段中标量约束_14_34_5],0.0
cons[火电机组分段中标量约束_14_34_6],0.0
cons[火电机组分段中标量约束_14_34_7],0.0
cons[火电机组分段中标量约束_14_34_8],0.0
cons[火电机组分段中标量约束_14_34_9],0.0
cons[火电机组出力之和约束_14_34],-6196.6905
cons[火电机组分段中标量约束_14_35_0],0.0
cons[火电机组分段中标量约束_14_35_1],0.0
cons[火电机组分段中标量约束_14_35_2],0.0
cons[火电机组分段中标量约束_14_35_3],0.0
cons[火电机组分段中标量约束_14_35_4],0.0
cons[火电机组分段中标量约束_14_35_5],0.0
cons[火电机组分段中标量约束_14_35_6],0.0
cons[火电机组分段中标量约束_14_35_7],0.0
cons[火电机组分段中标量约束_14_35_8],0.0
cons[火电机组分段中标量约束_14_35_9],0.0
cons[火电机组出力之和约束_14_35],-6196.6905
cons[火电机组分段中标量约束_14_36_0],0.0
cons[火电机组分段中标量约束_14_36_1],0.0
cons[火电机组分段中标量约束_14_36_2],0.0
cons[火电机组分段中标量约束_14_36_3],0.0
cons[火电机组分段中标量约束_14_36_4],0.0
cons[火电机组分段中标量约束_14_36_5],0.0
cons[火电机组分段中标量约束_14_36_6],0.0
cons[火电机组分段中标量约束_14_36_7],0.0
cons[火电机组分段中标量约束_14_36_8],0.0
cons[火电机组分段中标量约束_14_36_9],0.0
cons[火电机组出力之和约束_14_36],-6196.6905
cons[火电机组分段中标量约束_14_37_0],0.0
cons[火电机组分段中标量约束_14_37_1],0.0
cons[火电机组分段中标量约束_14_37_2],0.0
cons[火电机组分段中标量约束_14_37_3],0.0
cons[火电机组分段中标量约束_14_37_4],0.0
cons[火电机组分段中标量约束_14_37_5],0.0
cons[火电机组分段中标量约束_14_37_6],0.0
cons[火电机组分段中标量约束_14_37_7],0.0
cons[火电机组分段中标量约束_14_37_8],0.0
cons[火电机组分段中标量约束_14_37_9],0.0
cons[火电机组出力之和约束_14_37],-6196.6905
cons[火电机组分段中标量约束_14_38_0],0.0
cons[火电机组分段中标量约束_14_38_1],0.0
cons[火电机组分段中标量约束_14_38_2],0.0
cons[火电机组分段中标量约束_14_38_3],0.0
cons[火电机组分段中标量约束_14_38_4],0.0
cons[火电机组分段中标量约束_14_38_5],0.0
cons[火电机组分段中标量约束_14_38_6],0.0
cons[火电机组分段中标量约束_14_38_7],0.0
cons[火电机组分段中标量约束_14_38_8],0.0
cons[火电机组分段中标量约束_14_38_9],0.0
cons[火电机组出力之和约束_14_38],-6196.6905
cons[火电机组分段中标量约束_14_39_0],0.0
cons[火电机组分段中标量约束_14_39_1],0.0
cons[火电机组分段中标量约束_14_39_2],0.0
cons[火电机组分段中标量约束_14_39_3],0.0
cons[火电机组分段中标量约束_14_39_4],0.0
cons[火电机组分段中标量约束_14_39_5],0.0
cons[火电机组分段中标量约束_14_39_6],0.0
cons[火电机组分段中标量约束_14_39_7],0.0
cons[火电机组分段中标量约束_14_39_8],0.0
cons[火电机组分段中标量约束_14_39_9],0.0
cons[火电机组出力之和约束_14_39],-6196.6905
cons[火电机组分段中标量约束_14_40_0],0.0
cons[火电机组分段中标量约束_14_40_1],0.0
cons[火电机组分段中标量约束_14_40_2],0.0
cons[火电机组分段中标量约束_14_40_3],0.0
cons[火电机组分段中标量约束_14_40_4],0.0
cons[火电机组分段中标量约束_14_40_5],0.0
cons[火电机组分段中标量约束_14_40_6],0.0
cons[火电机组分段中标量约束_14_40_7],0.0
cons[火电机组分段中标量约束_14_40_8],0.0
cons[火电机组分段中标量约束_14_40_9],0.0
cons[火电机组出力之和约束_14_40],-6196.6905
cons[火电机组分段中标量约束_14_41_0],0.0
cons[火电机组分段中标量约束_14_41_1],0.0
cons[火电机组分段中标量约束_14_41_2],0.0
cons[火电机组分段中标量约束_14_41_3],0.0
cons[火电机组分段中标量约束_14_41_4],0.0
cons[火电机组分段中标量约束_14_41_5],0.0
cons[火电机组分段中标量约束_14_41_6],0.0
cons[火电机组分段中标量约束_14_41_7],0.0
cons[火电机组分段中标量约束_14_41_8],0.0
cons[火电机组分段中标量约束_14_41_9],0.0
cons[火电机组出力之和约束_14_41],-6196.6905
cons[火电机组分段中标量约束_14_42_0],0.0
cons[火电机组分段中标量约束_14_42_1],0.0
cons[火电机组分段中标量约束_14_42_2],0.0
cons[火电机组分段中标量约束_14_42_3],0.0
cons[火电机组分段中标量约束_14_42_4],0.0
cons[火电机组分段中标量约束_14_42_5],0.0
cons[火电机组分段中标量约束_14_42_6],0.0
cons[火电机组分段中标量约束_14_42_7],0.0
cons[火电机组分段中标量约束_14_42_8],0.0
cons[火电机组分段中标量约束_14_42_9],0.0
cons[火电机组出力之和约束_14_42],-6196.6905
cons[火电机组分段中标量约束_14_43_0],0.0
cons[火电机组分段中标量约束_14_43_1],0.0
cons[火电机组分段中标量约束_14_43_2],0.0
cons[火电机组分段中标量约束_14_43_3],0.0
cons[火电机组分段中标量约束_14_43_4],0.0
cons[火电机组分段中标量约束_14_43_5],0.0
cons[火电机组分段中标量约束_14_43_6],0.0
cons[火电机组分段中标量约束_14_43_7],0.0
cons[火电机组分段中标量约束_14_43_8],0.0
cons[火电机组分段中标量约束_14_43_9],0.0
cons[火电机组出力之和约束_14_43],-6196.6905
cons[火电机组分段中标量约束_14_44_0],0.0
cons[火电机组分段中标量约束_14_44_1],0.0
cons[火电机组分段中标量约束_14_44_2],0.0
cons[火电机组分段中标量约束_14_44_3],0.0
cons[火电机组分段中标量约束_14_44_4],0.0
cons[火电机组分段中标量约束_14_44_5],0.0
cons[火电机组分段中标量约束_14_44_6],0.0
cons[火电机组分段中标量约束_14_44_7],0.0
cons[火电机组分段中标量约束_14_44_8],0.0
cons[火电机组分段中标量约束_14_44_9],0.0
cons[火电机组出力之和约束_14_44],-6196.6905
cons[火电机组分段中标量约束_14_45_0],0.0
cons[火电机组分段中标量约束_14_45_1],0.0
cons[火电机组分段中标量约束_14_45_2],0.0
cons[火电机组分段中标量约束_14_45_3],0.0
cons[火电机组分段中标量约束_14_45_4],0.0
cons[火电机组分段中标量约束_14_45_5],0.0
cons[火电机组分段中标量约束_14_45_6],0.0
cons[火电机组分段中标量约束_14_45_7],0.0
cons[火电机组分段中标量约束_14_45_8],0.0
cons[火电机组分段中标量约束_14_45_9],0.0
cons[火电机组出力之和约束_14_45],-6196.6905
cons[火电机组分段中标量约束_14_46_0],0.0
cons[火电机组分段中标量约束_14_46_1],0.0
cons[火电机组分段中标量约束_14_46_2],0.0
cons[火电机组分段中标量约束_14_46_3],0.0
cons[火电机组分段中标量约束_14_46_4],0.0
cons[火电机组分段中标量约束_14_46_5],0.0
cons[火电机组分段中标量约束_14_46_6],0.0
cons[火电机组分段中标量约束_14_46_7],0.0
cons[火电机组分段中标量约束_14_46_8],0.0
cons[火电机组分段中标量约束_14_46_9],0.0
cons[火电机组出力之和约束_14_46],-6196.6905
cons[火电机组分段中标量约束_14_47_0],0.0
cons[火电机组分段中标量约束_14_47_1],0.0
cons[火电机组分段中标量约束_14_47_2],0.0
cons[火电机组分段中标量约束_14_47_3],0.0
cons[火电机组分段中标量约束_14_47_4],0.0
cons[火电机组分段中标量约束_14_47_5],0.0
cons[火电机组分段中标量约束_14_47_6],0.0
cons[火电机组分段中标量约束_14_47_7],0.0
cons[火电机组分段中标量约束_14_47_8],0.0
cons[火电机组分段中标量约束_14_47_9],0.0
cons[火电机组出力之和约束_14_47],-6196.6905
cons[火电机组分段中标量约束_14_48_0],0.0
cons[火电机组分段中标量约束_14_48_1],0.0
cons[火电机组分段中标量约束_14_48_2],0.0
cons[火电机组分段中标量约束_14_48_3],0.0
cons[火电机组分段中标量约束_14_48_4],0.0
cons[火电机组分段中标量约束_14_48_5],0.0
cons[火电机组分段中标量约束_14_48_6],0.0
cons[火电机组分段中标量约束_14_48_7],0.0
cons[火电机组分段中标量约束_14_48_8],0.0
cons[火电机组分段中标量约束_14_48_9],0.0
cons[火电机组出力之和约束_14_48],-6196.6905
cons[火电机组分段中标量约束_14_49_0],0.0
cons[火电机组分段中标量约束_14_49_1],0.0
cons[火电机组分段中标量约束_14_49_2],0.0
cons[火电机组分段中标量约束_14_49_3],0.0
cons[火电机组分段中标量约束_14_49_4],0.0
cons[火电机组分段中标量约束_14_49_5],0.0
cons[火电机组分段中标量约束_14_49_6],0.0
cons[火电机组分段中标量约束_14_49_7],0.0
cons[火电机组分段中标量约束_14_49_8],0.0
cons[火电机组分段中标量约束_14_49_9],0.0
cons[火电机组出力之和约束_14_49],-6196.6905
cons[火电机组分段中标量约束_14_50_0],0.0
cons[火电机组分段中标量约束_14_50_1],0.0
cons[火电机组分段中标量约束_14_50_2],0.0
cons[火电机组分段中标量约束_14_50_3],0.0
cons[火电机组分段中标量约束_14_50_4],0.0
cons[火电机组分段中标量约束_14_50_5],0.0
cons[火电机组分段中标量约束_14_50_6],0.0
cons[火电机组分段中标量约束_14_50_7],0.0
cons[火电机组分段中标量约束_14_50_8],0.0
cons[火电机组分段中标量约束_14_50_9],0.0
cons[火电机组出力之和约束_14_50],-6196.6905
cons[火电机组分段中标量约束_14_51_0],0.0
cons[火电机组分段中标量约束_14_51_1],0.0
cons[火电机组分段中标量约束_14_51_2],0.0
cons[火电机组分段中标量约束_14_51_3],0.0
cons[火电机组分段中标量约束_14_51_4],0.0
cons[火电机组分段中标量约束_14_51_5],0.0
cons[火电机组分段中标量约束_14_51_6],0.0
cons[火电机组分段中标量约束_14_51_7],0.0
cons[火电机组分段中标量约束_14_51_8],0.0
cons[火电机组分段中标量约束_14_51_9],0.0
cons[火电机组出力之和约束_14_51],-6196.6905
cons[火电机组分段中标量约束_14_52_0],0.0
cons[火电机组分段中标量约束_14_52_1],0.0
cons[火电机组分段中标量约束_14_52_2],0.0
cons[火电机组分段中标量约束_14_52_3],0.0
cons[火电机组分段中标量约束_14_52_4],0.0
cons[火电机组分段中标量约束_14_52_5],0.0
cons[火电机组分段中标量约束_14_52_6],0.0
cons[火电机组分段中标量约束_14_52_7],0.0
cons[火电机组分段中标量约束_14_52_8],0.0
cons[火电机组分段中标量约束_14_52_9],0.0
cons[火电机组出力之和约束_14_52],-6196.6905
cons[火电机组分段中标量约束_14_53_0],0.0
cons[火电机组分段中标量约束_14_53_1],0.0
cons[火电机组分段中标量约束_14_53_2],0.0
cons[火电机组分段中标量约束_14_53_3],0.0
cons[火电机组分段中标量约束_14_53_4],0.0
cons[火电机组分段中标量约束_14_53_5],0.0
cons[火电机组分段中标量约束_14_53_6],0.0
cons[火电机组分段中标量约束_14_53_7],0.0
cons[火电机组分段中标量约束_14_53_8],0.0
cons[火电机组分段中标量约束_14_53_9],0.0
cons[火电机组出力之和约束_14_53],-6196.6905
cons[火电机组分段中标量约束_14_54_0],0.0
cons[火电机组分段中标量约束_14_54_1],0.0
cons[火电机组分段中标量约束_14_54_2],0.0
cons[火电机组分段中标量约束_14_54_3],0.0
cons[火电机组分段中标量约束_14_54_4],0.0
cons[火电机组分段中标量约束_14_54_5],0.0
cons[火电机组分段中标量约束_14_54_6],0.0
cons[火电机组分段中标量约束_14_54_7],0.0
cons[火电机组分段中标量约束_14_54_8],0.0
cons[火电机组分段中标量约束_14_54_9],0.0
cons[火电机组出力之和约束_14_54],-6196.6905
cons[火电机组分段中标量约束_14_55_0],0.0
cons[火电机组分段中标量约束_14_55_1],0.0
cons[火电机组分段中标量约束_14_55_2],0.0
cons[火电机组分段中标量约束_14_55_3],0.0
cons[火电机组分段中标量约束_14_55_4],0.0
cons[火电机组分段中标量约束_14_55_5],0.0
cons[火电机组分段中标量约束_14_55_6],0.0
cons[火电机组分段中标量约束_14_55_7],0.0
cons[火电机组分段中标量约束_14_55_8],0.0
cons[火电机组分段中标量约束_14_55_9],0.0
cons[火电机组出力之和约束_14_55],-6196.6905
cons[火电机组分段中标量约束_14_56_0],0.0
cons[火电机组分段中标量约束_14_56_1],0.0
cons[火电机组分段中标量约束_14_56_2],0.0
cons[火电机组分段中标量约束_14_56_3],0.0
cons[火电机组分段中标量约束_14_56_4],0.0
cons[火电机组分段中标量约束_14_56_5],0.0
cons[火电机组分段中标量约束_14_56_6],0.0
cons[火电机组分段中标量约束_14_56_7],0.0
cons[火电机组分段中标量约束_14_56_8],0.0
cons[火电机组分段中标量约束_14_56_9],0.0
cons[火电机组出力之和约束_14_56],-6196.6905
cons[火电机组分段中标量约束_14_57_0],0.0
cons[火电机组分段中标量约束_14_57_1],0.0
cons[火电机组分段中标量约束_14_57_2],0.0
cons[火电机组分段中标量约束_14_57_3],0.0
cons[火电机组分段中标量约束_14_57_4],0.0
cons[火电机组分段中标量约束_14_57_5],0.0
cons[火电机组分段中标量约束_14_57_6],0.0
cons[火电机组分段中标量约束_14_57_7],0.0
cons[火电机组分段中标量约束_14_57_8],0.0
cons[火电机组分段中标量约束_14_57_9],0.0
cons[火电机组出力之和约束_14_57],-6196.6905
cons[火电机组分段中标量约束_14_58_0],0.0
cons[火电机组分段中标量约束_14_58_1],0.0
cons[火电机组分段中标量约束_14_58_2],0.0
cons[火电机组分段中标量约束_14_58_3],0.0
cons[火电机组分段中标量约束_14_58_4],0.0
cons[火电机组分段中标量约束_14_58_5],0.0
cons[火电机组分段中标量约束_14_58_6],0.0
cons[火电机组分段中标量约束_14_58_7],0.0
cons[火电机组分段中标量约束_14_58_8],0.0
cons[火电机组分段中标量约束_14_58_9],0.0
cons[火电机组出力之和约束_14_58],-6196.6905
cons[火电机组分段中标量约束_14_59_0],0.0
cons[火电机组分段中标量约束_14_59_1],0.0
cons[火电机组分段中标量约束_14_59_2],0.0
cons[火电机组分段中标量约束_14_59_3],0.0
cons[火电机组分段中标量约束_14_59_4],0.0
cons[火电机组分段中标量约束_14_59_5],0.0
cons[火电机组分段中标量约束_14_59_6],0.0
cons[火电机组分段中标量约束_14_59_7],0.0
cons[火电机组分段中标量约束_14_59_8],0.0
cons[火电机组分段中标量约束_14_59_9],0.0
cons[火电机组出力之和约束_14_59],-6196.6905
cons[火电机组分段中标量约束_14_60_0],0.0
cons[火电机组分段中标量约束_14_60_1],0.0
cons[火电机组分段中标量约束_14_60_2],0.0
cons[火电机组分段中标量约束_14_60_3],0.0
cons[火电机组分段中标量约束_14_60_4],0.0
cons[火电机组分段中标量约束_14_60_5],0.0
cons[火电机组分段中标量约束_14_60_6],0.0
cons[火电机组分段中标量约束_14_60_7],0.0
cons[火电机组分段中标量约束_14_60_8],0.0
cons[火电机组分段中标量约束_14_60_9],0.0
cons[火电机组出力之和约束_14_60],-6196.6905
cons[火电机组分段中标量约束_14_61_0],0.0
cons[火电机组分段中标量约束_14_61_1],0.0
cons[火电机组分段中标量约束_14_61_2],0.0
cons[火电机组分段中标量约束_14_61_3],0.0
cons[火电机组分段中标量约束_14_61_4],0.0
cons[火电机组分段中标量约束_14_61_5],0.0
cons[火电机组分段中标量约束_14_61_6],0.0
cons[火电机组分段中标量约束_14_61_7],0.0
cons[火电机组分段中标量约束_14_61_8],0.0
cons[火电机组分段中标量约束_14_61_9],0.0
cons[火电机组出力之和约束_14_61],-6196.6905
cons[火电机组分段中标量约束_14_62_0],0.0
cons[火电机组分段中标量约束_14_62_1],0.0
cons[火电机组分段中标量约束_14_62_2],0.0
cons[火电机组分段中标量约束_14_62_3],0.0
cons[火电机组分段中标量约束_14_62_4],0.0
cons[火电机组分段中标量约束_14_62_5],0.0
cons[火电机组分段中标量约束_14_62_6],0.0
cons[火电机组分段中标量约束_14_62_7],0.0
cons[火电机组分段中标量约束_14_62_8],0.0
cons[火电机组分段中标量约束_14_62_9],0.0
cons[火电机组出力之和约束_14_62],-6196.6905
cons[火电机组分段中标量约束_14_63_0],0.0
cons[火电机组分段中标量约束_14_63_1],0.0
cons[火电机组分段中标量约束_14_63_2],0.0
cons[火电机组分段中标量约束_14_63_3],0.0
cons[火电机组分段中标量约束_14_63_4],0.0
cons[火电机组分段中标量约束_14_63_5],0.0
cons[火电机组分段中标量约束_14_63_6],0.0
cons[火电机组分段中标量约束_14_63_7],0.0
cons[火电机组分段中标量约束_14_63_8],0.0
cons[火电机组分段中标量约束_14_63_9],0.0
cons[火电机组出力之和约束_14_63],-6196.6905
cons[火电机组分段中标量约束_14_64_0],0.0
cons[火电机组分段中标量约束_14_64_1],0.0
cons[火电机组分段中标量约束_14_64_2],0.0
cons[火电机组分段中标量约束_14_64_3],0.0
cons[火电机组分段中标量约束_14_64_4],0.0
cons[火电机组分段中标量约束_14_64_5],0.0
cons[火电机组分段中标量约束_14_64_6],0.0
cons[火电机组分段中标量约束_14_64_7],0.0
cons[火电机组分段中标量约束_14_64_8],0.0
cons[火电机组分段中标量约束_14_64_9],0.0
cons[火电机组出力之和约束_14_64],-6196.6905
cons[火电机组分段中标量约束_14_65_0],-3.412500000000364
cons[火电机组分段中标量约束_14_65_1],0.0
cons[火电机组分段中标量约束_14_65_2],0.0
cons[火电机组分段中标量约束_14_65_3],0.0
cons[火电机组分段中标量约束_14_65_4],0.0
cons[火电机组分段中标量约束_14_65_5],0.0
cons[火电机组分段中标量约束_14_65_6],0.0
cons[火电机组分段中标量约束_14_65_7],0.0
cons[火电机组分段中标量约束_14_65_8],0.0
cons[火电机组分段中标量约束_14_65_9],0.0
cons[火电机组出力之和约束_14_65],-6200.103
cons[火电机组分段中标量约束_14_66_0],-23.159500000000662
cons[火电机组分段中标量约束_14_66_1],0.0
cons[火电机组分段中标量约束_14_66_2],0.0
cons[火电机组分段中标量约束_14_66_3],0.0
cons[火电机组分段中标量约束_14_66_4],0.0
cons[火电机组分段中标量约束_14_66_5],0.0
cons[火电机组分段中标量约束_14_66_6],0.0
cons[火电机组分段中标量约束_14_66_7],0.0
cons[火电机组分段中标量约束_14_66_8],0.0
cons[火电机组分段中标量约束_14_66_9],0.0
cons[火电机组出力之和约束_14_66],-6219.85
cons[火电机组分段中标量约束_14_67_0],-23.159500000000662
cons[火电机组分段中标量约束_14_67_1],0.0
cons[火电机组分段中标量约束_14_67_2],0.0
cons[火电机组分段中标量约束_14_67_3],0.0
cons[火电机组分段中标量约束_14_67_4],0.0
cons[火电机组分段中标量约束_14_67_5],0.0
cons[火电机组分段中标量约束_14_67_6],0.0
cons[火电机组分段中标量约束_14_67_7],0.0
cons[火电机组分段中标量约束_14_67_8],0.0
cons[火电机组分段中标量约束_14_67_9],0.0
cons[火电机组出力之和约束_14_67],-6219.85
cons[火电机组分段中标量约束_14_68_0],-23.159500000000662
cons[火电机组分段中标量约束_14_68_1],0.0
cons[火电机组分段中标量约束_14_68_2],0.0
cons[火电机组分段中标量约束_14_68_3],0.0
cons[火电机组分段中标量约束_14_68_4],0.0
cons[火电机组分段中标量约束_14_68_5],0.0
cons[火电机组分段中标量约束_14_68_6],0.0
cons[火电机组分段中标量约束_14_68_7],0.0
cons[火电机组分段中标量约束_14_68_8],0.0
cons[火电机组分段中标量约束_14_68_9],0.0
cons[火电机组出力之和约束_14_68],-6219.85
cons[火电机组分段中标量约束_14_69_0],-23.159500000000662
cons[火电机组分段中标量约束_14_69_1],0.0
cons[火电机组分段中标量约束_14_69_2],0.0
cons[火电机组分段中标量约束_14_69_3],0.0
cons[火电机组分段中标量约束_14_69_4],0.0
cons[火电机组分段中标量约束_14_69_5],0.0
cons[火电机组分段中标量约束_14_69_6],0.0
cons[火电机组分段中标量约束_14_69_7],0.0
cons[火电机组分段中标量约束_14_69_8],0.0
cons[火电机组分段中标量约束_14_69_9],0.0
cons[火电机组出力之和约束_14_69],-6219.85
cons[火电机组分段中标量约束_14_70_0],-23.159500000000662
cons[火电机组分段中标量约束_14_70_1],0.0
cons[火电机组分段中标量约束_14_70_2],0.0
cons[火电机组分段中标量约束_14_70_3],0.0
cons[火电机组分段中标量约束_14_70_4],0.0
cons[火电机组分段中标量约束_14_70_5],0.0
cons[火电机组分段中标量约束_14_70_6],0.0
cons[火电机组分段中标量约束_14_70_7],0.0
cons[火电机组分段中标量约束_14_70_8],0.0
cons[火电机组分段中标量约束_14_70_9],0.0
cons[火电机组出力之和约束_14_70],-6219.85
cons[火电机组分段中标量约束_14_71_0],-45.545500000000175
cons[火电机组分段中标量约束_14_71_1],0.0
cons[火电机组分段中标量约束_14_71_2],0.0
cons[火电机组分段中标量约束_14_71_3],0.0
cons[火电机组分段中标量约束_14_71_4],0.0
cons[火电机组分段中标量约束_14_71_5],0.0
cons[火电机组分段中标量约束_14_71_6],0.0
cons[火电机组分段中标量约束_14_71_7],0.0
cons[火电机组分段中标量约束_14_71_8],0.0
cons[火电机组分段中标量约束_14_71_9],0.0
cons[火电机组出力之和约束_14_71],-6242.236
cons[火电机组分段中标量约束_14_72_0],-49.45849999999973
cons[火电机组分段中标量约束_14_72_1],-3.912999999999556
cons[火电机组分段中标量约束_14_72_2],0.0
cons[火电机组分段中标量约束_14_72_3],0.0
cons[火电机组分段中标量约束_14_72_4],0.0
cons[火电机组分段中标量约束_14_72_5],0.0
cons[火电机组分段中标量约束_14_72_6],0.0
cons[火电机组分段中标量约束_14_72_7],0.0
cons[火电机组分段中标量约束_14_72_8],0.0
cons[火电机组分段中标量约束_14_72_9],0.0
cons[火电机组出力之和约束_14_72],-6246.148999999999
cons[火电机组分段中标量约束_14_73_0],-59.55950000000303
cons[火电机组分段中标量约束_14_73_1],-14.014000000002852
cons[火电机组分段中标量约束_14_73_2],0.0
cons[火电机组分段中标量约束_14_73_3],0.0
cons[火电机组分段中标量约束_14_73_4],0.0
cons[火电机组分段中标量约束_14_73_5],0.0
cons[火电机组分段中标量约束_14_73_6],0.0
cons[火电机组分段中标量约束_14_73_7],0.0
cons[火电机组分段中标量约束_14_73_8],0.0
cons[火电机组分段中标量约束_14_73_9],0.0
cons[火电机组出力之和约束_14_73],-6256.250000000003
cons[火电机组分段中标量约束_14_74_0],-91.09100000000035
cons[火电机组分段中标量约束_14_74_1],-45.545500000000175
cons[火电机组分段中标量约束_14_74_2],0.0
cons[火电机组分段中标量约束_14_74_3],0.0
cons[火电机组分段中标量约束_14_74_4],0.0
cons[火电机组分段中标量约束_14_74_5],0.0
cons[火电机组分段中标量约束_14_74_6],0.0
cons[火电机组分段中标量约束_14_74_7],0.0
cons[火电机组分段中标量约束_14_74_8],0.0
cons[火电机组分段中标量约束_14_74_9],0.0
cons[火电机组出力之和约束_14_74],-6287.7815
cons[火电机组分段中标量约束_14_75_0],-91.09100000000035
cons[火电机组分段中标量约束_14_75_1],-45.545500000000175
cons[火电机组分段中标量约束_14_75_2],0.0
cons[火电机组分段中标量约束_14_75_3],0.0
cons[火电机组分段中标量约束_14_75_4],0.0
cons[火电机组分段中标量约束_14_75_5],0.0
cons[火电机组分段中标量约束_14_75_6],0.0
cons[火电机组分段中标量约束_14_75_7],0.0
cons[火电机组分段中标量约束_14_75_8],0.0
cons[火电机组分段中标量约束_14_75_9],0.0
cons[火电机组出力之和约束_14_75],-6287.7815
cons[火电机组分段中标量约束_14_76_0],-49.45849999999973
cons[火电机组分段中标量约束_14_76_1],-3.912999999999556
cons[火电机组分段中标量约束_14_76_2],0.0
cons[火电机组分段中标量约束_14_76_3],0.0
cons[火电机组分段中标量约束_14_76_4],0.0
cons[火电机组分段中标量约束_14_76_5],0.0
cons[火电机组分段中标量约束_14_76_6],0.0
cons[火电机组分段中标量约束_14_76_7],0.0
cons[火电机组分段中标量约束_14_76_8],0.0
cons[火电机组分段中标量约束_14_76_9],0.0
cons[火电机组出力之和约束_14_76],-6246.148999999999
cons[火电机组分段中标量约束_14_77_0],-45.545500000000175
cons[火电机组分段中标量约束_14_77_1],0.0
cons[火电机组分段中标量约束_14_77_2],0.0
cons[火电机组分段中标量约束_14_77_3],0.0
cons[火电机组分段中标量约束_14_77_4],0.0
cons[火电机组分段中标量约束_14_77_5],0.0
cons[火电机组分段中标量约束_14_77_6],0.0
cons[火电机组分段中标量约束_14_77_7],0.0
cons[火电机组分段中标量约束_14_77_8],0.0
cons[火电机组分段中标量约束_14_77_9],0.0
cons[火电机组出力之和约束_14_77],-6242.236
cons[火电机组分段中标量约束_14_78_0],-23.159500000000662
cons[火电机组分段中标量约束_14_78_1],0.0
cons[火电机组分段中标量约束_14_78_2],0.0
cons[火电机组分段中标量约束_14_78_3],0.0
cons[火电机组分段中标量约束_14_78_4],0.0
cons[火电机组分段中标量约束_14_78_5],0.0
cons[火电机组分段中标量约束_14_78_6],0.0
cons[火电机组分段中标量约束_14_78_7],0.0
cons[火电机组分段中标量约束_14_78_8],0.0
cons[火电机组分段中标量约束_14_78_9],0.0
cons[火电机组出力之和约束_14_78],-6219.85
cons[火电机组分段中标量约束_14_79_0],-23.159500000000662
cons[火电机组分段中标量约束_14_79_1],0.0
cons[火电机组分段中标量约束_14_79_2],0.0
cons[火电机组分段中标量约束_14_79_3],0.0
cons[火电机组分段中标量约束_14_79_4],0.0
cons[火电机组分段中标量约束_14_79_5],0.0
cons[火电机组分段中标量约束_14_79_6],0.0
cons[火电机组分段中标量约束_14_79_7],0.0
cons[火电机组分段中标量约束_14_79_8],0.0
cons[火电机组分段中标量约束_14_79_9],0.0
cons[火电机组出力之和约束_14_79],-6219.85
cons[火电机组分段中标量约束_14_80_0],-3.412500000000364
cons[火电机组分段中标量约束_14_80_1],0.0
cons[火电机组分段中标量约束_14_80_2],0.0
cons[火电机组分段中标量约束_14_80_3],0.0
cons[火电机组分段中标量约束_14_80_4],0.0
cons[火电机组分段中标量约束_14_80_5],0.0
cons[火电机组分段中标量约束_14_80_6],0.0
cons[火电机组分段中标量约束_14_80_7],0.0
cons[火电机组分段中标量约束_14_80_8],0.0
cons[火电机组分段中标量约束_14_80_9],0.0
cons[火电机组出力之和约束_14_80],-6200.103
cons[火电机组分段中标量约束_14_81_0],0.0
cons[火电机组分段中标量约束_14_81_1],0.0
cons[火电机组分段中标量约束_14_81_2],0.0
cons[火电机组分段中标量约束_14_81_3],0.0
cons[火电机组分段中标量约束_14_81_4],0.0
cons[火电机组分段中标量约束_14_81_5],0.0
cons[火电机组分段中标量约束_14_81_6],0.0
cons[火电机组分段中标量约束_14_81_7],0.0
cons[火电机组分段中标量约束_14_81_8],0.0
cons[火电机组分段中标量约束_14_81_9],0.0
cons[火电机组出力之和约束_14_81],-6196.6905
cons[火电机组分段中标量约束_14_82_0],0.0
cons[火电机组分段中标量约束_14_82_1],0.0
cons[火电机组分段中标量约束_14_82_2],0.0
cons[火电机组分段中标量约束_14_82_3],0.0
cons[火电机组分段中标量约束_14_82_4],0.0
cons[火电机组分段中标量约束_14_82_5],0.0
cons[火电机组分段中标量约束_14_82_6],0.0
cons[火电机组分段中标量约束_14_82_7],0.0
cons[火电机组分段中标量约束_14_82_8],0.0
cons[火电机组分段中标量约束_14_82_9],0.0
cons[火电机组出力之和约束_14_82],-6196.6905
cons[火电机组分段中标量约束_14_83_0],0.0
cons[火电机组分段中标量约束_14_83_1],0.0
cons[火电机组分段中标量约束_14_83_2],0.0
cons[火电机组分段中标量约束_14_83_3],0.0
cons[火电机组分段中标量约束_14_83_4],0.0
cons[火电机组分段中标量约束_14_83_5],0.0
cons[火电机组分段中标量约束_14_83_6],0.0
cons[火电机组分段中标量约束_14_83_7],0.0
cons[火电机组分段中标量约束_14_83_8],0.0
cons[火电机组分段中标量约束_14_83_9],0.0
cons[火电机组出力之和约束_14_83],-6196.6905
cons[火电机组分段中标量约束_14_84_0],0.0
cons[火电机组分段中标量约束_14_84_1],0.0
cons[火电机组分段中标量约束_14_84_2],0.0
cons[火电机组分段中标量约束_14_84_3],0.0
cons[火电机组分段中标量约束_14_84_4],0.0
cons[火电机组分段中标量约束_14_84_5],0.0
cons[火电机组分段中标量约束_14_84_6],0.0
cons[火电机组分段中标量约束_14_84_7],0.0
cons[火电机组分段中标量约束_14_84_8],0.0
cons[火电机组分段中标量约束_14_84_9],0.0
cons[火电机组出力之和约束_14_84],-6196.6905
cons[火电机组分段中标量约束_14_85_0],0.0
cons[火电机组分段中标量约束_14_85_1],0.0
cons[火电机组分段中标量约束_14_85_2],0.0
cons[火电机组分段中标量约束_14_85_3],0.0
cons[火电机组分段中标量约束_14_85_4],0.0
cons[火电机组分段中标量约束_14_85_5],0.0
cons[火电机组分段中标量约束_14_85_6],0.0
cons[火电机组分段中标量约束_14_85_7],0.0
cons[火电机组分段中标量约束_14_85_8],0.0
cons[火电机组分段中标量约束_14_85_9],0.0
cons[火电机组出力之和约束_14_85],-6196.6905
cons[火电机组分段中标量约束_14_86_0],0.0
cons[火电机组分段中标量约束_14_86_1],0.0
cons[火电机组分段中标量约束_14_86_2],0.0
cons[火电机组分段中标量约束_14_86_3],0.0
cons[火电机组分段中标量约束_14_86_4],0.0
cons[火电机组分段中标量约束_14_86_5],0.0
cons[火电机组分段中标量约束_14_86_6],0.0
cons[火电机组分段中标量约束_14_86_7],0.0
cons[火电机组分段中标量约束_14_86_8],0.0
cons[火电机组分段中标量约束_14_86_9],0.0
cons[火电机组出力之和约束_14_86],-6196.6905
cons[火电机组分段中标量约束_14_87_0],0.0
cons[火电机组分段中标量约束_14_87_1],0.0
cons[火电机组分段中标量约束_14_87_2],0.0
cons[火电机组分段中标量约束_14_87_3],0.0
cons[火电机组分段中标量约束_14_87_4],0.0
cons[火电机组分段中标量约束_14_87_5],0.0
cons[火电机组分段中标量约束_14_87_6],0.0
cons[火电机组分段中标量约束_14_87_7],0.0
cons[火电机组分段中标量约束_14_87_8],0.0
cons[火电机组分段中标量约束_14_87_9],0.0
cons[火电机组出力之和约束_14_87],0.0
cons[火电机组分段中标量约束_14_88_0],0.0
cons[火电机组分段中标量约束_14_88_1],0.0
cons[火电机组分段中标量约束_14_88_2],0.0
cons[火电机组分段中标量约束_14_88_3],0.0
cons[火电机组分段中标量约束_14_88_4],0.0
cons[火电机组分段中标量约束_14_88_5],0.0
cons[火电机组分段中标量约束_14_88_6],0.0
cons[火电机组分段中标量约束_14_88_7],0.0
cons[火电机组分段中标量约束_14_88_8],0.0
cons[火电机组分段中标量约束_14_88_9],0.0
cons[火电机组出力之和约束_14_88],0.0
cons[火电机组分段中标量约束_14_89_0],0.0
cons[火电机组分段中标量约束_14_89_1],0.0
cons[火电机组分段中标量约束_14_89_2],0.0
cons[火电机组分段中标量约束_14_89_3],0.0
cons[火电机组分段中标量约束_14_89_4],0.0
cons[火电机组分段中标量约束_14_89_5],0.0
cons[火电机组分段中标量约束_14_89_6],0.0
cons[火电机组分段中标量约束_14_89_7],0.0
cons[火电机组分段中标量约束_14_89_8],0.0
cons[火电机组分段中标量约束_14_89_9],0.0
cons[火电机组出力之和约束_14_89],0.0
cons[火电机组分段中标量约束_14_90_0],0.0
cons[火电机组分段中标量约束_14_90_1],0.0
cons[火电机组分段中标量约束_14_90_2],0.0
cons[火电机组分段中标量约束_14_90_3],0.0
cons[火电机组分段中标量约束_14_90_4],0.0
cons[火电机组分段中标量约束_14_90_5],0.0
cons[火电机组分段中标量约束_14_90_6],0.0
cons[火电机组分段中标量约束_14_90_7],0.0
cons[火电机组分段中标量约束_14_90_8],0.0
cons[火电机组分段中标量约束_14_90_9],0.0
cons[火电机组出力之和约束_14_90],0.0
cons[火电机组分段中标量约束_14_91_0],0.0
cons[火电机组分段中标量约束_14_91_1],0.0
cons[火电机组分段中标量约束_14_91_2],0.0
cons[火电机组分段中标量约束_14_91_3],0.0
cons[火电机组分段中标量约束_14_91_4],0.0
cons[火电机组分段中标量约束_14_91_5],0.0
cons[火电机组分段中标量约束_14_91_6],0.0
cons[火电机组分段中标量约束_14_91_7],0.0
cons[火电机组分段中标量约束_14_91_8],0.0
cons[火电机组分段中标量约束_14_91_9],0.0
cons[火电机组出力之和约束_14_91],0.0
cons[火电机组分段中标量约束_14_92_0],0.0
cons[火电机组分段中标量约束_14_92_1],0.0
cons[火电机组分段中标量约束_14_92_2],0.0
cons[火电机组分段中标量约束_14_92_3],0.0
cons[火电机组分段中标量约束_14_92_4],0.0
cons[火电机组分段中标量约束_14_92_5],0.0
cons[火电机组分段中标量约束_14_92_6],0.0
cons[火电机组分段中标量约束_14_92_7],0.0
cons[火电机组分段中标量约束_14_92_8],0.0
cons[火电机组分段中标量约束_14_92_9],0.0
cons[火电机组出力之和约束_14_92],0.0
cons[火电机组分段中标量约束_14_93_0],0.0
cons[火电机组分段中标量约束_14_93_1],0.0
cons[火电机组分段中标量约束_14_93_2],0.0
cons[火电机组分段中标量约束_14_93_3],0.0
cons[火电机组分段中标量约束_14_93_4],0.0
cons[火电机组分段中标量约束_14_93_5],0.0
cons[火电机组分段中标量约束_14_93_6],0.0
cons[火电机组分段中标量约束_14_93_7],0.0
cons[火电机组分段中标量约束_14_93_8],0.0
cons[火电机组分段中标量约束_14_93_9],0.0
cons[火电机组出力之和约束_14_93],0.0
cons[火电机组分段中标量约束_14_94_0],0.0
cons[火电机组分段中标量约束_14_94_1],0.0
cons[火电机组分段中标量约束_14_94_2],0.0
cons[火电机组分段中标量约束_14_94_3],0.0
cons[火电机组分段中标量约束_14_94_4],0.0
cons[火电机组分段中标量约束_14_94_5],0.0
cons[火电机组分段中标量约束_14_94_6],0.0
cons[火电机组分段中标量约束_14_94_7],0.0
cons[火电机组分段中标量约束_14_94_8],0.0
cons[火电机组分段中标量约束_14_94_9],0.0
cons[火电机组出力之和约束_14_94],0.0
cons[火电机组分段中标量约束_14_95_0],0.0
cons[火电机组分段中标量约束_14_95_1],0.0
cons[火电机组分段中标量约束_14_95_2],0.0
cons[火电机组分段中标量约束_14_95_3],0.0
cons[火电机组分段中标量约束_14_95_4],0.0
cons[火电机组分段中标量约束_14_95_5],0.0
cons[火电机组分段中标量约束_14_95_6],0.0
cons[火电机组分段中标量约束_14_95_7],0.0
cons[火电机组分段中标量约束_14_95_8],0.0
cons[火电机组分段中标量约束_14_95_9],0.0
cons[火电机组出力之和约束_14_95],0.0
cons[火电机组分段中标量约束_15_0_0],0.0
cons[火电机组分段中标量约束_15_0_1],0.0
cons[火电机组分段中标量约束_15_0_2],0.0
cons[火电机组分段中标量约束_15_0_3],0.0
cons[火电机组分段中标量约束_15_0_4],0.0
cons[火电机组分段中标量约束_15_0_5],0.0
cons[火电机组分段中标量约束_15_0_6],0.0
cons[火电机组分段中标量约束_15_0_7],0.0
cons[火电机组分段中标量约束_15_0_8],0.0
cons[火电机组分段中标量约束_15_0_9],0.0
cons[火电机组出力之和约束_15_0],0.0
cons[火电机组分段中标量约束_15_1_0],0.0
cons[火电机组分段中标量约束_15_1_1],0.0
cons[火电机组分段中标量约束_15_1_2],0.0
cons[火电机组分段中标量约束_15_1_3],0.0
cons[火电机组分段中标量约束_15_1_4],0.0
cons[火电机组分段中标量约束_15_1_5],0.0
cons[火电机组分段中标量约束_15_1_6],0.0
cons[火电机组分段中标量约束_15_1_7],0.0
cons[火电机组分段中标量约束_15_1_8],0.0
cons[火电机组分段中标量约束_15_1_9],0.0
cons[火电机组出力之和约束_15_1],0.0
cons[火电机组分段中标量约束_15_2_0],0.0
cons[火电机组分段中标量约束_15_2_1],0.0
cons[火电机组分段中标量约束_15_2_2],0.0
cons[火电机组分段中标量约束_15_2_3],0.0
cons[火电机组分段中标量约束_15_2_4],0.0
cons[火电机组分段中标量约束_15_2_5],0.0
cons[火电机组分段中标量约束_15_2_6],0.0
cons[火电机组分段中标量约束_15_2_7],0.0
cons[火电机组分段中标量约束_15_2_8],0.0
cons[火电机组分段中标量约束_15_2_9],0.0
cons[火电机组出力之和约束_15_2],0.0
cons[火电机组分段中标量约束_15_3_0],0.0
cons[火电机组分段中标量约束_15_3_1],0.0
cons[火电机组分段中标量约束_15_3_2],0.0
cons[火电机组分段中标量约束_15_3_3],0.0
cons[火电机组分段中标量约束_15_3_4],0.0
cons[火电机组分段中标量约束_15_3_5],0.0
cons[火电机组分段中标量约束_15_3_6],0.0
cons[火电机组分段中标量约束_15_3_7],0.0
cons[火电机组分段中标量约束_15_3_8],0.0
cons[火电机组分段中标量约束_15_3_9],0.0
cons[火电机组出力之和约束_15_3],0.0
cons[火电机组分段中标量约束_15_4_0],0.0
cons[火电机组分段中标量约束_15_4_1],0.0
cons[火电机组分段中标量约束_15_4_2],0.0
cons[火电机组分段中标量约束_15_4_3],0.0
cons[火电机组分段中标量约束_15_4_4],0.0
cons[火电机组分段中标量约束_15_4_5],0.0
cons[火电机组分段中标量约束_15_4_6],0.0
cons[火电机组分段中标量约束_15_4_7],0.0
cons[火电机组分段中标量约束_15_4_8],0.0
cons[火电机组分段中标量约束_15_4_9],0.0
cons[火电机组出力之和约束_15_4],0.0
cons[火电机组分段中标量约束_15_5_0],0.0
cons[火电机组分段中标量约束_15_5_1],0.0
cons[火电机组分段中标量约束_15_5_2],0.0
cons[火电机组分段中标量约束_15_5_3],0.0
cons[火电机组分段中标量约束_15_5_4],0.0
cons[火电机组分段中标量约束_15_5_5],0.0
cons[火电机组分段中标量约束_15_5_6],0.0
cons[火电机组分段中标量约束_15_5_7],0.0
cons[火电机组分段中标量约束_15_5_8],0.0
cons[火电机组分段中标量约束_15_5_9],0.0
cons[火电机组出力之和约束_15_5],0.0
cons[火电机组分段中标量约束_15_6_0],0.0
cons[火电机组分段中标量约束_15_6_1],0.0
cons[火电机组分段中标量约束_15_6_2],0.0
cons[火电机组分段中标量约束_15_6_3],0.0
cons[火电机组分段中标量约束_15_6_4],0.0
cons[火电机组分段中标量约束_15_6_5],0.0
cons[火电机组分段中标量约束_15_6_6],0.0
cons[火电机组分段中标量约束_15_6_7],0.0
cons[火电机组分段中标量约束_15_6_8],0.0
cons[火电机组分段中标量约束_15_6_9],0.0
cons[火电机组出力之和约束_15_6],0.0
cons[火电机组分段中标量约束_15_7_0],0.0
cons[火电机组分段中标量约束_15_7_1],0.0
cons[火电机组分段中标量约束_15_7_2],0.0
cons[火电机组分段中标量约束_15_7_3],0.0
cons[火电机组分段中标量约束_15_7_4],0.0
cons[火电机组分段中标量约束_15_7_5],0.0
cons[火电机组分段中标量约束_15_7_6],0.0
cons[火电机组分段中标量约束_15_7_7],0.0
cons[火电机组分段中标量约束_15_7_8],0.0
cons[火电机组分段中标量约束_15_7_9],0.0
cons[火电机组出力之和约束_15_7],0.0
cons[火电机组分段中标量约束_15_8_0],0.0
cons[火电机组分段中标量约束_15_8_1],0.0
cons[火电机组分段中标量约束_15_8_2],0.0
cons[火电机组分段中标量约束_15_8_3],0.0
cons[火电机组分段中标量约束_15_8_4],0.0
cons[火电机组分段中标量约束_15_8_5],0.0
cons[火电机组分段中标量约束_15_8_6],0.0
cons[火电机组分段中标量约束_15_8_7],0.0
cons[火电机组分段中标量约束_15_8_8],0.0
cons[火电机组分段中标量约束_15_8_9],0.0
cons[火电机组出力之和约束_15_8],0.0
cons[火电机组分段中标量约束_15_9_0],0.0
cons[火电机组分段中标量约束_15_9_1],0.0
cons[火电机组分段中标量约束_15_9_2],0.0
cons[火电机组分段中标量约束_15_9_3],0.0
cons[火电机组分段中标量约束_15_9_4],0.0
cons[火电机组分段中标量约束_15_9_5],0.0
cons[火电机组分段中标量约束_15_9_6],0.0
cons[火电机组分段中标量约束_15_9_7],0.0
cons[火电机组分段中标量约束_15_9_8],0.0
cons[火电机组分段中标量约束_15_9_9],0.0
cons[火电机组出力之和约束_15_9],0.0
cons[火电机组分段中标量约束_15_10_0],0.0
cons[火电机组分段中标量约束_15_10_1],0.0
cons[火电机组分段中标量约束_15_10_2],0.0
cons[火电机组分段中标量约束_15_10_3],0.0
cons[火电机组分段中标量约束_15_10_4],0.0
cons[火电机组分段中标量约束_15_10_5],0.0
cons[火电机组分段中标量约束_15_10_6],0.0
cons[火电机组分段中标量约束_15_10_7],0.0
cons[火电机组分段中标量约束_15_10_8],0.0
cons[火电机组分段中标量约束_15_10_9],0.0
cons[火电机组出力之和约束_15_10],0.0
cons[火电机组分段中标量约束_15_11_0],0.0
cons[火电机组分段中标量约束_15_11_1],0.0
cons[火电机组分段中标量约束_15_11_2],0.0
cons[火电机组分段中标量约束_15_11_3],0.0
cons[火电机组分段中标量约束_15_11_4],0.0
cons[火电机组分段中标量约束_15_11_5],0.0
cons[火电机组分段中标量约束_15_11_6],0.0
cons[火电机组分段中标量约束_15_11_7],0.0
cons[火电机组分段中标量约束_15_11_8],0.0
cons[火电机组分段中标量约束_15_11_9],0.0
cons[火电机组出力之和约束_15_11],0.0
cons[火电机组分段中标量约束_15_12_0],0.0
cons[火电机组分段中标量约束_15_12_1],0.0
cons[火电机组分段中标量约束_15_12_2],0.0
cons[火电机组分段中标量约束_15_12_3],0.0
cons[火电机组分段中标量约束_15_12_4],0.0
cons[火电机组分段中标量约束_15_12_5],0.0
cons[火电机组分段中标量约束_15_12_6],0.0
cons[火电机组分段中标量约束_15_12_7],0.0
cons[火电机组分段中标量约束_15_12_8],0.0
cons[火电机组分段中标量约束_15_12_9],0.0
cons[火电机组出力之和约束_15_12],0.0
cons[火电机组分段中标量约束_15_13_0],0.0
cons[火电机组分段中标量约束_15_13_1],0.0
cons[火电机组分段中标量约束_15_13_2],0.0
cons[火电机组分段中标量约束_15_13_3],0.0
cons[火电机组分段中标量约束_15_13_4],0.0
cons[火电机组分段中标量约束_15_13_5],0.0
cons[火电机组分段中标量约束_15_13_6],0.0
cons[火电机组分段中标量约束_15_13_7],0.0
cons[火电机组分段中标量约束_15_13_8],0.0
cons[火电机组分段中标量约束_15_13_9],0.0
cons[火电机组出力之和约束_15_13],0.0
cons[火电机组分段中标量约束_15_14_0],0.0
cons[火电机组分段中标量约束_15_14_1],0.0
cons[火电机组分段中标量约束_15_14_2],0.0
cons[火电机组分段中标量约束_15_14_3],0.0
cons[火电机组分段中标量约束_15_14_4],0.0
cons[火电机组分段中标量约束_15_14_5],0.0
cons[火电机组分段中标量约束_15_14_6],0.0
cons[火电机组分段中标量约束_15_14_7],0.0
cons[火电机组分段中标量约束_15_14_8],0.0
cons[火电机组分段中标量约束_15_14_9],0.0
cons[火电机组出力之和约束_15_14],0.0
cons[火电机组分段中标量约束_15_15_0],0.0
cons[火电机组分段中标量约束_15_15_1],0.0
cons[火电机组分段中标量约束_15_15_2],0.0
cons[火电机组分段中标量约束_15_15_3],0.0
cons[火电机组分段中标量约束_15_15_4],0.0
cons[火电机组分段中标量约束_15_15_5],0.0
cons[火电机组分段中标量约束_15_15_6],0.0
cons[火电机组分段中标量约束_15_15_7],0.0
cons[火电机组分段中标量约束_15_15_8],0.0
cons[火电机组分段中标量约束_15_15_9],0.0
cons[火电机组出力之和约束_15_15],0.0
cons[火电机组分段中标量约束_15_16_0],0.0
cons[火电机组分段中标量约束_15_16_1],0.0
cons[火电机组分段中标量约束_15_16_2],0.0
cons[火电机组分段中标量约束_15_16_3],0.0
cons[火电机组分段中标量约束_15_16_4],0.0
cons[火电机组分段中标量约束_15_16_5],0.0
cons[火电机组分段中标量约束_15_16_6],0.0
cons[火电机组分段中标量约束_15_16_7],0.0
cons[火电机组分段中标量约束_15_16_8],0.0
cons[火电机组分段中标量约束_15_16_9],0.0
cons[火电机组出力之和约束_15_16],0.0
cons[火电机组分段中标量约束_15_17_0],0.0
cons[火电机组分段中标量约束_15_17_1],0.0
cons[火电机组分段中标量约束_15_17_2],0.0
cons[火电机组分段中标量约束_15_17_3],0.0
cons[火电机组分段中标量约束_15_17_4],0.0
cons[火电机组分段中标量约束_15_17_5],0.0
cons[火电机组分段中标量约束_15_17_6],0.0
cons[火电机组分段中标量约束_15_17_7],0.0
cons[火电机组分段中标量约束_15_17_8],0.0
cons[火电机组分段中标量约束_15_17_9],0.0
cons[火电机组出力之和约束_15_17],0.0
cons[火电机组分段中标量约束_15_18_0],0.0
cons[火电机组分段中标量约束_15_18_1],0.0
cons[火电机组分段中标量约束_15_18_2],0.0
cons[火电机组分段中标量约束_15_18_3],0.0
cons[火电机组分段中标量约束_15_18_4],0.0
cons[火电机组分段中标量约束_15_18_5],0.0
cons[火电机组分段中标量约束_15_18_6],0.0
cons[火电机组分段中标量约束_15_18_7],0.0
cons[火电机组分段中标量约束_15_18_8],0.0
cons[火电机组分段中标量约束_15_18_9],0.0
cons[火电机组出力之和约束_15_18],0.0
cons[火电机组分段中标量约束_15_19_0],0.0
cons[火电机组分段中标量约束_15_19_1],0.0
cons[火电机组分段中标量约束_15_19_2],0.0
cons[火电机组分段中标量约束_15_19_3],0.0
cons[火电机组分段中标量约束_15_19_4],0.0
cons[火电机组分段中标量约束_15_19_5],0.0
cons[火电机组分段中标量约束_15_19_6],0.0
cons[火电机组分段中标量约束_15_19_7],0.0
cons[火电机组分段中标量约束_15_19_8],0.0
cons[火电机组分段中标量约束_15_19_9],0.0
cons[火电机组出力之和约束_15_19],0.0
cons[火电机组分段中标量约束_15_20_0],0.0
cons[火电机组分段中标量约束_15_20_1],0.0
cons[火电机组分段中标量约束_15_20_2],0.0
cons[火电机组分段中标量约束_15_20_3],0.0
cons[火电机组分段中标量约束_15_20_4],0.0
cons[火电机组分段中标量约束_15_20_5],0.0
cons[火电机组分段中标量约束_15_20_6],0.0
cons[火电机组分段中标量约束_15_20_7],0.0
cons[火电机组分段中标量约束_15_20_8],0.0
cons[火电机组分段中标量约束_15_20_9],0.0
cons[火电机组出力之和约束_15_20],0.0
cons[火电机组分段中标量约束_15_21_0],0.0
cons[火电机组分段中标量约束_15_21_1],0.0
cons[火电机组分段中标量约束_15_21_2],0.0
cons[火电机组分段中标量约束_15_21_3],0.0
cons[火电机组分段中标量约束_15_21_4],0.0
cons[火电机组分段中标量约束_15_21_5],0.0
cons[火电机组分段中标量约束_15_21_6],0.0
cons[火电机组分段中标量约束_15_21_7],0.0
cons[火电机组分段中标量约束_15_21_8],0.0
cons[火电机组分段中标量约束_15_21_9],0.0
cons[火电机组出力之和约束_15_21],0.0
cons[火电机组分段中标量约束_15_22_0],0.0
cons[火电机组分段中标量约束_15_22_1],0.0
cons[火电机组分段中标量约束_15_22_2],0.0
cons[火电机组分段中标量约束_15_22_3],0.0
cons[火电机组分段中标量约束_15_22_4],0.0
cons[火电机组分段中标量约束_15_22_5],0.0
cons[火电机组分段中标量约束_15_22_6],0.0
cons[火电机组分段中标量约束_15_22_7],0.0
cons[火电机组分段中标量约束_15_22_8],0.0
cons[火电机组分段中标量约束_15_22_9],0.0
cons[火电机组出力之和约束_15_22],0.0
cons[火电机组分段中标量约束_15_23_0],0.0
cons[火电机组分段中标量约束_15_23_1],0.0
cons[火电机组分段中标量约束_15_23_2],0.0
cons[火电机组分段中标量约束_15_23_3],0.0
cons[火电机组分段中标量约束_15_23_4],0.0
cons[火电机组分段中标量约束_15_23_5],0.0
cons[火电机组分段中标量约束_15_23_6],0.0
cons[火电机组分段中标量约束_15_23_7],0.0
cons[火电机组分段中标量约束_15_23_8],0.0
cons[火电机组分段中标量约束_15_23_9],0.0
cons[火电机组出力之和约束_15_23],0.0
cons[火电机组分段中标量约束_15_24_0],0.0
cons[火电机组分段中标量约束_15_24_1],0.0
cons[火电机组分段中标量约束_15_24_2],0.0
cons[火电机组分段中标量约束_15_24_3],0.0
cons[火电机组分段中标量约束_15_24_4],0.0
cons[火电机组分段中标量约束_15_24_5],0.0
cons[火电机组分段中标量约束_15_24_6],0.0
cons[火电机组分段中标量约束_15_24_7],0.0
cons[火电机组分段中标量约束_15_24_8],0.0
cons[火电机组分段中标量约束_15_24_9],0.0
cons[火电机组出力之和约束_15_24],0.0
cons[火电机组分段中标量约束_15_25_0],0.0
cons[火电机组分段中标量约束_15_25_1],0.0
cons[火电机组分段中标量约束_15_25_2],0.0
cons[火电机组分段中标量约束_15_25_3],0.0
cons[火电机组分段中标量约束_15_25_4],0.0
cons[火电机组分段中标量约束_15_25_5],0.0
cons[火电机组分段中标量约束_15_25_6],0.0
cons[火电机组分段中标量约束_15_25_7],0.0
cons[火电机组分段中标量约束_15_25_8],0.0
cons[火电机组分段中标量约束_15_25_9],0.0
cons[火电机组出力之和约束_15_25],0.0
cons[火电机组分段中标量约束_15_26_0],0.0
cons[火电机组分段中标量约束_15_26_1],0.0
cons[火电机组分段中标量约束_15_26_2],0.0
cons[火电机组分段中标量约束_15_26_3],0.0
cons[火电机组分段中标量约束_15_26_4],0.0
cons[火电机组分段中标量约束_15_26_5],0.0
cons[火电机组分段中标量约束_15_26_6],0.0
cons[火电机组分段中标量约束_15_26_7],0.0
cons[火电机组分段中标量约束_15_26_8],0.0
cons[火电机组分段中标量约束_15_26_9],0.0
cons[火电机组出力之和约束_15_26],0.0
cons[火电机组分段中标量约束_15_27_0],0.0
cons[火电机组分段中标量约束_15_27_1],0.0
cons[火电机组分段中标量约束_15_27_2],0.0
cons[火电机组分段中标量约束_15_27_3],0.0
cons[火电机组分段中标量约束_15_27_4],0.0
cons[火电机组分段中标量约束_15_27_5],0.0
cons[火电机组分段中标量约束_15_27_6],0.0
cons[火电机组分段中标量约束_15_27_7],0.0
cons[火电机组分段中标量约束_15_27_8],0.0
cons[火电机组分段中标量约束_15_27_9],0.0
cons[火电机组出力之和约束_15_27],0.0
cons[火电机组分段中标量约束_15_28_0],0.0
cons[火电机组分段中标量约束_15_28_1],0.0
cons[火电机组分段中标量约束_15_28_2],0.0
cons[火电机组分段中标量约束_15_28_3],0.0
cons[火电机组分段中标量约束_15_28_4],0.0
cons[火电机组分段中标量约束_15_28_5],0.0
cons[火电机组分段中标量约束_15_28_6],0.0
cons[火电机组分段中标量约束_15_28_7],0.0
cons[火电机组分段中标量约束_15_28_8],0.0
cons[火电机组分段中标量约束_15_28_9],0.0
cons[火电机组出力之和约束_15_28],0.0
cons[火电机组分段中标量约束_15_29_0],0.0
cons[火电机组分段中标量约束_15_29_1],0.0
cons[火电机组分段中标量约束_15_29_2],0.0
cons[火电机组分段中标量约束_15_29_3],0.0
cons[火电机组分段中标量约束_15_29_4],0.0
cons[火电机组分段中标量约束_15_29_5],0.0
cons[火电机组分段中标量约束_15_29_6],0.0
cons[火电机组分段中标量约束_15_29_7],0.0
cons[火电机组分段中标量约束_15_29_8],0.0
cons[火电机组分段中标量约束_15_29_9],0.0
cons[火电机组出力之和约束_15_29],0.0
cons[火电机组分段中标量约束_15_30_0],0.0
cons[火电机组分段中标量约束_15_30_1],0.0
cons[火电机组分段中标量约束_15_30_2],0.0
cons[火电机组分段中标量约束_15_30_3],0.0
cons[火电机组分段中标量约束_15_30_4],0.0
cons[火电机组分段中标量约束_15_30_5],0.0
cons[火电机组分段中标量约束_15_30_6],0.0
cons[火电机组分段中标量约束_15_30_7],0.0
cons[火电机组分段中标量约束_15_30_8],0.0
cons[火电机组分段中标量约束_15_30_9],0.0
cons[火电机组出力之和约束_15_30],0.0
cons[火电机组分段中标量约束_15_31_0],0.0
cons[火电机组分段中标量约束_15_31_1],0.0
cons[火电机组分段中标量约束_15_31_2],0.0
cons[火电机组分段中标量约束_15_31_3],0.0
cons[火电机组分段中标量约束_15_31_4],0.0
cons[火电机组分段中标量约束_15_31_5],0.0
cons[火电机组分段中标量约束_15_31_6],0.0
cons[火电机组分段中标量约束_15_31_7],0.0
cons[火电机组分段中标量约束_15_31_8],0.0
cons[火电机组分段中标量约束_15_31_9],0.0
cons[火电机组出力之和约束_15_31],0.0
cons[火电机组分段中标量约束_15_32_0],0.0
cons[火电机组分段中标量约束_15_32_1],0.0
cons[火电机组分段中标量约束_15_32_2],0.0
cons[火电机组分段中标量约束_15_32_3],0.0
cons[火电机组分段中标量约束_15_32_4],0.0
cons[火电机组分段中标量约束_15_32_5],0.0
cons[火电机组分段中标量约束_15_32_6],0.0
cons[火电机组分段中标量约束_15_32_7],0.0
cons[火电机组分段中标量约束_15_32_8],0.0
cons[火电机组分段中标量约束_15_32_9],0.0
cons[火电机组出力之和约束_15_32],0.0
cons[火电机组分段中标量约束_15_33_0],0.0
cons[火电机组分段中标量约束_15_33_1],0.0
cons[火电机组分段中标量约束_15_33_2],0.0
cons[火电机组分段中标量约束_15_33_3],0.0
cons[火电机组分段中标量约束_15_33_4],0.0
cons[火电机组分段中标量约束_15_33_5],0.0
cons[火电机组分段中标量约束_15_33_6],0.0
cons[火电机组分段中标量约束_15_33_7],0.0
cons[火电机组分段中标量约束_15_33_8],0.0
cons[火电机组分段中标量约束_15_33_9],0.0
cons[火电机组出力之和约束_15_33],0.0
cons[火电机组分段中标量约束_15_34_0],0.0
cons[火电机组分段中标量约束_15_34_1],0.0
cons[火电机组分段中标量约束_15_34_2],0.0
cons[火电机组分段中标量约束_15_34_3],0.0
cons[火电机组分段中标量约束_15_34_4],0.0
cons[火电机组分段中标量约束_15_34_5],0.0
cons[火电机组分段中标量约束_15_34_6],0.0
cons[火电机组分段中标量约束_15_34_7],0.0
cons[火电机组分段中标量约束_15_34_8],0.0
cons[火电机组分段中标量约束_15_34_9],0.0
cons[火电机组出力之和约束_15_34],0.0
cons[火电机组分段中标量约束_15_35_0],0.0
cons[火电机组分段中标量约束_15_35_1],0.0
cons[火电机组分段中标量约束_15_35_2],0.0
cons[火电机组分段中标量约束_15_35_3],0.0
cons[火电机组分段中标量约束_15_35_4],0.0
cons[火电机组分段中标量约束_15_35_5],0.0
cons[火电机组分段中标量约束_15_35_6],0.0
cons[火电机组分段中标量约束_15_35_7],0.0
cons[火电机组分段中标量约束_15_35_8],0.0
cons[火电机组分段中标量约束_15_35_9],0.0
cons[火电机组出力之和约束_15_35],0.0
cons[火电机组分段中标量约束_15_36_0],0.0
cons[火电机组分段中标量约束_15_36_1],0.0
cons[火电机组分段中标量约束_15_36_2],0.0
cons[火电机组分段中标量约束_15_36_3],0.0
cons[火电机组分段中标量约束_15_36_4],0.0
cons[火电机组分段中标量约束_15_36_5],0.0
cons[火电机组分段中标量约束_15_36_6],0.0
cons[火电机组分段中标量约束_15_36_7],0.0
cons[火电机组分段中标量约束_15_36_8],0.0
cons[火电机组分段中标量约束_15_36_9],0.0
cons[火电机组出力之和约束_15_36],0.0
cons[火电机组分段中标量约束_15_37_0],0.0
cons[火电机组分段中标量约束_15_37_1],0.0
cons[火电机组分段中标量约束_15_37_2],0.0
cons[火电机组分段中标量约束_15_37_3],0.0
cons[火电机组分段中标量约束_15_37_4],0.0
cons[火电机组分段中标量约束_15_37_5],0.0
cons[火电机组分段中标量约束_15_37_6],0.0
cons[火电机组分段中标量约束_15_37_7],0.0
cons[火电机组分段中标量约束_15_37_8],0.0
cons[火电机组分段中标量约束_15_37_9],0.0
cons[火电机组出力之和约束_15_37],0.0
cons[火电机组分段中标量约束_15_38_0],0.0
cons[火电机组分段中标量约束_15_38_1],0.0
cons[火电机组分段中标量约束_15_38_2],0.0
cons[火电机组分段中标量约束_15_38_3],0.0
cons[火电机组分段中标量约束_15_38_4],0.0
cons[火电机组分段中标量约束_15_38_5],0.0
cons[火电机组分段中标量约束_15_38_6],0.0
cons[火电机组分段中标量约束_15_38_7],0.0
cons[火电机组分段中标量约束_15_38_8],0.0
cons[火电机组分段中标量约束_15_38_9],0.0
cons[火电机组出力之和约束_15_38],0.0
cons[火电机组分段中标量约束_15_39_0],0.0
cons[火电机组分段中标量约束_15_39_1],0.0
cons[火电机组分段中标量约束_15_39_2],0.0
cons[火电机组分段中标量约束_15_39_3],0.0
cons[火电机组分段中标量约束_15_39_4],0.0
cons[火电机组分段中标量约束_15_39_5],0.0
cons[火电机组分段中标量约束_15_39_6],0.0
cons[火电机组分段中标量约束_15_39_7],0.0
cons[火电机组分段中标量约束_15_39_8],0.0
cons[火电机组分段中标量约束_15_39_9],0.0
cons[火电机组出力之和约束_15_39],0.0
cons[火电机组分段中标量约束_15_40_0],0.0
cons[火电机组分段中标量约束_15_40_1],0.0
cons[火电机组分段中标量约束_15_40_2],0.0
cons[火电机组分段中标量约束_15_40_3],0.0
cons[火电机组分段中标量约束_15_40_4],0.0
cons[火电机组分段中标量约束_15_40_5],0.0
cons[火电机组分段中标量约束_15_40_6],0.0
cons[火电机组分段中标量约束_15_40_7],0.0
cons[火电机组分段中标量约束_15_40_8],0.0
cons[火电机组分段中标量约束_15_40_9],0.0
cons[火电机组出力之和约束_15_40],0.0
cons[火电机组分段中标量约束_15_41_0],0.0
cons[火电机组分段中标量约束_15_41_1],0.0
cons[火电机组分段中标量约束_15_41_2],0.0
cons[火电机组分段中标量约束_15_41_3],0.0
cons[火电机组分段中标量约束_15_41_4],0.0
cons[火电机组分段中标量约束_15_41_5],0.0
cons[火电机组分段中标量约束_15_41_6],0.0
cons[火电机组分段中标量约束_15_41_7],0.0
cons[火电机组分段中标量约束_15_41_8],0.0
cons[火电机组分段中标量约束_15_41_9],0.0
cons[火电机组出力之和约束_15_41],0.0
cons[火电机组分段中标量约束_15_42_0],0.0
cons[火电机组分段中标量约束_15_42_1],0.0
cons[火电机组分段中标量约束_15_42_2],0.0
cons[火电机组分段中标量约束_15_42_3],0.0
cons[火电机组分段中标量约束_15_42_4],0.0
cons[火电机组分段中标量约束_15_42_5],0.0
cons[火电机组分段中标量约束_15_42_6],0.0
cons[火电机组分段中标量约束_15_42_7],0.0
cons[火电机组分段中标量约束_15_42_8],0.0
cons[火电机组分段中标量约束_15_42_9],0.0
cons[火电机组出力之和约束_15_42],0.0
cons[火电机组分段中标量约束_15_43_0],0.0
cons[火电机组分段中标量约束_15_43_1],0.0
cons[火电机组分段中标量约束_15_43_2],0.0
cons[火电机组分段中标量约束_15_43_3],0.0
cons[火电机组分段中标量约束_15_43_4],0.0
cons[火电机组分段中标量约束_15_43_5],0.0
cons[火电机组分段中标量约束_15_43_6],0.0
cons[火电机组分段中标量约束_15_43_7],0.0
cons[火电机组分段中标量约束_15_43_8],0.0
cons[火电机组分段中标量约束_15_43_9],0.0
cons[火电机组出力之和约束_15_43],0.0
cons[火电机组分段中标量约束_15_44_0],0.0
cons[火电机组分段中标量约束_15_44_1],0.0
cons[火电机组分段中标量约束_15_44_2],0.0
cons[火电机组分段中标量约束_15_44_3],0.0
cons[火电机组分段中标量约束_15_44_4],0.0
cons[火电机组分段中标量约束_15_44_5],0.0
cons[火电机组分段中标量约束_15_44_6],0.0
cons[火电机组分段中标量约束_15_44_7],0.0
cons[火电机组分段中标量约束_15_44_8],0.0
cons[火电机组分段中标量约束_15_44_9],0.0
cons[火电机组出力之和约束_15_44],0.0
cons[火电机组分段中标量约束_15_45_0],0.0
cons[火电机组分段中标量约束_15_45_1],0.0
cons[火电机组分段中标量约束_15_45_2],0.0
cons[火电机组分段中标量约束_15_45_3],0.0
cons[火电机组分段中标量约束_15_45_4],0.0
cons[火电机组分段中标量约束_15_45_5],0.0
cons[火电机组分段中标量约束_15_45_6],0.0
cons[火电机组分段中标量约束_15_45_7],0.0
cons[火电机组分段中标量约束_15_45_8],0.0
cons[火电机组分段中标量约束_15_45_9],0.0
cons[火电机组出力之和约束_15_45],0.0
cons[火电机组分段中标量约束_15_46_0],0.0
cons[火电机组分段中标量约束_15_46_1],0.0
cons[火电机组分段中标量约束_15_46_2],0.0
cons[火电机组分段中标量约束_15_46_3],0.0
cons[火电机组分段中标量约束_15_46_4],0.0
cons[火电机组分段中标量约束_15_46_5],0.0
cons[火电机组分段中标量约束_15_46_6],0.0
cons[火电机组分段中标量约束_15_46_7],0.0
cons[火电机组分段中标量约束_15_46_8],0.0
cons[火电机组分段中标量约束_15_46_9],0.0
cons[火电机组出力之和约束_15_46],0.0
cons[火电机组分段中标量约束_15_47_0],0.0
cons[火电机组分段中标量约束_15_47_1],0.0
cons[火电机组分段中标量约束_15_47_2],0.0
cons[火电机组分段中标量约束_15_47_3],0.0
cons[火电机组分段中标量约束_15_47_4],0.0
cons[火电机组分段中标量约束_15_47_5],0.0
cons[火电机组分段中标量约束_15_47_6],0.0
cons[火电机组分段中标量约束_15_47_7],0.0
cons[火电机组分段中标量约束_15_47_8],0.0
cons[火电机组分段中标量约束_15_47_9],0.0
cons[火电机组出力之和约束_15_47],0.0
cons[火电机组分段中标量约束_15_48_0],0.0
cons[火电机组分段中标量约束_15_48_1],0.0
cons[火电机组分段中标量约束_15_48_2],0.0
cons[火电机组分段中标量约束_15_48_3],0.0
cons[火电机组分段中标量约束_15_48_4],0.0
cons[火电机组分段中标量约束_15_48_5],0.0
cons[火电机组分段中标量约束_15_48_6],0.0
cons[火电机组分段中标量约束_15_48_7],0.0
cons[火电机组分段中标量约束_15_48_8],0.0
cons[火电机组分段中标量约束_15_48_9],0.0
cons[火电机组出力之和约束_15_48],0.0
cons[火电机组分段中标量约束_15_49_0],0.0
cons[火电机组分段中标量约束_15_49_1],0.0
cons[火电机组分段中标量约束_15_49_2],0.0
cons[火电机组分段中标量约束_15_49_3],0.0
cons[火电机组分段中标量约束_15_49_4],0.0
cons[火电机组分段中标量约束_15_49_5],0.0
cons[火电机组分段中标量约束_15_49_6],0.0
cons[火电机组分段中标量约束_15_49_7],0.0
cons[火电机组分段中标量约束_15_49_8],0.0
cons[火电机组分段中标量约束_15_49_9],0.0
cons[火电机组出力之和约束_15_49],0.0
cons[火电机组分段中标量约束_15_50_0],0.0
cons[火电机组分段中标量约束_15_50_1],0.0
cons[火电机组分段中标量约束_15_50_2],0.0
cons[火电机组分段中标量约束_15_50_3],0.0
cons[火电机组分段中标量约束_15_50_4],0.0
cons[火电机组分段中标量约束_15_50_5],0.0
cons[火电机组分段中标量约束_15_50_6],0.0
cons[火电机组分段中标量约束_15_50_7],0.0
cons[火电机组分段中标量约束_15_50_8],0.0
cons[火电机组分段中标量约束_15_50_9],0.0
cons[火电机组出力之和约束_15_50],0.0
cons[火电机组分段中标量约束_15_51_0],0.0
cons[火电机组分段中标量约束_15_51_1],0.0
cons[火电机组分段中标量约束_15_51_2],0.0
cons[火电机组分段中标量约束_15_51_3],0.0
cons[火电机组分段中标量约束_15_51_4],0.0
cons[火电机组分段中标量约束_15_51_5],0.0
cons[火电机组分段中标量约束_15_51_6],0.0
cons[火电机组分段中标量约束_15_51_7],0.0
cons[火电机组分段中标量约束_15_51_8],0.0
cons[火电机组分段中标量约束_15_51_9],0.0
cons[火电机组出力之和约束_15_51],0.0
cons[火电机组分段中标量约束_15_52_0],0.0
cons[火电机组分段中标量约束_15_52_1],0.0
cons[火电机组分段中标量约束_15_52_2],0.0
cons[火电机组分段中标量约束_15_52_3],0.0
cons[火电机组分段中标量约束_15_52_4],0.0
cons[火电机组分段中标量约束_15_52_5],0.0
cons[火电机组分段中标量约束_15_52_6],0.0
cons[火电机组分段中标量约束_15_52_7],0.0
cons[火电机组分段中标量约束_15_52_8],0.0
cons[火电机组分段中标量约束_15_52_9],0.0
cons[火电机组出力之和约束_15_52],0.0
cons[火电机组分段中标量约束_15_53_0],0.0
cons[火电机组分段中标量约束_15_53_1],0.0
cons[火电机组分段中标量约束_15_53_2],0.0
cons[火电机组分段中标量约束_15_53_3],0.0
cons[火电机组分段中标量约束_15_53_4],0.0
cons[火电机组分段中标量约束_15_53_5],0.0
cons[火电机组分段中标量约束_15_53_6],0.0
cons[火电机组分段中标量约束_15_53_7],0.0
cons[火电机组分段中标量约束_15_53_8],0.0
cons[火电机组分段中标量约束_15_53_9],0.0
cons[火电机组出力之和约束_15_53],0.0
cons[火电机组分段中标量约束_15_54_0],0.0
cons[火电机组分段中标量约束_15_54_1],0.0
cons[火电机组分段中标量约束_15_54_2],0.0
cons[火电机组分段中标量约束_15_54_3],0.0
cons[火电机组分段中标量约束_15_54_4],0.0
cons[火电机组分段中标量约束_15_54_5],0.0
cons[火电机组分段中标量约束_15_54_6],0.0
cons[火电机组分段中标量约束_15_54_7],0.0
cons[火电机组分段中标量约束_15_54_8],0.0
cons[火电机组分段中标量约束_15_54_9],0.0
cons[火电机组出力之和约束_15_54],0.0
cons[火电机组分段中标量约束_15_55_0],0.0
cons[火电机组分段中标量约束_15_55_1],0.0
cons[火电机组分段中标量约束_15_55_2],0.0
cons[火电机组分段中标量约束_15_55_3],0.0
cons[火电机组分段中标量约束_15_55_4],0.0
cons[火电机组分段中标量约束_15_55_5],0.0
cons[火电机组分段中标量约束_15_55_6],0.0
cons[火电机组分段中标量约束_15_55_7],0.0
cons[火电机组分段中标量约束_15_55_8],0.0
cons[火电机组分段中标量约束_15_55_9],0.0
cons[火电机组出力之和约束_15_55],0.0
cons[火电机组分段中标量约束_15_56_0],0.0
cons[火电机组分段中标量约束_15_56_1],0.0
cons[火电机组分段中标量约束_15_56_2],0.0
cons[火电机组分段中标量约束_15_56_3],0.0
cons[火电机组分段中标量约束_15_56_4],0.0
cons[火电机组分段中标量约束_15_56_5],0.0
cons[火电机组分段中标量约束_15_56_6],0.0
cons[火电机组分段中标量约束_15_56_7],0.0
cons[火电机组分段中标量约束_15_56_8],0.0
cons[火电机组分段中标量约束_15_56_9],0.0
cons[火电机组出力之和约束_15_56],0.0
cons[火电机组分段中标量约束_15_57_0],0.0
cons[火电机组分段中标量约束_15_57_1],0.0
cons[火电机组分段中标量约束_15_57_2],0.0
cons[火电机组分段中标量约束_15_57_3],0.0
cons[火电机组分段中标量约束_15_57_4],0.0
cons[火电机组分段中标量约束_15_57_5],0.0
cons[火电机组分段中标量约束_15_57_6],0.0
cons[火电机组分段中标量约束_15_57_7],0.0
cons[火电机组分段中标量约束_15_57_8],0.0
cons[火电机组分段中标量约束_15_57_9],0.0
cons[火电机组出力之和约束_15_57],0.0
cons[火电机组分段中标量约束_15_58_0],0.0
cons[火电机组分段中标量约束_15_58_1],0.0
cons[火电机组分段中标量约束_15_58_2],0.0
cons[火电机组分段中标量约束_15_58_3],0.0
cons[火电机组分段中标量约束_15_58_4],0.0
cons[火电机组分段中标量约束_15_58_5],0.0
cons[火电机组分段中标量约束_15_58_6],0.0
cons[火电机组分段中标量约束_15_58_7],0.0
cons[火电机组分段中标量约束_15_58_8],0.0
cons[火电机组分段中标量约束_15_58_9],0.0
cons[火电机组出力之和约束_15_58],0.0
cons[火电机组分段中标量约束_15_59_0],0.0
cons[火电机组分段中标量约束_15_59_1],0.0
cons[火电机组分段中标量约束_15_59_2],0.0
cons[火电机组分段中标量约束_15_59_3],0.0
cons[火电机组分段中标量约束_15_59_4],0.0
cons[火电机组分段中标量约束_15_59_5],0.0
cons[火电机组分段中标量约束_15_59_6],0.0
cons[火电机组分段中标量约束_15_59_7],0.0
cons[火电机组分段中标量约束_15_59_8],0.0
cons[火电机组分段中标量约束_15_59_9],0.0
cons[火电机组出力之和约束_15_59],0.0
cons[火电机组分段中标量约束_15_60_0],0.0
cons[火电机组分段中标量约束_15_60_1],0.0
cons[火电机组分段中标量约束_15_60_2],0.0
cons[火电机组分段中标量约束_15_60_3],0.0
cons[火电机组分段中标量约束_15_60_4],0.0
cons[火电机组分段中标量约束_15_60_5],0.0
cons[火电机组分段中标量约束_15_60_6],0.0
cons[火电机组分段中标量约束_15_60_7],0.0
cons[火电机组分段中标量约束_15_60_8],0.0
cons[火电机组分段中标量约束_15_60_9],0.0
cons[火电机组出力之和约束_15_60],0.0
cons[火电机组分段中标量约束_15_61_0],0.0
cons[火电机组分段中标量约束_15_61_1],0.0
cons[火电机组分段中标量约束_15_61_2],0.0
cons[火电机组分段中标量约束_15_61_3],0.0
cons[火电机组分段中标量约束_15_61_4],0.0
cons[火电机组分段中标量约束_15_61_5],0.0
cons[火电机组分段中标量约束_15_61_6],0.0
cons[火电机组分段中标量约束_15_61_7],0.0
cons[火电机组分段中标量约束_15_61_8],0.0
cons[火电机组分段中标量约束_15_61_9],0.0
cons[火电机组出力之和约束_15_61],0.0
cons[火电机组分段中标量约束_15_62_0],0.0
cons[火电机组分段中标量约束_15_62_1],0.0
cons[火电机组分段中标量约束_15_62_2],0.0
cons[火电机组分段中标量约束_15_62_3],0.0
cons[火电机组分段中标量约束_15_62_4],0.0
cons[火电机组分段中标量约束_15_62_5],0.0
cons[火电机组分段中标量约束_15_62_6],0.0
cons[火电机组分段中标量约束_15_62_7],0.0
cons[火电机组分段中标量约束_15_62_8],0.0
cons[火电机组分段中标量约束_15_62_9],0.0
cons[火电机组出力之和约束_15_62],0.0
cons[火电机组分段中标量约束_15_63_0],0.0
cons[火电机组分段中标量约束_15_63_1],0.0
cons[火电机组分段中标量约束_15_63_2],0.0
cons[火电机组分段中标量约束_15_63_3],0.0
cons[火电机组分段中标量约束_15_63_4],0.0
cons[火电机组分段中标量约束_15_63_5],0.0
cons[火电机组分段中标量约束_15_63_6],0.0
cons[火电机组分段中标量约束_15_63_7],0.0
cons[火电机组分段中标量约束_15_63_8],0.0
cons[火电机组分段中标量约束_15_63_9],0.0
cons[火电机组出力之和约束_15_63],0.0
cons[火电机组分段中标量约束_15_64_0],0.0
cons[火电机组分段中标量约束_15_64_1],0.0
cons[火电机组分段中标量约束_15_64_2],0.0
cons[火电机组分段中标量约束_15_64_3],0.0
cons[火电机组分段中标量约束_15_64_4],0.0
cons[火电机组分段中标量约束_15_64_5],0.0
cons[火电机组分段中标量约束_15_64_6],0.0
cons[火电机组分段中标量约束_15_64_7],0.0
cons[火电机组分段中标量约束_15_64_8],0.0
cons[火电机组分段中标量约束_15_64_9],0.0
cons[火电机组出力之和约束_15_64],0.0
cons[火电机组分段中标量约束_15_65_0],0.0
cons[火电机组分段中标量约束_15_65_1],0.0
cons[火电机组分段中标量约束_15_65_2],0.0
cons[火电机组分段中标量约束_15_65_3],0.0
cons[火电机组分段中标量约束_15_65_4],0.0
cons[火电机组分段中标量约束_15_65_5],0.0
cons[火电机组分段中标量约束_15_65_6],0.0
cons[火电机组分段中标量约束_15_65_7],0.0
cons[火电机组分段中标量约束_15_65_8],0.0
cons[火电机组分段中标量约束_15_65_9],0.0
cons[火电机组出力之和约束_15_65],0.0
cons[火电机组分段中标量约束_15_66_0],0.0
cons[火电机组分段中标量约束_15_66_1],0.0
cons[火电机组分段中标量约束_15_66_2],0.0
cons[火电机组分段中标量约束_15_66_3],0.0
cons[火电机组分段中标量约束_15_66_4],0.0
cons[火电机组分段中标量约束_15_66_5],0.0
cons[火电机组分段中标量约束_15_66_6],0.0
cons[火电机组分段中标量约束_15_66_7],0.0
cons[火电机组分段中标量约束_15_66_8],0.0
cons[火电机组分段中标量约束_15_66_9],0.0
cons[火电机组出力之和约束_15_66],0.0
cons[火电机组分段中标量约束_15_67_0],0.0
cons[火电机组分段中标量约束_15_67_1],0.0
cons[火电机组分段中标量约束_15_67_2],0.0
cons[火电机组分段中标量约束_15_67_3],0.0
cons[火电机组分段中标量约束_15_67_4],0.0
cons[火电机组分段中标量约束_15_67_5],0.0
cons[火电机组分段中标量约束_15_67_6],0.0
cons[火电机组分段中标量约束_15_67_7],0.0
cons[火电机组分段中标量约束_15_67_8],0.0
cons[火电机组分段中标量约束_15_67_9],0.0
cons[火电机组出力之和约束_15_67],0.0
cons[火电机组分段中标量约束_15_68_0],0.0
cons[火电机组分段中标量约束_15_68_1],0.0
cons[火电机组分段中标量约束_15_68_2],0.0
cons[火电机组分段中标量约束_15_68_3],0.0
cons[火电机组分段中标量约束_15_68_4],0.0
cons[火电机组分段中标量约束_15_68_5],0.0
cons[火电机组分段中标量约束_15_68_6],0.0
cons[火电机组分段中标量约束_15_68_7],0.0
cons[火电机组分段中标量约束_15_68_8],0.0
cons[火电机组分段中标量约束_15_68_9],0.0
cons[火电机组出力之和约束_15_68],0.0
cons[火电机组分段中标量约束_15_69_0],0.0
cons[火电机组分段中标量约束_15_69_1],0.0
cons[火电机组分段中标量约束_15_69_2],0.0
cons[火电机组分段中标量约束_15_69_3],0.0
cons[火电机组分段中标量约束_15_69_4],0.0
cons[火电机组分段中标量约束_15_69_5],0.0
cons[火电机组分段中标量约束_15_69_6],0.0
cons[火电机组分段中标量约束_15_69_7],0.0
cons[火电机组分段中标量约束_15_69_8],0.0
cons[火电机组分段中标量约束_15_69_9],0.0
cons[火电机组出力之和约束_15_69],0.0
cons[火电机组分段中标量约束_15_70_0],0.0
cons[火电机组分段中标量约束_15_70_1],0.0
cons[火电机组分段中标量约束_15_70_2],0.0
cons[火电机组分段中标量约束_15_70_3],0.0
cons[火电机组分段中标量约束_15_70_4],0.0
cons[火电机组分段中标量约束_15_70_5],0.0
cons[火电机组分段中标量约束_15_70_6],0.0
cons[火电机组分段中标量约束_15_70_7],0.0
cons[火电机组分段中标量约束_15_70_8],0.0
cons[火电机组分段中标量约束_15_70_9],0.0
cons[火电机组出力之和约束_15_70],0.0
cons[火电机组分段中标量约束_15_71_0],0.0
cons[火电机组分段中标量约束_15_71_1],0.0
cons[火电机组分段中标量约束_15_71_2],0.0
cons[火电机组分段中标量约束_15_71_3],0.0
cons[火电机组分段中标量约束_15_71_4],0.0
cons[火电机组分段中标量约束_15_71_5],0.0
cons[火电机组分段中标量约束_15_71_6],0.0
cons[火电机组分段中标量约束_15_71_7],0.0
cons[火电机组分段中标量约束_15_71_8],0.0
cons[火电机组分段中标量约束_15_71_9],0.0
cons[火电机组出力之和约束_15_71],0.0
cons[火电机组分段中标量约束_15_72_0],0.0
cons[火电机组分段中标量约束_15_72_1],0.0
cons[火电机组分段中标量约束_15_72_2],0.0
cons[火电机组分段中标量约束_15_72_3],0.0
cons[火电机组分段中标量约束_15_72_4],0.0
cons[火电机组分段中标量约束_15_72_5],0.0
cons[火电机组分段中标量约束_15_72_6],0.0
cons[火电机组分段中标量约束_15_72_7],0.0
cons[火电机组分段中标量约束_15_72_8],0.0
cons[火电机组分段中标量约束_15_72_9],0.0
cons[火电机组出力之和约束_15_72],0.0
cons[火电机组分段中标量约束_15_73_0],0.0
cons[火电机组分段中标量约束_15_73_1],0.0
cons[火电机组分段中标量约束_15_73_2],0.0
cons[火电机组分段中标量约束_15_73_3],0.0
cons[火电机组分段中标量约束_15_73_4],0.0
cons[火电机组分段中标量约束_15_73_5],0.0
cons[火电机组分段中标量约束_15_73_6],0.0
cons[火电机组分段中标量约束_15_73_7],0.0
cons[火电机组分段中标量约束_15_73_8],0.0
cons[火电机组分段中标量约束_15_73_9],0.0
cons[火电机组出力之和约束_15_73],0.0
cons[火电机组分段中标量约束_15_74_0],0.0
cons[火电机组分段中标量约束_15_74_1],0.0
cons[火电机组分段中标量约束_15_74_2],0.0
cons[火电机组分段中标量约束_15_74_3],0.0
cons[火电机组分段中标量约束_15_74_4],0.0
cons[火电机组分段中标量约束_15_74_5],0.0
cons[火电机组分段中标量约束_15_74_6],0.0
cons[火电机组分段中标量约束_15_74_7],0.0
cons[火电机组分段中标量约束_15_74_8],0.0
cons[火电机组分段中标量约束_15_74_9],0.0
cons[火电机组出力之和约束_15_74],0.0
cons[火电机组分段中标量约束_15_75_0],0.0
cons[火电机组分段中标量约束_15_75_1],0.0
cons[火电机组分段中标量约束_15_75_2],0.0
cons[火电机组分段中标量约束_15_75_3],0.0
cons[火电机组分段中标量约束_15_75_4],0.0
cons[火电机组分段中标量约束_15_75_5],0.0
cons[火电机组分段中标量约束_15_75_6],0.0
cons[火电机组分段中标量约束_15_75_7],0.0
cons[火电机组分段中标量约束_15_75_8],0.0
cons[火电机组分段中标量约束_15_75_9],0.0
cons[火电机组出力之和约束_15_75],0.0
cons[火电机组分段中标量约束_15_76_0],0.0
cons[火电机组分段中标量约束_15_76_1],0.0
cons[火电机组分段中标量约束_15_76_2],0.0
cons[火电机组分段中标量约束_15_76_3],0.0
cons[火电机组分段中标量约束_15_76_4],0.0
cons[火电机组分段中标量约束_15_76_5],0.0
cons[火电机组分段中标量约束_15_76_6],0.0
cons[火电机组分段中标量约束_15_76_7],0.0
cons[火电机组分段中标量约束_15_76_8],0.0
cons[火电机组分段中标量约束_15_76_9],0.0
cons[火电机组出力之和约束_15_76],0.0
cons[火电机组分段中标量约束_15_77_0],0.0
cons[火电机组分段中标量约束_15_77_1],0.0
cons[火电机组分段中标量约束_15_77_2],0.0
cons[火电机组分段中标量约束_15_77_3],0.0
cons[火电机组分段中标量约束_15_77_4],0.0
cons[火电机组分段中标量约束_15_77_5],0.0
cons[火电机组分段中标量约束_15_77_6],0.0
cons[火电机组分段中标量约束_15_77_7],0.0
cons[火电机组分段中标量约束_15_77_8],0.0
cons[火电机组分段中标量约束_15_77_9],0.0
cons[火电机组出力之和约束_15_77],0.0
cons[火电机组分段中标量约束_15_78_0],0.0
cons[火电机组分段中标量约束_15_78_1],0.0
cons[火电机组分段中标量约束_15_78_2],0.0
cons[火电机组分段中标量约束_15_78_3],0.0
cons[火电机组分段中标量约束_15_78_4],0.0
cons[火电机组分段中标量约束_15_78_5],0.0
cons[火电机组分段中标量约束_15_78_6],0.0
cons[火电机组分段中标量约束_15_78_7],0.0
cons[火电机组分段中标量约束_15_78_8],0.0
cons[火电机组分段中标量约束_15_78_9],0.0
cons[火电机组出力之和约束_15_78],0.0
cons[火电机组分段中标量约束_15_79_0],0.0
cons[火电机组分段中标量约束_15_79_1],0.0
cons[火电机组分段中标量约束_15_79_2],0.0
cons[火电机组分段中标量约束_15_79_3],0.0
cons[火电机组分段中标量约束_15_79_4],0.0
cons[火电机组分段中标量约束_15_79_5],0.0
cons[火电机组分段中标量约束_15_79_6],0.0
cons[火电机组分段中标量约束_15_79_7],0.0
cons[火电机组分段中标量约束_15_79_8],0.0
cons[火电机组分段中标量约束_15_79_9],0.0
cons[火电机组出力之和约束_15_79],0.0
cons[火电机组分段中标量约束_15_80_0],0.0
cons[火电机组分段中标量约束_15_80_1],0.0
cons[火电机组分段中标量约束_15_80_2],0.0
cons[火电机组分段中标量约束_15_80_3],0.0
cons[火电机组分段中标量约束_15_80_4],0.0
cons[火电机组分段中标量约束_15_80_5],0.0
cons[火电机组分段中标量约束_15_80_6],0.0
cons[火电机组分段中标量约束_15_80_7],0.0
cons[火电机组分段中标量约束_15_80_8],0.0
cons[火电机组分段中标量约束_15_80_9],0.0
cons[火电机组出力之和约束_15_80],0.0
cons[火电机组分段中标量约束_15_81_0],0.0
cons[火电机组分段中标量约束_15_81_1],0.0
cons[火电机组分段中标量约束_15_81_2],0.0
cons[火电机组分段中标量约束_15_81_3],0.0
cons[火电机组分段中标量约束_15_81_4],0.0
cons[火电机组分段中标量约束_15_81_5],0.0
cons[火电机组分段中标量约束_15_81_6],0.0
cons[火电机组分段中标量约束_15_81_7],0.0
cons[火电机组分段中标量约束_15_81_8],0.0
cons[火电机组分段中标量约束_15_81_9],0.0
cons[火电机组出力之和约束_15_81],0.0
cons[火电机组分段中标量约束_15_82_0],0.0
cons[火电机组分段中标量约束_15_82_1],0.0
cons[火电机组分段中标量约束_15_82_2],0.0
cons[火电机组分段中标量约束_15_82_3],0.0
cons[火电机组分段中标量约束_15_82_4],0.0
cons[火电机组分段中标量约束_15_82_5],0.0
cons[火电机组分段中标量约束_15_82_6],0.0
cons[火电机组分段中标量约束_15_82_7],0.0
cons[火电机组分段中标量约束_15_82_8],0.0
cons[火电机组分段中标量约束_15_82_9],0.0
cons[火电机组出力之和约束_15_82],0.0
cons[火电机组分段中标量约束_15_83_0],0.0
cons[火电机组分段中标量约束_15_83_1],0.0
cons[火电机组分段中标量约束_15_83_2],0.0
cons[火电机组分段中标量约束_15_83_3],0.0
cons[火电机组分段中标量约束_15_83_4],0.0
cons[火电机组分段中标量约束_15_83_5],0.0
cons[火电机组分段中标量约束_15_83_6],0.0
cons[火电机组分段中标量约束_15_83_7],0.0
cons[火电机组分段中标量约束_15_83_8],0.0
cons[火电机组分段中标量约束_15_83_9],0.0
cons[火电机组出力之和约束_15_83],0.0
cons[火电机组分段中标量约束_15_84_0],0.0
cons[火电机组分段中标量约束_15_84_1],0.0
cons[火电机组分段中标量约束_15_84_2],0.0
cons[火电机组分段中标量约束_15_84_3],0.0
cons[火电机组分段中标量约束_15_84_4],0.0
cons[火电机组分段中标量约束_15_84_5],0.0
cons[火电机组分段中标量约束_15_84_6],0.0
cons[火电机组分段中标量约束_15_84_7],0.0
cons[火电机组分段中标量约束_15_84_8],0.0
cons[火电机组分段中标量约束_15_84_9],0.0
cons[火电机组出力之和约束_15_84],0.0
cons[火电机组分段中标量约束_15_85_0],0.0
cons[火电机组分段中标量约束_15_85_1],0.0
cons[火电机组分段中标量约束_15_85_2],0.0
cons[火电机组分段中标量约束_15_85_3],0.0
cons[火电机组分段中标量约束_15_85_4],0.0
cons[火电机组分段中标量约束_15_85_5],0.0
cons[火电机组分段中标量约束_15_85_6],0.0
cons[火电机组分段中标量约束_15_85_7],0.0
cons[火电机组分段中标量约束_15_85_8],0.0
cons[火电机组分段中标量约束_15_85_9],0.0
cons[火电机组出力之和约束_15_85],0.0
cons[火电机组分段中标量约束_15_86_0],0.0
cons[火电机组分段中标量约束_15_86_1],0.0
cons[火电机组分段中标量约束_15_86_2],0.0
cons[火电机组分段中标量约束_15_86_3],0.0
cons[火电机组分段中标量约束_15_86_4],0.0
cons[火电机组分段中标量约束_15_86_5],0.0
cons[火电机组分段中标量约束_15_86_6],0.0
cons[火电机组分段中标量约束_15_86_7],0.0
cons[火电机组分段中标量约束_15_86_8],0.0
cons[火电机组分段中标量约束_15_86_9],0.0
cons[火电机组出力之和约束_15_86],0.0
cons[火电机组分段中标量约束_15_87_0],0.0
cons[火电机组分段中标量约束_15_87_1],0.0
cons[火电机组分段中标量约束_15_87_2],0.0
cons[火电机组分段中标量约束_15_87_3],0.0
cons[火电机组分段中标量约束_15_87_4],0.0
cons[火电机组分段中标量约束_15_87_5],0.0
cons[火电机组分段中标量约束_15_87_6],0.0
cons[火电机组分段中标量约束_15_87_7],0.0
cons[火电机组分段中标量约束_15_87_8],0.0
cons[火电机组分段中标量约束_15_87_9],0.0
cons[火电机组出力之和约束_15_87],0.0
cons[火电机组分段中标量约束_15_88_0],0.0
cons[火电机组分段中标量约束_15_88_1],0.0
cons[火电机组分段中标量约束_15_88_2],0.0
cons[火电机组分段中标量约束_15_88_3],0.0
cons[火电机组分段中标量约束_15_88_4],0.0
cons[火电机组分段中标量约束_15_88_5],0.0
cons[火电机组分段中标量约束_15_88_6],0.0
cons[火电机组分段中标量约束_15_88_7],0.0
cons[火电机组分段中标量约束_15_88_8],0.0
cons[火电机组分段中标量约束_15_88_9],0.0
cons[火电机组出力之和约束_15_88],0.0
cons[火电机组分段中标量约束_15_89_0],0.0
cons[火电机组分段中标量约束_15_89_1],0.0
cons[火电机组分段中标量约束_15_89_2],0.0
cons[火电机组分段中标量约束_15_89_3],0.0
cons[火电机组分段中标量约束_15_89_4],0.0
cons[火电机组分段中标量约束_15_89_5],0.0
cons[火电机组分段中标量约束_15_89_6],0.0
cons[火电机组分段中标量约束_15_89_7],0.0
cons[火电机组分段中标量约束_15_89_8],0.0
cons[火电机组分段中标量约束_15_89_9],0.0
cons[火电机组出力之和约束_15_89],0.0
cons[火电机组分段中标量约束_15_90_0],0.0
cons[火电机组分段中标量约束_15_90_1],0.0
cons[火电机组分段中标量约束_15_90_2],0.0
cons[火电机组分段中标量约束_15_90_3],0.0
cons[火电机组分段中标量约束_15_90_4],0.0
cons[火电机组分段中标量约束_15_90_5],0.0
cons[火电机组分段中标量约束_15_90_6],0.0
cons[火电机组分段中标量约束_15_90_7],0.0
cons[火电机组分段中标量约束_15_90_8],0.0
cons[火电机组分段中标量约束_15_90_9],0.0
cons[火电机组出力之和约束_15_90],0.0
cons[火电机组分段中标量约束_15_91_0],0.0
cons[火电机组分段中标量约束_15_91_1],0.0
cons[火电机组分段中标量约束_15_91_2],0.0
cons[火电机组分段中标量约束_15_91_3],0.0
cons[火电机组分段中标量约束_15_91_4],0.0
cons[火电机组分段中标量约束_15_91_5],0.0
cons[火电机组分段中标量约束_15_91_6],0.0
cons[火电机组分段中标量约束_15_91_7],0.0
cons[火电机组分段中标量约束_15_91_8],0.0
cons[火电机组分段中标量约束_15_91_9],0.0
cons[火电机组出力之和约束_15_91],0.0
cons[火电机组分段中标量约束_15_92_0],0.0
cons[火电机组分段中标量约束_15_92_1],0.0
cons[火电机组分段中标量约束_15_92_2],0.0
cons[火电机组分段中标量约束_15_92_3],0.0
cons[火电机组分段中标量约束_15_92_4],0.0
cons[火电机组分段中标量约束_15_92_5],0.0
cons[火电机组分段中标量约束_15_92_6],0.0
cons[火电机组分段中标量约束_15_92_7],0.0
cons[火电机组分段中标量约束_15_92_8],0.0
cons[火电机组分段中标量约束_15_92_9],0.0
cons[火电机组出力之和约束_15_92],0.0
cons[火电机组分段中标量约束_15_93_0],0.0
cons[火电机组分段中标量约束_15_93_1],0.0
cons[火电机组分段中标量约束_15_93_2],0.0
cons[火电机组分段中标量约束_15_93_3],0.0
cons[火电机组分段中标量约束_15_93_4],0.0
cons[火电机组分段中标量约束_15_93_5],0.0
cons[火电机组分段中标量约束_15_93_6],0.0
cons[火电机组分段中标量约束_15_93_7],0.0
cons[火电机组分段中标量约束_15_93_8],0.0
cons[火电机组分段中标量约束_15_93_9],0.0
cons[火电机组出力之和约束_15_93],0.0
cons[火电机组分段中标量约束_15_94_0],0.0
cons[火电机组分段中标量约束_15_94_1],0.0
cons[火电机组分段中标量约束_15_94_2],0.0
cons[火电机组分段中标量约束_15_94_3],0.0
cons[火电机组分段中标量约束_15_94_4],0.0
cons[火电机组分段中标量约束_15_94_5],0.0
cons[火电机组分段中标量约束_15_94_6],0.0
cons[火电机组分段中标量约束_15_94_7],0.0
cons[火电机组分段中标量约束_15_94_8],0.0
cons[火电机组分段中标量约束_15_94_9],0.0
cons[火电机组出力之和约束_15_94],0.0
cons[火电机组分段中标量约束_15_95_0],0.0
cons[火电机组分段中标量约束_15_95_1],0.0
cons[火电机组分段中标量约束_15_95_2],0.0
cons[火电机组分段中标量约束_15_95_3],0.0
cons[火电机组分段中标量约束_15_95_4],0.0
cons[火电机组分段中标量约束_15_95_5],0.0
cons[火电机组分段中标量约束_15_95_6],0.0
cons[火电机组分段中标量约束_15_95_7],0.0
cons[火电机组分段中标量约束_15_95_8],0.0
cons[火电机组分段中标量约束_15_95_9],0.0
cons[火电机组出力之和约束_15_95],0.0
cons[火电机组分段中标量约束_16_0_0],0.0
cons[火电机组分段中标量约束_16_0_1],0.0
cons[火电机组分段中标量约束_16_0_2],0.0
cons[火电机组分段中标量约束_16_0_3],0.0
cons[火电机组分段中标量约束_16_0_4],0.0
cons[火电机组分段中标量约束_16_0_5],0.0
cons[火电机组分段中标量约束_16_0_6],0.0
cons[火电机组分段中标量约束_16_0_7],0.0
cons[火电机组分段中标量约束_16_0_8],0.0
cons[火电机组分段中标量约束_16_0_9],0.0
cons[火电机组出力之和约束_16_0],0.0
cons[火电机组分段中标量约束_16_1_0],0.0
cons[火电机组分段中标量约束_16_1_1],0.0
cons[火电机组分段中标量约束_16_1_2],0.0
cons[火电机组分段中标量约束_16_1_3],0.0
cons[火电机组分段中标量约束_16_1_4],0.0
cons[火电机组分段中标量约束_16_1_5],0.0
cons[火电机组分段中标量约束_16_1_6],0.0
cons[火电机组分段中标量约束_16_1_7],0.0
cons[火电机组分段中标量约束_16_1_8],0.0
cons[火电机组分段中标量约束_16_1_9],0.0
cons[火电机组出力之和约束_16_1],0.0
cons[火电机组分段中标量约束_16_2_0],0.0
cons[火电机组分段中标量约束_16_2_1],0.0
cons[火电机组分段中标量约束_16_2_2],0.0
cons[火电机组分段中标量约束_16_2_3],0.0
cons[火电机组分段中标量约束_16_2_4],0.0
cons[火电机组分段中标量约束_16_2_5],0.0
cons[火电机组分段中标量约束_16_2_6],0.0
cons[火电机组分段中标量约束_16_2_7],0.0
cons[火电机组分段中标量约束_16_2_8],0.0
cons[火电机组分段中标量约束_16_2_9],0.0
cons[火电机组出力之和约束_16_2],0.0
cons[火电机组分段中标量约束_16_3_0],0.0
cons[火电机组分段中标量约束_16_3_1],0.0
cons[火电机组分段中标量约束_16_3_2],0.0
cons[火电机组分段中标量约束_16_3_3],0.0
cons[火电机组分段中标量约束_16_3_4],0.0
cons[火电机组分段中标量约束_16_3_5],0.0
cons[火电机组分段中标量约束_16_3_6],0.0
cons[火电机组分段中标量约束_16_3_7],0.0
cons[火电机组分段中标量约束_16_3_8],0.0
cons[火电机组分段中标量约束_16_3_9],0.0
cons[火电机组出力之和约束_16_3],0.0
cons[火电机组分段中标量约束_16_4_0],0.0
cons[火电机组分段中标量约束_16_4_1],0.0
cons[火电机组分段中标量约束_16_4_2],0.0
cons[火电机组分段中标量约束_16_4_3],0.0
cons[火电机组分段中标量约束_16_4_4],0.0
cons[火电机组分段中标量约束_16_4_5],0.0
cons[火电机组分段中标量约束_16_4_6],0.0
cons[火电机组分段中标量约束_16_4_7],0.0
cons[火电机组分段中标量约束_16_4_8],0.0
cons[火电机组分段中标量约束_16_4_9],0.0
cons[火电机组出力之和约束_16_4],0.0
cons[火电机组分段中标量约束_16_5_0],0.0
cons[火电机组分段中标量约束_16_5_1],0.0
cons[火电机组分段中标量约束_16_5_2],0.0
cons[火电机组分段中标量约束_16_5_3],0.0
cons[火电机组分段中标量约束_16_5_4],0.0
cons[火电机组分段中标量约束_16_5_5],0.0
cons[火电机组分段中标量约束_16_5_6],0.0
cons[火电机组分段中标量约束_16_5_7],0.0
cons[火电机组分段中标量约束_16_5_8],0.0
cons[火电机组分段中标量约束_16_5_9],0.0
cons[火电机组出力之和约束_16_5],0.0
cons[火电机组分段中标量约束_16_6_0],0.0
cons[火电机组分段中标量约束_16_6_1],0.0
cons[火电机组分段中标量约束_16_6_2],0.0
cons[火电机组分段中标量约束_16_6_3],0.0
cons[火电机组分段中标量约束_16_6_4],0.0
cons[火电机组分段中标量约束_16_6_5],0.0
cons[火电机组分段中标量约束_16_6_6],0.0
cons[火电机组分段中标量约束_16_6_7],0.0
cons[火电机组分段中标量约束_16_6_8],0.0
cons[火电机组分段中标量约束_16_6_9],0.0
cons[火电机组出力之和约束_16_6],0.0
cons[火电机组分段中标量约束_16_7_0],0.0
cons[火电机组分段中标量约束_16_7_1],0.0
cons[火电机组分段中标量约束_16_7_2],0.0
cons[火电机组分段中标量约束_16_7_3],0.0
cons[火电机组分段中标量约束_16_7_4],0.0
cons[火电机组分段中标量约束_16_7_5],0.0
cons[火电机组分段中标量约束_16_7_6],0.0
cons[火电机组分段中标量约束_16_7_7],0.0
cons[火电机组分段中标量约束_16_7_8],0.0
cons[火电机组分段中标量约束_16_7_9],0.0
cons[火电机组出力之和约束_16_7],0.0
cons[火电机组分段中标量约束_16_8_0],0.0
cons[火电机组分段中标量约束_16_8_1],0.0
cons[火电机组分段中标量约束_16_8_2],0.0
cons[火电机组分段中标量约束_16_8_3],0.0
cons[火电机组分段中标量约束_16_8_4],0.0
cons[火电机组分段中标量约束_16_8_5],0.0
cons[火电机组分段中标量约束_16_8_6],0.0
cons[火电机组分段中标量约束_16_8_7],0.0
cons[火电机组分段中标量约束_16_8_8],0.0
cons[火电机组分段中标量约束_16_8_9],0.0
cons[火电机组出力之和约束_16_8],0.0
cons[火电机组分段中标量约束_16_9_0],0.0
cons[火电机组分段中标量约束_16_9_1],0.0
cons[火电机组分段中标量约束_16_9_2],0.0
cons[火电机组分段中标量约束_16_9_3],0.0
cons[火电机组分段中标量约束_16_9_4],0.0
cons[火电机组分段中标量约束_16_9_5],0.0
cons[火电机组分段中标量约束_16_9_6],0.0
cons[火电机组分段中标量约束_16_9_7],0.0
cons[火电机组分段中标量约束_16_9_8],0.0
cons[火电机组分段中标量约束_16_9_9],0.0
cons[火电机组出力之和约束_16_9],0.0
cons[火电机组分段中标量约束_16_10_0],0.0
cons[火电机组分段中标量约束_16_10_1],0.0
cons[火电机组分段中标量约束_16_10_2],0.0
cons[火电机组分段中标量约束_16_10_3],0.0
cons[火电机组分段中标量约束_16_10_4],0.0
cons[火电机组分段中标量约束_16_10_5],0.0
cons[火电机组分段中标量约束_16_10_6],0.0
cons[火电机组分段中标量约束_16_10_7],0.0
cons[火电机组分段中标量约束_16_10_8],0.0
cons[火电机组分段中标量约束_16_10_9],0.0
cons[火电机组出力之和约束_16_10],0.0
cons[火电机组分段中标量约束_16_11_0],0.0
cons[火电机组分段中标量约束_16_11_1],0.0
cons[火电机组分段中标量约束_16_11_2],0.0
cons[火电机组分段中标量约束_16_11_3],0.0
cons[火电机组分段中标量约束_16_11_4],0.0
cons[火电机组分段中标量约束_16_11_5],0.0
cons[火电机组分段中标量约束_16_11_6],0.0
cons[火电机组分段中标量约束_16_11_7],0.0
cons[火电机组分段中标量约束_16_11_8],0.0
cons[火电机组分段中标量约束_16_11_9],0.0
cons[火电机组出力之和约束_16_11],0.0
cons[火电机组分段中标量约束_16_12_0],0.0
cons[火电机组分段中标量约束_16_12_1],0.0
cons[火电机组分段中标量约束_16_12_2],0.0
cons[火电机组分段中标量约束_16_12_3],0.0
cons[火电机组分段中标量约束_16_12_4],0.0
cons[火电机组分段中标量约束_16_12_5],0.0
cons[火电机组分段中标量约束_16_12_6],0.0
cons[火电机组分段中标量约束_16_12_7],0.0
cons[火电机组分段中标量约束_16_12_8],0.0
cons[火电机组分段中标量约束_16_12_9],0.0
cons[火电机组出力之和约束_16_12],0.0
cons[火电机组分段中标量约束_16_13_0],0.0
cons[火电机组分段中标量约束_16_13_1],0.0
cons[火电机组分段中标量约束_16_13_2],0.0
cons[火电机组分段中标量约束_16_13_3],0.0
cons[火电机组分段中标量约束_16_13_4],0.0
cons[火电机组分段中标量约束_16_13_5],0.0
cons[火电机组分段中标量约束_16_13_6],0.0
cons[火电机组分段中标量约束_16_13_7],0.0
cons[火电机组分段中标量约束_16_13_8],0.0
cons[火电机组分段中标量约束_16_13_9],0.0
cons[火电机组出力之和约束_16_13],0.0
cons[火电机组分段中标量约束_16_14_0],0.0
cons[火电机组分段中标量约束_16_14_1],0.0
cons[火电机组分段中标量约束_16_14_2],0.0
cons[火电机组分段中标量约束_16_14_3],0.0
cons[火电机组分段中标量约束_16_14_4],0.0
cons[火电机组分段中标量约束_16_14_5],0.0
cons[火电机组分段中标量约束_16_14_6],0.0
cons[火电机组分段中标量约束_16_14_7],0.0
cons[火电机组分段中标量约束_16_14_8],0.0
cons[火电机组分段中标量约束_16_14_9],0.0
cons[火电机组出力之和约束_16_14],0.0
cons[火电机组分段中标量约束_16_15_0],0.0
cons[火电机组分段中标量约束_16_15_1],0.0
cons[火电机组分段中标量约束_16_15_2],0.0
cons[火电机组分段中标量约束_16_15_3],0.0
cons[火电机组分段中标量约束_16_15_4],0.0
cons[火电机组分段中标量约束_16_15_5],0.0
cons[火电机组分段中标量约束_16_15_6],0.0
cons[火电机组分段中标量约束_16_15_7],0.0
cons[火电机组分段中标量约束_16_15_8],0.0
cons[火电机组分段中标量约束_16_15_9],0.0
cons[火电机组出力之和约束_16_15],0.0
cons[火电机组分段中标量约束_16_16_0],0.0
cons[火电机组分段中标量约束_16_16_1],0.0
cons[火电机组分段中标量约束_16_16_2],0.0
cons[火电机组分段中标量约束_16_16_3],0.0
cons[火电机组分段中标量约束_16_16_4],0.0
cons[火电机组分段中标量约束_16_16_5],0.0
cons[火电机组分段中标量约束_16_16_6],0.0
cons[火电机组分段中标量约束_16_16_7],0.0
cons[火电机组分段中标量约束_16_16_8],0.0
cons[火电机组分段中标量约束_16_16_9],0.0
cons[火电机组出力之和约束_16_16],0.0
cons[火电机组分段中标量约束_16_17_0],0.0
cons[火电机组分段中标量约束_16_17_1],0.0
cons[火电机组分段中标量约束_16_17_2],0.0
cons[火电机组分段中标量约束_16_17_3],0.0
cons[火电机组分段中标量约束_16_17_4],0.0
cons[火电机组分段中标量约束_16_17_5],0.0
cons[火电机组分段中标量约束_16_17_6],0.0
cons[火电机组分段中标量约束_16_17_7],0.0
cons[火电机组分段中标量约束_16_17_8],0.0
cons[火电机组分段中标量约束_16_17_9],0.0
cons[火电机组出力之和约束_16_17],0.0
cons[火电机组分段中标量约束_16_18_0],0.0
cons[火电机组分段中标量约束_16_18_1],0.0
cons[火电机组分段中标量约束_16_18_2],0.0
cons[火电机组分段中标量约束_16_18_3],0.0
cons[火电机组分段中标量约束_16_18_4],0.0
cons[火电机组分段中标量约束_16_18_5],0.0
cons[火电机组分段中标量约束_16_18_6],0.0
cons[火电机组分段中标量约束_16_18_7],0.0
cons[火电机组分段中标量约束_16_18_8],0.0
cons[火电机组分段中标量约束_16_18_9],0.0
cons[火电机组出力之和约束_16_18],0.0
cons[火电机组分段中标量约束_16_19_0],0.0
cons[火电机组分段中标量约束_16_19_1],0.0
cons[火电机组分段中标量约束_16_19_2],0.0
cons[火电机组分段中标量约束_16_19_3],0.0
cons[火电机组分段中标量约束_16_19_4],0.0
cons[火电机组分段中标量约束_16_19_5],0.0
cons[火电机组分段中标量约束_16_19_6],0.0
cons[火电机组分段中标量约束_16_19_7],0.0
cons[火电机组分段中标量约束_16_19_8],0.0
cons[火电机组分段中标量约束_16_19_9],0.0
cons[火电机组出力之和约束_16_19],0.0
cons[火电机组分段中标量约束_16_20_0],0.0
cons[火电机组分段中标量约束_16_20_1],0.0
cons[火电机组分段中标量约束_16_20_2],0.0
cons[火电机组分段中标量约束_16_20_3],0.0
cons[火电机组分段中标量约束_16_20_4],0.0
cons[火电机组分段中标量约束_16_20_5],0.0
cons[火电机组分段中标量约束_16_20_6],0.0
cons[火电机组分段中标量约束_16_20_7],0.0
cons[火电机组分段中标量约束_16_20_8],0.0
cons[火电机组分段中标量约束_16_20_9],0.0
cons[火电机组出力之和约束_16_20],0.0
cons[火电机组分段中标量约束_16_21_0],0.0
cons[火电机组分段中标量约束_16_21_1],0.0
cons[火电机组分段中标量约束_16_21_2],0.0
cons[火电机组分段中标量约束_16_21_3],0.0
cons[火电机组分段中标量约束_16_21_4],0.0
cons[火电机组分段中标量约束_16_21_5],0.0
cons[火电机组分段中标量约束_16_21_6],0.0
cons[火电机组分段中标量约束_16_21_7],0.0
cons[火电机组分段中标量约束_16_21_8],0.0
cons[火电机组分段中标量约束_16_21_9],0.0
cons[火电机组出力之和约束_16_21],0.0
cons[火电机组分段中标量约束_16_22_0],0.0
cons[火电机组分段中标量约束_16_22_1],0.0
cons[火电机组分段中标量约束_16_22_2],0.0
cons[火电机组分段中标量约束_16_22_3],0.0
cons[火电机组分段中标量约束_16_22_4],0.0
cons[火电机组分段中标量约束_16_22_5],0.0
cons[火电机组分段中标量约束_16_22_6],0.0
cons[火电机组分段中标量约束_16_22_7],0.0
cons[火电机组分段中标量约束_16_22_8],0.0
cons[火电机组分段中标量约束_16_22_9],0.0
cons[火电机组出力之和约束_16_22],0.0
cons[火电机组分段中标量约束_16_23_0],0.0
cons[火电机组分段中标量约束_16_23_1],0.0
cons[火电机组分段中标量约束_16_23_2],0.0
cons[火电机组分段中标量约束_16_23_3],0.0
cons[火电机组分段中标量约束_16_23_4],0.0
cons[火电机组分段中标量约束_16_23_5],0.0
cons[火电机组分段中标量约束_16_23_6],0.0
cons[火电机组分段中标量约束_16_23_7],0.0
cons[火电机组分段中标量约束_16_23_8],0.0
cons[火电机组分段中标量约束_16_23_9],0.0
cons[火电机组出力之和约束_16_23],0.0
cons[火电机组分段中标量约束_16_24_0],0.0
cons[火电机组分段中标量约束_16_24_1],0.0
cons[火电机组分段中标量约束_16_24_2],0.0
cons[火电机组分段中标量约束_16_24_3],0.0
cons[火电机组分段中标量约束_16_24_4],0.0
cons[火电机组分段中标量约束_16_24_5],0.0
cons[火电机组分段中标量约束_16_24_6],0.0
cons[火电机组分段中标量约束_16_24_7],0.0
cons[火电机组分段中标量约束_16_24_8],0.0
cons[火电机组分段中标量约束_16_24_9],0.0
cons[火电机组出力之和约束_16_24],0.0
cons[火电机组分段中标量约束_16_25_0],0.0
cons[火电机组分段中标量约束_16_25_1],0.0
cons[火电机组分段中标量约束_16_25_2],0.0
cons[火电机组分段中标量约束_16_25_3],0.0
cons[火电机组分段中标量约束_16_25_4],0.0
cons[火电机组分段中标量约束_16_25_5],0.0
cons[火电机组分段中标量约束_16_25_6],0.0
cons[火电机组分段中标量约束_16_25_7],0.0
cons[火电机组分段中标量约束_16_25_8],0.0
cons[火电机组分段中标量约束_16_25_9],0.0
cons[火电机组出力之和约束_16_25],0.0
cons[火电机组分段中标量约束_16_26_0],0.0
cons[火电机组分段中标量约束_16_26_1],0.0
cons[火电机组分段中标量约束_16_26_2],0.0
cons[火电机组分段中标量约束_16_26_3],0.0
cons[火电机组分段中标量约束_16_26_4],0.0
cons[火电机组分段中标量约束_16_26_5],0.0
cons[火电机组分段中标量约束_16_26_6],0.0
cons[火电机组分段中标量约束_16_26_7],0.0
cons[火电机组分段中标量约束_16_26_8],0.0
cons[火电机组分段中标量约束_16_26_9],0.0
cons[火电机组出力之和约束_16_26],0.0
cons[火电机组分段中标量约束_16_27_0],0.0
cons[火电机组分段中标量约束_16_27_1],0.0
cons[火电机组分段中标量约束_16_27_2],0.0
cons[火电机组分段中标量约束_16_27_3],0.0
cons[火电机组分段中标量约束_16_27_4],0.0
cons[火电机组分段中标量约束_16_27_5],0.0
cons[火电机组分段中标量约束_16_27_6],0.0
cons[火电机组分段中标量约束_16_27_7],0.0
cons[火电机组分段中标量约束_16_27_8],0.0
cons[火电机组分段中标量约束_16_27_9],0.0
cons[火电机组出力之和约束_16_27],0.0
cons[火电机组分段中标量约束_16_28_0],0.0
cons[火电机组分段中标量约束_16_28_1],0.0
cons[火电机组分段中标量约束_16_28_2],0.0
cons[火电机组分段中标量约束_16_28_3],0.0
cons[火电机组分段中标量约束_16_28_4],0.0
cons[火电机组分段中标量约束_16_28_5],0.0
cons[火电机组分段中标量约束_16_28_6],0.0
cons[火电机组分段中标量约束_16_28_7],0.0
cons[火电机组分段中标量约束_16_28_8],0.0
cons[火电机组分段中标量约束_16_28_9],0.0
cons[火电机组出力之和约束_16_28],0.0
cons[火电机组分段中标量约束_16_29_0],0.0
cons[火电机组分段中标量约束_16_29_1],0.0
cons[火电机组分段中标量约束_16_29_2],0.0
cons[火电机组分段中标量约束_16_29_3],0.0
cons[火电机组分段中标量约束_16_29_4],0.0
cons[火电机组分段中标量约束_16_29_5],0.0
cons[火电机组分段中标量约束_16_29_6],0.0
cons[火电机组分段中标量约束_16_29_7],0.0
cons[火电机组分段中标量约束_16_29_8],0.0
cons[火电机组分段中标量约束_16_29_9],0.0
cons[火电机组出力之和约束_16_29],0.0
cons[火电机组分段中标量约束_16_30_0],0.0
cons[火电机组分段中标量约束_16_30_1],0.0
cons[火电机组分段中标量约束_16_30_2],0.0
cons[火电机组分段中标量约束_16_30_3],0.0
cons[火电机组分段中标量约束_16_30_4],0.0
cons[火电机组分段中标量约束_16_30_5],0.0
cons[火电机组分段中标量约束_16_30_6],0.0
cons[火电机组分段中标量约束_16_30_7],0.0
cons[火电机组分段中标量约束_16_30_8],0.0
cons[火电机组分段中标量约束_16_30_9],0.0
cons[火电机组出力之和约束_16_30],0.0
cons[火电机组分段中标量约束_16_31_0],0.0
cons[火电机组分段中标量约束_16_31_1],0.0
cons[火电机组分段中标量约束_16_31_2],0.0
cons[火电机组分段中标量约束_16_31_3],0.0
cons[火电机组分段中标量约束_16_31_4],0.0
cons[火电机组分段中标量约束_16_31_5],0.0
cons[火电机组分段中标量约束_16_31_6],0.0
cons[火电机组分段中标量约束_16_31_7],0.0
cons[火电机组分段中标量约束_16_31_8],0.0
cons[火电机组分段中标量约束_16_31_9],0.0
cons[火电机组出力之和约束_16_31],0.0
cons[火电机组分段中标量约束_16_32_0],0.0
cons[火电机组分段中标量约束_16_32_1],0.0
cons[火电机组分段中标量约束_16_32_2],0.0
cons[火电机组分段中标量约束_16_32_3],0.0
cons[火电机组分段中标量约束_16_32_4],0.0
cons[火电机组分段中标量约束_16_32_5],0.0
cons[火电机组分段中标量约束_16_32_6],0.0
cons[火电机组分段中标量约束_16_32_7],0.0
cons[火电机组分段中标量约束_16_32_8],0.0
cons[火电机组分段中标量约束_16_32_9],0.0
cons[火电机组出力之和约束_16_32],0.0
cons[火电机组分段中标量约束_16_33_0],0.0
cons[火电机组分段中标量约束_16_33_1],0.0
cons[火电机组分段中标量约束_16_33_2],0.0
cons[火电机组分段中标量约束_16_33_3],0.0
cons[火电机组分段中标量约束_16_33_4],0.0
cons[火电机组分段中标量约束_16_33_5],0.0
cons[火电机组分段中标量约束_16_33_6],0.0
cons[火电机组分段中标量约束_16_33_7],0.0
cons[火电机组分段中标量约束_16_33_8],0.0
cons[火电机组分段中标量约束_16_33_9],0.0
cons[火电机组出力之和约束_16_33],0.0
cons[火电机组分段中标量约束_16_34_0],0.0
cons[火电机组分段中标量约束_16_34_1],0.0
cons[火电机组分段中标量约束_16_34_2],0.0
cons[火电机组分段中标量约束_16_34_3],0.0
cons[火电机组分段中标量约束_16_34_4],0.0
cons[火电机组分段中标量约束_16_34_5],0.0
cons[火电机组分段中标量约束_16_34_6],0.0
cons[火电机组分段中标量约束_16_34_7],0.0
cons[火电机组分段中标量约束_16_34_8],0.0
cons[火电机组分段中标量约束_16_34_9],0.0
cons[火电机组出力之和约束_16_34],0.0
cons[火电机组分段中标量约束_16_35_0],0.0
cons[火电机组分段中标量约束_16_35_1],0.0
cons[火电机组分段中标量约束_16_35_2],0.0
cons[火电机组分段中标量约束_16_35_3],0.0
cons[火电机组分段中标量约束_16_35_4],0.0
cons[火电机组分段中标量约束_16_35_5],0.0
cons[火电机组分段中标量约束_16_35_6],0.0
cons[火电机组分段中标量约束_16_35_7],0.0
cons[火电机组分段中标量约束_16_35_8],0.0
cons[火电机组分段中标量约束_16_35_9],0.0
cons[火电机组出力之和约束_16_35],0.0
cons[火电机组分段中标量约束_16_36_0],0.0
cons[火电机组分段中标量约束_16_36_1],0.0
cons[火电机组分段中标量约束_16_36_2],0.0
cons[火电机组分段中标量约束_16_36_3],0.0
cons[火电机组分段中标量约束_16_36_4],0.0
cons[火电机组分段中标量约束_16_36_5],0.0
cons[火电机组分段中标量约束_16_36_6],0.0
cons[火电机组分段中标量约束_16_36_7],0.0
cons[火电机组分段中标量约束_16_36_8],0.0
cons[火电机组分段中标量约束_16_36_9],0.0
cons[火电机组出力之和约束_16_36],0.0
cons[火电机组分段中标量约束_16_37_0],0.0
cons[火电机组分段中标量约束_16_37_1],0.0
cons[火电机组分段中标量约束_16_37_2],0.0
cons[火电机组分段中标量约束_16_37_3],0.0
cons[火电机组分段中标量约束_16_37_4],0.0
cons[火电机组分段中标量约束_16_37_5],0.0
cons[火电机组分段中标量约束_16_37_6],0.0
cons[火电机组分段中标量约束_16_37_7],0.0
cons[火电机组分段中标量约束_16_37_8],0.0
cons[火电机组分段中标量约束_16_37_9],0.0
cons[火电机组出力之和约束_16_37],0.0
cons[火电机组分段中标量约束_16_38_0],0.0
cons[火电机组分段中标量约束_16_38_1],0.0
cons[火电机组分段中标量约束_16_38_2],0.0
cons[火电机组分段中标量约束_16_38_3],0.0
cons[火电机组分段中标量约束_16_38_4],0.0
cons[火电机组分段中标量约束_16_38_5],0.0
cons[火电机组分段中标量约束_16_38_6],0.0
cons[火电机组分段中标量约束_16_38_7],0.0
cons[火电机组分段中标量约束_16_38_8],0.0
cons[火电机组分段中标量约束_16_38_9],0.0
cons[火电机组出力之和约束_16_38],0.0
cons[火电机组分段中标量约束_16_39_0],0.0
cons[火电机组分段中标量约束_16_39_1],0.0
cons[火电机组分段中标量约束_16_39_2],0.0
cons[火电机组分段中标量约束_16_39_3],0.0
cons[火电机组分段中标量约束_16_39_4],0.0
cons[火电机组分段中标量约束_16_39_5],0.0
cons[火电机组分段中标量约束_16_39_6],0.0
cons[火电机组分段中标量约束_16_39_7],0.0
cons[火电机组分段中标量约束_16_39_8],0.0
cons[火电机组分段中标量约束_16_39_9],0.0
cons[火电机组出力之和约束_16_39],0.0
cons[火电机组分段中标量约束_16_40_0],0.0
cons[火电机组分段中标量约束_16_40_1],0.0
cons[火电机组分段中标量约束_16_40_2],0.0
cons[火电机组分段中标量约束_16_40_3],0.0
cons[火电机组分段中标量约束_16_40_4],0.0
cons[火电机组分段中标量约束_16_40_5],0.0
cons[火电机组分段中标量约束_16_40_6],0.0
cons[火电机组分段中标量约束_16_40_7],0.0
cons[火电机组分段中标量约束_16_40_8],0.0
cons[火电机组分段中标量约束_16_40_9],0.0
cons[火电机组出力之和约束_16_40],0.0
cons[火电机组分段中标量约束_16_41_0],0.0
cons[火电机组分段中标量约束_16_41_1],0.0
cons[火电机组分段中标量约束_16_41_2],0.0
cons[火电机组分段中标量约束_16_41_3],0.0
cons[火电机组分段中标量约束_16_41_4],0.0
cons[火电机组分段中标量约束_16_41_5],0.0
cons[火电机组分段中标量约束_16_41_6],0.0
cons[火电机组分段中标量约束_16_41_7],0.0
cons[火电机组分段中标量约束_16_41_8],0.0
cons[火电机组分段中标量约束_16_41_9],0.0
cons[火电机组出力之和约束_16_41],0.0
cons[火电机组分段中标量约束_16_42_0],0.0
cons[火电机组分段中标量约束_16_42_1],0.0
cons[火电机组分段中标量约束_16_42_2],0.0
cons[火电机组分段中标量约束_16_42_3],0.0
cons[火电机组分段中标量约束_16_42_4],0.0
cons[火电机组分段中标量约束_16_42_5],0.0
cons[火电机组分段中标量约束_16_42_6],0.0
cons[火电机组分段中标量约束_16_42_7],0.0
cons[火电机组分段中标量约束_16_42_8],0.0
cons[火电机组分段中标量约束_16_42_9],0.0
cons[火电机组出力之和约束_16_42],0.0
cons[火电机组分段中标量约束_16_43_0],0.0
cons[火电机组分段中标量约束_16_43_1],0.0
cons[火电机组分段中标量约束_16_43_2],0.0
cons[火电机组分段中标量约束_16_43_3],0.0
cons[火电机组分段中标量约束_16_43_4],0.0
cons[火电机组分段中标量约束_16_43_5],0.0
cons[火电机组分段中标量约束_16_43_6],0.0
cons[火电机组分段中标量约束_16_43_7],0.0
cons[火电机组分段中标量约束_16_43_8],0.0
cons[火电机组分段中标量约束_16_43_9],0.0
cons[火电机组出力之和约束_16_43],0.0
cons[火电机组分段中标量约束_16_44_0],0.0
cons[火电机组分段中标量约束_16_44_1],0.0
cons[火电机组分段中标量约束_16_44_2],0.0
cons[火电机组分段中标量约束_16_44_3],0.0
cons[火电机组分段中标量约束_16_44_4],0.0
cons[火电机组分段中标量约束_16_44_5],0.0
cons[火电机组分段中标量约束_16_44_6],0.0
cons[火电机组分段中标量约束_16_44_7],0.0
cons[火电机组分段中标量约束_16_44_8],0.0
cons[火电机组分段中标量约束_16_44_9],0.0
cons[火电机组出力之和约束_16_44],0.0
cons[火电机组分段中标量约束_16_45_0],0.0
cons[火电机组分段中标量约束_16_45_1],0.0
cons[火电机组分段中标量约束_16_45_2],0.0
cons[火电机组分段中标量约束_16_45_3],0.0
cons[火电机组分段中标量约束_16_45_4],0.0
cons[火电机组分段中标量约束_16_45_5],0.0
cons[火电机组分段中标量约束_16_45_6],0.0
cons[火电机组分段中标量约束_16_45_7],0.0
cons[火电机组分段中标量约束_16_45_8],0.0
cons[火电机组分段中标量约束_16_45_9],0.0
cons[火电机组出力之和约束_16_45],0.0
cons[火电机组分段中标量约束_16_46_0],0.0
cons[火电机组分段中标量约束_16_46_1],0.0
cons[火电机组分段中标量约束_16_46_2],0.0
cons[火电机组分段中标量约束_16_46_3],0.0
cons[火电机组分段中标量约束_16_46_4],0.0
cons[火电机组分段中标量约束_16_46_5],0.0
cons[火电机组分段中标量约束_16_46_6],0.0
cons[火电机组分段中标量约束_16_46_7],0.0
cons[火电机组分段中标量约束_16_46_8],0.0
cons[火电机组分段中标量约束_16_46_9],0.0
cons[火电机组出力之和约束_16_46],0.0
cons[火电机组分段中标量约束_16_47_0],0.0
cons[火电机组分段中标量约束_16_47_1],0.0
cons[火电机组分段中标量约束_16_47_2],0.0
cons[火电机组分段中标量约束_16_47_3],0.0
cons[火电机组分段中标量约束_16_47_4],0.0
cons[火电机组分段中标量约束_16_47_5],0.0
cons[火电机组分段中标量约束_16_47_6],0.0
cons[火电机组分段中标量约束_16_47_7],0.0
cons[火电机组分段中标量约束_16_47_8],0.0
cons[火电机组分段中标量约束_16_47_9],0.0
cons[火电机组出力之和约束_16_47],0.0
cons[火电机组分段中标量约束_16_48_0],0.0
cons[火电机组分段中标量约束_16_48_1],0.0
cons[火电机组分段中标量约束_16_48_2],0.0
cons[火电机组分段中标量约束_16_48_3],0.0
cons[火电机组分段中标量约束_16_48_4],0.0
cons[火电机组分段中标量约束_16_48_5],0.0
cons[火电机组分段中标量约束_16_48_6],0.0
cons[火电机组分段中标量约束_16_48_7],0.0
cons[火电机组分段中标量约束_16_48_8],0.0
cons[火电机组分段中标量约束_16_48_9],0.0
cons[火电机组出力之和约束_16_48],0.0
cons[火电机组分段中标量约束_16_49_0],0.0
cons[火电机组分段中标量约束_16_49_1],0.0
cons[火电机组分段中标量约束_16_49_2],0.0
cons[火电机组分段中标量约束_16_49_3],0.0
cons[火电机组分段中标量约束_16_49_4],0.0
cons[火电机组分段中标量约束_16_49_5],0.0
cons[火电机组分段中标量约束_16_49_6],0.0
cons[火电机组分段中标量约束_16_49_7],0.0
cons[火电机组分段中标量约束_16_49_8],0.0
cons[火电机组分段中标量约束_16_49_9],0.0
cons[火电机组出力之和约束_16_49],0.0
cons[火电机组分段中标量约束_16_50_0],0.0
cons[火电机组分段中标量约束_16_50_1],0.0
cons[火电机组分段中标量约束_16_50_2],0.0
cons[火电机组分段中标量约束_16_50_3],0.0
cons[火电机组分段中标量约束_16_50_4],0.0
cons[火电机组分段中标量约束_16_50_5],0.0
cons[火电机组分段中标量约束_16_50_6],0.0
cons[火电机组分段中标量约束_16_50_7],0.0
cons[火电机组分段中标量约束_16_50_8],0.0
cons[火电机组分段中标量约束_16_50_9],0.0
cons[火电机组出力之和约束_16_50],0.0
cons[火电机组分段中标量约束_16_51_0],0.0
cons[火电机组分段中标量约束_16_51_1],0.0
cons[火电机组分段中标量约束_16_51_2],0.0
cons[火电机组分段中标量约束_16_51_3],0.0
cons[火电机组分段中标量约束_16_51_4],0.0
cons[火电机组分段中标量约束_16_51_5],0.0
cons[火电机组分段中标量约束_16_51_6],0.0
cons[火电机组分段中标量约束_16_51_7],0.0
cons[火电机组分段中标量约束_16_51_8],0.0
cons[火电机组分段中标量约束_16_51_9],0.0
cons[火电机组出力之和约束_16_51],0.0
cons[火电机组分段中标量约束_16_52_0],0.0
cons[火电机组分段中标量约束_16_52_1],0.0
cons[火电机组分段中标量约束_16_52_2],0.0
cons[火电机组分段中标量约束_16_52_3],0.0
cons[火电机组分段中标量约束_16_52_4],0.0
cons[火电机组分段中标量约束_16_52_5],0.0
cons[火电机组分段中标量约束_16_52_6],0.0
cons[火电机组分段中标量约束_16_52_7],0.0
cons[火电机组分段中标量约束_16_52_8],0.0
cons[火电机组分段中标量约束_16_52_9],0.0
cons[火电机组出力之和约束_16_52],0.0
cons[火电机组分段中标量约束_16_53_0],0.0
cons[火电机组分段中标量约束_16_53_1],0.0
cons[火电机组分段中标量约束_16_53_2],0.0
cons[火电机组分段中标量约束_16_53_3],0.0
cons[火电机组分段中标量约束_16_53_4],0.0
cons[火电机组分段中标量约束_16_53_5],0.0
cons[火电机组分段中标量约束_16_53_6],0.0
cons[火电机组分段中标量约束_16_53_7],0.0
cons[火电机组分段中标量约束_16_53_8],0.0
cons[火电机组分段中标量约束_16_53_9],0.0
cons[火电机组出力之和约束_16_53],0.0
cons[火电机组分段中标量约束_16_54_0],0.0
cons[火电机组分段中标量约束_16_54_1],0.0
cons[火电机组分段中标量约束_16_54_2],0.0
cons[火电机组分段中标量约束_16_54_3],0.0
cons[火电机组分段中标量约束_16_54_4],0.0
cons[火电机组分段中标量约束_16_54_5],0.0
cons[火电机组分段中标量约束_16_54_6],0.0
cons[火电机组分段中标量约束_16_54_7],0.0
cons[火电机组分段中标量约束_16_54_8],0.0
cons[火电机组分段中标量约束_16_54_9],0.0
cons[火电机组出力之和约束_16_54],0.0
cons[火电机组分段中标量约束_16_55_0],0.0
cons[火电机组分段中标量约束_16_55_1],0.0
cons[火电机组分段中标量约束_16_55_2],0.0
cons[火电机组分段中标量约束_16_55_3],0.0
cons[火电机组分段中标量约束_16_55_4],0.0
cons[火电机组分段中标量约束_16_55_5],0.0
cons[火电机组分段中标量约束_16_55_6],0.0
cons[火电机组分段中标量约束_16_55_7],0.0
cons[火电机组分段中标量约束_16_55_8],0.0
cons[火电机组分段中标量约束_16_55_9],0.0
cons[火电机组出力之和约束_16_55],0.0
cons[火电机组分段中标量约束_16_56_0],0.0
cons[火电机组分段中标量约束_16_56_1],0.0
cons[火电机组分段中标量约束_16_56_2],0.0
cons[火电机组分段中标量约束_16_56_3],0.0
cons[火电机组分段中标量约束_16_56_4],0.0
cons[火电机组分段中标量约束_16_56_5],0.0
cons[火电机组分段中标量约束_16_56_6],0.0
cons[火电机组分段中标量约束_16_56_7],0.0
cons[火电机组分段中标量约束_16_56_8],0.0
cons[火电机组分段中标量约束_16_56_9],0.0
cons[火电机组出力之和约束_16_56],0.0
cons[火电机组分段中标量约束_16_57_0],0.0
cons[火电机组分段中标量约束_16_57_1],0.0
cons[火电机组分段中标量约束_16_57_2],0.0
cons[火电机组分段中标量约束_16_57_3],0.0
cons[火电机组分段中标量约束_16_57_4],0.0
cons[火电机组分段中标量约束_16_57_5],0.0
cons[火电机组分段中标量约束_16_57_6],0.0
cons[火电机组分段中标量约束_16_57_7],0.0
cons[火电机组分段中标量约束_16_57_8],0.0
cons[火电机组分段中标量约束_16_57_9],0.0
cons[火电机组出力之和约束_16_57],0.0
cons[火电机组分段中标量约束_16_58_0],0.0
cons[火电机组分段中标量约束_16_58_1],0.0
cons[火电机组分段中标量约束_16_58_2],0.0
cons[火电机组分段中标量约束_16_58_3],0.0
cons[火电机组分段中标量约束_16_58_4],0.0
cons[火电机组分段中标量约束_16_58_5],0.0
cons[火电机组分段中标量约束_16_58_6],0.0
cons[火电机组分段中标量约束_16_58_7],0.0
cons[火电机组分段中标量约束_16_58_8],0.0
cons[火电机组分段中标量约束_16_58_9],0.0
cons[火电机组出力之和约束_16_58],0.0
cons[火电机组分段中标量约束_16_59_0],0.0
cons[火电机组分段中标量约束_16_59_1],0.0
cons[火电机组分段中标量约束_16_59_2],0.0
cons[火电机组分段中标量约束_16_59_3],0.0
cons[火电机组分段中标量约束_16_59_4],0.0
cons[火电机组分段中标量约束_16_59_5],0.0
cons[火电机组分段中标量约束_16_59_6],0.0
cons[火电机组分段中标量约束_16_59_7],0.0
cons[火电机组分段中标量约束_16_59_8],0.0
cons[火电机组分段中标量约束_16_59_9],0.0
cons[火电机组出力之和约束_16_59],0.0
cons[火电机组分段中标量约束_16_60_0],0.0
cons[火电机组分段中标量约束_16_60_1],0.0
cons[火电机组分段中标量约束_16_60_2],0.0
cons[火电机组分段中标量约束_16_60_3],0.0
cons[火电机组分段中标量约束_16_60_4],0.0
cons[火电机组分段中标量约束_16_60_5],0.0
cons[火电机组分段中标量约束_16_60_6],0.0
cons[火电机组分段中标量约束_16_60_7],0.0
cons[火电机组分段中标量约束_16_60_8],0.0
cons[火电机组分段中标量约束_16_60_9],0.0
cons[火电机组出力之和约束_16_60],0.0
cons[火电机组分段中标量约束_16_61_0],0.0
cons[火电机组分段中标量约束_16_61_1],0.0
cons[火电机组分段中标量约束_16_61_2],0.0
cons[火电机组分段中标量约束_16_61_3],0.0
cons[火电机组分段中标量约束_16_61_4],0.0
cons[火电机组分段中标量约束_16_61_5],0.0
cons[火电机组分段中标量约束_16_61_6],0.0
cons[火电机组分段中标量约束_16_61_7],0.0
cons[火电机组分段中标量约束_16_61_8],0.0
cons[火电机组分段中标量约束_16_61_9],0.0
cons[火电机组出力之和约束_16_61],0.0
cons[火电机组分段中标量约束_16_62_0],0.0
cons[火电机组分段中标量约束_16_62_1],0.0
cons[火电机组分段中标量约束_16_62_2],0.0
cons[火电机组分段中标量约束_16_62_3],0.0
cons[火电机组分段中标量约束_16_62_4],0.0
cons[火电机组分段中标量约束_16_62_5],0.0
cons[火电机组分段中标量约束_16_62_6],0.0
cons[火电机组分段中标量约束_16_62_7],0.0
cons[火电机组分段中标量约束_16_62_8],0.0
cons[火电机组分段中标量约束_16_62_9],0.0
cons[火电机组出力之和约束_16_62],0.0
cons[火电机组分段中标量约束_16_63_0],0.0
cons[火电机组分段中标量约束_16_63_1],0.0
cons[火电机组分段中标量约束_16_63_2],0.0
cons[火电机组分段中标量约束_16_63_3],0.0
cons[火电机组分段中标量约束_16_63_4],0.0
cons[火电机组分段中标量约束_16_63_5],0.0
cons[火电机组分段中标量约束_16_63_6],0.0
cons[火电机组分段中标量约束_16_63_7],0.0
cons[火电机组分段中标量约束_16_63_8],0.0
cons[火电机组分段中标量约束_16_63_9],0.0
cons[火电机组出力之和约束_16_63],0.0
cons[火电机组分段中标量约束_16_64_0],0.0
cons[火电机组分段中标量约束_16_64_1],0.0
cons[火电机组分段中标量约束_16_64_2],0.0
cons[火电机组分段中标量约束_16_64_3],0.0
cons[火电机组分段中标量约束_16_64_4],0.0
cons[火电机组分段中标量约束_16_64_5],0.0
cons[火电机组分段中标量约束_16_64_6],0.0
cons[火电机组分段中标量约束_16_64_7],0.0
cons[火电机组分段中标量约束_16_64_8],0.0
cons[火电机组分段中标量约束_16_64_9],0.0
cons[火电机组出力之和约束_16_64],0.0
cons[火电机组分段中标量约束_16_65_0],0.0
cons[火电机组分段中标量约束_16_65_1],0.0
cons[火电机组分段中标量约束_16_65_2],0.0
cons[火电机组分段中标量约束_16_65_3],0.0
cons[火电机组分段中标量约束_16_65_4],0.0
cons[火电机组分段中标量约束_16_65_5],0.0
cons[火电机组分段中标量约束_16_65_6],0.0
cons[火电机组分段中标量约束_16_65_7],0.0
cons[火电机组分段中标量约束_16_65_8],0.0
cons[火电机组分段中标量约束_16_65_9],0.0
cons[火电机组出力之和约束_16_65],0.0
cons[火电机组分段中标量约束_16_66_0],0.0
cons[火电机组分段中标量约束_16_66_1],0.0
cons[火电机组分段中标量约束_16_66_2],0.0
cons[火电机组分段中标量约束_16_66_3],0.0
cons[火电机组分段中标量约束_16_66_4],0.0
cons[火电机组分段中标量约束_16_66_5],0.0
cons[火电机组分段中标量约束_16_66_6],0.0
cons[火电机组分段中标量约束_16_66_7],0.0
cons[火电机组分段中标量约束_16_66_8],0.0
cons[火电机组分段中标量约束_16_66_9],0.0
cons[火电机组出力之和约束_16_66],0.0
cons[火电机组分段中标量约束_16_67_0],0.0
cons[火电机组分段中标量约束_16_67_1],0.0
cons[火电机组分段中标量约束_16_67_2],0.0
cons[火电机组分段中标量约束_16_67_3],0.0
cons[火电机组分段中标量约束_16_67_4],0.0
cons[火电机组分段中标量约束_16_67_5],0.0
cons[火电机组分段中标量约束_16_67_6],0.0
cons[火电机组分段中标量约束_16_67_7],0.0
cons[火电机组分段中标量约束_16_67_8],0.0
cons[火电机组分段中标量约束_16_67_9],0.0
cons[火电机组出力之和约束_16_67],0.0
cons[火电机组分段中标量约束_16_68_0],0.0
cons[火电机组分段中标量约束_16_68_1],0.0
cons[火电机组分段中标量约束_16_68_2],0.0
cons[火电机组分段中标量约束_16_68_3],0.0
cons[火电机组分段中标量约束_16_68_4],0.0
cons[火电机组分段中标量约束_16_68_5],0.0
cons[火电机组分段中标量约束_16_68_6],0.0
cons[火电机组分段中标量约束_16_68_7],0.0
cons[火电机组分段中标量约束_16_68_8],0.0
cons[火电机组分段中标量约束_16_68_9],0.0
cons[火电机组出力之和约束_16_68],0.0
cons[火电机组分段中标量约束_16_69_0],0.0
cons[火电机组分段中标量约束_16_69_1],0.0
cons[火电机组分段中标量约束_16_69_2],0.0
cons[火电机组分段中标量约束_16_69_3],0.0
cons[火电机组分段中标量约束_16_69_4],0.0
cons[火电机组分段中标量约束_16_69_5],0.0
cons[火电机组分段中标量约束_16_69_6],0.0
cons[火电机组分段中标量约束_16_69_7],0.0
cons[火电机组分段中标量约束_16_69_8],0.0
cons[火电机组分段中标量约束_16_69_9],0.0
cons[火电机组出力之和约束_16_69],0.0
cons[火电机组分段中标量约束_16_70_0],0.0
cons[火电机组分段中标量约束_16_70_1],0.0
cons[火电机组分段中标量约束_16_70_2],0.0
cons[火电机组分段中标量约束_16_70_3],0.0
cons[火电机组分段中标量约束_16_70_4],0.0
cons[火电机组分段中标量约束_16_70_5],0.0
cons[火电机组分段中标量约束_16_70_6],0.0
cons[火电机组分段中标量约束_16_70_7],0.0
cons[火电机组分段中标量约束_16_70_8],0.0
cons[火电机组分段中标量约束_16_70_9],0.0
cons[火电机组出力之和约束_16_70],0.0
cons[火电机组分段中标量约束_16_71_0],0.0
cons[火电机组分段中标量约束_16_71_1],0.0
cons[火电机组分段中标量约束_16_71_2],0.0
cons[火电机组分段中标量约束_16_71_3],0.0
cons[火电机组分段中标量约束_16_71_4],0.0
cons[火电机组分段中标量约束_16_71_5],0.0
cons[火电机组分段中标量约束_16_71_6],0.0
cons[火电机组分段中标量约束_16_71_7],0.0
cons[火电机组分段中标量约束_16_71_8],0.0
cons[火电机组分段中标量约束_16_71_9],0.0
cons[火电机组出力之和约束_16_71],0.0
cons[火电机组分段中标量约束_16_72_0],0.0
cons[火电机组分段中标量约束_16_72_1],0.0
cons[火电机组分段中标量约束_16_72_2],0.0
cons[火电机组分段中标量约束_16_72_3],0.0
cons[火电机组分段中标量约束_16_72_4],0.0
cons[火电机组分段中标量约束_16_72_5],0.0
cons[火电机组分段中标量约束_16_72_6],0.0
cons[火电机组分段中标量约束_16_72_7],0.0
cons[火电机组分段中标量约束_16_72_8],0.0
cons[火电机组分段中标量约束_16_72_9],0.0
cons[火电机组出力之和约束_16_72],0.0
cons[火电机组分段中标量约束_16_73_0],0.0
cons[火电机组分段中标量约束_16_73_1],0.0
cons[火电机组分段中标量约束_16_73_2],0.0
cons[火电机组分段中标量约束_16_73_3],0.0
cons[火电机组分段中标量约束_16_73_4],0.0
cons[火电机组分段中标量约束_16_73_5],0.0
cons[火电机组分段中标量约束_16_73_6],0.0
cons[火电机组分段中标量约束_16_73_7],0.0
cons[火电机组分段中标量约束_16_73_8],0.0
cons[火电机组分段中标量约束_16_73_9],0.0
cons[火电机组出力之和约束_16_73],0.0
cons[火电机组分段中标量约束_16_74_0],0.0
cons[火电机组分段中标量约束_16_74_1],0.0
cons[火电机组分段中标量约束_16_74_2],0.0
cons[火电机组分段中标量约束_16_74_3],0.0
cons[火电机组分段中标量约束_16_74_4],0.0
cons[火电机组分段中标量约束_16_74_5],0.0
cons[火电机组分段中标量约束_16_74_6],0.0
cons[火电机组分段中标量约束_16_74_7],0.0
cons[火电机组分段中标量约束_16_74_8],0.0
cons[火电机组分段中标量约束_16_74_9],0.0
cons[火电机组出力之和约束_16_74],0.0
cons[火电机组分段中标量约束_16_75_0],0.0
cons[火电机组分段中标量约束_16_75_1],0.0
cons[火电机组分段中标量约束_16_75_2],0.0
cons[火电机组分段中标量约束_16_75_3],0.0
cons[火电机组分段中标量约束_16_75_4],0.0
cons[火电机组分段中标量约束_16_75_5],0.0
cons[火电机组分段中标量约束_16_75_6],0.0
cons[火电机组分段中标量约束_16_75_7],0.0
cons[火电机组分段中标量约束_16_75_8],0.0
cons[火电机组分段中标量约束_16_75_9],0.0
cons[火电机组出力之和约束_16_75],0.0
cons[火电机组分段中标量约束_16_76_0],0.0
cons[火电机组分段中标量约束_16_76_1],0.0
cons[火电机组分段中标量约束_16_76_2],0.0
cons[火电机组分段中标量约束_16_76_3],0.0
cons[火电机组分段中标量约束_16_76_4],0.0
cons[火电机组分段中标量约束_16_76_5],0.0
cons[火电机组分段中标量约束_16_76_6],0.0
cons[火电机组分段中标量约束_16_76_7],0.0
cons[火电机组分段中标量约束_16_76_8],0.0
cons[火电机组分段中标量约束_16_76_9],0.0
cons[火电机组出力之和约束_16_76],0.0
cons[火电机组分段中标量约束_16_77_0],0.0
cons[火电机组分段中标量约束_16_77_1],0.0
cons[火电机组分段中标量约束_16_77_2],0.0
cons[火电机组分段中标量约束_16_77_3],0.0
cons[火电机组分段中标量约束_16_77_4],0.0
cons[火电机组分段中标量约束_16_77_5],0.0
cons[火电机组分段中标量约束_16_77_6],0.0
cons[火电机组分段中标量约束_16_77_7],0.0
cons[火电机组分段中标量约束_16_77_8],0.0
cons[火电机组分段中标量约束_16_77_9],0.0
cons[火电机组出力之和约束_16_77],0.0
cons[火电机组分段中标量约束_16_78_0],0.0
cons[火电机组分段中标量约束_16_78_1],0.0
cons[火电机组分段中标量约束_16_78_2],0.0
cons[火电机组分段中标量约束_16_78_3],0.0
cons[火电机组分段中标量约束_16_78_4],0.0
cons[火电机组分段中标量约束_16_78_5],0.0
cons[火电机组分段中标量约束_16_78_6],0.0
cons[火电机组分段中标量约束_16_78_7],0.0
cons[火电机组分段中标量约束_16_78_8],0.0
cons[火电机组分段中标量约束_16_78_9],0.0
cons[火电机组出力之和约束_16_78],0.0
cons[火电机组分段中标量约束_16_79_0],0.0
cons[火电机组分段中标量约束_16_79_1],0.0
cons[火电机组分段中标量约束_16_79_2],0.0
cons[火电机组分段中标量约束_16_79_3],0.0
cons[火电机组分段中标量约束_16_79_4],0.0
cons[火电机组分段中标量约束_16_79_5],0.0
cons[火电机组分段中标量约束_16_79_6],0.0
cons[火电机组分段中标量约束_16_79_7],0.0
cons[火电机组分段中标量约束_16_79_8],0.0
cons[火电机组分段中标量约束_16_79_9],0.0
cons[火电机组出力之和约束_16_79],0.0
cons[火电机组分段中标量约束_16_80_0],0.0
cons[火电机组分段中标量约束_16_80_1],0.0
cons[火电机组分段中标量约束_16_80_2],0.0
cons[火电机组分段中标量约束_16_80_3],0.0
cons[火电机组分段中标量约束_16_80_4],0.0
cons[火电机组分段中标量约束_16_80_5],0.0
cons[火电机组分段中标量约束_16_80_6],0.0
cons[火电机组分段中标量约束_16_80_7],0.0
cons[火电机组分段中标量约束_16_80_8],0.0
cons[火电机组分段中标量约束_16_80_9],0.0
cons[火电机组出力之和约束_16_80],0.0
cons[火电机组分段中标量约束_16_81_0],0.0
cons[火电机组分段中标量约束_16_81_1],0.0
cons[火电机组分段中标量约束_16_81_2],0.0
cons[火电机组分段中标量约束_16_81_3],0.0
cons[火电机组分段中标量约束_16_81_4],0.0
cons[火电机组分段中标量约束_16_81_5],0.0
cons[火电机组分段中标量约束_16_81_6],0.0
cons[火电机组分段中标量约束_16_81_7],0.0
cons[火电机组分段中标量约束_16_81_8],0.0
cons[火电机组分段中标量约束_16_81_9],0.0
cons[火电机组出力之和约束_16_81],0.0
cons[火电机组分段中标量约束_16_82_0],0.0
cons[火电机组分段中标量约束_16_82_1],0.0
cons[火电机组分段中标量约束_16_82_2],0.0
cons[火电机组分段中标量约束_16_82_3],0.0
cons[火电机组分段中标量约束_16_82_4],0.0
cons[火电机组分段中标量约束_16_82_5],0.0
cons[火电机组分段中标量约束_16_82_6],0.0
cons[火电机组分段中标量约束_16_82_7],0.0
cons[火电机组分段中标量约束_16_82_8],0.0
cons[火电机组分段中标量约束_16_82_9],0.0
cons[火电机组出力之和约束_16_82],0.0
cons[火电机组分段中标量约束_16_83_0],0.0
cons[火电机组分段中标量约束_16_83_1],0.0
cons[火电机组分段中标量约束_16_83_2],0.0
cons[火电机组分段中标量约束_16_83_3],0.0
cons[火电机组分段中标量约束_16_83_4],0.0
cons[火电机组分段中标量约束_16_83_5],0.0
cons[火电机组分段中标量约束_16_83_6],0.0
cons[火电机组分段中标量约束_16_83_7],0.0
cons[火电机组分段中标量约束_16_83_8],0.0
cons[火电机组分段中标量约束_16_83_9],0.0
cons[火电机组出力之和约束_16_83],0.0
cons[火电机组分段中标量约束_16_84_0],0.0
cons[火电机组分段中标量约束_16_84_1],0.0
cons[火电机组分段中标量约束_16_84_2],0.0
cons[火电机组分段中标量约束_16_84_3],0.0
cons[火电机组分段中标量约束_16_84_4],0.0
cons[火电机组分段中标量约束_16_84_5],0.0
cons[火电机组分段中标量约束_16_84_6],0.0
cons[火电机组分段中标量约束_16_84_7],0.0
cons[火电机组分段中标量约束_16_84_8],0.0
cons[火电机组分段中标量约束_16_84_9],0.0
cons[火电机组出力之和约束_16_84],0.0
cons[火电机组分段中标量约束_16_85_0],0.0
cons[火电机组分段中标量约束_16_85_1],0.0
cons[火电机组分段中标量约束_16_85_2],0.0
cons[火电机组分段中标量约束_16_85_3],0.0
cons[火电机组分段中标量约束_16_85_4],0.0
cons[火电机组分段中标量约束_16_85_5],0.0
cons[火电机组分段中标量约束_16_85_6],0.0
cons[火电机组分段中标量约束_16_85_7],0.0
cons[火电机组分段中标量约束_16_85_8],0.0
cons[火电机组分段中标量约束_16_85_9],0.0
cons[火电机组出力之和约束_16_85],0.0
cons[火电机组分段中标量约束_16_86_0],0.0
cons[火电机组分段中标量约束_16_86_1],0.0
cons[火电机组分段中标量约束_16_86_2],0.0
cons[火电机组分段中标量约束_16_86_3],0.0
cons[火电机组分段中标量约束_16_86_4],0.0
cons[火电机组分段中标量约束_16_86_5],0.0
cons[火电机组分段中标量约束_16_86_6],0.0
cons[火电机组分段中标量约束_16_86_7],0.0
cons[火电机组分段中标量约束_16_86_8],0.0
cons[火电机组分段中标量约束_16_86_9],0.0
cons[火电机组出力之和约束_16_86],0.0
cons[火电机组分段中标量约束_16_87_0],0.0
cons[火电机组分段中标量约束_16_87_1],0.0
cons[火电机组分段中标量约束_16_87_2],0.0
cons[火电机组分段中标量约束_16_87_3],0.0
cons[火电机组分段中标量约束_16_87_4],0.0
cons[火电机组分段中标量约束_16_87_5],0.0
cons[火电机组分段中标量约束_16_87_6],0.0
cons[火电机组分段中标量约束_16_87_7],0.0
cons[火电机组分段中标量约束_16_87_8],0.0
cons[火电机组分段中标量约束_16_87_9],0.0
cons[火电机组出力之和约束_16_87],0.0
cons[火电机组分段中标量约束_16_88_0],0.0
cons[火电机组分段中标量约束_16_88_1],0.0
cons[火电机组分段中标量约束_16_88_2],0.0
cons[火电机组分段中标量约束_16_88_3],0.0
cons[火电机组分段中标量约束_16_88_4],0.0
cons[火电机组分段中标量约束_16_88_5],0.0
cons[火电机组分段中标量约束_16_88_6],0.0
cons[火电机组分段中标量约束_16_88_7],0.0
cons[火电机组分段中标量约束_16_88_8],0.0
cons[火电机组分段中标量约束_16_88_9],0.0
cons[火电机组出力之和约束_16_88],0.0
cons[火电机组分段中标量约束_16_89_0],0.0
cons[火电机组分段中标量约束_16_89_1],0.0
cons[火电机组分段中标量约束_16_89_2],0.0
cons[火电机组分段中标量约束_16_89_3],0.0
cons[火电机组分段中标量约束_16_89_4],0.0
cons[火电机组分段中标量约束_16_89_5],0.0
cons[火电机组分段中标量约束_16_89_6],0.0
cons[火电机组分段中标量约束_16_89_7],0.0
cons[火电机组分段中标量约束_16_89_8],0.0
cons[火电机组分段中标量约束_16_89_9],0.0
cons[火电机组出力之和约束_16_89],0.0
cons[火电机组分段中标量约束_16_90_0],0.0
cons[火电机组分段中标量约束_16_90_1],0.0
cons[火电机组分段中标量约束_16_90_2],0.0
cons[火电机组分段中标量约束_16_90_3],0.0
cons[火电机组分段中标量约束_16_90_4],0.0
cons[火电机组分段中标量约束_16_90_5],0.0
cons[火电机组分段中标量约束_16_90_6],0.0
cons[火电机组分段中标量约束_16_90_7],0.0
cons[火电机组分段中标量约束_16_90_8],0.0
cons[火电机组分段中标量约束_16_90_9],0.0
cons[火电机组出力之和约束_16_90],0.0
cons[火电机组分段中标量约束_16_91_0],0.0
cons[火电机组分段中标量约束_16_91_1],0.0
cons[火电机组分段中标量约束_16_91_2],0.0
cons[火电机组分段中标量约束_16_91_3],0.0
cons[火电机组分段中标量约束_16_91_4],0.0
cons[火电机组分段中标量约束_16_91_5],0.0
cons[火电机组分段中标量约束_16_91_6],0.0
cons[火电机组分段中标量约束_16_91_7],0.0
cons[火电机组分段中标量约束_16_91_8],0.0
cons[火电机组分段中标量约束_16_91_9],0.0
cons[火电机组出力之和约束_16_91],0.0
cons[火电机组分段中标量约束_16_92_0],0.0
cons[火电机组分段中标量约束_16_92_1],0.0
cons[火电机组分段中标量约束_16_92_2],0.0
cons[火电机组分段中标量约束_16_92_3],0.0
cons[火电机组分段中标量约束_16_92_4],0.0
cons[火电机组分段中标量约束_16_92_5],0.0
cons[火电机组分段中标量约束_16_92_6],0.0
cons[火电机组分段中标量约束_16_92_7],0.0
cons[火电机组分段中标量约束_16_92_8],0.0
cons[火电机组分段中标量约束_16_92_9],0.0
cons[火电机组出力之和约束_16_92],0.0
cons[火电机组分段中标量约束_16_93_0],0.0
cons[火电机组分段中标量约束_16_93_1],0.0
cons[火电机组分段中标量约束_16_93_2],0.0
cons[火电机组分段中标量约束_16_93_3],0.0
cons[火电机组分段中标量约束_16_93_4],0.0
cons[火电机组分段中标量约束_16_93_5],0.0
cons[火电机组分段中标量约束_16_93_6],0.0
cons[火电机组分段中标量约束_16_93_7],0.0
cons[火电机组分段中标量约束_16_93_8],0.0
cons[火电机组分段中标量约束_16_93_9],0.0
cons[火电机组出力之和约束_16_93],0.0
cons[火电机组分段中标量约束_16_94_0],0.0
cons[火电机组分段中标量约束_16_94_1],0.0
cons[火电机组分段中标量约束_16_94_2],0.0
cons[火电机组分段中标量约束_16_94_3],0.0
cons[火电机组分段中标量约束_16_94_4],0.0
cons[火电机组分段中标量约束_16_94_5],0.0
cons[火电机组分段中标量约束_16_94_6],0.0
cons[火电机组分段中标量约束_16_94_7],0.0
cons[火电机组分段中标量约束_16_94_8],0.0
cons[火电机组分段中标量约束_16_94_9],0.0
cons[火电机组出力之和约束_16_94],0.0
cons[火电机组分段中标量约束_16_95_0],0.0
cons[火电机组分段中标量约束_16_95_1],0.0
cons[火电机组分段中标量约束_16_95_2],0.0
cons[火电机组分段中标量约束_16_95_3],0.0
cons[火电机组分段中标量约束_16_95_4],0.0
cons[火电机组分段中标量约束_16_95_5],0.0
cons[火电机组分段中标量约束_16_95_6],0.0
cons[火电机组分段中标量约束_16_95_7],0.0
cons[火电机组分段中标量约束_16_95_8],0.0
cons[火电机组分段中标量约束_16_95_9],0.0
cons[火电机组出力之和约束_16_95],0.0
cons[火电机组分段中标量约束_17_0_0],-13.513500000000931
cons[火电机组分段中标量约束_17_0_1],0.0
cons[火电机组分段中标量约束_17_0_2],0.0
cons[火电机组分段中标量约束_17_0_3],0.0
cons[火电机组分段中标量约束_17_0_4],0.0
cons[火电机组分段中标量约束_17_0_5],0.0
cons[火电机组分段中标量约束_17_0_6],0.0
cons[火电机组分段中标量约束_17_0_7],0.0
cons[火电机组分段中标量约束_17_0_8],0.0
cons[火电机组分段中标量约束_17_0_9],0.0
cons[火电机组出力之和约束_17_0],-6210.204000000001
cons[火电机组分段中标量约束_17_1_0],0.0
cons[火电机组分段中标量约束_17_1_1],0.0
cons[火电机组分段中标量约束_17_1_2],0.0
cons[火电机组分段中标量约束_17_1_3],0.0
cons[火电机组分段中标量约束_17_1_4],0.0
cons[火电机组分段中标量约束_17_1_5],0.0
cons[火电机组分段中标量约束_17_1_6],0.0
cons[火电机组分段中标量约束_17_1_7],0.0
cons[火电机组分段中标量约束_17_1_8],0.0
cons[火电机组分段中标量约束_17_1_9],0.0
cons[火电机组出力之和约束_17_1],-6196.6905
cons[火电机组分段中标量约束_17_2_0],0.0
cons[火电机组分段中标量约束_17_2_1],0.0
cons[火电机组分段中标量约束_17_2_2],0.0
cons[火电机组分段中标量约束_17_2_3],0.0
cons[火电机组分段中标量约束_17_2_4],0.0
cons[火电机组分段中标量约束_17_2_5],0.0
cons[火电机组分段中标量约束_17_2_6],0.0
cons[火电机组分段中标量约束_17_2_7],0.0
cons[火电机组分段中标量约束_17_2_8],0.0
cons[火电机组分段中标量约束_17_2_9],0.0
cons[火电机组出力之和约束_17_2],-6196.6905
cons[火电机组分段中标量约束_17_3_0],0.0
cons[火电机组分段中标量约束_17_3_1],0.0
cons[火电机组分段中标量约束_17_3_2],0.0
cons[火电机组分段中标量约束_17_3_3],0.0
cons[火电机组分段中标量约束_17_3_4],0.0
cons[火电机组分段中标量约束_17_3_5],0.0
cons[火电机组分段中标量约束_17_3_6],0.0
cons[火电机组分段中标量约束_17_3_7],0.0
cons[火电机组分段中标量约束_17_3_8],0.0
cons[火电机组分段中标量约束_17_3_9],0.0
cons[火电机组出力之和约束_17_3],-6196.6905
cons[火电机组分段中标量约束_17_4_0],0.0
cons[火电机组分段中标量约束_17_4_1],0.0
cons[火电机组分段中标量约束_17_4_2],0.0
cons[火电机组分段中标量约束_17_4_3],0.0
cons[火电机组分段中标量约束_17_4_4],0.0
cons[火电机组分段中标量约束_17_4_5],0.0
cons[火电机组分段中标量约束_17_4_6],0.0
cons[火电机组分段中标量约束_17_4_7],0.0
cons[火电机组分段中标量约束_17_4_8],0.0
cons[火电机组分段中标量约束_17_4_9],0.0
cons[火电机组出力之和约束_17_4],-6196.6905
cons[火电机组分段中标量约束_17_5_0],0.0
cons[火电机组分段中标量约束_17_5_1],0.0
cons[火电机组分段中标量约束_17_5_2],0.0
cons[火电机组分段中标量约束_17_5_3],0.0
cons[火电机组分段中标量约束_17_5_4],0.0
cons[火电机组分段中标量约束_17_5_5],0.0
cons[火电机组分段中标量约束_17_5_6],0.0
cons[火电机组分段中标量约束_17_5_7],0.0
cons[火电机组分段中标量约束_17_5_8],0.0
cons[火电机组分段中标量约束_17_5_9],0.0
cons[火电机组出力之和约束_17_5],-6196.6905
cons[火电机组分段中标量约束_17_6_0],0.0
cons[火电机组分段中标量约束_17_6_1],0.0
cons[火电机组分段中标量约束_17_6_2],0.0
cons[火电机组分段中标量约束_17_6_3],0.0
cons[火电机组分段中标量约束_17_6_4],0.0
cons[火电机组分段中标量约束_17_6_5],0.0
cons[火电机组分段中标量约束_17_6_6],0.0
cons[火电机组分段中标量约束_17_6_7],0.0
cons[火电机组分段中标量约束_17_6_8],0.0
cons[火电机组分段中标量约束_17_6_9],0.0
cons[火电机组出力之和约束_17_6],-6196.6905
cons[火电机组分段中标量约束_17_7_0],0.0
cons[火电机组分段中标量约束_17_7_1],0.0
cons[火电机组分段中标量约束_17_7_2],0.0
cons[火电机组分段中标量约束_17_7_3],0.0
cons[火电机组分段中标量约束_17_7_4],0.0
cons[火电机组分段中标量约束_17_7_5],0.0
cons[火电机组分段中标量约束_17_7_6],0.0
cons[火电机组分段中标量约束_17_7_7],0.0
cons[火电机组分段中标量约束_17_7_8],0.0
cons[火电机组分段中标量约束_17_7_9],0.0
cons[火电机组出力之和约束_17_7],-6196.6905
cons[火电机组分段中标量约束_17_8_0],0.0
cons[火电机组分段中标量约束_17_8_1],0.0
cons[火电机组分段中标量约束_17_8_2],0.0
cons[火电机组分段中标量约束_17_8_3],0.0
cons[火电机组分段中标量约束_17_8_4],0.0
cons[火电机组分段中标量约束_17_8_5],0.0
cons[火电机组分段中标量约束_17_8_6],0.0
cons[火电机组分段中标量约束_17_8_7],0.0
cons[火电机组分段中标量约束_17_8_8],0.0
cons[火电机组分段中标量约束_17_8_9],0.0
cons[火电机组出力之和约束_17_8],-6196.6905
cons[火电机组分段中标量约束_17_9_0],0.0
cons[火电机组分段中标量约束_17_9_1],0.0
cons[火电机组分段中标量约束_17_9_2],0.0
cons[火电机组分段中标量约束_17_9_3],0.0
cons[火电机组分段中标量约束_17_9_4],0.0
cons[火电机组分段中标量约束_17_9_5],0.0
cons[火电机组分段中标量约束_17_9_6],0.0
cons[火电机组分段中标量约束_17_9_7],0.0
cons[火电机组分段中标量约束_17_9_8],0.0
cons[火电机组分段中标量约束_17_9_9],0.0
cons[火电机组出力之和约束_17_9],-6196.6905
cons[火电机组分段中标量约束_17_10_0],0.0
cons[火电机组分段中标量约束_17_10_1],0.0
cons[火电机组分段中标量约束_17_10_2],0.0
cons[火电机组分段中标量约束_17_10_3],0.0
cons[火电机组分段中标量约束_17_10_4],0.0
cons[火电机组分段中标量约束_17_10_5],0.0
cons[火电机组分段中标量约束_17_10_6],0.0
cons[火电机组分段中标量约束_17_10_7],0.0
cons[火电机组分段中标量约束_17_10_8],0.0
cons[火电机组分段中标量约束_17_10_9],0.0
cons[火电机组出力之和约束_17_10],-6196.6905
cons[火电机组分段中标量约束_17_11_0],0.0
cons[火电机组分段中标量约束_17_11_1],0.0
cons[火电机组分段中标量约束_17_11_2],0.0
cons[火电机组分段中标量约束_17_11_3],0.0
cons[火电机组分段中标量约束_17_11_4],0.0
cons[火电机组分段中标量约束_17_11_5],0.0
cons[火电机组分段中标量约束_17_11_6],0.0
cons[火电机组分段中标量约束_17_11_7],0.0
cons[火电机组分段中标量约束_17_11_8],0.0
cons[火电机组分段中标量约束_17_11_9],0.0
cons[火电机组出力之和约束_17_11],-6196.6905
cons[火电机组分段中标量约束_17_12_0],0.0
cons[火电机组分段中标量约束_17_12_1],0.0
cons[火电机组分段中标量约束_17_12_2],0.0
cons[火电机组分段中标量约束_17_12_3],0.0
cons[火电机组分段中标量约束_17_12_4],0.0
cons[火电机组分段中标量约束_17_12_5],0.0
cons[火电机组分段中标量约束_17_12_6],0.0
cons[火电机组分段中标量约束_17_12_7],0.0
cons[火电机组分段中标量约束_17_12_8],0.0
cons[火电机组分段中标量约束_17_12_9],0.0
cons[火电机组出力之和约束_17_12],-6196.6905
cons[火电机组分段中标量约束_17_13_0],0.0
cons[火电机组分段中标量约束_17_13_1],0.0
cons[火电机组分段中标量约束_17_13_2],0.0
cons[火电机组分段中标量约束_17_13_3],0.0
cons[火电机组分段中标量约束_17_13_4],0.0
cons[火电机组分段中标量约束_17_13_5],0.0
cons[火电机组分段中标量约束_17_13_6],0.0
cons[火电机组分段中标量约束_17_13_7],0.0
cons[火电机组分段中标量约束_17_13_8],0.0
cons[火电机组分段中标量约束_17_13_9],0.0
cons[火电机组出力之和约束_17_13],-6196.6905
cons[火电机组分段中标量约束_17_14_0],0.0
cons[火电机组分段中标量约束_17_14_1],0.0
cons[火电机组分段中标量约束_17_14_2],0.0
cons[火电机组分段中标量约束_17_14_3],0.0
cons[火电机组分段中标量约束_17_14_4],0.0
cons[火电机组分段中标量约束_17_14_5],0.0
cons[火电机组分段中标量约束_17_14_6],0.0
cons[火电机组分段中标量约束_17_14_7],0.0
cons[火电机组分段中标量约束_17_14_8],0.0
cons[火电机组分段中标量约束_17_14_9],0.0
cons[火电机组出力之和约束_17_14],-6196.6905
cons[火电机组分段中标量约束_17_15_0],0.0
cons[火电机组分段中标量约束_17_15_1],0.0
cons[火电机组分段中标量约束_17_15_2],0.0
cons[火电机组分段中标量约束_17_15_3],0.0
cons[火电机组分段中标量约束_17_15_4],0.0
cons[火电机组分段中标量约束_17_15_5],0.0
cons[火电机组分段中标量约束_17_15_6],0.0
cons[火电机组分段中标量约束_17_15_7],0.0
cons[火电机组分段中标量约束_17_15_8],0.0
cons[火电机组分段中标量约束_17_15_9],0.0
cons[火电机组出力之和约束_17_15],-6196.6905
cons[火电机组分段中标量约束_17_16_0],0.0
cons[火电机组分段中标量约束_17_16_1],0.0
cons[火电机组分段中标量约束_17_16_2],0.0
cons[火电机组分段中标量约束_17_16_3],0.0
cons[火电机组分段中标量约束_17_16_4],0.0
cons[火电机组分段中标量约束_17_16_5],0.0
cons[火电机组分段中标量约束_17_16_6],0.0
cons[火电机组分段中标量约束_17_16_7],0.0
cons[火电机组分段中标量约束_17_16_8],0.0
cons[火电机组分段中标量约束_17_16_9],0.0
cons[火电机组出力之和约束_17_16],-6196.6905
cons[火电机组分段中标量约束_17_17_0],0.0
cons[火电机组分段中标量约束_17_17_1],0.0
cons[火电机组分段中标量约束_17_17_2],0.0
cons[火电机组分段中标量约束_17_17_3],0.0
cons[火电机组分段中标量约束_17_17_4],0.0
cons[火电机组分段中标量约束_17_17_5],0.0
cons[火电机组分段中标量约束_17_17_6],0.0
cons[火电机组分段中标量约束_17_17_7],0.0
cons[火电机组分段中标量约束_17_17_8],0.0
cons[火电机组分段中标量约束_17_17_9],0.0
cons[火电机组出力之和约束_17_17],-6196.6905
cons[火电机组分段中标量约束_17_18_0],0.0
cons[火电机组分段中标量约束_17_18_1],0.0
cons[火电机组分段中标量约束_17_18_2],0.0
cons[火电机组分段中标量约束_17_18_3],0.0
cons[火电机组分段中标量约束_17_18_4],0.0
cons[火电机组分段中标量约束_17_18_5],0.0
cons[火电机组分段中标量约束_17_18_6],0.0
cons[火电机组分段中标量约束_17_18_7],0.0
cons[火电机组分段中标量约束_17_18_8],0.0
cons[火电机组分段中标量约束_17_18_9],0.0
cons[火电机组出力之和约束_17_18],-6196.6905
cons[火电机组分段中标量约束_17_19_0],0.0
cons[火电机组分段中标量约束_17_19_1],0.0
cons[火电机组分段中标量约束_17_19_2],0.0
cons[火电机组分段中标量约束_17_19_3],0.0
cons[火电机组分段中标量约束_17_19_4],0.0
cons[火电机组分段中标量约束_17_19_5],0.0
cons[火电机组分段中标量约束_17_19_6],0.0
cons[火电机组分段中标量约束_17_19_7],0.0
cons[火电机组分段中标量约束_17_19_8],0.0
cons[火电机组分段中标量约束_17_19_9],0.0
cons[火电机组出力之和约束_17_19],-6196.6905
cons[火电机组分段中标量约束_17_20_0],0.0
cons[火电机组分段中标量约束_17_20_1],0.0
cons[火电机组分段中标量约束_17_20_2],0.0
cons[火电机组分段中标量约束_17_20_3],0.0
cons[火电机组分段中标量约束_17_20_4],0.0
cons[火电机组分段中标量约束_17_20_5],0.0
cons[火电机组分段中标量约束_17_20_6],0.0
cons[火电机组分段中标量约束_17_20_7],0.0
cons[火电机组分段中标量约束_17_20_8],0.0
cons[火电机组分段中标量约束_17_20_9],0.0
cons[火电机组出力之和约束_17_20],-6196.6905
cons[火电机组分段中标量约束_17_21_0],0.0
cons[火电机组分段中标量约束_17_21_1],0.0
cons[火电机组分段中标量约束_17_21_2],0.0
cons[火电机组分段中标量约束_17_21_3],0.0
cons[火电机组分段中标量约束_17_21_4],0.0
cons[火电机组分段中标量约束_17_21_5],0.0
cons[火电机组分段中标量约束_17_21_6],0.0
cons[火电机组分段中标量约束_17_21_7],0.0
cons[火电机组分段中标量约束_17_21_8],0.0
cons[火电机组分段中标量约束_17_21_9],0.0
cons[火电机组出力之和约束_17_21],-6196.6905
cons[火电机组分段中标量约束_17_22_0],0.0
cons[火电机组分段中标量约束_17_22_1],0.0
cons[火电机组分段中标量约束_17_22_2],0.0
cons[火电机组分段中标量约束_17_22_3],0.0
cons[火电机组分段中标量约束_17_22_4],0.0
cons[火电机组分段中标量约束_17_22_5],0.0
cons[火电机组分段中标量约束_17_22_6],0.0
cons[火电机组分段中标量约束_17_22_7],0.0
cons[火电机组分段中标量约束_17_22_8],0.0
cons[火电机组分段中标量约束_17_22_9],0.0
cons[火电机组出力之和约束_17_22],-6196.6905
cons[火电机组分段中标量约束_17_23_0],0.0
cons[火电机组分段中标量约束_17_23_1],0.0
cons[火电机组分段中标量约束_17_23_2],0.0
cons[火电机组分段中标量约束_17_23_3],0.0
cons[火电机组分段中标量约束_17_23_4],0.0
cons[火电机组分段中标量约束_17_23_5],0.0
cons[火电机组分段中标量约束_17_23_6],0.0
cons[火电机组分段中标量约束_17_23_7],0.0
cons[火电机组分段中标量约束_17_23_8],0.0
cons[火电机组分段中标量约束_17_23_9],0.0
cons[火电机组出力之和约束_17_23],-6196.6905
cons[火电机组分段中标量约束_17_24_0],0.0
cons[火电机组分段中标量约束_17_24_1],0.0
cons[火电机组分段中标量约束_17_24_2],0.0
cons[火电机组分段中标量约束_17_24_3],0.0
cons[火电机组分段中标量约束_17_24_4],0.0
cons[火电机组分段中标量约束_17_24_5],0.0
cons[火电机组分段中标量约束_17_24_6],0.0
cons[火电机组分段中标量约束_17_24_7],0.0
cons[火电机组分段中标量约束_17_24_8],0.0
cons[火电机组分段中标量约束_17_24_9],0.0
cons[火电机组出力之和约束_17_24],-6196.6905
cons[火电机组分段中标量约束_17_25_0],0.0
cons[火电机组分段中标量约束_17_25_1],0.0
cons[火电机组分段中标量约束_17_25_2],0.0
cons[火电机组分段中标量约束_17_25_3],0.0
cons[火电机组分段中标量约束_17_25_4],0.0
cons[火电机组分段中标量约束_17_25_5],0.0
cons[火电机组分段中标量约束_17_25_6],0.0
cons[火电机组分段中标量约束_17_25_7],0.0
cons[火电机组分段中标量约束_17_25_8],0.0
cons[火电机组分段中标量约束_17_25_9],0.0
cons[火电机组出力之和约束_17_25],-6196.6905
cons[火电机组分段中标量约束_17_26_0],0.0
cons[火电机组分段中标量约束_17_26_1],0.0
cons[火电机组分段中标量约束_17_26_2],0.0
cons[火电机组分段中标量约束_17_26_3],0.0
cons[火电机组分段中标量约束_17_26_4],0.0
cons[火电机组分段中标量约束_17_26_5],0.0
cons[火电机组分段中标量约束_17_26_6],0.0
cons[火电机组分段中标量约束_17_26_7],0.0
cons[火电机组分段中标量约束_17_26_8],0.0
cons[火电机组分段中标量约束_17_26_9],0.0
cons[火电机组出力之和约束_17_26],-6196.6905
cons[火电机组分段中标量约束_17_27_0],0.0
cons[火电机组分段中标量约束_17_27_1],0.0
cons[火电机组分段中标量约束_17_27_2],0.0
cons[火电机组分段中标量约束_17_27_3],0.0
cons[火电机组分段中标量约束_17_27_4],0.0
cons[火电机组分段中标量约束_17_27_5],0.0
cons[火电机组分段中标量约束_17_27_6],0.0
cons[火电机组分段中标量约束_17_27_7],0.0
cons[火电机组分段中标量约束_17_27_8],0.0
cons[火电机组分段中标量约束_17_27_9],0.0
cons[火电机组出力之和约束_17_27],-6196.6905
cons[火电机组分段中标量约束_17_28_0],0.0
cons[火电机组分段中标量约束_17_28_1],0.0
cons[火电机组分段中标量约束_17_28_2],0.0
cons[火电机组分段中标量约束_17_28_3],0.0
cons[火电机组分段中标量约束_17_28_4],0.0
cons[火电机组分段中标量约束_17_28_5],0.0
cons[火电机组分段中标量约束_17_28_6],0.0
cons[火电机组分段中标量约束_17_28_7],0.0
cons[火电机组分段中标量约束_17_28_8],0.0
cons[火电机组分段中标量约束_17_28_9],0.0
cons[火电机组出力之和约束_17_28],-6196.6905
cons[火电机组分段中标量约束_17_29_0],0.0
cons[火电机组分段中标量约束_17_29_1],0.0
cons[火电机组分段中标量约束_17_29_2],0.0
cons[火电机组分段中标量约束_17_29_3],0.0
cons[火电机组分段中标量约束_17_29_4],0.0
cons[火电机组分段中标量约束_17_29_5],0.0
cons[火电机组分段中标量约束_17_29_6],0.0
cons[火电机组分段中标量约束_17_29_7],0.0
cons[火电机组分段中标量约束_17_29_8],0.0
cons[火电机组分段中标量约束_17_29_9],0.0
cons[火电机组出力之和约束_17_29],-6196.6905
cons[火电机组分段中标量约束_17_30_0],0.0
cons[火电机组分段中标量约束_17_30_1],0.0
cons[火电机组分段中标量约束_17_30_2],0.0
cons[火电机组分段中标量约束_17_30_3],0.0
cons[火电机组分段中标量约束_17_30_4],0.0
cons[火电机组分段中标量约束_17_30_5],0.0
cons[火电机组分段中标量约束_17_30_6],0.0
cons[火电机组分段中标量约束_17_30_7],0.0
cons[火电机组分段中标量约束_17_30_8],0.0
cons[火电机组分段中标量约束_17_30_9],0.0
cons[火电机组出力之和约束_17_30],-6196.6905
cons[火电机组分段中标量约束_17_31_0],0.0
cons[火电机组分段中标量约束_17_31_1],0.0
cons[火电机组分段中标量约束_17_31_2],0.0
cons[火电机组分段中标量约束_17_31_3],0.0
cons[火电机组分段中标量约束_17_31_4],0.0
cons[火电机组分段中标量约束_17_31_5],0.0
cons[火电机组分段中标量约束_17_31_6],0.0
cons[火电机组分段中标量约束_17_31_7],0.0
cons[火电机组分段中标量约束_17_31_8],0.0
cons[火电机组分段中标量约束_17_31_9],0.0
cons[火电机组出力之和约束_17_31],-6196.6905
cons[火电机组分段中标量约束_17_32_0],0.0
cons[火电机组分段中标量约束_17_32_1],0.0
cons[火电机组分段中标量约束_17_32_2],0.0
cons[火电机组分段中标量约束_17_32_3],0.0
cons[火电机组分段中标量约束_17_32_4],0.0
cons[火电机组分段中标量约束_17_32_5],0.0
cons[火电机组分段中标量约束_17_32_6],0.0
cons[火电机组分段中标量约束_17_32_7],0.0
cons[火电机组分段中标量约束_17_32_8],0.0
cons[火电机组分段中标量约束_17_32_9],0.0
cons[火电机组出力之和约束_17_32],-6196.6905
cons[火电机组分段中标量约束_17_33_0],0.0
cons[火电机组分段中标量约束_17_33_1],0.0
cons[火电机组分段中标量约束_17_33_2],0.0
cons[火电机组分段中标量约束_17_33_3],0.0
cons[火电机组分段中标量约束_17_33_4],0.0
cons[火电机组分段中标量约束_17_33_5],0.0
cons[火电机组分段中标量约束_17_33_6],0.0
cons[火电机组分段中标量约束_17_33_7],0.0
cons[火电机组分段中标量约束_17_33_8],0.0
cons[火电机组分段中标量约束_17_33_9],0.0
cons[火电机组出力之和约束_17_33],-6196.6905
cons[火电机组分段中标量约束_17_34_0],0.0
cons[火电机组分段中标量约束_17_34_1],0.0
cons[火电机组分段中标量约束_17_34_2],0.0
cons[火电机组分段中标量约束_17_34_3],0.0
cons[火电机组分段中标量约束_17_34_4],0.0
cons[火电机组分段中标量约束_17_34_5],0.0
cons[火电机组分段中标量约束_17_34_6],0.0
cons[火电机组分段中标量约束_17_34_7],0.0
cons[火电机组分段中标量约束_17_34_8],0.0
cons[火电机组分段中标量约束_17_34_9],0.0
cons[火电机组出力之和约束_17_34],-6196.6905
cons[火电机组分段中标量约束_17_35_0],0.0
cons[火电机组分段中标量约束_17_35_1],0.0
cons[火电机组分段中标量约束_17_35_2],0.0
cons[火电机组分段中标量约束_17_35_3],0.0
cons[火电机组分段中标量约束_17_35_4],0.0
cons[火电机组分段中标量约束_17_35_5],0.0
cons[火电机组分段中标量约束_17_35_6],0.0
cons[火电机组分段中标量约束_17_35_7],0.0
cons[火电机组分段中标量约束_17_35_8],0.0
cons[火电机组分段中标量约束_17_35_9],0.0
cons[火电机组出力之和约束_17_35],-6196.6905
cons[火电机组分段中标量约束_17_36_0],0.0
cons[火电机组分段中标量约束_17_36_1],0.0
cons[火电机组分段中标量约束_17_36_2],0.0
cons[火电机组分段中标量约束_17_36_3],0.0
cons[火电机组分段中标量约束_17_36_4],0.0
cons[火电机组分段中标量约束_17_36_5],0.0
cons[火电机组分段中标量约束_17_36_6],0.0
cons[火电机组分段中标量约束_17_36_7],0.0
cons[火电机组分段中标量约束_17_36_8],0.0
cons[火电机组分段中标量约束_17_36_9],0.0
cons[火电机组出力之和约束_17_36],-6196.6905
cons[火电机组分段中标量约束_17_37_0],0.0
cons[火电机组分段中标量约束_17_37_1],0.0
cons[火电机组分段中标量约束_17_37_2],0.0
cons[火电机组分段中标量约束_17_37_3],0.0
cons[火电机组分段中标量约束_17_37_4],0.0
cons[火电机组分段中标量约束_17_37_5],0.0
cons[火电机组分段中标量约束_17_37_6],0.0
cons[火电机组分段中标量约束_17_37_7],0.0
cons[火电机组分段中标量约束_17_37_8],0.0
cons[火电机组分段中标量约束_17_37_9],0.0
cons[火电机组出力之和约束_17_37],-6196.6905
cons[火电机组分段中标量约束_17_38_0],0.0
cons[火电机组分段中标量约束_17_38_1],0.0
cons[火电机组分段中标量约束_17_38_2],0.0
cons[火电机组分段中标量约束_17_38_3],0.0
cons[火电机组分段中标量约束_17_38_4],0.0
cons[火电机组分段中标量约束_17_38_5],0.0
cons[火电机组分段中标量约束_17_38_6],0.0
cons[火电机组分段中标量约束_17_38_7],0.0
cons[火电机组分段中标量约束_17_38_8],0.0
cons[火电机组分段中标量约束_17_38_9],0.0
cons[火电机组出力之和约束_17_38],-6196.6905
cons[火电机组分段中标量约束_17_39_0],0.0
cons[火电机组分段中标量约束_17_39_1],0.0
cons[火电机组分段中标量约束_17_39_2],0.0
cons[火电机组分段中标量约束_17_39_3],0.0
cons[火电机组分段中标量约束_17_39_4],0.0
cons[火电机组分段中标量约束_17_39_5],0.0
cons[火电机组分段中标量约束_17_39_6],0.0
cons[火电机组分段中标量约束_17_39_7],0.0
cons[火电机组分段中标量约束_17_39_8],0.0
cons[火电机组分段中标量约束_17_39_9],0.0
cons[火电机组出力之和约束_17_39],-6196.6905
cons[火电机组分段中标量约束_17_40_0],0.0
cons[火电机组分段中标量约束_17_40_1],0.0
cons[火电机组分段中标量约束_17_40_2],0.0
cons[火电机组分段中标量约束_17_40_3],0.0
cons[火电机组分段中标量约束_17_40_4],0.0
cons[火电机组分段中标量约束_17_40_5],0.0
cons[火电机组分段中标量约束_17_40_6],0.0
cons[火电机组分段中标量约束_17_40_7],0.0
cons[火电机组分段中标量约束_17_40_8],0.0
cons[火电机组分段中标量约束_17_40_9],0.0
cons[火电机组出力之和约束_17_40],-6196.6905
cons[火电机组分段中标量约束_17_41_0],0.0
cons[火电机组分段中标量约束_17_41_1],0.0
cons[火电机组分段中标量约束_17_41_2],0.0
cons[火电机组分段中标量约束_17_41_3],0.0
cons[火电机组分段中标量约束_17_41_4],0.0
cons[火电机组分段中标量约束_17_41_5],0.0
cons[火电机组分段中标量约束_17_41_6],0.0
cons[火电机组分段中标量约束_17_41_7],0.0
cons[火电机组分段中标量约束_17_41_8],0.0
cons[火电机组分段中标量约束_17_41_9],0.0
cons[火电机组出力之和约束_17_41],-6196.6905
cons[火电机组分段中标量约束_17_42_0],0.0
cons[火电机组分段中标量约束_17_42_1],0.0
cons[火电机组分段中标量约束_17_42_2],0.0
cons[火电机组分段中标量约束_17_42_3],0.0
cons[火电机组分段中标量约束_17_42_4],0.0
cons[火电机组分段中标量约束_17_42_5],0.0
cons[火电机组分段中标量约束_17_42_6],0.0
cons[火电机组分段中标量约束_17_42_7],0.0
cons[火电机组分段中标量约束_17_42_8],0.0
cons[火电机组分段中标量约束_17_42_9],0.0
cons[火电机组出力之和约束_17_42],-6196.6905
cons[火电机组分段中标量约束_17_43_0],0.0
cons[火电机组分段中标量约束_17_43_1],0.0
cons[火电机组分段中标量约束_17_43_2],0.0
cons[火电机组分段中标量约束_17_43_3],0.0
cons[火电机组分段中标量约束_17_43_4],0.0
cons[火电机组分段中标量约束_17_43_5],0.0
cons[火电机组分段中标量约束_17_43_6],0.0
cons[火电机组分段中标量约束_17_43_7],0.0
cons[火电机组分段中标量约束_17_43_8],0.0
cons[火电机组分段中标量约束_17_43_9],0.0
cons[火电机组出力之和约束_17_43],-6196.6905
cons[火电机组分段中标量约束_17_44_0],0.0
cons[火电机组分段中标量约束_17_44_1],0.0
cons[火电机组分段中标量约束_17_44_2],0.0
cons[火电机组分段中标量约束_17_44_3],0.0
cons[火电机组分段中标量约束_17_44_4],0.0
cons[火电机组分段中标量约束_17_44_5],0.0
cons[火电机组分段中标量约束_17_44_6],0.0
cons[火电机组分段中标量约束_17_44_7],0.0
cons[火电机组分段中标量约束_17_44_8],0.0
cons[火电机组分段中标量约束_17_44_9],0.0
cons[火电机组出力之和约束_17_44],-6196.6905
cons[火电机组分段中标量约束_17_45_0],0.0
cons[火电机组分段中标量约束_17_45_1],0.0
cons[火电机组分段中标量约束_17_45_2],0.0
cons[火电机组分段中标量约束_17_45_3],0.0
cons[火电机组分段中标量约束_17_45_4],0.0
cons[火电机组分段中标量约束_17_45_5],0.0
cons[火电机组分段中标量约束_17_45_6],0.0
cons[火电机组分段中标量约束_17_45_7],0.0
cons[火电机组分段中标量约束_17_45_8],0.0
cons[火电机组分段中标量约束_17_45_9],0.0
cons[火电机组出力之和约束_17_45],-6196.6905
cons[火电机组分段中标量约束_17_46_0],0.0
cons[火电机组分段中标量约束_17_46_1],0.0
cons[火电机组分段中标量约束_17_46_2],0.0
cons[火电机组分段中标量约束_17_46_3],0.0
cons[火电机组分段中标量约束_17_46_4],0.0
cons[火电机组分段中标量约束_17_46_5],0.0
cons[火电机组分段中标量约束_17_46_6],0.0
cons[火电机组分段中标量约束_17_46_7],0.0
cons[火电机组分段中标量约束_17_46_8],0.0
cons[火电机组分段中标量约束_17_46_9],0.0
cons[火电机组出力之和约束_17_46],-6196.6905
cons[火电机组分段中标量约束_17_47_0],0.0
cons[火电机组分段中标量约束_17_47_1],0.0
cons[火电机组分段中标量约束_17_47_2],0.0
cons[火电机组分段中标量约束_17_47_3],0.0
cons[火电机组分段中标量约束_17_47_4],0.0
cons[火电机组分段中标量约束_17_47_5],0.0
cons[火电机组分段中标量约束_17_47_6],0.0
cons[火电机组分段中标量约束_17_47_7],0.0
cons[火电机组分段中标量约束_17_47_8],0.0
cons[火电机组分段中标量约束_17_47_9],0.0
cons[火电机组出力之和约束_17_47],-6196.6905
cons[火电机组分段中标量约束_17_48_0],0.0
cons[火电机组分段中标量约束_17_48_1],0.0
cons[火电机组分段中标量约束_17_48_2],0.0
cons[火电机组分段中标量约束_17_48_3],0.0
cons[火电机组分段中标量约束_17_48_4],0.0
cons[火电机组分段中标量约束_17_48_5],0.0
cons[火电机组分段中标量约束_17_48_6],0.0
cons[火电机组分段中标量约束_17_48_7],0.0
cons[火电机组分段中标量约束_17_48_8],0.0
cons[火电机组分段中标量约束_17_48_9],0.0
cons[火电机组出力之和约束_17_48],-6196.6905
cons[火电机组分段中标量约束_17_49_0],0.0
cons[火电机组分段中标量约束_17_49_1],0.0
cons[火电机组分段中标量约束_17_49_2],0.0
cons[火电机组分段中标量约束_17_49_3],0.0
cons[火电机组分段中标量约束_17_49_4],0.0
cons[火电机组分段中标量约束_17_49_5],0.0
cons[火电机组分段中标量约束_17_49_6],0.0
cons[火电机组分段中标量约束_17_49_7],0.0
cons[火电机组分段中标量约束_17_49_8],0.0
cons[火电机组分段中标量约束_17_49_9],0.0
cons[火电机组出力之和约束_17_49],-6196.6905
cons[火电机组分段中标量约束_17_50_0],0.0
cons[火电机组分段中标量约束_17_50_1],0.0
cons[火电机组分段中标量约束_17_50_2],0.0
cons[火电机组分段中标量约束_17_50_3],0.0
cons[火电机组分段中标量约束_17_50_4],0.0
cons[火电机组分段中标量约束_17_50_5],0.0
cons[火电机组分段中标量约束_17_50_6],0.0
cons[火电机组分段中标量约束_17_50_7],0.0
cons[火电机组分段中标量约束_17_50_8],0.0
cons[火电机组分段中标量约束_17_50_9],0.0
cons[火电机组出力之和约束_17_50],-6196.6905
cons[火电机组分段中标量约束_17_51_0],0.0
cons[火电机组分段中标量约束_17_51_1],0.0
cons[火电机组分段中标量约束_17_51_2],0.0
cons[火电机组分段中标量约束_17_51_3],0.0
cons[火电机组分段中标量约束_17_51_4],0.0
cons[火电机组分段中标量约束_17_51_5],0.0
cons[火电机组分段中标量约束_17_51_6],0.0
cons[火电机组分段中标量约束_17_51_7],0.0
cons[火电机组分段中标量约束_17_51_8],0.0
cons[火电机组分段中标量约束_17_51_9],0.0
cons[火电机组出力之和约束_17_51],-6196.6905
cons[火电机组分段中标量约束_17_52_0],0.0
cons[火电机组分段中标量约束_17_52_1],0.0
cons[火电机组分段中标量约束_17_52_2],0.0
cons[火电机组分段中标量约束_17_52_3],0.0
cons[火电机组分段中标量约束_17_52_4],0.0
cons[火电机组分段中标量约束_17_52_5],0.0
cons[火电机组分段中标量约束_17_52_6],0.0
cons[火电机组分段中标量约束_17_52_7],0.0
cons[火电机组分段中标量约束_17_52_8],0.0
cons[火电机组分段中标量约束_17_52_9],0.0
cons[火电机组出力之和约束_17_52],-6196.6905
cons[火电机组分段中标量约束_17_53_0],0.0
cons[火电机组分段中标量约束_17_53_1],0.0
cons[火电机组分段中标量约束_17_53_2],0.0
cons[火电机组分段中标量约束_17_53_3],0.0
cons[火电机组分段中标量约束_17_53_4],0.0
cons[火电机组分段中标量约束_17_53_5],0.0
cons[火电机组分段中标量约束_17_53_6],0.0
cons[火电机组分段中标量约束_17_53_7],0.0
cons[火电机组分段中标量约束_17_53_8],0.0
cons[火电机组分段中标量约束_17_53_9],0.0
cons[火电机组出力之和约束_17_53],-6196.6905
cons[火电机组分段中标量约束_17_54_0],0.0
cons[火电机组分段中标量约束_17_54_1],0.0
cons[火电机组分段中标量约束_17_54_2],0.0
cons[火电机组分段中标量约束_17_54_3],0.0
cons[火电机组分段中标量约束_17_54_4],0.0
cons[火电机组分段中标量约束_17_54_5],0.0
cons[火电机组分段中标量约束_17_54_6],0.0
cons[火电机组分段中标量约束_17_54_7],0.0
cons[火电机组分段中标量约束_17_54_8],0.0
cons[火电机组分段中标量约束_17_54_9],0.0
cons[火电机组出力之和约束_17_54],-6196.6905
cons[火电机组分段中标量约束_17_55_0],0.0
cons[火电机组分段中标量约束_17_55_1],0.0
cons[火电机组分段中标量约束_17_55_2],0.0
cons[火电机组分段中标量约束_17_55_3],0.0
cons[火电机组分段中标量约束_17_55_4],0.0
cons[火电机组分段中标量约束_17_55_5],0.0
cons[火电机组分段中标量约束_17_55_6],0.0
cons[火电机组分段中标量约束_17_55_7],0.0
cons[火电机组分段中标量约束_17_55_8],0.0
cons[火电机组分段中标量约束_17_55_9],0.0
cons[火电机组出力之和约束_17_55],-6196.6905
cons[火电机组分段中标量约束_17_56_0],0.0
cons[火电机组分段中标量约束_17_56_1],0.0
cons[火电机组分段中标量约束_17_56_2],0.0
cons[火电机组分段中标量约束_17_56_3],0.0
cons[火电机组分段中标量约束_17_56_4],0.0
cons[火电机组分段中标量约束_17_56_5],0.0
cons[火电机组分段中标量约束_17_56_6],0.0
cons[火电机组分段中标量约束_17_56_7],0.0
cons[火电机组分段中标量约束_17_56_8],0.0
cons[火电机组分段中标量约束_17_56_9],0.0
cons[火电机组出力之和约束_17_56],-6196.6905
cons[火电机组分段中标量约束_17_57_0],0.0
cons[火电机组分段中标量约束_17_57_1],0.0
cons[火电机组分段中标量约束_17_57_2],0.0
cons[火电机组分段中标量约束_17_57_3],0.0
cons[火电机组分段中标量约束_17_57_4],0.0
cons[火电机组分段中标量约束_17_57_5],0.0
cons[火电机组分段中标量约束_17_57_6],0.0
cons[火电机组分段中标量约束_17_57_7],0.0
cons[火电机组分段中标量约束_17_57_8],0.0
cons[火电机组分段中标量约束_17_57_9],0.0
cons[火电机组出力之和约束_17_57],-6196.6905
cons[火电机组分段中标量约束_17_58_0],0.0
cons[火电机组分段中标量约束_17_58_1],0.0
cons[火电机组分段中标量约束_17_58_2],0.0
cons[火电机组分段中标量约束_17_58_3],0.0
cons[火电机组分段中标量约束_17_58_4],0.0
cons[火电机组分段中标量约束_17_58_5],0.0
cons[火电机组分段中标量约束_17_58_6],0.0
cons[火电机组分段中标量约束_17_58_7],0.0
cons[火电机组分段中标量约束_17_58_8],0.0
cons[火电机组分段中标量约束_17_58_9],0.0
cons[火电机组出力之和约束_17_58],-6196.6905
cons[火电机组分段中标量约束_17_59_0],0.0
cons[火电机组分段中标量约束_17_59_1],0.0
cons[火电机组分段中标量约束_17_59_2],0.0
cons[火电机组分段中标量约束_17_59_3],0.0
cons[火电机组分段中标量约束_17_59_4],0.0
cons[火电机组分段中标量约束_17_59_5],0.0
cons[火电机组分段中标量约束_17_59_6],0.0
cons[火电机组分段中标量约束_17_59_7],0.0
cons[火电机组分段中标量约束_17_59_8],0.0
cons[火电机组分段中标量约束_17_59_9],0.0
cons[火电机组出力之和约束_17_59],-6196.6905
cons[火电机组分段中标量约束_17_60_0],0.0
cons[火电机组分段中标量约束_17_60_1],0.0
cons[火电机组分段中标量约束_17_60_2],0.0
cons[火电机组分段中标量约束_17_60_3],0.0
cons[火电机组分段中标量约束_17_60_4],0.0
cons[火电机组分段中标量约束_17_60_5],0.0
cons[火电机组分段中标量约束_17_60_6],0.0
cons[火电机组分段中标量约束_17_60_7],0.0
cons[火电机组分段中标量约束_17_60_8],0.0
cons[火电机组分段中标量约束_17_60_9],0.0
cons[火电机组出力之和约束_17_60],-6196.6905
cons[火电机组分段中标量约束_17_61_0],0.0
cons[火电机组分段中标量约束_17_61_1],0.0
cons[火电机组分段中标量约束_17_61_2],0.0
cons[火电机组分段中标量约束_17_61_3],0.0
cons[火电机组分段中标量约束_17_61_4],0.0
cons[火电机组分段中标量约束_17_61_5],0.0
cons[火电机组分段中标量约束_17_61_6],0.0
cons[火电机组分段中标量约束_17_61_7],0.0
cons[火电机组分段中标量约束_17_61_8],0.0
cons[火电机组分段中标量约束_17_61_9],0.0
cons[火电机组出力之和约束_17_61],-6196.6905
cons[火电机组分段中标量约束_17_62_0],0.0
cons[火电机组分段中标量约束_17_62_1],0.0
cons[火电机组分段中标量约束_17_62_2],0.0
cons[火电机组分段中标量约束_17_62_3],0.0
cons[火电机组分段中标量约束_17_62_4],0.0
cons[火电机组分段中标量约束_17_62_5],0.0
cons[火电机组分段中标量约束_17_62_6],0.0
cons[火电机组分段中标量约束_17_62_7],0.0
cons[火电机组分段中标量约束_17_62_8],0.0
cons[火电机组分段中标量约束_17_62_9],0.0
cons[火电机组出力之和约束_17_62],-6196.6905
cons[火电机组分段中标量约束_17_63_0],0.0
cons[火电机组分段中标量约束_17_63_1],0.0
cons[火电机组分段中标量约束_17_63_2],0.0
cons[火电机组分段中标量约束_17_63_3],0.0
cons[火电机组分段中标量约束_17_63_4],0.0
cons[火电机组分段中标量约束_17_63_5],0.0
cons[火电机组分段中标量约束_17_63_6],0.0
cons[火电机组分段中标量约束_17_63_7],0.0
cons[火电机组分段中标量约束_17_63_8],0.0
cons[火电机组分段中标量约束_17_63_9],0.0
cons[火电机组出力之和约束_17_63],-6196.6905
cons[火电机组分段中标量约束_17_64_0],0.0
cons[火电机组分段中标量约束_17_64_1],0.0
cons[火电机组分段中标量约束_17_64_2],0.0
cons[火电机组分段中标量约束_17_64_3],0.0
cons[火电机组分段中标量约束_17_64_4],0.0
cons[火电机组分段中标量约束_17_64_5],0.0
cons[火电机组分段中标量约束_17_64_6],0.0
cons[火电机组分段中标量约束_17_64_7],0.0
cons[火电机组分段中标量约束_17_64_8],0.0
cons[火电机组分段中标量约束_17_64_9],0.0
cons[火电机组出力之和约束_17_64],-6196.6905
cons[火电机组分段中标量约束_17_65_0],-3.412500000000364
cons[火电机组分段中标量约束_17_65_1],0.0
cons[火电机组分段中标量约束_17_65_2],0.0
cons[火电机组分段中标量约束_17_65_3],0.0
cons[火电机组分段中标量约束_17_65_4],0.0
cons[火电机组分段中标量约束_17_65_5],0.0
cons[火电机组分段中标量约束_17_65_6],0.0
cons[火电机组分段中标量约束_17_65_7],0.0
cons[火电机组分段中标量约束_17_65_8],0.0
cons[火电机组分段中标量约束_17_65_9],0.0
cons[火电机组出力之和约束_17_65],-6200.103
cons[火电机组分段中标量约束_17_66_0],-23.159500000000662
cons[火电机组分段中标量约束_17_66_1],0.0
cons[火电机组分段中标量约束_17_66_2],0.0
cons[火电机组分段中标量约束_17_66_3],0.0
cons[火电机组分段中标量约束_17_66_4],0.0
cons[火电机组分段中标量约束_17_66_5],0.0
cons[火电机组分段中标量约束_17_66_6],0.0
cons[火电机组分段中标量约束_17_66_7],0.0
cons[火电机组分段中标量约束_17_66_8],0.0
cons[火电机组分段中标量约束_17_66_9],0.0
cons[火电机组出力之和约束_17_66],-6219.85
cons[火电机组分段中标量约束_17_67_0],-23.159500000000662
cons[火电机组分段中标量约束_17_67_1],0.0
cons[火电机组分段中标量约束_17_67_2],0.0
cons[火电机组分段中标量约束_17_67_3],0.0
cons[火电机组分段中标量约束_17_67_4],0.0
cons[火电机组分段中标量约束_17_67_5],0.0
cons[火电机组分段中标量约束_17_67_6],0.0
cons[火电机组分段中标量约束_17_67_7],0.0
cons[火电机组分段中标量约束_17_67_8],0.0
cons[火电机组分段中标量约束_17_67_9],0.0
cons[火电机组出力之和约束_17_67],-6219.85
cons[火电机组分段中标量约束_17_68_0],-23.159500000000662
cons[火电机组分段中标量约束_17_68_1],0.0
cons[火电机组分段中标量约束_17_68_2],0.0
cons[火电机组分段中标量约束_17_68_3],0.0
cons[火电机组分段中标量约束_17_68_4],0.0
cons[火电机组分段中标量约束_17_68_5],0.0
cons[火电机组分段中标量约束_17_68_6],0.0
cons[火电机组分段中标量约束_17_68_7],0.0
cons[火电机组分段中标量约束_17_68_8],0.0
cons[火电机组分段中标量约束_17_68_9],0.0
cons[火电机组出力之和约束_17_68],-6219.85
cons[火电机组分段中标量约束_17_69_0],-23.159500000000662
cons[火电机组分段中标量约束_17_69_1],0.0
cons[火电机组分段中标量约束_17_69_2],0.0
cons[火电机组分段中标量约束_17_69_3],0.0
cons[火电机组分段中标量约束_17_69_4],0.0
cons[火电机组分段中标量约束_17_69_5],0.0
cons[火电机组分段中标量约束_17_69_6],0.0
cons[火电机组分段中标量约束_17_69_7],0.0
cons[火电机组分段中标量约束_17_69_8],0.0
cons[火电机组分段中标量约束_17_69_9],0.0
cons[火电机组出力之和约束_17_69],-6219.85
cons[火电机组分段中标量约束_17_70_0],-23.159500000000662
cons[火电机组分段中标量约束_17_70_1],0.0
cons[火电机组分段中标量约束_17_70_2],0.0
cons[火电机组分段中标量约束_17_70_3],0.0
cons[火电机组分段中标量约束_17_70_4],0.0
cons[火电机组分段中标量约束_17_70_5],0.0
cons[火电机组分段中标量约束_17_70_6],0.0
cons[火电机组分段中标量约束_17_70_7],0.0
cons[火电机组分段中标量约束_17_70_8],0.0
cons[火电机组分段中标量约束_17_70_9],0.0
cons[火电机组出力之和约束_17_70],-6219.85
cons[火电机组分段中标量约束_17_71_0],-45.545500000000175
cons[火电机组分段中标量约束_17_71_1],0.0
cons[火电机组分段中标量约束_17_71_2],0.0
cons[火电机组分段中标量约束_17_71_3],0.0
cons[火电机组分段中标量约束_17_71_4],0.0
cons[火电机组分段中标量约束_17_71_5],0.0
cons[火电机组分段中标量约束_17_71_6],0.0
cons[火电机组分段中标量约束_17_71_7],0.0
cons[火电机组分段中标量约束_17_71_8],0.0
cons[火电机组分段中标量约束_17_71_9],0.0
cons[火电机组出力之和约束_17_71],-6242.236
cons[火电机组分段中标量约束_17_72_0],-49.45849999999973
cons[火电机组分段中标量约束_17_72_1],-3.912999999999556
cons[火电机组分段中标量约束_17_72_2],0.0
cons[火电机组分段中标量约束_17_72_3],0.0
cons[火电机组分段中标量约束_17_72_4],0.0
cons[火电机组分段中标量约束_17_72_5],0.0
cons[火电机组分段中标量约束_17_72_6],0.0
cons[火电机组分段中标量约束_17_72_7],0.0
cons[火电机组分段中标量约束_17_72_8],0.0
cons[火电机组分段中标量约束_17_72_9],0.0
cons[火电机组出力之和约束_17_72],-6246.148999999999
cons[火电机组分段中标量约束_17_73_0],-59.55950000000303
cons[火电机组分段中标量约束_17_73_1],-14.014000000002852
cons[火电机组分段中标量约束_17_73_2],0.0
cons[火电机组分段中标量约束_17_73_3],0.0
cons[火电机组分段中标量约束_17_73_4],0.0
cons[火电机组分段中标量约束_17_73_5],0.0
cons[火电机组分段中标量约束_17_73_6],0.0
cons[火电机组分段中标量约束_17_73_7],0.0
cons[火电机组分段中标量约束_17_73_8],0.0
cons[火电机组分段中标量约束_17_73_9],0.0
cons[火电机组出力之和约束_17_73],-6256.250000000003
cons[火电机组分段中标量约束_17_74_0],-91.09100000000035
cons[火电机组分段中标量约束_17_74_1],-45.545500000000175
cons[火电机组分段中标量约束_17_74_2],0.0
cons[火电机组分段中标量约束_17_74_3],0.0
cons[火电机组分段中标量约束_17_74_4],0.0
cons[火电机组分段中标量约束_17_74_5],0.0
cons[火电机组分段中标量约束_17_74_6],0.0
cons[火电机组分段中标量约束_17_74_7],0.0
cons[火电机组分段中标量约束_17_74_8],0.0
cons[火电机组分段中标量约束_17_74_9],0.0
cons[火电机组出力之和约束_17_74],-6287.7815
cons[火电机组分段中标量约束_17_75_0],-91.09100000000035
cons[火电机组分段中标量约束_17_75_1],-45.545500000000175
cons[火电机组分段中标量约束_17_75_2],0.0
cons[火电机组分段中标量约束_17_75_3],0.0
cons[火电机组分段中标量约束_17_75_4],0.0
cons[火电机组分段中标量约束_17_75_5],0.0
cons[火电机组分段中标量约束_17_75_6],0.0
cons[火电机组分段中标量约束_17_75_7],0.0
cons[火电机组分段中标量约束_17_75_8],0.0
cons[火电机组分段中标量约束_17_75_9],0.0
cons[火电机组出力之和约束_17_75],-6287.7815
cons[火电机组分段中标量约束_17_76_0],-49.45849999999973
cons[火电机组分段中标量约束_17_76_1],-3.912999999999556
cons[火电机组分段中标量约束_17_76_2],0.0
cons[火电机组分段中标量约束_17_76_3],0.0
cons[火电机组分段中标量约束_17_76_4],0.0
cons[火电机组分段中标量约束_17_76_5],0.0
cons[火电机组分段中标量约束_17_76_6],0.0
cons[火电机组分段中标量约束_17_76_7],0.0
cons[火电机组分段中标量约束_17_76_8],0.0
cons[火电机组分段中标量约束_17_76_9],0.0
cons[火电机组出力之和约束_17_76],-6246.148999999999
cons[火电机组分段中标量约束_17_77_0],-45.545500000000175
cons[火电机组分段中标量约束_17_77_1],0.0
cons[火电机组分段中标量约束_17_77_2],0.0
cons[火电机组分段中标量约束_17_77_3],0.0
cons[火电机组分段中标量约束_17_77_4],0.0
cons[火电机组分段中标量约束_17_77_5],0.0
cons[火电机组分段中标量约束_17_77_6],0.0
cons[火电机组分段中标量约束_17_77_7],0.0
cons[火电机组分段中标量约束_17_77_8],0.0
cons[火电机组分段中标量约束_17_77_9],0.0
cons[火电机组出力之和约束_17_77],-6242.236
cons[火电机组分段中标量约束_17_78_0],-23.159500000000662
cons[火电机组分段中标量约束_17_78_1],0.0
cons[火电机组分段中标量约束_17_78_2],0.0
cons[火电机组分段中标量约束_17_78_3],0.0
cons[火电机组分段中标量约束_17_78_4],0.0
cons[火电机组分段中标量约束_17_78_5],0.0
cons[火电机组分段中标量约束_17_78_6],0.0
cons[火电机组分段中标量约束_17_78_7],0.0
cons[火电机组分段中标量约束_17_78_8],0.0
cons[火电机组分段中标量约束_17_78_9],0.0
cons[火电机组出力之和约束_17_78],-6219.85
cons[火电机组分段中标量约束_17_79_0],-23.159500000000662
cons[火电机组分段中标量约束_17_79_1],0.0
cons[火电机组分段中标量约束_17_79_2],0.0
cons[火电机组分段中标量约束_17_79_3],0.0
cons[火电机组分段中标量约束_17_79_4],0.0
cons[火电机组分段中标量约束_17_79_5],0.0
cons[火电机组分段中标量约束_17_79_6],0.0
cons[火电机组分段中标量约束_17_79_7],0.0
cons[火电机组分段中标量约束_17_79_8],0.0
cons[火电机组分段中标量约束_17_79_9],0.0
cons[火电机组出力之和约束_17_79],-6219.85
cons[火电机组分段中标量约束_17_80_0],-3.412500000000364
cons[火电机组分段中标量约束_17_80_1],0.0
cons[火电机组分段中标量约束_17_80_2],0.0
cons[火电机组分段中标量约束_17_80_3],0.0
cons[火电机组分段中标量约束_17_80_4],0.0
cons[火电机组分段中标量约束_17_80_5],0.0
cons[火电机组分段中标量约束_17_80_6],0.0
cons[火电机组分段中标量约束_17_80_7],0.0
cons[火电机组分段中标量约束_17_80_8],0.0
cons[火电机组分段中标量约束_17_80_9],0.0
cons[火电机组出力之和约束_17_80],-6200.103
cons[火电机组分段中标量约束_17_81_0],0.0
cons[火电机组分段中标量约束_17_81_1],0.0
cons[火电机组分段中标量约束_17_81_2],0.0
cons[火电机组分段中标量约束_17_81_3],0.0
cons[火电机组分段中标量约束_17_81_4],0.0
cons[火电机组分段中标量约束_17_81_5],0.0
cons[火电机组分段中标量约束_17_81_6],0.0
cons[火电机组分段中标量约束_17_81_7],0.0
cons[火电机组分段中标量约束_17_81_8],0.0
cons[火电机组分段中标量约束_17_81_9],0.0
cons[火电机组出力之和约束_17_81],-6196.6905
cons[火电机组分段中标量约束_17_82_0],0.0
cons[火电机组分段中标量约束_17_82_1],0.0
cons[火电机组分段中标量约束_17_82_2],0.0
cons[火电机组分段中标量约束_17_82_3],0.0
cons[火电机组分段中标量约束_17_82_4],0.0
cons[火电机组分段中标量约束_17_82_5],0.0
cons[火电机组分段中标量约束_17_82_6],0.0
cons[火电机组分段中标量约束_17_82_7],0.0
cons[火电机组分段中标量约束_17_82_8],0.0
cons[火电机组分段中标量约束_17_82_9],0.0
cons[火电机组出力之和约束_17_82],-6196.6905
cons[火电机组分段中标量约束_17_83_0],0.0
cons[火电机组分段中标量约束_17_83_1],0.0
cons[火电机组分段中标量约束_17_83_2],0.0
cons[火电机组分段中标量约束_17_83_3],0.0
cons[火电机组分段中标量约束_17_83_4],0.0
cons[火电机组分段中标量约束_17_83_5],0.0
cons[火电机组分段中标量约束_17_83_6],0.0
cons[火电机组分段中标量约束_17_83_7],0.0
cons[火电机组分段中标量约束_17_83_8],0.0
cons[火电机组分段中标量约束_17_83_9],0.0
cons[火电机组出力之和约束_17_83],-6196.6905
cons[火电机组分段中标量约束_17_84_0],0.0
cons[火电机组分段中标量约束_17_84_1],0.0
cons[火电机组分段中标量约束_17_84_2],0.0
cons[火电机组分段中标量约束_17_84_3],0.0
cons[火电机组分段中标量约束_17_84_4],0.0
cons[火电机组分段中标量约束_17_84_5],0.0
cons[火电机组分段中标量约束_17_84_6],0.0
cons[火电机组分段中标量约束_17_84_7],0.0
cons[火电机组分段中标量约束_17_84_8],0.0
cons[火电机组分段中标量约束_17_84_9],0.0
cons[火电机组出力之和约束_17_84],-6196.6905
cons[火电机组分段中标量约束_17_85_0],0.0
cons[火电机组分段中标量约束_17_85_1],0.0
cons[火电机组分段中标量约束_17_85_2],0.0
cons[火电机组分段中标量约束_17_85_3],0.0
cons[火电机组分段中标量约束_17_85_4],0.0
cons[火电机组分段中标量约束_17_85_5],0.0
cons[火电机组分段中标量约束_17_85_6],0.0
cons[火电机组分段中标量约束_17_85_7],0.0
cons[火电机组分段中标量约束_17_85_8],0.0
cons[火电机组分段中标量约束_17_85_9],0.0
cons[火电机组出力之和约束_17_85],0.0
cons[火电机组分段中标量约束_17_86_0],0.0
cons[火电机组分段中标量约束_17_86_1],0.0
cons[火电机组分段中标量约束_17_86_2],0.0
cons[火电机组分段中标量约束_17_86_3],0.0
cons[火电机组分段中标量约束_17_86_4],0.0
cons[火电机组分段中标量约束_17_86_5],0.0
cons[火电机组分段中标量约束_17_86_6],0.0
cons[火电机组分段中标量约束_17_86_7],0.0
cons[火电机组分段中标量约束_17_86_8],0.0
cons[火电机组分段中标量约束_17_86_9],0.0
cons[火电机组出力之和约束_17_86],0.0
cons[火电机组分段中标量约束_17_87_0],0.0
cons[火电机组分段中标量约束_17_87_1],0.0
cons[火电机组分段中标量约束_17_87_2],0.0
cons[火电机组分段中标量约束_17_87_3],0.0
cons[火电机组分段中标量约束_17_87_4],0.0
cons[火电机组分段中标量约束_17_87_5],0.0
cons[火电机组分段中标量约束_17_87_6],0.0
cons[火电机组分段中标量约束_17_87_7],0.0
cons[火电机组分段中标量约束_17_87_8],0.0
cons[火电机组分段中标量约束_17_87_9],0.0
cons[火电机组出力之和约束_17_87],0.0
cons[火电机组分段中标量约束_17_88_0],0.0
cons[火电机组分段中标量约束_17_88_1],0.0
cons[火电机组分段中标量约束_17_88_2],0.0
cons[火电机组分段中标量约束_17_88_3],0.0
cons[火电机组分段中标量约束_17_88_4],0.0
cons[火电机组分段中标量约束_17_88_5],0.0
cons[火电机组分段中标量约束_17_88_6],0.0
cons[火电机组分段中标量约束_17_88_7],0.0
cons[火电机组分段中标量约束_17_88_8],0.0
cons[火电机组分段中标量约束_17_88_9],0.0
cons[火电机组出力之和约束_17_88],0.0
cons[火电机组分段中标量约束_17_89_0],0.0
cons[火电机组分段中标量约束_17_89_1],0.0
cons[火电机组分段中标量约束_17_89_2],0.0
cons[火电机组分段中标量约束_17_89_3],0.0
cons[火电机组分段中标量约束_17_89_4],0.0
cons[火电机组分段中标量约束_17_89_5],0.0
cons[火电机组分段中标量约束_17_89_6],0.0
cons[火电机组分段中标量约束_17_89_7],0.0
cons[火电机组分段中标量约束_17_89_8],0.0
cons[火电机组分段中标量约束_17_89_9],0.0
cons[火电机组出力之和约束_17_89],0.0
cons[火电机组分段中标量约束_17_90_0],0.0
cons[火电机组分段中标量约束_17_90_1],0.0
cons[火电机组分段中标量约束_17_90_2],0.0
cons[火电机组分段中标量约束_17_90_3],0.0
cons[火电机组分段中标量约束_17_90_4],0.0
cons[火电机组分段中标量约束_17_90_5],0.0
cons[火电机组分段中标量约束_17_90_6],0.0
cons[火电机组分段中标量约束_17_90_7],0.0
cons[火电机组分段中标量约束_17_90_8],0.0
cons[火电机组分段中标量约束_17_90_9],0.0
cons[火电机组出力之和约束_17_90],0.0
cons[火电机组分段中标量约束_17_91_0],0.0
cons[火电机组分段中标量约束_17_91_1],0.0
cons[火电机组分段中标量约束_17_91_2],0.0
cons[火电机组分段中标量约束_17_91_3],0.0
cons[火电机组分段中标量约束_17_91_4],0.0
cons[火电机组分段中标量约束_17_91_5],0.0
cons[火电机组分段中标量约束_17_91_6],0.0
cons[火电机组分段中标量约束_17_91_7],0.0
cons[火电机组分段中标量约束_17_91_8],0.0
cons[火电机组分段中标量约束_17_91_9],0.0
cons[火电机组出力之和约束_17_91],0.0
cons[火电机组分段中标量约束_17_92_0],0.0
cons[火电机组分段中标量约束_17_92_1],0.0
cons[火电机组分段中标量约束_17_92_2],0.0
cons[火电机组分段中标量约束_17_92_3],0.0
cons[火电机组分段中标量约束_17_92_4],0.0
cons[火电机组分段中标量约束_17_92_5],0.0
cons[火电机组分段中标量约束_17_92_6],0.0
cons[火电机组分段中标量约束_17_92_7],0.0
cons[火电机组分段中标量约束_17_92_8],0.0
cons[火电机组分段中标量约束_17_92_9],0.0
cons[火电机组出力之和约束_17_92],0.0
cons[火电机组分段中标量约束_17_93_0],0.0
cons[火电机组分段中标量约束_17_93_1],0.0
cons[火电机组分段中标量约束_17_93_2],0.0
cons[火电机组分段中标量约束_17_93_3],0.0
cons[火电机组分段中标量约束_17_93_4],0.0
cons[火电机组分段中标量约束_17_93_5],0.0
cons[火电机组分段中标量约束_17_93_6],0.0
cons[火电机组分段中标量约束_17_93_7],0.0
cons[火电机组分段中标量约束_17_93_8],0.0
cons[火电机组分段中标量约束_17_93_9],0.0
cons[火电机组出力之和约束_17_93],0.0
cons[火电机组分段中标量约束_17_94_0],0.0
cons[火电机组分段中标量约束_17_94_1],0.0
cons[火电机组分段中标量约束_17_94_2],0.0
cons[火电机组分段中标量约束_17_94_3],0.0
cons[火电机组分段中标量约束_17_94_4],0.0
cons[火电机组分段中标量约束_17_94_5],0.0
cons[火电机组分段中标量约束_17_94_6],0.0
cons[火电机组分段中标量约束_17_94_7],0.0
cons[火电机组分段中标量约束_17_94_8],0.0
cons[火电机组分段中标量约束_17_94_9],0.0
cons[火电机组出力之和约束_17_94],0.0
cons[火电机组分段中标量约束_17_95_0],0.0
cons[火电机组分段中标量约束_17_95_1],0.0
cons[火电机组分段中标量约束_17_95_2],0.0
cons[火电机组分段中标量约束_17_95_3],0.0
cons[火电机组分段中标量约束_17_95_4],0.0
cons[火电机组分段中标量约束_17_95_5],0.0
cons[火电机组分段中标量约束_17_95_6],0.0
cons[火电机组分段中标量约束_17_95_7],0.0
cons[火电机组分段中标量约束_17_95_8],0.0
cons[火电机组分段中标量约束_17_95_9],0.0
cons[火电机组出力之和约束_17_95],0.0
cons[火电机组分段中标量约束_18_0_0],-13.513500000000931
cons[火电机组分段中标量约束_18_0_1],0.0
cons[火电机组分段中标量约束_18_0_2],0.0
cons[火电机组分段中标量约束_18_0_3],0.0
cons[火电机组分段中标量约束_18_0_4],0.0
cons[火电机组分段中标量约束_18_0_5],0.0
cons[火电机组分段中标量约束_18_0_6],0.0
cons[火电机组分段中标量约束_18_0_7],0.0
cons[火电机组分段中标量约束_18_0_8],0.0
cons[火电机组分段中标量约束_18_0_9],0.0
cons[火电机组出力之和约束_18_0],-6210.204000000001
cons[火电机组分段中标量约束_18_1_0],0.0
cons[火电机组分段中标量约束_18_1_1],0.0
cons[火电机组分段中标量约束_18_1_2],0.0
cons[火电机组分段中标量约束_18_1_3],0.0
cons[火电机组分段中标量约束_18_1_4],0.0
cons[火电机组分段中标量约束_18_1_5],0.0
cons[火电机组分段中标量约束_18_1_6],0.0
cons[火电机组分段中标量约束_18_1_7],0.0
cons[火电机组分段中标量约束_18_1_8],0.0
cons[火电机组分段中标量约束_18_1_9],0.0
cons[火电机组出力之和约束_18_1],-6196.6905
cons[火电机组分段中标量约束_18_2_0],0.0
cons[火电机组分段中标量约束_18_2_1],0.0
cons[火电机组分段中标量约束_18_2_2],0.0
cons[火电机组分段中标量约束_18_2_3],0.0
cons[火电机组分段中标量约束_18_2_4],0.0
cons[火电机组分段中标量约束_18_2_5],0.0
cons[火电机组分段中标量约束_18_2_6],0.0
cons[火电机组分段中标量约束_18_2_7],0.0
cons[火电机组分段中标量约束_18_2_8],0.0
cons[火电机组分段中标量约束_18_2_9],0.0
cons[火电机组出力之和约束_18_2],-6196.6905
cons[火电机组分段中标量约束_18_3_0],0.0
cons[火电机组分段中标量约束_18_3_1],0.0
cons[火电机组分段中标量约束_18_3_2],0.0
cons[火电机组分段中标量约束_18_3_3],0.0
cons[火电机组分段中标量约束_18_3_4],0.0
cons[火电机组分段中标量约束_18_3_5],0.0
cons[火电机组分段中标量约束_18_3_6],0.0
cons[火电机组分段中标量约束_18_3_7],0.0
cons[火电机组分段中标量约束_18_3_8],0.0
cons[火电机组分段中标量约束_18_3_9],0.0
cons[火电机组出力之和约束_18_3],-6196.6905
cons[火电机组分段中标量约束_18_4_0],0.0
cons[火电机组分段中标量约束_18_4_1],0.0
cons[火电机组分段中标量约束_18_4_2],0.0
cons[火电机组分段中标量约束_18_4_3],0.0
cons[火电机组分段中标量约束_18_4_4],0.0
cons[火电机组分段中标量约束_18_4_5],0.0
cons[火电机组分段中标量约束_18_4_6],0.0
cons[火电机组分段中标量约束_18_4_7],0.0
cons[火电机组分段中标量约束_18_4_8],0.0
cons[火电机组分段中标量约束_18_4_9],0.0
cons[火电机组出力之和约束_18_4],-6196.6905
cons[火电机组分段中标量约束_18_5_0],0.0
cons[火电机组分段中标量约束_18_5_1],0.0
cons[火电机组分段中标量约束_18_5_2],0.0
cons[火电机组分段中标量约束_18_5_3],0.0
cons[火电机组分段中标量约束_18_5_4],0.0
cons[火电机组分段中标量约束_18_5_5],0.0
cons[火电机组分段中标量约束_18_5_6],0.0
cons[火电机组分段中标量约束_18_5_7],0.0
cons[火电机组分段中标量约束_18_5_8],0.0
cons[火电机组分段中标量约束_18_5_9],0.0
cons[火电机组出力之和约束_18_5],-6196.6905
cons[火电机组分段中标量约束_18_6_0],0.0
cons[火电机组分段中标量约束_18_6_1],0.0
cons[火电机组分段中标量约束_18_6_2],0.0
cons[火电机组分段中标量约束_18_6_3],0.0
cons[火电机组分段中标量约束_18_6_4],0.0
cons[火电机组分段中标量约束_18_6_5],0.0
cons[火电机组分段中标量约束_18_6_6],0.0
cons[火电机组分段中标量约束_18_6_7],0.0
cons[火电机组分段中标量约束_18_6_8],0.0
cons[火电机组分段中标量约束_18_6_9],0.0
cons[火电机组出力之和约束_18_6],-6196.6905
cons[火电机组分段中标量约束_18_7_0],0.0
cons[火电机组分段中标量约束_18_7_1],0.0
cons[火电机组分段中标量约束_18_7_2],0.0
cons[火电机组分段中标量约束_18_7_3],0.0
cons[火电机组分段中标量约束_18_7_4],0.0
cons[火电机组分段中标量约束_18_7_5],0.0
cons[火电机组分段中标量约束_18_7_6],0.0
cons[火电机组分段中标量约束_18_7_7],0.0
cons[火电机组分段中标量约束_18_7_8],0.0
cons[火电机组分段中标量约束_18_7_9],0.0
cons[火电机组出力之和约束_18_7],-6196.6905
cons[火电机组分段中标量约束_18_8_0],0.0
cons[火电机组分段中标量约束_18_8_1],0.0
cons[火电机组分段中标量约束_18_8_2],0.0
cons[火电机组分段中标量约束_18_8_3],0.0
cons[火电机组分段中标量约束_18_8_4],0.0
cons[火电机组分段中标量约束_18_8_5],0.0
cons[火电机组分段中标量约束_18_8_6],0.0
cons[火电机组分段中标量约束_18_8_7],0.0
cons[火电机组分段中标量约束_18_8_8],0.0
cons[火电机组分段中标量约束_18_8_9],0.0
cons[火电机组出力之和约束_18_8],-6196.6905
cons[火电机组分段中标量约束_18_9_0],0.0
cons[火电机组分段中标量约束_18_9_1],0.0
cons[火电机组分段中标量约束_18_9_2],0.0
cons[火电机组分段中标量约束_18_9_3],0.0
cons[火电机组分段中标量约束_18_9_4],0.0
cons[火电机组分段中标量约束_18_9_5],0.0
cons[火电机组分段中标量约束_18_9_6],0.0
cons[火电机组分段中标量约束_18_9_7],0.0
cons[火电机组分段中标量约束_18_9_8],0.0
cons[火电机组分段中标量约束_18_9_9],0.0
cons[火电机组出力之和约束_18_9],-6196.6905
cons[火电机组分段中标量约束_18_10_0],0.0
cons[火电机组分段中标量约束_18_10_1],0.0
cons[火电机组分段中标量约束_18_10_2],0.0
cons[火电机组分段中标量约束_18_10_3],0.0
cons[火电机组分段中标量约束_18_10_4],0.0
cons[火电机组分段中标量约束_18_10_5],0.0
cons[火电机组分段中标量约束_18_10_6],0.0
cons[火电机组分段中标量约束_18_10_7],0.0
cons[火电机组分段中标量约束_18_10_8],0.0
cons[火电机组分段中标量约束_18_10_9],0.0
cons[火电机组出力之和约束_18_10],-6196.6905
cons[火电机组分段中标量约束_18_11_0],0.0
cons[火电机组分段中标量约束_18_11_1],0.0
cons[火电机组分段中标量约束_18_11_2],0.0
cons[火电机组分段中标量约束_18_11_3],0.0
cons[火电机组分段中标量约束_18_11_4],0.0
cons[火电机组分段中标量约束_18_11_5],0.0
cons[火电机组分段中标量约束_18_11_6],0.0
cons[火电机组分段中标量约束_18_11_7],0.0
cons[火电机组分段中标量约束_18_11_8],0.0
cons[火电机组分段中标量约束_18_11_9],0.0
cons[火电机组出力之和约束_18_11],-6196.6905
cons[火电机组分段中标量约束_18_12_0],0.0
cons[火电机组分段中标量约束_18_12_1],0.0
cons[火电机组分段中标量约束_18_12_2],0.0
cons[火电机组分段中标量约束_18_12_3],0.0
cons[火电机组分段中标量约束_18_12_4],0.0
cons[火电机组分段中标量约束_18_12_5],0.0
cons[火电机组分段中标量约束_18_12_6],0.0
cons[火电机组分段中标量约束_18_12_7],0.0
cons[火电机组分段中标量约束_18_12_8],0.0
cons[火电机组分段中标量约束_18_12_9],0.0
cons[火电机组出力之和约束_18_12],-6196.6905
cons[火电机组分段中标量约束_18_13_0],0.0
cons[火电机组分段中标量约束_18_13_1],0.0
cons[火电机组分段中标量约束_18_13_2],0.0
cons[火电机组分段中标量约束_18_13_3],0.0
cons[火电机组分段中标量约束_18_13_4],0.0
cons[火电机组分段中标量约束_18_13_5],0.0
cons[火电机组分段中标量约束_18_13_6],0.0
cons[火电机组分段中标量约束_18_13_7],0.0
cons[火电机组分段中标量约束_18_13_8],0.0
cons[火电机组分段中标量约束_18_13_9],0.0
cons[火电机组出力之和约束_18_13],-6196.6905
cons[火电机组分段中标量约束_18_14_0],0.0
cons[火电机组分段中标量约束_18_14_1],0.0
cons[火电机组分段中标量约束_18_14_2],0.0
cons[火电机组分段中标量约束_18_14_3],0.0
cons[火电机组分段中标量约束_18_14_4],0.0
cons[火电机组分段中标量约束_18_14_5],0.0
cons[火电机组分段中标量约束_18_14_6],0.0
cons[火电机组分段中标量约束_18_14_7],0.0
cons[火电机组分段中标量约束_18_14_8],0.0
cons[火电机组分段中标量约束_18_14_9],0.0
cons[火电机组出力之和约束_18_14],-6196.6905
cons[火电机组分段中标量约束_18_15_0],0.0
cons[火电机组分段中标量约束_18_15_1],0.0
cons[火电机组分段中标量约束_18_15_2],0.0
cons[火电机组分段中标量约束_18_15_3],0.0
cons[火电机组分段中标量约束_18_15_4],0.0
cons[火电机组分段中标量约束_18_15_5],0.0
cons[火电机组分段中标量约束_18_15_6],0.0
cons[火电机组分段中标量约束_18_15_7],0.0
cons[火电机组分段中标量约束_18_15_8],0.0
cons[火电机组分段中标量约束_18_15_9],0.0
cons[火电机组出力之和约束_18_15],-6196.6905
cons[火电机组分段中标量约束_18_16_0],0.0
cons[火电机组分段中标量约束_18_16_1],0.0
cons[火电机组分段中标量约束_18_16_2],0.0
cons[火电机组分段中标量约束_18_16_3],0.0
cons[火电机组分段中标量约束_18_16_4],0.0
cons[火电机组分段中标量约束_18_16_5],0.0
cons[火电机组分段中标量约束_18_16_6],0.0
cons[火电机组分段中标量约束_18_16_7],0.0
cons[火电机组分段中标量约束_18_16_8],0.0
cons[火电机组分段中标量约束_18_16_9],0.0
cons[火电机组出力之和约束_18_16],-6196.6905
cons[火电机组分段中标量约束_18_17_0],0.0
cons[火电机组分段中标量约束_18_17_1],0.0
cons[火电机组分段中标量约束_18_17_2],0.0
cons[火电机组分段中标量约束_18_17_3],0.0
cons[火电机组分段中标量约束_18_17_4],0.0
cons[火电机组分段中标量约束_18_17_5],0.0
cons[火电机组分段中标量约束_18_17_6],0.0
cons[火电机组分段中标量约束_18_17_7],0.0
cons[火电机组分段中标量约束_18_17_8],0.0
cons[火电机组分段中标量约束_18_17_9],0.0
cons[火电机组出力之和约束_18_17],-6196.6905
cons[火电机组分段中标量约束_18_18_0],0.0
cons[火电机组分段中标量约束_18_18_1],0.0
cons[火电机组分段中标量约束_18_18_2],0.0
cons[火电机组分段中标量约束_18_18_3],0.0
cons[火电机组分段中标量约束_18_18_4],0.0
cons[火电机组分段中标量约束_18_18_5],0.0
cons[火电机组分段中标量约束_18_18_6],0.0
cons[火电机组分段中标量约束_18_18_7],0.0
cons[火电机组分段中标量约束_18_18_8],0.0
cons[火电机组分段中标量约束_18_18_9],0.0
cons[火电机组出力之和约束_18_18],-6196.6905
cons[火电机组分段中标量约束_18_19_0],0.0
cons[火电机组分段中标量约束_18_19_1],0.0
cons[火电机组分段中标量约束_18_19_2],0.0
cons[火电机组分段中标量约束_18_19_3],0.0
cons[火电机组分段中标量约束_18_19_4],0.0
cons[火电机组分段中标量约束_18_19_5],0.0
cons[火电机组分段中标量约束_18_19_6],0.0
cons[火电机组分段中标量约束_18_19_7],0.0
cons[火电机组分段中标量约束_18_19_8],0.0
cons[火电机组分段中标量约束_18_19_9],0.0
cons[火电机组出力之和约束_18_19],-6196.6905
cons[火电机组分段中标量约束_18_20_0],0.0
cons[火电机组分段中标量约束_18_20_1],0.0
cons[火电机组分段中标量约束_18_20_2],0.0
cons[火电机组分段中标量约束_18_20_3],0.0
cons[火电机组分段中标量约束_18_20_4],0.0
cons[火电机组分段中标量约束_18_20_5],0.0
cons[火电机组分段中标量约束_18_20_6],0.0
cons[火电机组分段中标量约束_18_20_7],0.0
cons[火电机组分段中标量约束_18_20_8],0.0
cons[火电机组分段中标量约束_18_20_9],0.0
cons[火电机组出力之和约束_18_20],-6196.6905
cons[火电机组分段中标量约束_18_21_0],0.0
cons[火电机组分段中标量约束_18_21_1],0.0
cons[火电机组分段中标量约束_18_21_2],0.0
cons[火电机组分段中标量约束_18_21_3],0.0
cons[火电机组分段中标量约束_18_21_4],0.0
cons[火电机组分段中标量约束_18_21_5],0.0
cons[火电机组分段中标量约束_18_21_6],0.0
cons[火电机组分段中标量约束_18_21_7],0.0
cons[火电机组分段中标量约束_18_21_8],0.0
cons[火电机组分段中标量约束_18_21_9],0.0
cons[火电机组出力之和约束_18_21],-6196.6905
cons[火电机组分段中标量约束_18_22_0],0.0
cons[火电机组分段中标量约束_18_22_1],0.0
cons[火电机组分段中标量约束_18_22_2],0.0
cons[火电机组分段中标量约束_18_22_3],0.0
cons[火电机组分段中标量约束_18_22_4],0.0
cons[火电机组分段中标量约束_18_22_5],0.0
cons[火电机组分段中标量约束_18_22_6],0.0
cons[火电机组分段中标量约束_18_22_7],0.0
cons[火电机组分段中标量约束_18_22_8],0.0
cons[火电机组分段中标量约束_18_22_9],0.0
cons[火电机组出力之和约束_18_22],-6196.6905
cons[火电机组分段中标量约束_18_23_0],0.0
cons[火电机组分段中标量约束_18_23_1],0.0
cons[火电机组分段中标量约束_18_23_2],0.0
cons[火电机组分段中标量约束_18_23_3],0.0
cons[火电机组分段中标量约束_18_23_4],0.0
cons[火电机组分段中标量约束_18_23_5],0.0
cons[火电机组分段中标量约束_18_23_6],0.0
cons[火电机组分段中标量约束_18_23_7],0.0
cons[火电机组分段中标量约束_18_23_8],0.0
cons[火电机组分段中标量约束_18_23_9],0.0
cons[火电机组出力之和约束_18_23],-6196.6905
cons[火电机组分段中标量约束_18_24_0],0.0
cons[火电机组分段中标量约束_18_24_1],0.0
cons[火电机组分段中标量约束_18_24_2],0.0
cons[火电机组分段中标量约束_18_24_3],0.0
cons[火电机组分段中标量约束_18_24_4],0.0
cons[火电机组分段中标量约束_18_24_5],0.0
cons[火电机组分段中标量约束_18_24_6],0.0
cons[火电机组分段中标量约束_18_24_7],0.0
cons[火电机组分段中标量约束_18_24_8],0.0
cons[火电机组分段中标量约束_18_24_9],0.0
cons[火电机组出力之和约束_18_24],-6196.6905
cons[火电机组分段中标量约束_18_25_0],0.0
cons[火电机组分段中标量约束_18_25_1],0.0
cons[火电机组分段中标量约束_18_25_2],0.0
cons[火电机组分段中标量约束_18_25_3],0.0
cons[火电机组分段中标量约束_18_25_4],0.0
cons[火电机组分段中标量约束_18_25_5],0.0
cons[火电机组分段中标量约束_18_25_6],0.0
cons[火电机组分段中标量约束_18_25_7],0.0
cons[火电机组分段中标量约束_18_25_8],0.0
cons[火电机组分段中标量约束_18_25_9],0.0
cons[火电机组出力之和约束_18_25],-6196.6905
cons[火电机组分段中标量约束_18_26_0],0.0
cons[火电机组分段中标量约束_18_26_1],0.0
cons[火电机组分段中标量约束_18_26_2],0.0
cons[火电机组分段中标量约束_18_26_3],0.0
cons[火电机组分段中标量约束_18_26_4],0.0
cons[火电机组分段中标量约束_18_26_5],0.0
cons[火电机组分段中标量约束_18_26_6],0.0
cons[火电机组分段中标量约束_18_26_7],0.0
cons[火电机组分段中标量约束_18_26_8],0.0
cons[火电机组分段中标量约束_18_26_9],0.0
cons[火电机组出力之和约束_18_26],-6196.6905
cons[火电机组分段中标量约束_18_27_0],0.0
cons[火电机组分段中标量约束_18_27_1],0.0
cons[火电机组分段中标量约束_18_27_2],0.0
cons[火电机组分段中标量约束_18_27_3],0.0
cons[火电机组分段中标量约束_18_27_4],0.0
cons[火电机组分段中标量约束_18_27_5],0.0
cons[火电机组分段中标量约束_18_27_6],0.0
cons[火电机组分段中标量约束_18_27_7],0.0
cons[火电机组分段中标量约束_18_27_8],0.0
cons[火电机组分段中标量约束_18_27_9],0.0
cons[火电机组出力之和约束_18_27],-6196.6905
cons[火电机组分段中标量约束_18_28_0],0.0
cons[火电机组分段中标量约束_18_28_1],0.0
cons[火电机组分段中标量约束_18_28_2],0.0
cons[火电机组分段中标量约束_18_28_3],0.0
cons[火电机组分段中标量约束_18_28_4],0.0
cons[火电机组分段中标量约束_18_28_5],0.0
cons[火电机组分段中标量约束_18_28_6],0.0
cons[火电机组分段中标量约束_18_28_7],0.0
cons[火电机组分段中标量约束_18_28_8],0.0
cons[火电机组分段中标量约束_18_28_9],0.0
cons[火电机组出力之和约束_18_28],-6196.6905
cons[火电机组分段中标量约束_18_29_0],0.0
cons[火电机组分段中标量约束_18_29_1],0.0
cons[火电机组分段中标量约束_18_29_2],0.0
cons[火电机组分段中标量约束_18_29_3],0.0
cons[火电机组分段中标量约束_18_29_4],0.0
cons[火电机组分段中标量约束_18_29_5],0.0
cons[火电机组分段中标量约束_18_29_6],0.0
cons[火电机组分段中标量约束_18_29_7],0.0
cons[火电机组分段中标量约束_18_29_8],0.0
cons[火电机组分段中标量约束_18_29_9],0.0
cons[火电机组出力之和约束_18_29],-6196.6905
cons[火电机组分段中标量约束_18_30_0],0.0
cons[火电机组分段中标量约束_18_30_1],0.0
cons[火电机组分段中标量约束_18_30_2],0.0
cons[火电机组分段中标量约束_18_30_3],0.0
cons[火电机组分段中标量约束_18_30_4],0.0
cons[火电机组分段中标量约束_18_30_5],0.0
cons[火电机组分段中标量约束_18_30_6],0.0
cons[火电机组分段中标量约束_18_30_7],0.0
cons[火电机组分段中标量约束_18_30_8],0.0
cons[火电机组分段中标量约束_18_30_9],0.0
cons[火电机组出力之和约束_18_30],-6196.6905
cons[火电机组分段中标量约束_18_31_0],0.0
cons[火电机组分段中标量约束_18_31_1],0.0
cons[火电机组分段中标量约束_18_31_2],0.0
cons[火电机组分段中标量约束_18_31_3],0.0
cons[火电机组分段中标量约束_18_31_4],0.0
cons[火电机组分段中标量约束_18_31_5],0.0
cons[火电机组分段中标量约束_18_31_6],0.0
cons[火电机组分段中标量约束_18_31_7],0.0
cons[火电机组分段中标量约束_18_31_8],0.0
cons[火电机组分段中标量约束_18_31_9],0.0
cons[火电机组出力之和约束_18_31],-6196.6905
cons[火电机组分段中标量约束_18_32_0],0.0
cons[火电机组分段中标量约束_18_32_1],0.0
cons[火电机组分段中标量约束_18_32_2],0.0
cons[火电机组分段中标量约束_18_32_3],0.0
cons[火电机组分段中标量约束_18_32_4],0.0
cons[火电机组分段中标量约束_18_32_5],0.0
cons[火电机组分段中标量约束_18_32_6],0.0
cons[火电机组分段中标量约束_18_32_7],0.0
cons[火电机组分段中标量约束_18_32_8],0.0
cons[火电机组分段中标量约束_18_32_9],0.0
cons[火电机组出力之和约束_18_32],-6196.6905
cons[火电机组分段中标量约束_18_33_0],0.0
cons[火电机组分段中标量约束_18_33_1],0.0
cons[火电机组分段中标量约束_18_33_2],0.0
cons[火电机组分段中标量约束_18_33_3],0.0
cons[火电机组分段中标量约束_18_33_4],0.0
cons[火电机组分段中标量约束_18_33_5],0.0
cons[火电机组分段中标量约束_18_33_6],0.0
cons[火电机组分段中标量约束_18_33_7],0.0
cons[火电机组分段中标量约束_18_33_8],0.0
cons[火电机组分段中标量约束_18_33_9],0.0
cons[火电机组出力之和约束_18_33],-6196.6905
cons[火电机组分段中标量约束_18_34_0],0.0
cons[火电机组分段中标量约束_18_34_1],0.0
cons[火电机组分段中标量约束_18_34_2],0.0
cons[火电机组分段中标量约束_18_34_3],0.0
cons[火电机组分段中标量约束_18_34_4],0.0
cons[火电机组分段中标量约束_18_34_5],0.0
cons[火电机组分段中标量约束_18_34_6],0.0
cons[火电机组分段中标量约束_18_34_7],0.0
cons[火电机组分段中标量约束_18_34_8],0.0
cons[火电机组分段中标量约束_18_34_9],0.0
cons[火电机组出力之和约束_18_34],-6196.6905
cons[火电机组分段中标量约束_18_35_0],0.0
cons[火电机组分段中标量约束_18_35_1],0.0
cons[火电机组分段中标量约束_18_35_2],0.0
cons[火电机组分段中标量约束_18_35_3],0.0
cons[火电机组分段中标量约束_18_35_4],0.0
cons[火电机组分段中标量约束_18_35_5],0.0
cons[火电机组分段中标量约束_18_35_6],0.0
cons[火电机组分段中标量约束_18_35_7],0.0
cons[火电机组分段中标量约束_18_35_8],0.0
cons[火电机组分段中标量约束_18_35_9],0.0
cons[火电机组出力之和约束_18_35],-6196.6905
cons[火电机组分段中标量约束_18_36_0],0.0
cons[火电机组分段中标量约束_18_36_1],0.0
cons[火电机组分段中标量约束_18_36_2],0.0
cons[火电机组分段中标量约束_18_36_3],0.0
cons[火电机组分段中标量约束_18_36_4],0.0
cons[火电机组分段中标量约束_18_36_5],0.0
cons[火电机组分段中标量约束_18_36_6],0.0
cons[火电机组分段中标量约束_18_36_7],0.0
cons[火电机组分段中标量约束_18_36_8],0.0
cons[火电机组分段中标量约束_18_36_9],0.0
cons[火电机组出力之和约束_18_36],-6196.6905
cons[火电机组分段中标量约束_18_37_0],0.0
cons[火电机组分段中标量约束_18_37_1],0.0
cons[火电机组分段中标量约束_18_37_2],0.0
cons[火电机组分段中标量约束_18_37_3],0.0
cons[火电机组分段中标量约束_18_37_4],0.0
cons[火电机组分段中标量约束_18_37_5],0.0
cons[火电机组分段中标量约束_18_37_6],0.0
cons[火电机组分段中标量约束_18_37_7],0.0
cons[火电机组分段中标量约束_18_37_8],0.0
cons[火电机组分段中标量约束_18_37_9],0.0
cons[火电机组出力之和约束_18_37],-6196.6905
cons[火电机组分段中标量约束_18_38_0],0.0
cons[火电机组分段中标量约束_18_38_1],0.0
cons[火电机组分段中标量约束_18_38_2],0.0
cons[火电机组分段中标量约束_18_38_3],0.0
cons[火电机组分段中标量约束_18_38_4],0.0
cons[火电机组分段中标量约束_18_38_5],0.0
cons[火电机组分段中标量约束_18_38_6],0.0
cons[火电机组分段中标量约束_18_38_7],0.0
cons[火电机组分段中标量约束_18_38_8],0.0
cons[火电机组分段中标量约束_18_38_9],0.0
cons[火电机组出力之和约束_18_38],-6196.6905
cons[火电机组分段中标量约束_18_39_0],0.0
cons[火电机组分段中标量约束_18_39_1],0.0
cons[火电机组分段中标量约束_18_39_2],0.0
cons[火电机组分段中标量约束_18_39_3],0.0
cons[火电机组分段中标量约束_18_39_4],0.0
cons[火电机组分段中标量约束_18_39_5],0.0
cons[火电机组分段中标量约束_18_39_6],0.0
cons[火电机组分段中标量约束_18_39_7],0.0
cons[火电机组分段中标量约束_18_39_8],0.0
cons[火电机组分段中标量约束_18_39_9],0.0
cons[火电机组出力之和约束_18_39],-6196.6905
cons[火电机组分段中标量约束_18_40_0],0.0
cons[火电机组分段中标量约束_18_40_1],0.0
cons[火电机组分段中标量约束_18_40_2],0.0
cons[火电机组分段中标量约束_18_40_3],0.0
cons[火电机组分段中标量约束_18_40_4],0.0
cons[火电机组分段中标量约束_18_40_5],0.0
cons[火电机组分段中标量约束_18_40_6],0.0
cons[火电机组分段中标量约束_18_40_7],0.0
cons[火电机组分段中标量约束_18_40_8],0.0
cons[火电机组分段中标量约束_18_40_9],0.0
cons[火电机组出力之和约束_18_40],-6196.6905
cons[火电机组分段中标量约束_18_41_0],0.0
cons[火电机组分段中标量约束_18_41_1],0.0
cons[火电机组分段中标量约束_18_41_2],0.0
cons[火电机组分段中标量约束_18_41_3],0.0
cons[火电机组分段中标量约束_18_41_4],0.0
cons[火电机组分段中标量约束_18_41_5],0.0
cons[火电机组分段中标量约束_18_41_6],0.0
cons[火电机组分段中标量约束_18_41_7],0.0
cons[火电机组分段中标量约束_18_41_8],0.0
cons[火电机组分段中标量约束_18_41_9],0.0
cons[火电机组出力之和约束_18_41],-6196.6905
cons[火电机组分段中标量约束_18_42_0],0.0
cons[火电机组分段中标量约束_18_42_1],0.0
cons[火电机组分段中标量约束_18_42_2],0.0
cons[火电机组分段中标量约束_18_42_3],0.0
cons[火电机组分段中标量约束_18_42_4],0.0
cons[火电机组分段中标量约束_18_42_5],0.0
cons[火电机组分段中标量约束_18_42_6],0.0
cons[火电机组分段中标量约束_18_42_7],0.0
cons[火电机组分段中标量约束_18_42_8],0.0
cons[火电机组分段中标量约束_18_42_9],0.0
cons[火电机组出力之和约束_18_42],-6196.6905
cons[火电机组分段中标量约束_18_43_0],0.0
cons[火电机组分段中标量约束_18_43_1],0.0
cons[火电机组分段中标量约束_18_43_2],0.0
cons[火电机组分段中标量约束_18_43_3],0.0
cons[火电机组分段中标量约束_18_43_4],0.0
cons[火电机组分段中标量约束_18_43_5],0.0
cons[火电机组分段中标量约束_18_43_6],0.0
cons[火电机组分段中标量约束_18_43_7],0.0
cons[火电机组分段中标量约束_18_43_8],0.0
cons[火电机组分段中标量约束_18_43_9],0.0
cons[火电机组出力之和约束_18_43],-6196.6905
cons[火电机组分段中标量约束_18_44_0],0.0
cons[火电机组分段中标量约束_18_44_1],0.0
cons[火电机组分段中标量约束_18_44_2],0.0
cons[火电机组分段中标量约束_18_44_3],0.0
cons[火电机组分段中标量约束_18_44_4],0.0
cons[火电机组分段中标量约束_18_44_5],0.0
cons[火电机组分段中标量约束_18_44_6],0.0
cons[火电机组分段中标量约束_18_44_7],0.0
cons[火电机组分段中标量约束_18_44_8],0.0
cons[火电机组分段中标量约束_18_44_9],0.0
cons[火电机组出力之和约束_18_44],-6196.6905
cons[火电机组分段中标量约束_18_45_0],0.0
cons[火电机组分段中标量约束_18_45_1],0.0
cons[火电机组分段中标量约束_18_45_2],0.0
cons[火电机组分段中标量约束_18_45_3],0.0
cons[火电机组分段中标量约束_18_45_4],0.0
cons[火电机组分段中标量约束_18_45_5],0.0
cons[火电机组分段中标量约束_18_45_6],0.0
cons[火电机组分段中标量约束_18_45_7],0.0
cons[火电机组分段中标量约束_18_45_8],0.0
cons[火电机组分段中标量约束_18_45_9],0.0
cons[火电机组出力之和约束_18_45],-6196.6905
cons[火电机组分段中标量约束_18_46_0],0.0
cons[火电机组分段中标量约束_18_46_1],0.0
cons[火电机组分段中标量约束_18_46_2],0.0
cons[火电机组分段中标量约束_18_46_3],0.0
cons[火电机组分段中标量约束_18_46_4],0.0
cons[火电机组分段中标量约束_18_46_5],0.0
cons[火电机组分段中标量约束_18_46_6],0.0
cons[火电机组分段中标量约束_18_46_7],0.0
cons[火电机组分段中标量约束_18_46_8],0.0
cons[火电机组分段中标量约束_18_46_9],0.0
cons[火电机组出力之和约束_18_46],-6196.6905
cons[火电机组分段中标量约束_18_47_0],0.0
cons[火电机组分段中标量约束_18_47_1],0.0
cons[火电机组分段中标量约束_18_47_2],0.0
cons[火电机组分段中标量约束_18_47_3],0.0
cons[火电机组分段中标量约束_18_47_4],0.0
cons[火电机组分段中标量约束_18_47_5],0.0
cons[火电机组分段中标量约束_18_47_6],0.0
cons[火电机组分段中标量约束_18_47_7],0.0
cons[火电机组分段中标量约束_18_47_8],0.0
cons[火电机组分段中标量约束_18_47_9],0.0
cons[火电机组出力之和约束_18_47],-6196.6905
cons[火电机组分段中标量约束_18_48_0],0.0
cons[火电机组分段中标量约束_18_48_1],0.0
cons[火电机组分段中标量约束_18_48_2],0.0
cons[火电机组分段中标量约束_18_48_3],0.0
cons[火电机组分段中标量约束_18_48_4],0.0
cons[火电机组分段中标量约束_18_48_5],0.0
cons[火电机组分段中标量约束_18_48_6],0.0
cons[火电机组分段中标量约束_18_48_7],0.0
cons[火电机组分段中标量约束_18_48_8],0.0
cons[火电机组分段中标量约束_18_48_9],0.0
cons[火电机组出力之和约束_18_48],-6196.6905
cons[火电机组分段中标量约束_18_49_0],0.0
cons[火电机组分段中标量约束_18_49_1],0.0
cons[火电机组分段中标量约束_18_49_2],0.0
cons[火电机组分段中标量约束_18_49_3],0.0
cons[火电机组分段中标量约束_18_49_4],0.0
cons[火电机组分段中标量约束_18_49_5],0.0
cons[火电机组分段中标量约束_18_49_6],0.0
cons[火电机组分段中标量约束_18_49_7],0.0
cons[火电机组分段中标量约束_18_49_8],0.0
cons[火电机组分段中标量约束_18_49_9],0.0
cons[火电机组出力之和约束_18_49],-6196.6905
cons[火电机组分段中标量约束_18_50_0],0.0
cons[火电机组分段中标量约束_18_50_1],0.0
cons[火电机组分段中标量约束_18_50_2],0.0
cons[火电机组分段中标量约束_18_50_3],0.0
cons[火电机组分段中标量约束_18_50_4],0.0
cons[火电机组分段中标量约束_18_50_5],0.0
cons[火电机组分段中标量约束_18_50_6],0.0
cons[火电机组分段中标量约束_18_50_7],0.0
cons[火电机组分段中标量约束_18_50_8],0.0
cons[火电机组分段中标量约束_18_50_9],0.0
cons[火电机组出力之和约束_18_50],-6196.6905
cons[火电机组分段中标量约束_18_51_0],0.0
cons[火电机组分段中标量约束_18_51_1],0.0
cons[火电机组分段中标量约束_18_51_2],0.0
cons[火电机组分段中标量约束_18_51_3],0.0
cons[火电机组分段中标量约束_18_51_4],0.0
cons[火电机组分段中标量约束_18_51_5],0.0
cons[火电机组分段中标量约束_18_51_6],0.0
cons[火电机组分段中标量约束_18_51_7],0.0
cons[火电机组分段中标量约束_18_51_8],0.0
cons[火电机组分段中标量约束_18_51_9],0.0
cons[火电机组出力之和约束_18_51],-6196.6905
cons[火电机组分段中标量约束_18_52_0],0.0
cons[火电机组分段中标量约束_18_52_1],0.0
cons[火电机组分段中标量约束_18_52_2],0.0
cons[火电机组分段中标量约束_18_52_3],0.0
cons[火电机组分段中标量约束_18_52_4],0.0
cons[火电机组分段中标量约束_18_52_5],0.0
cons[火电机组分段中标量约束_18_52_6],0.0
cons[火电机组分段中标量约束_18_52_7],0.0
cons[火电机组分段中标量约束_18_52_8],0.0
cons[火电机组分段中标量约束_18_52_9],0.0
cons[火电机组出力之和约束_18_52],-6196.6905
cons[火电机组分段中标量约束_18_53_0],0.0
cons[火电机组分段中标量约束_18_53_1],0.0
cons[火电机组分段中标量约束_18_53_2],0.0
cons[火电机组分段中标量约束_18_53_3],0.0
cons[火电机组分段中标量约束_18_53_4],0.0
cons[火电机组分段中标量约束_18_53_5],0.0
cons[火电机组分段中标量约束_18_53_6],0.0
cons[火电机组分段中标量约束_18_53_7],0.0
cons[火电机组分段中标量约束_18_53_8],0.0
cons[火电机组分段中标量约束_18_53_9],0.0
cons[火电机组出力之和约束_18_53],-6196.6905
cons[火电机组分段中标量约束_18_54_0],0.0
cons[火电机组分段中标量约束_18_54_1],0.0
cons[火电机组分段中标量约束_18_54_2],0.0
cons[火电机组分段中标量约束_18_54_3],0.0
cons[火电机组分段中标量约束_18_54_4],0.0
cons[火电机组分段中标量约束_18_54_5],0.0
cons[火电机组分段中标量约束_18_54_6],0.0
cons[火电机组分段中标量约束_18_54_7],0.0
cons[火电机组分段中标量约束_18_54_8],0.0
cons[火电机组分段中标量约束_18_54_9],0.0
cons[火电机组出力之和约束_18_54],-6196.6905
cons[火电机组分段中标量约束_18_55_0],0.0
cons[火电机组分段中标量约束_18_55_1],0.0
cons[火电机组分段中标量约束_18_55_2],0.0
cons[火电机组分段中标量约束_18_55_3],0.0
cons[火电机组分段中标量约束_18_55_4],0.0
cons[火电机组分段中标量约束_18_55_5],0.0
cons[火电机组分段中标量约束_18_55_6],0.0
cons[火电机组分段中标量约束_18_55_7],0.0
cons[火电机组分段中标量约束_18_55_8],0.0
cons[火电机组分段中标量约束_18_55_9],0.0
cons[火电机组出力之和约束_18_55],-6196.6905
cons[火电机组分段中标量约束_18_56_0],0.0
cons[火电机组分段中标量约束_18_56_1],0.0
cons[火电机组分段中标量约束_18_56_2],0.0
cons[火电机组分段中标量约束_18_56_3],0.0
cons[火电机组分段中标量约束_18_56_4],0.0
cons[火电机组分段中标量约束_18_56_5],0.0
cons[火电机组分段中标量约束_18_56_6],0.0
cons[火电机组分段中标量约束_18_56_7],0.0
cons[火电机组分段中标量约束_18_56_8],0.0
cons[火电机组分段中标量约束_18_56_9],0.0
cons[火电机组出力之和约束_18_56],-6196.6905
cons[火电机组分段中标量约束_18_57_0],0.0
cons[火电机组分段中标量约束_18_57_1],0.0
cons[火电机组分段中标量约束_18_57_2],0.0
cons[火电机组分段中标量约束_18_57_3],0.0
cons[火电机组分段中标量约束_18_57_4],0.0
cons[火电机组分段中标量约束_18_57_5],0.0
cons[火电机组分段中标量约束_18_57_6],0.0
cons[火电机组分段中标量约束_18_57_7],0.0
cons[火电机组分段中标量约束_18_57_8],0.0
cons[火电机组分段中标量约束_18_57_9],0.0
cons[火电机组出力之和约束_18_57],-6196.6905
cons[火电机组分段中标量约束_18_58_0],0.0
cons[火电机组分段中标量约束_18_58_1],0.0
cons[火电机组分段中标量约束_18_58_2],0.0
cons[火电机组分段中标量约束_18_58_3],0.0
cons[火电机组分段中标量约束_18_58_4],0.0
cons[火电机组分段中标量约束_18_58_5],0.0
cons[火电机组分段中标量约束_18_58_6],0.0
cons[火电机组分段中标量约束_18_58_7],0.0
cons[火电机组分段中标量约束_18_58_8],0.0
cons[火电机组分段中标量约束_18_58_9],0.0
cons[火电机组出力之和约束_18_58],-6196.6905
cons[火电机组分段中标量约束_18_59_0],0.0
cons[火电机组分段中标量约束_18_59_1],0.0
cons[火电机组分段中标量约束_18_59_2],0.0
cons[火电机组分段中标量约束_18_59_3],0.0
cons[火电机组分段中标量约束_18_59_4],0.0
cons[火电机组分段中标量约束_18_59_5],0.0
cons[火电机组分段中标量约束_18_59_6],0.0
cons[火电机组分段中标量约束_18_59_7],0.0
cons[火电机组分段中标量约束_18_59_8],0.0
cons[火电机组分段中标量约束_18_59_9],0.0
cons[火电机组出力之和约束_18_59],-6196.6905
cons[火电机组分段中标量约束_18_60_0],0.0
cons[火电机组分段中标量约束_18_60_1],0.0
cons[火电机组分段中标量约束_18_60_2],0.0
cons[火电机组分段中标量约束_18_60_3],0.0
cons[火电机组分段中标量约束_18_60_4],0.0
cons[火电机组分段中标量约束_18_60_5],0.0
cons[火电机组分段中标量约束_18_60_6],0.0
cons[火电机组分段中标量约束_18_60_7],0.0
cons[火电机组分段中标量约束_18_60_8],0.0
cons[火电机组分段中标量约束_18_60_9],0.0
cons[火电机组出力之和约束_18_60],-6196.6905
cons[火电机组分段中标量约束_18_61_0],0.0
cons[火电机组分段中标量约束_18_61_1],0.0
cons[火电机组分段中标量约束_18_61_2],0.0
cons[火电机组分段中标量约束_18_61_3],0.0
cons[火电机组分段中标量约束_18_61_4],0.0
cons[火电机组分段中标量约束_18_61_5],0.0
cons[火电机组分段中标量约束_18_61_6],0.0
cons[火电机组分段中标量约束_18_61_7],0.0
cons[火电机组分段中标量约束_18_61_8],0.0
cons[火电机组分段中标量约束_18_61_9],0.0
cons[火电机组出力之和约束_18_61],-6196.6905
cons[火电机组分段中标量约束_18_62_0],0.0
cons[火电机组分段中标量约束_18_62_1],0.0
cons[火电机组分段中标量约束_18_62_2],0.0
cons[火电机组分段中标量约束_18_62_3],0.0
cons[火电机组分段中标量约束_18_62_4],0.0
cons[火电机组分段中标量约束_18_62_5],0.0
cons[火电机组分段中标量约束_18_62_6],0.0
cons[火电机组分段中标量约束_18_62_7],0.0
cons[火电机组分段中标量约束_18_62_8],0.0
cons[火电机组分段中标量约束_18_62_9],0.0
cons[火电机组出力之和约束_18_62],-6196.6905
cons[火电机组分段中标量约束_18_63_0],0.0
cons[火电机组分段中标量约束_18_63_1],0.0
cons[火电机组分段中标量约束_18_63_2],0.0
cons[火电机组分段中标量约束_18_63_3],0.0
cons[火电机组分段中标量约束_18_63_4],0.0
cons[火电机组分段中标量约束_18_63_5],0.0
cons[火电机组分段中标量约束_18_63_6],0.0
cons[火电机组分段中标量约束_18_63_7],0.0
cons[火电机组分段中标量约束_18_63_8],0.0
cons[火电机组分段中标量约束_18_63_9],0.0
cons[火电机组出力之和约束_18_63],-6196.6905
cons[火电机组分段中标量约束_18_64_0],0.0
cons[火电机组分段中标量约束_18_64_1],0.0
cons[火电机组分段中标量约束_18_64_2],0.0
cons[火电机组分段中标量约束_18_64_3],0.0
cons[火电机组分段中标量约束_18_64_4],0.0
cons[火电机组分段中标量约束_18_64_5],0.0
cons[火电机组分段中标量约束_18_64_6],0.0
cons[火电机组分段中标量约束_18_64_7],0.0
cons[火电机组分段中标量约束_18_64_8],0.0
cons[火电机组分段中标量约束_18_64_9],0.0
cons[火电机组出力之和约束_18_64],-6196.6905
cons[火电机组分段中标量约束_18_65_0],-3.412500000000364
cons[火电机组分段中标量约束_18_65_1],0.0
cons[火电机组分段中标量约束_18_65_2],0.0
cons[火电机组分段中标量约束_18_65_3],0.0
cons[火电机组分段中标量约束_18_65_4],0.0
cons[火电机组分段中标量约束_18_65_5],0.0
cons[火电机组分段中标量约束_18_65_6],0.0
cons[火电机组分段中标量约束_18_65_7],0.0
cons[火电机组分段中标量约束_18_65_8],0.0
cons[火电机组分段中标量约束_18_65_9],0.0
cons[火电机组出力之和约束_18_65],-6200.103
cons[火电机组分段中标量约束_18_66_0],-23.159500000000662
cons[火电机组分段中标量约束_18_66_1],0.0
cons[火电机组分段中标量约束_18_66_2],0.0
cons[火电机组分段中标量约束_18_66_3],0.0
cons[火电机组分段中标量约束_18_66_4],0.0
cons[火电机组分段中标量约束_18_66_5],0.0
cons[火电机组分段中标量约束_18_66_6],0.0
cons[火电机组分段中标量约束_18_66_7],0.0
cons[火电机组分段中标量约束_18_66_8],0.0
cons[火电机组分段中标量约束_18_66_9],0.0
cons[火电机组出力之和约束_18_66],-6219.85
cons[火电机组分段中标量约束_18_67_0],-23.159500000000662
cons[火电机组分段中标量约束_18_67_1],0.0
cons[火电机组分段中标量约束_18_67_2],0.0
cons[火电机组分段中标量约束_18_67_3],0.0
cons[火电机组分段中标量约束_18_67_4],0.0
cons[火电机组分段中标量约束_18_67_5],0.0
cons[火电机组分段中标量约束_18_67_6],0.0
cons[火电机组分段中标量约束_18_67_7],0.0
cons[火电机组分段中标量约束_18_67_8],0.0
cons[火电机组分段中标量约束_18_67_9],0.0
cons[火电机组出力之和约束_18_67],-6219.85
cons[火电机组分段中标量约束_18_68_0],-23.159500000000662
cons[火电机组分段中标量约束_18_68_1],0.0
cons[火电机组分段中标量约束_18_68_2],0.0
cons[火电机组分段中标量约束_18_68_3],0.0
cons[火电机组分段中标量约束_18_68_4],0.0
cons[火电机组分段中标量约束_18_68_5],0.0
cons[火电机组分段中标量约束_18_68_6],0.0
cons[火电机组分段中标量约束_18_68_7],0.0
cons[火电机组分段中标量约束_18_68_8],0.0
cons[火电机组分段中标量约束_18_68_9],0.0
cons[火电机组出力之和约束_18_68],-6219.85
cons[火电机组分段中标量约束_18_69_0],-23.159500000000662
cons[火电机组分段中标量约束_18_69_1],0.0
cons[火电机组分段中标量约束_18_69_2],0.0
cons[火电机组分段中标量约束_18_69_3],0.0
cons[火电机组分段中标量约束_18_69_4],0.0
cons[火电机组分段中标量约束_18_69_5],0.0
cons[火电机组分段中标量约束_18_69_6],0.0
cons[火电机组分段中标量约束_18_69_7],0.0
cons[火电机组分段中标量约束_18_69_8],0.0
cons[火电机组分段中标量约束_18_69_9],0.0
cons[火电机组出力之和约束_18_69],-6219.85
cons[火电机组分段中标量约束_18_70_0],-23.159500000000662
cons[火电机组分段中标量约束_18_70_1],0.0
cons[火电机组分段中标量约束_18_70_2],0.0
cons[火电机组分段中标量约束_18_70_3],0.0
cons[火电机组分段中标量约束_18_70_4],0.0
cons[火电机组分段中标量约束_18_70_5],0.0
cons[火电机组分段中标量约束_18_70_6],0.0
cons[火电机组分段中标量约束_18_70_7],0.0
cons[火电机组分段中标量约束_18_70_8],0.0
cons[火电机组分段中标量约束_18_70_9],0.0
cons[火电机组出力之和约束_18_70],-6219.85
cons[火电机组分段中标量约束_18_71_0],-45.545500000000175
cons[火电机组分段中标量约束_18_71_1],0.0
cons[火电机组分段中标量约束_18_71_2],0.0
cons[火电机组分段中标量约束_18_71_3],0.0
cons[火电机组分段中标量约束_18_71_4],0.0
cons[火电机组分段中标量约束_18_71_5],0.0
cons[火电机组分段中标量约束_18_71_6],0.0
cons[火电机组分段中标量约束_18_71_7],0.0
cons[火电机组分段中标量约束_18_71_8],0.0
cons[火电机组分段中标量约束_18_71_9],0.0
cons[火电机组出力之和约束_18_71],-6242.236
cons[火电机组分段中标量约束_18_72_0],-49.45849999999973
cons[火电机组分段中标量约束_18_72_1],-3.912999999999556
cons[火电机组分段中标量约束_18_72_2],0.0
cons[火电机组分段中标量约束_18_72_3],0.0
cons[火电机组分段中标量约束_18_72_4],0.0
cons[火电机组分段中标量约束_18_72_5],0.0
cons[火电机组分段中标量约束_18_72_6],0.0
cons[火电机组分段中标量约束_18_72_7],0.0
cons[火电机组分段中标量约束_18_72_8],0.0
cons[火电机组分段中标量约束_18_72_9],0.0
cons[火电机组出力之和约束_18_72],-6246.148999999999
cons[火电机组分段中标量约束_18_73_0],-59.55950000000303
cons[火电机组分段中标量约束_18_73_1],-14.014000000002852
cons[火电机组分段中标量约束_18_73_2],0.0
cons[火电机组分段中标量约束_18_73_3],0.0
cons[火电机组分段中标量约束_18_73_4],0.0
cons[火电机组分段中标量约束_18_73_5],0.0
cons[火电机组分段中标量约束_18_73_6],0.0
cons[火电机组分段中标量约束_18_73_7],0.0
cons[火电机组分段中标量约束_18_73_8],0.0
cons[火电机组分段中标量约束_18_73_9],0.0
cons[火电机组出力之和约束_18_73],-6256.250000000003
cons[火电机组分段中标量约束_18_74_0],-91.09100000000035
cons[火电机组分段中标量约束_18_74_1],-45.545500000000175
cons[火电机组分段中标量约束_18_74_2],0.0
cons[火电机组分段中标量约束_18_74_3],0.0
cons[火电机组分段中标量约束_18_74_4],0.0
cons[火电机组分段中标量约束_18_74_5],0.0
cons[火电机组分段中标量约束_18_74_6],0.0
cons[火电机组分段中标量约束_18_74_7],0.0
cons[火电机组分段中标量约束_18_74_8],0.0
cons[火电机组分段中标量约束_18_74_9],0.0
cons[火电机组出力之和约束_18_74],-6287.7815
cons[火电机组分段中标量约束_18_75_0],-91.09100000000035
cons[火电机组分段中标量约束_18_75_1],-45.545500000000175
cons[火电机组分段中标量约束_18_75_2],0.0
cons[火电机组分段中标量约束_18_75_3],0.0
cons[火电机组分段中标量约束_18_75_4],0.0
cons[火电机组分段中标量约束_18_75_5],0.0
cons[火电机组分段中标量约束_18_75_6],0.0
cons[火电机组分段中标量约束_18_75_7],0.0
cons[火电机组分段中标量约束_18_75_8],0.0
cons[火电机组分段中标量约束_18_75_9],0.0
cons[火电机组出力之和约束_18_75],-6287.7815
cons[火电机组分段中标量约束_18_76_0],-49.45849999999973
cons[火电机组分段中标量约束_18_76_1],-3.912999999999556
cons[火电机组分段中标量约束_18_76_2],0.0
cons[火电机组分段中标量约束_18_76_3],0.0
cons[火电机组分段中标量约束_18_76_4],0.0
cons[火电机组分段中标量约束_18_76_5],0.0
cons[火电机组分段中标量约束_18_76_6],0.0
cons[火电机组分段中标量约束_18_76_7],0.0
cons[火电机组分段中标量约束_18_76_8],0.0
cons[火电机组分段中标量约束_18_76_9],0.0
cons[火电机组出力之和约束_18_76],-6246.148999999999
cons[火电机组分段中标量约束_18_77_0],-45.545500000000175
cons[火电机组分段中标量约束_18_77_1],0.0
cons[火电机组分段中标量约束_18_77_2],0.0
cons[火电机组分段中标量约束_18_77_3],0.0
cons[火电机组分段中标量约束_18_77_4],0.0
cons[火电机组分段中标量约束_18_77_5],0.0
cons[火电机组分段中标量约束_18_77_6],0.0
cons[火电机组分段中标量约束_18_77_7],0.0
cons[火电机组分段中标量约束_18_77_8],0.0
cons[火电机组分段中标量约束_18_77_9],0.0
cons[火电机组出力之和约束_18_77],-6242.236
cons[火电机组分段中标量约束_18_78_0],-23.159500000000662
cons[火电机组分段中标量约束_18_78_1],0.0
cons[火电机组分段中标量约束_18_78_2],0.0
cons[火电机组分段中标量约束_18_78_3],0.0
cons[火电机组分段中标量约束_18_78_4],0.0
cons[火电机组分段中标量约束_18_78_5],0.0
cons[火电机组分段中标量约束_18_78_6],0.0
cons[火电机组分段中标量约束_18_78_7],0.0
cons[火电机组分段中标量约束_18_78_8],0.0
cons[火电机组分段中标量约束_18_78_9],0.0
cons[火电机组出力之和约束_18_78],-6219.85
cons[火电机组分段中标量约束_18_79_0],-23.159500000000662
cons[火电机组分段中标量约束_18_79_1],0.0
cons[火电机组分段中标量约束_18_79_2],0.0
cons[火电机组分段中标量约束_18_79_3],0.0
cons[火电机组分段中标量约束_18_79_4],0.0
cons[火电机组分段中标量约束_18_79_5],0.0
cons[火电机组分段中标量约束_18_79_6],0.0
cons[火电机组分段中标量约束_18_79_7],0.0
cons[火电机组分段中标量约束_18_79_8],0.0
cons[火电机组分段中标量约束_18_79_9],0.0
cons[火电机组出力之和约束_18_79],-6219.85
cons[火电机组分段中标量约束_18_80_0],-3.412500000000364
cons[火电机组分段中标量约束_18_80_1],0.0
cons[火电机组分段中标量约束_18_80_2],0.0
cons[火电机组分段中标量约束_18_80_3],0.0
cons[火电机组分段中标量约束_18_80_4],0.0
cons[火电机组分段中标量约束_18_80_5],0.0
cons[火电机组分段中标量约束_18_80_6],0.0
cons[火电机组分段中标量约束_18_80_7],0.0
cons[火电机组分段中标量约束_18_80_8],0.0
cons[火电机组分段中标量约束_18_80_9],0.0
cons[火电机组出力之和约束_18_80],-6200.103
cons[火电机组分段中标量约束_18_81_0],0.0
cons[火电机组分段中标量约束_18_81_1],0.0
cons[火电机组分段中标量约束_18_81_2],0.0
cons[火电机组分段中标量约束_18_81_3],0.0
cons[火电机组分段中标量约束_18_81_4],0.0
cons[火电机组分段中标量约束_18_81_5],0.0
cons[火电机组分段中标量约束_18_81_6],0.0
cons[火电机组分段中标量约束_18_81_7],0.0
cons[火电机组分段中标量约束_18_81_8],0.0
cons[火电机组分段中标量约束_18_81_9],0.0
cons[火电机组出力之和约束_18_81],-6196.6905
cons[火电机组分段中标量约束_18_82_0],0.0
cons[火电机组分段中标量约束_18_82_1],0.0
cons[火电机组分段中标量约束_18_82_2],0.0
cons[火电机组分段中标量约束_18_82_3],0.0
cons[火电机组分段中标量约束_18_82_4],0.0
cons[火电机组分段中标量约束_18_82_5],0.0
cons[火电机组分段中标量约束_18_82_6],0.0
cons[火电机组分段中标量约束_18_82_7],0.0
cons[火电机组分段中标量约束_18_82_8],0.0
cons[火电机组分段中标量约束_18_82_9],0.0
cons[火电机组出力之和约束_18_82],-6196.6905
cons[火电机组分段中标量约束_18_83_0],0.0
cons[火电机组分段中标量约束_18_83_1],0.0
cons[火电机组分段中标量约束_18_83_2],0.0
cons[火电机组分段中标量约束_18_83_3],0.0
cons[火电机组分段中标量约束_18_83_4],0.0
cons[火电机组分段中标量约束_18_83_5],0.0
cons[火电机组分段中标量约束_18_83_6],0.0
cons[火电机组分段中标量约束_18_83_7],0.0
cons[火电机组分段中标量约束_18_83_8],0.0
cons[火电机组分段中标量约束_18_83_9],0.0
cons[火电机组出力之和约束_18_83],-6196.6905
cons[火电机组分段中标量约束_18_84_0],0.0
cons[火电机组分段中标量约束_18_84_1],0.0
cons[火电机组分段中标量约束_18_84_2],0.0
cons[火电机组分段中标量约束_18_84_3],0.0
cons[火电机组分段中标量约束_18_84_4],0.0
cons[火电机组分段中标量约束_18_84_5],0.0
cons[火电机组分段中标量约束_18_84_6],0.0
cons[火电机组分段中标量约束_18_84_7],0.0
cons[火电机组分段中标量约束_18_84_8],0.0
cons[火电机组分段中标量约束_18_84_9],0.0
cons[火电机组出力之和约束_18_84],-6196.6905
cons[火电机组分段中标量约束_18_85_0],0.0
cons[火电机组分段中标量约束_18_85_1],0.0
cons[火电机组分段中标量约束_18_85_2],0.0
cons[火电机组分段中标量约束_18_85_3],0.0
cons[火电机组分段中标量约束_18_85_4],0.0
cons[火电机组分段中标量约束_18_85_5],0.0
cons[火电机组分段中标量约束_18_85_6],0.0
cons[火电机组分段中标量约束_18_85_7],0.0
cons[火电机组分段中标量约束_18_85_8],0.0
cons[火电机组分段中标量约束_18_85_9],0.0
cons[火电机组出力之和约束_18_85],0.0
cons[火电机组分段中标量约束_18_86_0],0.0
cons[火电机组分段中标量约束_18_86_1],0.0
cons[火电机组分段中标量约束_18_86_2],0.0
cons[火电机组分段中标量约束_18_86_3],0.0
cons[火电机组分段中标量约束_18_86_4],0.0
cons[火电机组分段中标量约束_18_86_5],0.0
cons[火电机组分段中标量约束_18_86_6],0.0
cons[火电机组分段中标量约束_18_86_7],0.0
cons[火电机组分段中标量约束_18_86_8],0.0
cons[火电机组分段中标量约束_18_86_9],0.0
cons[火电机组出力之和约束_18_86],0.0
cons[火电机组分段中标量约束_18_87_0],0.0
cons[火电机组分段中标量约束_18_87_1],0.0
cons[火电机组分段中标量约束_18_87_2],0.0
cons[火电机组分段中标量约束_18_87_3],0.0
cons[火电机组分段中标量约束_18_87_4],0.0
cons[火电机组分段中标量约束_18_87_5],0.0
cons[火电机组分段中标量约束_18_87_6],0.0
cons[火电机组分段中标量约束_18_87_7],0.0
cons[火电机组分段中标量约束_18_87_8],0.0
cons[火电机组分段中标量约束_18_87_9],0.0
cons[火电机组出力之和约束_18_87],0.0
cons[火电机组分段中标量约束_18_88_0],0.0
cons[火电机组分段中标量约束_18_88_1],0.0
cons[火电机组分段中标量约束_18_88_2],0.0
cons[火电机组分段中标量约束_18_88_3],0.0
cons[火电机组分段中标量约束_18_88_4],0.0
cons[火电机组分段中标量约束_18_88_5],0.0
cons[火电机组分段中标量约束_18_88_6],0.0
cons[火电机组分段中标量约束_18_88_7],0.0
cons[火电机组分段中标量约束_18_88_8],0.0
cons[火电机组分段中标量约束_18_88_9],0.0
cons[火电机组出力之和约束_18_88],0.0
cons[火电机组分段中标量约束_18_89_0],0.0
cons[火电机组分段中标量约束_18_89_1],0.0
cons[火电机组分段中标量约束_18_89_2],0.0
cons[火电机组分段中标量约束_18_89_3],0.0
cons[火电机组分段中标量约束_18_89_4],0.0
cons[火电机组分段中标量约束_18_89_5],0.0
cons[火电机组分段中标量约束_18_89_6],0.0
cons[火电机组分段中标量约束_18_89_7],0.0
cons[火电机组分段中标量约束_18_89_8],0.0
cons[火电机组分段中标量约束_18_89_9],0.0
cons[火电机组出力之和约束_18_89],0.0
cons[火电机组分段中标量约束_18_90_0],0.0
cons[火电机组分段中标量约束_18_90_1],0.0
cons[火电机组分段中标量约束_18_90_2],0.0
cons[火电机组分段中标量约束_18_90_3],0.0
cons[火电机组分段中标量约束_18_90_4],0.0
cons[火电机组分段中标量约束_18_90_5],0.0
cons[火电机组分段中标量约束_18_90_6],0.0
cons[火电机组分段中标量约束_18_90_7],0.0
cons[火电机组分段中标量约束_18_90_8],0.0
cons[火电机组分段中标量约束_18_90_9],0.0
cons[火电机组出力之和约束_18_90],0.0
cons[火电机组分段中标量约束_18_91_0],0.0
cons[火电机组分段中标量约束_18_91_1],0.0
cons[火电机组分段中标量约束_18_91_2],0.0
cons[火电机组分段中标量约束_18_91_3],0.0
cons[火电机组分段中标量约束_18_91_4],0.0
cons[火电机组分段中标量约束_18_91_5],0.0
cons[火电机组分段中标量约束_18_91_6],0.0
cons[火电机组分段中标量约束_18_91_7],0.0
cons[火电机组分段中标量约束_18_91_8],0.0
cons[火电机组分段中标量约束_18_91_9],0.0
cons[火电机组出力之和约束_18_91],0.0
cons[火电机组分段中标量约束_18_92_0],0.0
cons[火电机组分段中标量约束_18_92_1],0.0
cons[火电机组分段中标量约束_18_92_2],0.0
cons[火电机组分段中标量约束_18_92_3],0.0
cons[火电机组分段中标量约束_18_92_4],0.0
cons[火电机组分段中标量约束_18_92_5],0.0
cons[火电机组分段中标量约束_18_92_6],0.0
cons[火电机组分段中标量约束_18_92_7],0.0
cons[火电机组分段中标量约束_18_92_8],0.0
cons[火电机组分段中标量约束_18_92_9],0.0
cons[火电机组出力之和约束_18_92],0.0
cons[火电机组分段中标量约束_18_93_0],0.0
cons[火电机组分段中标量约束_18_93_1],0.0
cons[火电机组分段中标量约束_18_93_2],0.0
cons[火电机组分段中标量约束_18_93_3],0.0
cons[火电机组分段中标量约束_18_93_4],0.0
cons[火电机组分段中标量约束_18_93_5],0.0
cons[火电机组分段中标量约束_18_93_6],0.0
cons[火电机组分段中标量约束_18_93_7],0.0
cons[火电机组分段中标量约束_18_93_8],0.0
cons[火电机组分段中标量约束_18_93_9],0.0
cons[火电机组出力之和约束_18_93],0.0
cons[火电机组分段中标量约束_18_94_0],0.0
cons[火电机组分段中标量约束_18_94_1],0.0
cons[火电机组分段中标量约束_18_94_2],0.0
cons[火电机组分段中标量约束_18_94_3],0.0
cons[火电机组分段中标量约束_18_94_4],0.0
cons[火电机组分段中标量约束_18_94_5],0.0
cons[火电机组分段中标量约束_18_94_6],0.0
cons[火电机组分段中标量约束_18_94_7],0.0
cons[火电机组分段中标量约束_18_94_8],0.0
cons[火电机组分段中标量约束_18_94_9],0.0
cons[火电机组出力之和约束_18_94],0.0
cons[火电机组分段中标量约束_18_95_0],0.0
cons[火电机组分段中标量约束_18_95_1],0.0
cons[火电机组分段中标量约束_18_95_2],0.0
cons[火电机组分段中标量约束_18_95_3],0.0
cons[火电机组分段中标量约束_18_95_4],0.0
cons[火电机组分段中标量约束_18_95_5],0.0
cons[火电机组分段中标量约束_18_95_6],0.0
cons[火电机组分段中标量约束_18_95_7],0.0
cons[火电机组分段中标量约束_18_95_8],0.0
cons[火电机组分段中标量约束_18_95_9],0.0
cons[火电机组出力之和约束_18_95],0.0
cons[火电机组分段中标量约束_19_0_0],-13.513500000000931
cons[火电机组分段中标量约束_19_0_1],0.0
cons[火电机组分段中标量约束_19_0_2],0.0
cons[火电机组分段中标量约束_19_0_3],0.0
cons[火电机组分段中标量约束_19_0_4],0.0
cons[火电机组分段中标量约束_19_0_5],0.0
cons[火电机组分段中标量约束_19_0_6],0.0
cons[火电机组分段中标量约束_19_0_7],0.0
cons[火电机组分段中标量约束_19_0_8],0.0
cons[火电机组分段中标量约束_19_0_9],0.0
cons[火电机组出力之和约束_19_0],-6210.204000000001
cons[火电机组分段中标量约束_19_1_0],0.0
cons[火电机组分段中标量约束_19_1_1],0.0
cons[火电机组分段中标量约束_19_1_2],0.0
cons[火电机组分段中标量约束_19_1_3],0.0
cons[火电机组分段中标量约束_19_1_4],0.0
cons[火电机组分段中标量约束_19_1_5],0.0
cons[火电机组分段中标量约束_19_1_6],0.0
cons[火电机组分段中标量约束_19_1_7],0.0
cons[火电机组分段中标量约束_19_1_8],0.0
cons[火电机组分段中标量约束_19_1_9],0.0
cons[火电机组出力之和约束_19_1],-6196.6905
cons[火电机组分段中标量约束_19_2_0],0.0
cons[火电机组分段中标量约束_19_2_1],0.0
cons[火电机组分段中标量约束_19_2_2],0.0
cons[火电机组分段中标量约束_19_2_3],0.0
cons[火电机组分段中标量约束_19_2_4],0.0
cons[火电机组分段中标量约束_19_2_5],0.0
cons[火电机组分段中标量约束_19_2_6],0.0
cons[火电机组分段中标量约束_19_2_7],0.0
cons[火电机组分段中标量约束_19_2_8],0.0
cons[火电机组分段中标量约束_19_2_9],0.0
cons[火电机组出力之和约束_19_2],-6196.6905
cons[火电机组分段中标量约束_19_3_0],0.0
cons[火电机组分段中标量约束_19_3_1],0.0
cons[火电机组分段中标量约束_19_3_2],0.0
cons[火电机组分段中标量约束_19_3_3],0.0
cons[火电机组分段中标量约束_19_3_4],0.0
cons[火电机组分段中标量约束_19_3_5],0.0
cons[火电机组分段中标量约束_19_3_6],0.0
cons[火电机组分段中标量约束_19_3_7],0.0
cons[火电机组分段中标量约束_19_3_8],0.0
cons[火电机组分段中标量约束_19_3_9],0.0
cons[火电机组出力之和约束_19_3],-6196.6905
cons[火电机组分段中标量约束_19_4_0],0.0
cons[火电机组分段中标量约束_19_4_1],0.0
cons[火电机组分段中标量约束_19_4_2],0.0
cons[火电机组分段中标量约束_19_4_3],0.0
cons[火电机组分段中标量约束_19_4_4],0.0
cons[火电机组分段中标量约束_19_4_5],0.0
cons[火电机组分段中标量约束_19_4_6],0.0
cons[火电机组分段中标量约束_19_4_7],0.0
cons[火电机组分段中标量约束_19_4_8],0.0
cons[火电机组分段中标量约束_19_4_9],0.0
cons[火电机组出力之和约束_19_4],-6196.6905
cons[火电机组分段中标量约束_19_5_0],0.0
cons[火电机组分段中标量约束_19_5_1],0.0
cons[火电机组分段中标量约束_19_5_2],0.0
cons[火电机组分段中标量约束_19_5_3],0.0
cons[火电机组分段中标量约束_19_5_4],0.0
cons[火电机组分段中标量约束_19_5_5],0.0
cons[火电机组分段中标量约束_19_5_6],0.0
cons[火电机组分段中标量约束_19_5_7],0.0
cons[火电机组分段中标量约束_19_5_8],0.0
cons[火电机组分段中标量约束_19_5_9],0.0
cons[火电机组出力之和约束_19_5],-6196.6905
cons[火电机组分段中标量约束_19_6_0],0.0
cons[火电机组分段中标量约束_19_6_1],0.0
cons[火电机组分段中标量约束_19_6_2],0.0
cons[火电机组分段中标量约束_19_6_3],0.0
cons[火电机组分段中标量约束_19_6_4],0.0
cons[火电机组分段中标量约束_19_6_5],0.0
cons[火电机组分段中标量约束_19_6_6],0.0
cons[火电机组分段中标量约束_19_6_7],0.0
cons[火电机组分段中标量约束_19_6_8],0.0
cons[火电机组分段中标量约束_19_6_9],0.0
cons[火电机组出力之和约束_19_6],-6196.6905
cons[火电机组分段中标量约束_19_7_0],0.0
cons[火电机组分段中标量约束_19_7_1],0.0
cons[火电机组分段中标量约束_19_7_2],0.0
cons[火电机组分段中标量约束_19_7_3],0.0
cons[火电机组分段中标量约束_19_7_4],0.0
cons[火电机组分段中标量约束_19_7_5],0.0
cons[火电机组分段中标量约束_19_7_6],0.0
cons[火电机组分段中标量约束_19_7_7],0.0
cons[火电机组分段中标量约束_19_7_8],0.0
cons[火电机组分段中标量约束_19_7_9],0.0
cons[火电机组出力之和约束_19_7],-6196.6905
cons[火电机组分段中标量约束_19_8_0],0.0
cons[火电机组分段中标量约束_19_8_1],0.0
cons[火电机组分段中标量约束_19_8_2],0.0
cons[火电机组分段中标量约束_19_8_3],0.0
cons[火电机组分段中标量约束_19_8_4],0.0
cons[火电机组分段中标量约束_19_8_5],0.0
cons[火电机组分段中标量约束_19_8_6],0.0
cons[火电机组分段中标量约束_19_8_7],0.0
cons[火电机组分段中标量约束_19_8_8],0.0
cons[火电机组分段中标量约束_19_8_9],0.0
cons[火电机组出力之和约束_19_8],-6196.6905
cons[火电机组分段中标量约束_19_9_0],0.0
cons[火电机组分段中标量约束_19_9_1],0.0
cons[火电机组分段中标量约束_19_9_2],0.0
cons[火电机组分段中标量约束_19_9_3],0.0
cons[火电机组分段中标量约束_19_9_4],0.0
cons[火电机组分段中标量约束_19_9_5],0.0
cons[火电机组分段中标量约束_19_9_6],0.0
cons[火电机组分段中标量约束_19_9_7],0.0
cons[火电机组分段中标量约束_19_9_8],0.0
cons[火电机组分段中标量约束_19_9_9],0.0
cons[火电机组出力之和约束_19_9],-6196.6905
cons[火电机组分段中标量约束_19_10_0],0.0
cons[火电机组分段中标量约束_19_10_1],0.0
cons[火电机组分段中标量约束_19_10_2],0.0
cons[火电机组分段中标量约束_19_10_3],0.0
cons[火电机组分段中标量约束_19_10_4],0.0
cons[火电机组分段中标量约束_19_10_5],0.0
cons[火电机组分段中标量约束_19_10_6],0.0
cons[火电机组分段中标量约束_19_10_7],0.0
cons[火电机组分段中标量约束_19_10_8],0.0
cons[火电机组分段中标量约束_19_10_9],0.0
cons[火电机组出力之和约束_19_10],-6196.6905
cons[火电机组分段中标量约束_19_11_0],0.0
cons[火电机组分段中标量约束_19_11_1],0.0
cons[火电机组分段中标量约束_19_11_2],0.0
cons[火电机组分段中标量约束_19_11_3],0.0
cons[火电机组分段中标量约束_19_11_4],0.0
cons[火电机组分段中标量约束_19_11_5],0.0
cons[火电机组分段中标量约束_19_11_6],0.0
cons[火电机组分段中标量约束_19_11_7],0.0
cons[火电机组分段中标量约束_19_11_8],0.0
cons[火电机组分段中标量约束_19_11_9],0.0
cons[火电机组出力之和约束_19_11],-6196.6905
cons[火电机组分段中标量约束_19_12_0],0.0
cons[火电机组分段中标量约束_19_12_1],0.0
cons[火电机组分段中标量约束_19_12_2],0.0
cons[火电机组分段中标量约束_19_12_3],0.0
cons[火电机组分段中标量约束_19_12_4],0.0
cons[火电机组分段中标量约束_19_12_5],0.0
cons[火电机组分段中标量约束_19_12_6],0.0
cons[火电机组分段中标量约束_19_12_7],0.0
cons[火电机组分段中标量约束_19_12_8],0.0
cons[火电机组分段中标量约束_19_12_9],0.0
cons[火电机组出力之和约束_19_12],-6196.6905
cons[火电机组分段中标量约束_19_13_0],0.0
cons[火电机组分段中标量约束_19_13_1],0.0
cons[火电机组分段中标量约束_19_13_2],0.0
cons[火电机组分段中标量约束_19_13_3],0.0
cons[火电机组分段中标量约束_19_13_4],0.0
cons[火电机组分段中标量约束_19_13_5],0.0
cons[火电机组分段中标量约束_19_13_6],0.0
cons[火电机组分段中标量约束_19_13_7],0.0
cons[火电机组分段中标量约束_19_13_8],0.0
cons[火电机组分段中标量约束_19_13_9],0.0
cons[火电机组出力之和约束_19_13],-6196.6905
cons[火电机组分段中标量约束_19_14_0],0.0
cons[火电机组分段中标量约束_19_14_1],0.0
cons[火电机组分段中标量约束_19_14_2],0.0
cons[火电机组分段中标量约束_19_14_3],0.0
cons[火电机组分段中标量约束_19_14_4],0.0
cons[火电机组分段中标量约束_19_14_5],0.0
cons[火电机组分段中标量约束_19_14_6],0.0
cons[火电机组分段中标量约束_19_14_7],0.0
cons[火电机组分段中标量约束_19_14_8],0.0
cons[火电机组分段中标量约束_19_14_9],0.0
cons[火电机组出力之和约束_19_14],-6196.6905
cons[火电机组分段中标量约束_19_15_0],0.0
cons[火电机组分段中标量约束_19_15_1],0.0
cons[火电机组分段中标量约束_19_15_2],0.0
cons[火电机组分段中标量约束_19_15_3],0.0
cons[火电机组分段中标量约束_19_15_4],0.0
cons[火电机组分段中标量约束_19_15_5],0.0
cons[火电机组分段中标量约束_19_15_6],0.0
cons[火电机组分段中标量约束_19_15_7],0.0
cons[火电机组分段中标量约束_19_15_8],0.0
cons[火电机组分段中标量约束_19_15_9],0.0
cons[火电机组出力之和约束_19_15],-6196.6905
cons[火电机组分段中标量约束_19_16_0],0.0
cons[火电机组分段中标量约束_19_16_1],0.0
cons[火电机组分段中标量约束_19_16_2],0.0
cons[火电机组分段中标量约束_19_16_3],0.0
cons[火电机组分段中标量约束_19_16_4],0.0
cons[火电机组分段中标量约束_19_16_5],0.0
cons[火电机组分段中标量约束_19_16_6],0.0
cons[火电机组分段中标量约束_19_16_7],0.0
cons[火电机组分段中标量约束_19_16_8],0.0
cons[火电机组分段中标量约束_19_16_9],0.0
cons[火电机组出力之和约束_19_16],-6196.6905
cons[火电机组分段中标量约束_19_17_0],0.0
cons[火电机组分段中标量约束_19_17_1],0.0
cons[火电机组分段中标量约束_19_17_2],0.0
cons[火电机组分段中标量约束_19_17_3],0.0
cons[火电机组分段中标量约束_19_17_4],0.0
cons[火电机组分段中标量约束_19_17_5],0.0
cons[火电机组分段中标量约束_19_17_6],0.0
cons[火电机组分段中标量约束_19_17_7],0.0
cons[火电机组分段中标量约束_19_17_8],0.0
cons[火电机组分段中标量约束_19_17_9],0.0
cons[火电机组出力之和约束_19_17],-6196.6905
cons[火电机组分段中标量约束_19_18_0],0.0
cons[火电机组分段中标量约束_19_18_1],0.0
cons[火电机组分段中标量约束_19_18_2],0.0
cons[火电机组分段中标量约束_19_18_3],0.0
cons[火电机组分段中标量约束_19_18_4],0.0
cons[火电机组分段中标量约束_19_18_5],0.0
cons[火电机组分段中标量约束_19_18_6],0.0
cons[火电机组分段中标量约束_19_18_7],0.0
cons[火电机组分段中标量约束_19_18_8],0.0
cons[火电机组分段中标量约束_19_18_9],0.0
cons[火电机组出力之和约束_19_18],-6196.6905
cons[火电机组分段中标量约束_19_19_0],0.0
cons[火电机组分段中标量约束_19_19_1],0.0
cons[火电机组分段中标量约束_19_19_2],0.0
cons[火电机组分段中标量约束_19_19_3],0.0
cons[火电机组分段中标量约束_19_19_4],0.0
cons[火电机组分段中标量约束_19_19_5],0.0
cons[火电机组分段中标量约束_19_19_6],0.0
cons[火电机组分段中标量约束_19_19_7],0.0
cons[火电机组分段中标量约束_19_19_8],0.0
cons[火电机组分段中标量约束_19_19_9],0.0
cons[火电机组出力之和约束_19_19],-6196.6905
cons[火电机组分段中标量约束_19_20_0],0.0
cons[火电机组分段中标量约束_19_20_1],0.0
cons[火电机组分段中标量约束_19_20_2],0.0
cons[火电机组分段中标量约束_19_20_3],0.0
cons[火电机组分段中标量约束_19_20_4],0.0
cons[火电机组分段中标量约束_19_20_5],0.0
cons[火电机组分段中标量约束_19_20_6],0.0
cons[火电机组分段中标量约束_19_20_7],0.0
cons[火电机组分段中标量约束_19_20_8],0.0
cons[火电机组分段中标量约束_19_20_9],0.0
cons[火电机组出力之和约束_19_20],-6196.6905
cons[火电机组分段中标量约束_19_21_0],0.0
cons[火电机组分段中标量约束_19_21_1],0.0
cons[火电机组分段中标量约束_19_21_2],0.0
cons[火电机组分段中标量约束_19_21_3],0.0
cons[火电机组分段中标量约束_19_21_4],0.0
cons[火电机组分段中标量约束_19_21_5],0.0
cons[火电机组分段中标量约束_19_21_6],0.0
cons[火电机组分段中标量约束_19_21_7],0.0
cons[火电机组分段中标量约束_19_21_8],0.0
cons[火电机组分段中标量约束_19_21_9],0.0
cons[火电机组出力之和约束_19_21],-6196.6905
cons[火电机组分段中标量约束_19_22_0],0.0
cons[火电机组分段中标量约束_19_22_1],0.0
cons[火电机组分段中标量约束_19_22_2],0.0
cons[火电机组分段中标量约束_19_22_3],0.0
cons[火电机组分段中标量约束_19_22_4],0.0
cons[火电机组分段中标量约束_19_22_5],0.0
cons[火电机组分段中标量约束_19_22_6],0.0
cons[火电机组分段中标量约束_19_22_7],0.0
cons[火电机组分段中标量约束_19_22_8],0.0
cons[火电机组分段中标量约束_19_22_9],0.0
cons[火电机组出力之和约束_19_22],-6196.6905
cons[火电机组分段中标量约束_19_23_0],0.0
cons[火电机组分段中标量约束_19_23_1],0.0
cons[火电机组分段中标量约束_19_23_2],0.0
cons[火电机组分段中标量约束_19_23_3],0.0
cons[火电机组分段中标量约束_19_23_4],0.0
cons[火电机组分段中标量约束_19_23_5],0.0
cons[火电机组分段中标量约束_19_23_6],0.0
cons[火电机组分段中标量约束_19_23_7],0.0
cons[火电机组分段中标量约束_19_23_8],0.0
cons[火电机组分段中标量约束_19_23_9],0.0
cons[火电机组出力之和约束_19_23],-6196.6905
cons[火电机组分段中标量约束_19_24_0],0.0
cons[火电机组分段中标量约束_19_24_1],0.0
cons[火电机组分段中标量约束_19_24_2],0.0
cons[火电机组分段中标量约束_19_24_3],0.0
cons[火电机组分段中标量约束_19_24_4],0.0
cons[火电机组分段中标量约束_19_24_5],0.0
cons[火电机组分段中标量约束_19_24_6],0.0
cons[火电机组分段中标量约束_19_24_7],0.0
cons[火电机组分段中标量约束_19_24_8],0.0
cons[火电机组分段中标量约束_19_24_9],0.0
cons[火电机组出力之和约束_19_24],-6196.6905
cons[火电机组分段中标量约束_19_25_0],0.0
cons[火电机组分段中标量约束_19_25_1],0.0
cons[火电机组分段中标量约束_19_25_2],0.0
cons[火电机组分段中标量约束_19_25_3],0.0
cons[火电机组分段中标量约束_19_25_4],0.0
cons[火电机组分段中标量约束_19_25_5],0.0
cons[火电机组分段中标量约束_19_25_6],0.0
cons[火电机组分段中标量约束_19_25_7],0.0
cons[火电机组分段中标量约束_19_25_8],0.0
cons[火电机组分段中标量约束_19_25_9],0.0
cons[火电机组出力之和约束_19_25],-6196.6905
cons[火电机组分段中标量约束_19_26_0],0.0
cons[火电机组分段中标量约束_19_26_1],0.0
cons[火电机组分段中标量约束_19_26_2],0.0
cons[火电机组分段中标量约束_19_26_3],0.0
cons[火电机组分段中标量约束_19_26_4],0.0
cons[火电机组分段中标量约束_19_26_5],0.0
cons[火电机组分段中标量约束_19_26_6],0.0
cons[火电机组分段中标量约束_19_26_7],0.0
cons[火电机组分段中标量约束_19_26_8],0.0
cons[火电机组分段中标量约束_19_26_9],0.0
cons[火电机组出力之和约束_19_26],-6196.6905
cons[火电机组分段中标量约束_19_27_0],0.0
cons[火电机组分段中标量约束_19_27_1],0.0
cons[火电机组分段中标量约束_19_27_2],0.0
cons[火电机组分段中标量约束_19_27_3],0.0
cons[火电机组分段中标量约束_19_27_4],0.0
cons[火电机组分段中标量约束_19_27_5],0.0
cons[火电机组分段中标量约束_19_27_6],0.0
cons[火电机组分段中标量约束_19_27_7],0.0
cons[火电机组分段中标量约束_19_27_8],0.0
cons[火电机组分段中标量约束_19_27_9],0.0
cons[火电机组出力之和约束_19_27],-6196.6905
cons[火电机组分段中标量约束_19_28_0],0.0
cons[火电机组分段中标量约束_19_28_1],0.0
cons[火电机组分段中标量约束_19_28_2],0.0
cons[火电机组分段中标量约束_19_28_3],0.0
cons[火电机组分段中标量约束_19_28_4],0.0
cons[火电机组分段中标量约束_19_28_5],0.0
cons[火电机组分段中标量约束_19_28_6],0.0
cons[火电机组分段中标量约束_19_28_7],0.0
cons[火电机组分段中标量约束_19_28_8],0.0
cons[火电机组分段中标量约束_19_28_9],0.0
cons[火电机组出力之和约束_19_28],-6196.6905
cons[火电机组分段中标量约束_19_29_0],0.0
cons[火电机组分段中标量约束_19_29_1],0.0
cons[火电机组分段中标量约束_19_29_2],0.0
cons[火电机组分段中标量约束_19_29_3],0.0
cons[火电机组分段中标量约束_19_29_4],0.0
cons[火电机组分段中标量约束_19_29_5],0.0
cons[火电机组分段中标量约束_19_29_6],0.0
cons[火电机组分段中标量约束_19_29_7],0.0
cons[火电机组分段中标量约束_19_29_8],0.0
cons[火电机组分段中标量约束_19_29_9],0.0
cons[火电机组出力之和约束_19_29],-6196.6905
cons[火电机组分段中标量约束_19_30_0],0.0
cons[火电机组分段中标量约束_19_30_1],0.0
cons[火电机组分段中标量约束_19_30_2],0.0
cons[火电机组分段中标量约束_19_30_3],0.0
cons[火电机组分段中标量约束_19_30_4],0.0
cons[火电机组分段中标量约束_19_30_5],0.0
cons[火电机组分段中标量约束_19_30_6],0.0
cons[火电机组分段中标量约束_19_30_7],0.0
cons[火电机组分段中标量约束_19_30_8],0.0
cons[火电机组分段中标量约束_19_30_9],0.0
cons[火电机组出力之和约束_19_30],-6196.6905
cons[火电机组分段中标量约束_19_31_0],0.0
cons[火电机组分段中标量约束_19_31_1],0.0
cons[火电机组分段中标量约束_19_31_2],0.0
cons[火电机组分段中标量约束_19_31_3],0.0
cons[火电机组分段中标量约束_19_31_4],0.0
cons[火电机组分段中标量约束_19_31_5],0.0
cons[火电机组分段中标量约束_19_31_6],0.0
cons[火电机组分段中标量约束_19_31_7],0.0
cons[火电机组分段中标量约束_19_31_8],0.0
cons[火电机组分段中标量约束_19_31_9],0.0
cons[火电机组出力之和约束_19_31],-6196.6905
cons[火电机组分段中标量约束_19_32_0],0.0
cons[火电机组分段中标量约束_19_32_1],0.0
cons[火电机组分段中标量约束_19_32_2],0.0
cons[火电机组分段中标量约束_19_32_3],0.0
cons[火电机组分段中标量约束_19_32_4],0.0
cons[火电机组分段中标量约束_19_32_5],0.0
cons[火电机组分段中标量约束_19_32_6],0.0
cons[火电机组分段中标量约束_19_32_7],0.0
cons[火电机组分段中标量约束_19_32_8],0.0
cons[火电机组分段中标量约束_19_32_9],0.0
cons[火电机组出力之和约束_19_32],-6196.6905
cons[火电机组分段中标量约束_19_33_0],0.0
cons[火电机组分段中标量约束_19_33_1],0.0
cons[火电机组分段中标量约束_19_33_2],0.0
cons[火电机组分段中标量约束_19_33_3],0.0
cons[火电机组分段中标量约束_19_33_4],0.0
cons[火电机组分段中标量约束_19_33_5],0.0
cons[火电机组分段中标量约束_19_33_6],0.0
cons[火电机组分段中标量约束_19_33_7],0.0
cons[火电机组分段中标量约束_19_33_8],0.0
cons[火电机组分段中标量约束_19_33_9],0.0
cons[火电机组出力之和约束_19_33],-6196.6905
cons[火电机组分段中标量约束_19_34_0],0.0
cons[火电机组分段中标量约束_19_34_1],0.0
cons[火电机组分段中标量约束_19_34_2],0.0
cons[火电机组分段中标量约束_19_34_3],0.0
cons[火电机组分段中标量约束_19_34_4],0.0
cons[火电机组分段中标量约束_19_34_5],0.0
cons[火电机组分段中标量约束_19_34_6],0.0
cons[火电机组分段中标量约束_19_34_7],0.0
cons[火电机组分段中标量约束_19_34_8],0.0
cons[火电机组分段中标量约束_19_34_9],0.0
cons[火电机组出力之和约束_19_34],-6196.6905
cons[火电机组分段中标量约束_19_35_0],0.0
cons[火电机组分段中标量约束_19_35_1],0.0
cons[火电机组分段中标量约束_19_35_2],0.0
cons[火电机组分段中标量约束_19_35_3],0.0
cons[火电机组分段中标量约束_19_35_4],0.0
cons[火电机组分段中标量约束_19_35_5],0.0
cons[火电机组分段中标量约束_19_35_6],0.0
cons[火电机组分段中标量约束_19_35_7],0.0
cons[火电机组分段中标量约束_19_35_8],0.0
cons[火电机组分段中标量约束_19_35_9],0.0
cons[火电机组出力之和约束_19_35],-6196.6905
cons[火电机组分段中标量约束_19_36_0],0.0
cons[火电机组分段中标量约束_19_36_1],0.0
cons[火电机组分段中标量约束_19_36_2],0.0
cons[火电机组分段中标量约束_19_36_3],0.0
cons[火电机组分段中标量约束_19_36_4],0.0
cons[火电机组分段中标量约束_19_36_5],0.0
cons[火电机组分段中标量约束_19_36_6],0.0
cons[火电机组分段中标量约束_19_36_7],0.0
cons[火电机组分段中标量约束_19_36_8],0.0
cons[火电机组分段中标量约束_19_36_9],0.0
cons[火电机组出力之和约束_19_36],-6196.6905
cons[火电机组分段中标量约束_19_37_0],0.0
cons[火电机组分段中标量约束_19_37_1],0.0
cons[火电机组分段中标量约束_19_37_2],0.0
cons[火电机组分段中标量约束_19_37_3],0.0
cons[火电机组分段中标量约束_19_37_4],0.0
cons[火电机组分段中标量约束_19_37_5],0.0
cons[火电机组分段中标量约束_19_37_6],0.0
cons[火电机组分段中标量约束_19_37_7],0.0
cons[火电机组分段中标量约束_19_37_8],0.0
cons[火电机组分段中标量约束_19_37_9],0.0
cons[火电机组出力之和约束_19_37],-6196.6905
cons[火电机组分段中标量约束_19_38_0],0.0
cons[火电机组分段中标量约束_19_38_1],0.0
cons[火电机组分段中标量约束_19_38_2],0.0
cons[火电机组分段中标量约束_19_38_3],0.0
cons[火电机组分段中标量约束_19_38_4],0.0
cons[火电机组分段中标量约束_19_38_5],0.0
cons[火电机组分段中标量约束_19_38_6],0.0
cons[火电机组分段中标量约束_19_38_7],0.0
cons[火电机组分段中标量约束_19_38_8],0.0
cons[火电机组分段中标量约束_19_38_9],0.0
cons[火电机组出力之和约束_19_38],-6196.6905
cons[火电机组分段中标量约束_19_39_0],0.0
cons[火电机组分段中标量约束_19_39_1],0.0
cons[火电机组分段中标量约束_19_39_2],0.0
cons[火电机组分段中标量约束_19_39_3],0.0
cons[火电机组分段中标量约束_19_39_4],0.0
cons[火电机组分段中标量约束_19_39_5],0.0
cons[火电机组分段中标量约束_19_39_6],0.0
cons[火电机组分段中标量约束_19_39_7],0.0
cons[火电机组分段中标量约束_19_39_8],0.0
cons[火电机组分段中标量约束_19_39_9],0.0
cons[火电机组出力之和约束_19_39],-6196.6905
cons[火电机组分段中标量约束_19_40_0],0.0
cons[火电机组分段中标量约束_19_40_1],0.0
cons[火电机组分段中标量约束_19_40_2],0.0
cons[火电机组分段中标量约束_19_40_3],0.0
cons[火电机组分段中标量约束_19_40_4],0.0
cons[火电机组分段中标量约束_19_40_5],0.0
cons[火电机组分段中标量约束_19_40_6],0.0
cons[火电机组分段中标量约束_19_40_7],0.0
cons[火电机组分段中标量约束_19_40_8],0.0
cons[火电机组分段中标量约束_19_40_9],0.0
cons[火电机组出力之和约束_19_40],-6196.6905
cons[火电机组分段中标量约束_19_41_0],0.0
cons[火电机组分段中标量约束_19_41_1],0.0
cons[火电机组分段中标量约束_19_41_2],0.0
cons[火电机组分段中标量约束_19_41_3],0.0
cons[火电机组分段中标量约束_19_41_4],0.0
cons[火电机组分段中标量约束_19_41_5],0.0
cons[火电机组分段中标量约束_19_41_6],0.0
cons[火电机组分段中标量约束_19_41_7],0.0
cons[火电机组分段中标量约束_19_41_8],0.0
cons[火电机组分段中标量约束_19_41_9],0.0
cons[火电机组出力之和约束_19_41],-6196.6905
cons[火电机组分段中标量约束_19_42_0],0.0
cons[火电机组分段中标量约束_19_42_1],0.0
cons[火电机组分段中标量约束_19_42_2],0.0
cons[火电机组分段中标量约束_19_42_3],0.0
cons[火电机组分段中标量约束_19_42_4],0.0
cons[火电机组分段中标量约束_19_42_5],0.0
cons[火电机组分段中标量约束_19_42_6],0.0
cons[火电机组分段中标量约束_19_42_7],0.0
cons[火电机组分段中标量约束_19_42_8],0.0
cons[火电机组分段中标量约束_19_42_9],0.0
cons[火电机组出力之和约束_19_42],-6196.6905
cons[火电机组分段中标量约束_19_43_0],0.0
cons[火电机组分段中标量约束_19_43_1],0.0
cons[火电机组分段中标量约束_19_43_2],0.0
cons[火电机组分段中标量约束_19_43_3],0.0
cons[火电机组分段中标量约束_19_43_4],0.0
cons[火电机组分段中标量约束_19_43_5],0.0
cons[火电机组分段中标量约束_19_43_6],0.0
cons[火电机组分段中标量约束_19_43_7],0.0
cons[火电机组分段中标量约束_19_43_8],0.0
cons[火电机组分段中标量约束_19_43_9],0.0
cons[火电机组出力之和约束_19_43],-6196.6905
cons[火电机组分段中标量约束_19_44_0],0.0
cons[火电机组分段中标量约束_19_44_1],0.0
cons[火电机组分段中标量约束_19_44_2],0.0
cons[火电机组分段中标量约束_19_44_3],0.0
cons[火电机组分段中标量约束_19_44_4],0.0
cons[火电机组分段中标量约束_19_44_5],0.0
cons[火电机组分段中标量约束_19_44_6],0.0
cons[火电机组分段中标量约束_19_44_7],0.0
cons[火电机组分段中标量约束_19_44_8],0.0
cons[火电机组分段中标量约束_19_44_9],0.0
cons[火电机组出力之和约束_19_44],-6196.6905
cons[火电机组分段中标量约束_19_45_0],0.0
cons[火电机组分段中标量约束_19_45_1],0.0
cons[火电机组分段中标量约束_19_45_2],0.0
cons[火电机组分段中标量约束_19_45_3],0.0
cons[火电机组分段中标量约束_19_45_4],0.0
cons[火电机组分段中标量约束_19_45_5],0.0
cons[火电机组分段中标量约束_19_45_6],0.0
cons[火电机组分段中标量约束_19_45_7],0.0
cons[火电机组分段中标量约束_19_45_8],0.0
cons[火电机组分段中标量约束_19_45_9],0.0
cons[火电机组出力之和约束_19_45],-6196.6905
cons[火电机组分段中标量约束_19_46_0],0.0
cons[火电机组分段中标量约束_19_46_1],0.0
cons[火电机组分段中标量约束_19_46_2],0.0
cons[火电机组分段中标量约束_19_46_3],0.0
cons[火电机组分段中标量约束_19_46_4],0.0
cons[火电机组分段中标量约束_19_46_5],0.0
cons[火电机组分段中标量约束_19_46_6],0.0
cons[火电机组分段中标量约束_19_46_7],0.0
cons[火电机组分段中标量约束_19_46_8],0.0
cons[火电机组分段中标量约束_19_46_9],0.0
cons[火电机组出力之和约束_19_46],-6196.6905
cons[火电机组分段中标量约束_19_47_0],0.0
cons[火电机组分段中标量约束_19_47_1],0.0
cons[火电机组分段中标量约束_19_47_2],0.0
cons[火电机组分段中标量约束_19_47_3],0.0
cons[火电机组分段中标量约束_19_47_4],0.0
cons[火电机组分段中标量约束_19_47_5],0.0
cons[火电机组分段中标量约束_19_47_6],0.0
cons[火电机组分段中标量约束_19_47_7],0.0
cons[火电机组分段中标量约束_19_47_8],0.0
cons[火电机组分段中标量约束_19_47_9],0.0
cons[火电机组出力之和约束_19_47],-6196.6905
cons[火电机组分段中标量约束_19_48_0],0.0
cons[火电机组分段中标量约束_19_48_1],0.0
cons[火电机组分段中标量约束_19_48_2],0.0
cons[火电机组分段中标量约束_19_48_3],0.0
cons[火电机组分段中标量约束_19_48_4],0.0
cons[火电机组分段中标量约束_19_48_5],0.0
cons[火电机组分段中标量约束_19_48_6],0.0
cons[火电机组分段中标量约束_19_48_7],0.0
cons[火电机组分段中标量约束_19_48_8],0.0
cons[火电机组分段中标量约束_19_48_9],0.0
cons[火电机组出力之和约束_19_48],-6196.6905
cons[火电机组分段中标量约束_19_49_0],0.0
cons[火电机组分段中标量约束_19_49_1],0.0
cons[火电机组分段中标量约束_19_49_2],0.0
cons[火电机组分段中标量约束_19_49_3],0.0
cons[火电机组分段中标量约束_19_49_4],0.0
cons[火电机组分段中标量约束_19_49_5],0.0
cons[火电机组分段中标量约束_19_49_6],0.0
cons[火电机组分段中标量约束_19_49_7],0.0
cons[火电机组分段中标量约束_19_49_8],0.0
cons[火电机组分段中标量约束_19_49_9],0.0
cons[火电机组出力之和约束_19_49],-6196.6905
cons[火电机组分段中标量约束_19_50_0],0.0
cons[火电机组分段中标量约束_19_50_1],0.0
cons[火电机组分段中标量约束_19_50_2],0.0
cons[火电机组分段中标量约束_19_50_3],0.0
cons[火电机组分段中标量约束_19_50_4],0.0
cons[火电机组分段中标量约束_19_50_5],0.0
cons[火电机组分段中标量约束_19_50_6],0.0
cons[火电机组分段中标量约束_19_50_7],0.0
cons[火电机组分段中标量约束_19_50_8],0.0
cons[火电机组分段中标量约束_19_50_9],0.0
cons[火电机组出力之和约束_19_50],-6196.6905
cons[火电机组分段中标量约束_19_51_0],0.0
cons[火电机组分段中标量约束_19_51_1],0.0
cons[火电机组分段中标量约束_19_51_2],0.0
cons[火电机组分段中标量约束_19_51_3],0.0
cons[火电机组分段中标量约束_19_51_4],0.0
cons[火电机组分段中标量约束_19_51_5],0.0
cons[火电机组分段中标量约束_19_51_6],0.0
cons[火电机组分段中标量约束_19_51_7],0.0
cons[火电机组分段中标量约束_19_51_8],0.0
cons[火电机组分段中标量约束_19_51_9],0.0
cons[火电机组出力之和约束_19_51],-6196.6905
cons[火电机组分段中标量约束_19_52_0],0.0
cons[火电机组分段中标量约束_19_52_1],0.0
cons[火电机组分段中标量约束_19_52_2],0.0
cons[火电机组分段中标量约束_19_52_3],0.0
cons[火电机组分段中标量约束_19_52_4],0.0
cons[火电机组分段中标量约束_19_52_5],0.0
cons[火电机组分段中标量约束_19_52_6],0.0
cons[火电机组分段中标量约束_19_52_7],0.0
cons[火电机组分段中标量约束_19_52_8],0.0
cons[火电机组分段中标量约束_19_52_9],0.0
cons[火电机组出力之和约束_19_52],-6196.6905
cons[火电机组分段中标量约束_19_53_0],0.0
cons[火电机组分段中标量约束_19_53_1],0.0
cons[火电机组分段中标量约束_19_53_2],0.0
cons[火电机组分段中标量约束_19_53_3],0.0
cons[火电机组分段中标量约束_19_53_4],0.0
cons[火电机组分段中标量约束_19_53_5],0.0
cons[火电机组分段中标量约束_19_53_6],0.0
cons[火电机组分段中标量约束_19_53_7],0.0
cons[火电机组分段中标量约束_19_53_8],0.0
cons[火电机组分段中标量约束_19_53_9],0.0
cons[火电机组出力之和约束_19_53],-6196.6905
cons[火电机组分段中标量约束_19_54_0],0.0
cons[火电机组分段中标量约束_19_54_1],0.0
cons[火电机组分段中标量约束_19_54_2],0.0
cons[火电机组分段中标量约束_19_54_3],0.0
cons[火电机组分段中标量约束_19_54_4],0.0
cons[火电机组分段中标量约束_19_54_5],0.0
cons[火电机组分段中标量约束_19_54_6],0.0
cons[火电机组分段中标量约束_19_54_7],0.0
cons[火电机组分段中标量约束_19_54_8],0.0
cons[火电机组分段中标量约束_19_54_9],0.0
cons[火电机组出力之和约束_19_54],-6196.6905
cons[火电机组分段中标量约束_19_55_0],0.0
cons[火电机组分段中标量约束_19_55_1],0.0
cons[火电机组分段中标量约束_19_55_2],0.0
cons[火电机组分段中标量约束_19_55_3],0.0
cons[火电机组分段中标量约束_19_55_4],0.0
cons[火电机组分段中标量约束_19_55_5],0.0
cons[火电机组分段中标量约束_19_55_6],0.0
cons[火电机组分段中标量约束_19_55_7],0.0
cons[火电机组分段中标量约束_19_55_8],0.0
cons[火电机组分段中标量约束_19_55_9],0.0
cons[火电机组出力之和约束_19_55],-6196.6905
cons[火电机组分段中标量约束_19_56_0],0.0
cons[火电机组分段中标量约束_19_56_1],0.0
cons[火电机组分段中标量约束_19_56_2],0.0
cons[火电机组分段中标量约束_19_56_3],0.0
cons[火电机组分段中标量约束_19_56_4],0.0
cons[火电机组分段中标量约束_19_56_5],0.0
cons[火电机组分段中标量约束_19_56_6],0.0
cons[火电机组分段中标量约束_19_56_7],0.0
cons[火电机组分段中标量约束_19_56_8],0.0
cons[火电机组分段中标量约束_19_56_9],0.0
cons[火电机组出力之和约束_19_56],-6196.6905
cons[火电机组分段中标量约束_19_57_0],0.0
cons[火电机组分段中标量约束_19_57_1],0.0
cons[火电机组分段中标量约束_19_57_2],0.0
cons[火电机组分段中标量约束_19_57_3],0.0
cons[火电机组分段中标量约束_19_57_4],0.0
cons[火电机组分段中标量约束_19_57_5],0.0
cons[火电机组分段中标量约束_19_57_6],0.0
cons[火电机组分段中标量约束_19_57_7],0.0
cons[火电机组分段中标量约束_19_57_8],0.0
cons[火电机组分段中标量约束_19_57_9],0.0
cons[火电机组出力之和约束_19_57],-6196.6905
cons[火电机组分段中标量约束_19_58_0],0.0
cons[火电机组分段中标量约束_19_58_1],0.0
cons[火电机组分段中标量约束_19_58_2],0.0
cons[火电机组分段中标量约束_19_58_3],0.0
cons[火电机组分段中标量约束_19_58_4],0.0
cons[火电机组分段中标量约束_19_58_5],0.0
cons[火电机组分段中标量约束_19_58_6],0.0
cons[火电机组分段中标量约束_19_58_7],0.0
cons[火电机组分段中标量约束_19_58_8],0.0
cons[火电机组分段中标量约束_19_58_9],0.0
cons[火电机组出力之和约束_19_58],-6196.6905
cons[火电机组分段中标量约束_19_59_0],0.0
cons[火电机组分段中标量约束_19_59_1],0.0
cons[火电机组分段中标量约束_19_59_2],0.0
cons[火电机组分段中标量约束_19_59_3],0.0
cons[火电机组分段中标量约束_19_59_4],0.0
cons[火电机组分段中标量约束_19_59_5],0.0
cons[火电机组分段中标量约束_19_59_6],0.0
cons[火电机组分段中标量约束_19_59_7],0.0
cons[火电机组分段中标量约束_19_59_8],0.0
cons[火电机组分段中标量约束_19_59_9],0.0
cons[火电机组出力之和约束_19_59],-6196.6905
cons[火电机组分段中标量约束_19_60_0],0.0
cons[火电机组分段中标量约束_19_60_1],0.0
cons[火电机组分段中标量约束_19_60_2],0.0
cons[火电机组分段中标量约束_19_60_3],0.0
cons[火电机组分段中标量约束_19_60_4],0.0
cons[火电机组分段中标量约束_19_60_5],0.0
cons[火电机组分段中标量约束_19_60_6],0.0
cons[火电机组分段中标量约束_19_60_7],0.0
cons[火电机组分段中标量约束_19_60_8],0.0
cons[火电机组分段中标量约束_19_60_9],0.0
cons[火电机组出力之和约束_19_60],-6196.6905
cons[火电机组分段中标量约束_19_61_0],0.0
cons[火电机组分段中标量约束_19_61_1],0.0
cons[火电机组分段中标量约束_19_61_2],0.0
cons[火电机组分段中标量约束_19_61_3],0.0
cons[火电机组分段中标量约束_19_61_4],0.0
cons[火电机组分段中标量约束_19_61_5],0.0
cons[火电机组分段中标量约束_19_61_6],0.0
cons[火电机组分段中标量约束_19_61_7],0.0
cons[火电机组分段中标量约束_19_61_8],0.0
cons[火电机组分段中标量约束_19_61_9],0.0
cons[火电机组出力之和约束_19_61],-6196.6905
cons[火电机组分段中标量约束_19_62_0],0.0
cons[火电机组分段中标量约束_19_62_1],0.0
cons[火电机组分段中标量约束_19_62_2],0.0
cons[火电机组分段中标量约束_19_62_3],0.0
cons[火电机组分段中标量约束_19_62_4],0.0
cons[火电机组分段中标量约束_19_62_5],0.0
cons[火电机组分段中标量约束_19_62_6],0.0
cons[火电机组分段中标量约束_19_62_7],0.0
cons[火电机组分段中标量约束_19_62_8],0.0
cons[火电机组分段中标量约束_19_62_9],0.0
cons[火电机组出力之和约束_19_62],-6196.6905
cons[火电机组分段中标量约束_19_63_0],0.0
cons[火电机组分段中标量约束_19_63_1],0.0
cons[火电机组分段中标量约束_19_63_2],0.0
cons[火电机组分段中标量约束_19_63_3],0.0
cons[火电机组分段中标量约束_19_63_4],0.0
cons[火电机组分段中标量约束_19_63_5],0.0
cons[火电机组分段中标量约束_19_63_6],0.0
cons[火电机组分段中标量约束_19_63_7],0.0
cons[火电机组分段中标量约束_19_63_8],0.0
cons[火电机组分段中标量约束_19_63_9],0.0
cons[火电机组出力之和约束_19_63],-6196.6905
cons[火电机组分段中标量约束_19_64_0],0.0
cons[火电机组分段中标量约束_19_64_1],0.0
cons[火电机组分段中标量约束_19_64_2],0.0
cons[火电机组分段中标量约束_19_64_3],0.0
cons[火电机组分段中标量约束_19_64_4],0.0
cons[火电机组分段中标量约束_19_64_5],0.0
cons[火电机组分段中标量约束_19_64_6],0.0
cons[火电机组分段中标量约束_19_64_7],0.0
cons[火电机组分段中标量约束_19_64_8],0.0
cons[火电机组分段中标量约束_19_64_9],0.0
cons[火电机组出力之和约束_19_64],-6196.6905
cons[火电机组分段中标量约束_19_65_0],-3.412500000000364
cons[火电机组分段中标量约束_19_65_1],0.0
cons[火电机组分段中标量约束_19_65_2],0.0
cons[火电机组分段中标量约束_19_65_3],0.0
cons[火电机组分段中标量约束_19_65_4],0.0
cons[火电机组分段中标量约束_19_65_5],0.0
cons[火电机组分段中标量约束_19_65_6],0.0
cons[火电机组分段中标量约束_19_65_7],0.0
cons[火电机组分段中标量约束_19_65_8],0.0
cons[火电机组分段中标量约束_19_65_9],0.0
cons[火电机组出力之和约束_19_65],-6200.103
cons[火电机组分段中标量约束_19_66_0],-23.159500000000662
cons[火电机组分段中标量约束_19_66_1],0.0
cons[火电机组分段中标量约束_19_66_2],0.0
cons[火电机组分段中标量约束_19_66_3],0.0
cons[火电机组分段中标量约束_19_66_4],0.0
cons[火电机组分段中标量约束_19_66_5],0.0
cons[火电机组分段中标量约束_19_66_6],0.0
cons[火电机组分段中标量约束_19_66_7],0.0
cons[火电机组分段中标量约束_19_66_8],0.0
cons[火电机组分段中标量约束_19_66_9],0.0
cons[火电机组出力之和约束_19_66],-6219.85
cons[火电机组分段中标量约束_19_67_0],-23.159500000000662
cons[火电机组分段中标量约束_19_67_1],0.0
cons[火电机组分段中标量约束_19_67_2],0.0
cons[火电机组分段中标量约束_19_67_3],0.0
cons[火电机组分段中标量约束_19_67_4],0.0
cons[火电机组分段中标量约束_19_67_5],0.0
cons[火电机组分段中标量约束_19_67_6],0.0
cons[火电机组分段中标量约束_19_67_7],0.0
cons[火电机组分段中标量约束_19_67_8],0.0
cons[火电机组分段中标量约束_19_67_9],0.0
cons[火电机组出力之和约束_19_67],-6219.85
cons[火电机组分段中标量约束_19_68_0],-23.159500000000662
cons[火电机组分段中标量约束_19_68_1],0.0
cons[火电机组分段中标量约束_19_68_2],0.0
cons[火电机组分段中标量约束_19_68_3],0.0
cons[火电机组分段中标量约束_19_68_4],0.0
cons[火电机组分段中标量约束_19_68_5],0.0
cons[火电机组分段中标量约束_19_68_6],0.0
cons[火电机组分段中标量约束_19_68_7],0.0
cons[火电机组分段中标量约束_19_68_8],0.0
cons[火电机组分段中标量约束_19_68_9],0.0
cons[火电机组出力之和约束_19_68],-6219.85
cons[火电机组分段中标量约束_19_69_0],-23.159500000000662
cons[火电机组分段中标量约束_19_69_1],0.0
cons[火电机组分段中标量约束_19_69_2],0.0
cons[火电机组分段中标量约束_19_69_3],0.0
cons[火电机组分段中标量约束_19_69_4],0.0
cons[火电机组分段中标量约束_19_69_5],0.0
cons[火电机组分段中标量约束_19_69_6],0.0
cons[火电机组分段中标量约束_19_69_7],0.0
cons[火电机组分段中标量约束_19_69_8],0.0
cons[火电机组分段中标量约束_19_69_9],0.0
cons[火电机组出力之和约束_19_69],-6219.85
cons[火电机组分段中标量约束_19_70_0],-23.159500000000662
cons[火电机组分段中标量约束_19_70_1],0.0
cons[火电机组分段中标量约束_19_70_2],0.0
cons[火电机组分段中标量约束_19_70_3],0.0
cons[火电机组分段中标量约束_19_70_4],0.0
cons[火电机组分段中标量约束_19_70_5],0.0
cons[火电机组分段中标量约束_19_70_6],0.0
cons[火电机组分段中标量约束_19_70_7],0.0
cons[火电机组分段中标量约束_19_70_8],0.0
cons[火电机组分段中标量约束_19_70_9],0.0
cons[火电机组出力之和约束_19_70],-6219.85
cons[火电机组分段中标量约束_19_71_0],-45.545500000000175
cons[火电机组分段中标量约束_19_71_1],0.0
cons[火电机组分段中标量约束_19_71_2],0.0
cons[火电机组分段中标量约束_19_71_3],0.0
cons[火电机组分段中标量约束_19_71_4],0.0
cons[火电机组分段中标量约束_19_71_5],0.0
cons[火电机组分段中标量约束_19_71_6],0.0
cons[火电机组分段中标量约束_19_71_7],0.0
cons[火电机组分段中标量约束_19_71_8],0.0
cons[火电机组分段中标量约束_19_71_9],0.0
cons[火电机组出力之和约束_19_71],-6242.236
cons[火电机组分段中标量约束_19_72_0],-49.45849999999973
cons[火电机组分段中标量约束_19_72_1],-3.912999999999556
cons[火电机组分段中标量约束_19_72_2],0.0
cons[火电机组分段中标量约束_19_72_3],0.0
cons[火电机组分段中标量约束_19_72_4],0.0
cons[火电机组分段中标量约束_19_72_5],0.0
cons[火电机组分段中标量约束_19_72_6],0.0
cons[火电机组分段中标量约束_19_72_7],0.0
cons[火电机组分段中标量约束_19_72_8],0.0
cons[火电机组分段中标量约束_19_72_9],0.0
cons[火电机组出力之和约束_19_72],-6246.148999999999
cons[火电机组分段中标量约束_19_73_0],-59.55950000000303
cons[火电机组分段中标量约束_19_73_1],-14.014000000002852
cons[火电机组分段中标量约束_19_73_2],0.0
cons[火电机组分段中标量约束_19_73_3],0.0
cons[火电机组分段中标量约束_19_73_4],0.0
cons[火电机组分段中标量约束_19_73_5],0.0
cons[火电机组分段中标量约束_19_73_6],0.0
cons[火电机组分段中标量约束_19_73_7],0.0
cons[火电机组分段中标量约束_19_73_8],0.0
cons[火电机组分段中标量约束_19_73_9],0.0
cons[火电机组出力之和约束_19_73],-6256.250000000003
cons[火电机组分段中标量约束_19_74_0],-91.09100000000035
cons[火电机组分段中标量约束_19_74_1],-45.545500000000175
cons[火电机组分段中标量约束_19_74_2],0.0
cons[火电机组分段中标量约束_19_74_3],0.0
cons[火电机组分段中标量约束_19_74_4],0.0
cons[火电机组分段中标量约束_19_74_5],0.0
cons[火电机组分段中标量约束_19_74_6],0.0
cons[火电机组分段中标量约束_19_74_7],0.0
cons[火电机组分段中标量约束_19_74_8],0.0
cons[火电机组分段中标量约束_19_74_9],0.0
cons[火电机组出力之和约束_19_74],-6287.7815
cons[火电机组分段中标量约束_19_75_0],-91.09100000000035
cons[火电机组分段中标量约束_19_75_1],-45.545500000000175
cons[火电机组分段中标量约束_19_75_2],0.0
cons[火电机组分段中标量约束_19_75_3],0.0
cons[火电机组分段中标量约束_19_75_4],0.0
cons[火电机组分段中标量约束_19_75_5],0.0
cons[火电机组分段中标量约束_19_75_6],0.0
cons[火电机组分段中标量约束_19_75_7],0.0
cons[火电机组分段中标量约束_19_75_8],0.0
cons[火电机组分段中标量约束_19_75_9],0.0
cons[火电机组出力之和约束_19_75],-6287.7815
cons[火电机组分段中标量约束_19_76_0],-49.45849999999973
cons[火电机组分段中标量约束_19_76_1],-3.912999999999556
cons[火电机组分段中标量约束_19_76_2],0.0
cons[火电机组分段中标量约束_19_76_3],0.0
cons[火电机组分段中标量约束_19_76_4],0.0
cons[火电机组分段中标量约束_19_76_5],0.0
cons[火电机组分段中标量约束_19_76_6],0.0
cons[火电机组分段中标量约束_19_76_7],0.0
cons[火电机组分段中标量约束_19_76_8],0.0
cons[火电机组分段中标量约束_19_76_9],0.0
cons[火电机组出力之和约束_19_76],-6246.148999999999
cons[火电机组分段中标量约束_19_77_0],-45.545500000000175
cons[火电机组分段中标量约束_19_77_1],0.0
cons[火电机组分段中标量约束_19_77_2],0.0
cons[火电机组分段中标量约束_19_77_3],0.0
cons[火电机组分段中标量约束_19_77_4],0.0
cons[火电机组分段中标量约束_19_77_5],0.0
cons[火电机组分段中标量约束_19_77_6],0.0
cons[火电机组分段中标量约束_19_77_7],0.0
cons[火电机组分段中标量约束_19_77_8],0.0
cons[火电机组分段中标量约束_19_77_9],0.0
cons[火电机组出力之和约束_19_77],-6242.236
cons[火电机组分段中标量约束_19_78_0],-23.159500000000662
cons[火电机组分段中标量约束_19_78_1],0.0
cons[火电机组分段中标量约束_19_78_2],0.0
cons[火电机组分段中标量约束_19_78_3],0.0
cons[火电机组分段中标量约束_19_78_4],0.0
cons[火电机组分段中标量约束_19_78_5],0.0
cons[火电机组分段中标量约束_19_78_6],0.0
cons[火电机组分段中标量约束_19_78_7],0.0
cons[火电机组分段中标量约束_19_78_8],0.0
cons[火电机组分段中标量约束_19_78_9],0.0
cons[火电机组出力之和约束_19_78],-6219.85
cons[火电机组分段中标量约束_19_79_0],-23.159500000000662
cons[火电机组分段中标量约束_19_79_1],0.0
cons[火电机组分段中标量约束_19_79_2],0.0
cons[火电机组分段中标量约束_19_79_3],0.0
cons[火电机组分段中标量约束_19_79_4],0.0
cons[火电机组分段中标量约束_19_79_5],0.0
cons[火电机组分段中标量约束_19_79_6],0.0
cons[火电机组分段中标量约束_19_79_7],0.0
cons[火电机组分段中标量约束_19_79_8],0.0
cons[火电机组分段中标量约束_19_79_9],0.0
cons[火电机组出力之和约束_19_79],-6219.85
cons[火电机组分段中标量约束_19_80_0],-3.412500000000364
cons[火电机组分段中标量约束_19_80_1],0.0
cons[火电机组分段中标量约束_19_80_2],0.0
cons[火电机组分段中标量约束_19_80_3],0.0
cons[火电机组分段中标量约束_19_80_4],0.0
cons[火电机组分段中标量约束_19_80_5],0.0
cons[火电机组分段中标量约束_19_80_6],0.0
cons[火电机组分段中标量约束_19_80_7],0.0
cons[火电机组分段中标量约束_19_80_8],0.0
cons[火电机组分段中标量约束_19_80_9],0.0
cons[火电机组出力之和约束_19_80],-6200.103
cons[火电机组分段中标量约束_19_81_0],0.0
cons[火电机组分段中标量约束_19_81_1],0.0
cons[火电机组分段中标量约束_19_81_2],0.0
cons[火电机组分段中标量约束_19_81_3],0.0
cons[火电机组分段中标量约束_19_81_4],0.0
cons[火电机组分段中标量约束_19_81_5],0.0
cons[火电机组分段中标量约束_19_81_6],0.0
cons[火电机组分段中标量约束_19_81_7],0.0
cons[火电机组分段中标量约束_19_81_8],0.0
cons[火电机组分段中标量约束_19_81_9],0.0
cons[火电机组出力之和约束_19_81],-6196.6905
cons[火电机组分段中标量约束_19_82_0],0.0
cons[火电机组分段中标量约束_19_82_1],0.0
cons[火电机组分段中标量约束_19_82_2],0.0
cons[火电机组分段中标量约束_19_82_3],0.0
cons[火电机组分段中标量约束_19_82_4],0.0
cons[火电机组分段中标量约束_19_82_5],0.0
cons[火电机组分段中标量约束_19_82_6],0.0
cons[火电机组分段中标量约束_19_82_7],0.0
cons[火电机组分段中标量约束_19_82_8],0.0
cons[火电机组分段中标量约束_19_82_9],0.0
cons[火电机组出力之和约束_19_82],-6196.6905
cons[火电机组分段中标量约束_19_83_0],0.0
cons[火电机组分段中标量约束_19_83_1],0.0
cons[火电机组分段中标量约束_19_83_2],0.0
cons[火电机组分段中标量约束_19_83_3],0.0
cons[火电机组分段中标量约束_19_83_4],0.0
cons[火电机组分段中标量约束_19_83_5],0.0
cons[火电机组分段中标量约束_19_83_6],0.0
cons[火电机组分段中标量约束_19_83_7],0.0
cons[火电机组分段中标量约束_19_83_8],0.0
cons[火电机组分段中标量约束_19_83_9],0.0
cons[火电机组出力之和约束_19_83],-6196.6905
cons[火电机组分段中标量约束_19_84_0],0.0
cons[火电机组分段中标量约束_19_84_1],0.0
cons[火电机组分段中标量约束_19_84_2],0.0
cons[火电机组分段中标量约束_19_84_3],0.0
cons[火电机组分段中标量约束_19_84_4],0.0
cons[火电机组分段中标量约束_19_84_5],0.0
cons[火电机组分段中标量约束_19_84_6],0.0
cons[火电机组分段中标量约束_19_84_7],0.0
cons[火电机组分段中标量约束_19_84_8],0.0
cons[火电机组分段中标量约束_19_84_9],0.0
cons[火电机组出力之和约束_19_84],-6196.6905
cons[火电机组分段中标量约束_19_85_0],0.0
cons[火电机组分段中标量约束_19_85_1],0.0
cons[火电机组分段中标量约束_19_85_2],0.0
cons[火电机组分段中标量约束_19_85_3],0.0
cons[火电机组分段中标量约束_19_85_4],0.0
cons[火电机组分段中标量约束_19_85_5],0.0
cons[火电机组分段中标量约束_19_85_6],0.0
cons[火电机组分段中标量约束_19_85_7],0.0
cons[火电机组分段中标量约束_19_85_8],0.0
cons[火电机组分段中标量约束_19_85_9],0.0
cons[火电机组出力之和约束_19_85],-6196.6905
cons[火电机组分段中标量约束_19_86_0],0.0
cons[火电机组分段中标量约束_19_86_1],0.0
cons[火电机组分段中标量约束_19_86_2],0.0
cons[火电机组分段中标量约束_19_86_3],0.0
cons[火电机组分段中标量约束_19_86_4],0.0
cons[火电机组分段中标量约束_19_86_5],0.0
cons[火电机组分段中标量约束_19_86_6],0.0
cons[火电机组分段中标量约束_19_86_7],0.0
cons[火电机组分段中标量约束_19_86_8],0.0
cons[火电机组分段中标量约束_19_86_9],0.0
cons[火电机组出力之和约束_19_86],0.0
cons[火电机组分段中标量约束_19_87_0],0.0
cons[火电机组分段中标量约束_19_87_1],0.0
cons[火电机组分段中标量约束_19_87_2],0.0
cons[火电机组分段中标量约束_19_87_3],0.0
cons[火电机组分段中标量约束_19_87_4],0.0
cons[火电机组分段中标量约束_19_87_5],0.0
cons[火电机组分段中标量约束_19_87_6],0.0
cons[火电机组分段中标量约束_19_87_7],0.0
cons[火电机组分段中标量约束_19_87_8],0.0
cons[火电机组分段中标量约束_19_87_9],0.0
cons[火电机组出力之和约束_19_87],0.0
cons[火电机组分段中标量约束_19_88_0],0.0
cons[火电机组分段中标量约束_19_88_1],0.0
cons[火电机组分段中标量约束_19_88_2],0.0
cons[火电机组分段中标量约束_19_88_3],0.0
cons[火电机组分段中标量约束_19_88_4],0.0
cons[火电机组分段中标量约束_19_88_5],0.0
cons[火电机组分段中标量约束_19_88_6],0.0
cons[火电机组分段中标量约束_19_88_7],0.0
cons[火电机组分段中标量约束_19_88_8],0.0
cons[火电机组分段中标量约束_19_88_9],0.0
cons[火电机组出力之和约束_19_88],0.0
cons[火电机组分段中标量约束_19_89_0],0.0
cons[火电机组分段中标量约束_19_89_1],0.0
cons[火电机组分段中标量约束_19_89_2],0.0
cons[火电机组分段中标量约束_19_89_3],0.0
cons[火电机组分段中标量约束_19_89_4],0.0
cons[火电机组分段中标量约束_19_89_5],0.0
cons[火电机组分段中标量约束_19_89_6],0.0
cons[火电机组分段中标量约束_19_89_7],0.0
cons[火电机组分段中标量约束_19_89_8],0.0
cons[火电机组分段中标量约束_19_89_9],0.0
cons[火电机组出力之和约束_19_89],0.0
cons[火电机组分段中标量约束_19_90_0],0.0
cons[火电机组分段中标量约束_19_90_1],0.0
cons[火电机组分段中标量约束_19_90_2],0.0
cons[火电机组分段中标量约束_19_90_3],0.0
cons[火电机组分段中标量约束_19_90_4],0.0
cons[火电机组分段中标量约束_19_90_5],0.0
cons[火电机组分段中标量约束_19_90_6],0.0
cons[火电机组分段中标量约束_19_90_7],0.0
cons[火电机组分段中标量约束_19_90_8],0.0
cons[火电机组分段中标量约束_19_90_9],0.0
cons[火电机组出力之和约束_19_90],0.0
cons[火电机组分段中标量约束_19_91_0],0.0
cons[火电机组分段中标量约束_19_91_1],0.0
cons[火电机组分段中标量约束_19_91_2],0.0
cons[火电机组分段中标量约束_19_91_3],0.0
cons[火电机组分段中标量约束_19_91_4],0.0
cons[火电机组分段中标量约束_19_91_5],0.0
cons[火电机组分段中标量约束_19_91_6],0.0
cons[火电机组分段中标量约束_19_91_7],0.0
cons[火电机组分段中标量约束_19_91_8],0.0
cons[火电机组分段中标量约束_19_91_9],0.0
cons[火电机组出力之和约束_19_91],0.0
cons[火电机组分段中标量约束_19_92_0],0.0
cons[火电机组分段中标量约束_19_92_1],0.0
cons[火电机组分段中标量约束_19_92_2],0.0
cons[火电机组分段中标量约束_19_92_3],0.0
cons[火电机组分段中标量约束_19_92_4],0.0
cons[火电机组分段中标量约束_19_92_5],0.0
cons[火电机组分段中标量约束_19_92_6],0.0
cons[火电机组分段中标量约束_19_92_7],0.0
cons[火电机组分段中标量约束_19_92_8],0.0
cons[火电机组分段中标量约束_19_92_9],0.0
cons[火电机组出力之和约束_19_92],0.0
cons[火电机组分段中标量约束_19_93_0],0.0
cons[火电机组分段中标量约束_19_93_1],0.0
cons[火电机组分段中标量约束_19_93_2],0.0
cons[火电机组分段中标量约束_19_93_3],0.0
cons[火电机组分段中标量约束_19_93_4],0.0
cons[火电机组分段中标量约束_19_93_5],0.0
cons[火电机组分段中标量约束_19_93_6],0.0
cons[火电机组分段中标量约束_19_93_7],0.0
cons[火电机组分段中标量约束_19_93_8],0.0
cons[火电机组分段中标量约束_19_93_9],0.0
cons[火电机组出力之和约束_19_93],0.0
cons[火电机组分段中标量约束_19_94_0],0.0
cons[火电机组分段中标量约束_19_94_1],0.0
cons[火电机组分段中标量约束_19_94_2],0.0
cons[火电机组分段中标量约束_19_94_3],0.0
cons[火电机组分段中标量约束_19_94_4],0.0
cons[火电机组分段中标量约束_19_94_5],0.0
cons[火电机组分段中标量约束_19_94_6],0.0
cons[火电机组分段中标量约束_19_94_7],0.0
cons[火电机组分段中标量约束_19_94_8],0.0
cons[火电机组分段中标量约束_19_94_9],0.0
cons[火电机组出力之和约束_19_94],0.0
cons[火电机组分段中标量约束_19_95_0],0.0
cons[火电机组分段中标量约束_19_95_1],0.0
cons[火电机组分段中标量约束_19_95_2],0.0
cons[火电机组分段中标量约束_19_95_3],0.0
cons[火电机组分段中标量约束_19_95_4],0.0
cons[火电机组分段中标量约束_19_95_5],0.0
cons[火电机组分段中标量约束_19_95_6],0.0
cons[火电机组分段中标量约束_19_95_7],0.0
cons[火电机组分段中标量约束_19_95_8],0.0
cons[火电机组分段中标量约束_19_95_9],0.0
cons[火电机组出力之和约束_19_95],0.0
cons[火电机组分段中标量约束_20_0_0],-368.3680000000004
cons[火电机组分段中标量约束_20_0_1],-322.322000000001
cons[火电机组分段中标量约束_20_0_2],-276.27600000000075
cons[火电机组分段中标量约束_20_0_3],-230.22999999999774
cons[火电机组分段中标量约束_20_0_4],-184.1840000000011
cons[火电机组分段中标量约束_20_0_5],-138.13800000000083
cons[火电机组分段中标量约束_20_0_6],-92.09200000000055
cons[火电机组分段中标量约束_20_0_7],-46.046000000001186
cons[火电机组分段中标量约束_20_0_8],0.0
cons[火电机组分段中标量约束_20_0_9],0.0
cons[火电机组出力之和约束_20_0],-6210.204000000001
cons[火电机组分段中标量约束_20_1_0],-354.85449999999946
cons[火电机组分段中标量约束_20_1_1],-308.8085000000001
cons[火电机组分段中标量约束_20_1_2],-262.7624999999998
cons[火电机组分段中标量约束_20_1_3],-216.7164999999968
cons[火电机组分段中标量约束_20_1_4],-170.67050000000017
cons[火电机组分段中标量约束_20_1_5],-124.6244999999999
cons[火电机组分段中标量约束_20_1_6],-78.57849999999962
cons[火电机组分段中标量约束_20_1_7],-32.532500000000255
cons[火电机组分段中标量约束_20_1_8],0.0
cons[火电机组分段中标量约束_20_1_9],0.0
cons[火电机组出力之和约束_20_1],-6196.6905
cons[火电机组分段中标量约束_20_2_0],-312.22100000000046
cons[火电机组分段中标量约束_20_2_1],-266.1750000000011
cons[火电机组分段中标量约束_20_2_2],-220.12900000000081
cons[火电机组分段中标量约束_20_2_3],-174.0829999999978
cons[火电机组分段中标量约束_20_2_4],-128.03700000000117
cons[火电机组分段中标量约束_20_2_5],-81.9910000000009
cons[火电机组分段中标量约束_20_2_6],-35.94500000000062
cons[火电机组分段中标量约束_20_2_7],0.0
cons[火电机组分段中标量约束_20_2_8],0.0
cons[火电机组分段中标量约束_20_2_9],0.0
cons[火电机组出力之和约束_20_2],-6154.057000000001
cons[火电机组分段中标量约束_20_3_0],-276.27599999999984
cons[火电机组分段中标量约束_20_3_1],-230.23000000000047
cons[火电机组分段中标量约束_20_3_2],-184.1840000000002
cons[火电机组分段中标量约束_20_3_3],-138.1379999999972
cons[火电机组分段中标量约束_20_3_4],-92.09200000000055
cons[火电机组分段中标量约束_20_3_5],-46.04600000000028
cons[火电机组分段中标量约束_20_3_6],0.0
cons[火电机组分段中标量约束_20_3_7],0.0
cons[火电机组分段中标量约束_20_3_8],0.0
cons[火电机组分段中标量约束_20_3_9],0.0
cons[火电机组出力之和约束_20_3],-6118.112
cons[火电机组分段中标量约束_20_4_0],-184.1839999999993
cons[火电机组分段中标量约束_20_4_1],-138.13799999999992
cons[火电机组分段中标量约束_20_4_2],-92.09199999999964
cons[火电机组分段中标量约束_20_4_3],-46.04599999999664
cons[火电机组分段中标量约束_20_4_4],0.0
cons[火电机组分段中标量约束_20_4_5],0.0
cons[火电机组分段中标量约束_20_4_6],0.0
cons[火电机组分段中标量约束_20_4_7],0.0
cons[火电机组分段中标量约束_20_4_8],0.0
cons[火电机组分段中标量约束_20_4_9],0.0
cons[火电机组出力之和约束_20_4],-6026.0199999999995
cons[火电机组分段中标量约束_20_5_0],-92.09199999999964
cons[火电机组分段中标量约束_20_5_1],-46.04600000000028
cons[火电机组分段中标量约束_20_5_2],0.0
cons[火电机组分段中标量约束_20_5_3],0.0
cons[火电机组分段中标量约束_20_5_4],0.0
cons[火电机组分段中标量约束_20_5_5],0.0
cons[火电机组分段中标量约束_20_5_6],0.0
cons[火电机组分段中标量约束_20_5_7],0.0
cons[火电机组分段中标量约束_20_5_8],0.0
cons[火电机组分段中标量约束_20_5_9],0.0
cons[火电机组出力之和约束_20_5],-5933.928
cons[火电机组分段中标量约束_20_6_0],0.0
cons[火电机组分段中标量约束_20_6_1],0.0
cons[火电机组分段中标量约束_20_6_2],0.0
cons[火电机组分段中标量约束_20_6_3],0.0
cons[火电机组分段中标量约束_20_6_4],0.0
cons[火电机组分段中标量约束_20_6_5],0.0
cons[火电机组分段中标量约束_20_6_6],0.0
cons[火电机组分段中标量约束_20_6_7],0.0
cons[火电机组分段中标量约束_20_6_8],0.0
cons[火电机组分段中标量约束_20_6_9],0.0
cons[火电机组出力之和约束_20_6],-5841.836
cons[火电机组分段中标量约束_20_7_0],0.0
cons[火电机组分段中标量约束_20_7_1],0.0
cons[火电机组分段中标量约束_20_7_2],0.0
cons[火电机组分段中标量约束_20_7_3],0.0
cons[火电机组分段中标量约束_20_7_4],0.0
cons[火电机组分段中标量约束_20_7_5],0.0
cons[火电机组分段中标量约束_20_7_6],0.0
cons[火电机组分段中标量约束_20_7_7],0.0
cons[火电机组分段中标量约束_20_7_8],0.0
cons[火电机组分段中标量约束_20_7_9],0.0
cons[火电机组出力之和约束_20_7],-5841.836
cons[火电机组分段中标量约束_20_8_0],0.0
cons[火电机组分段中标量约束_20_8_1],0.0
cons[火电机组分段中标量约束_20_8_2],0.0
cons[火电机组分段中标量约束_20_8_3],0.0
cons[火电机组分段中标量约束_20_8_4],0.0
cons[火电机组分段中标量约束_20_8_5],0.0
cons[火电机组分段中标量约束_20_8_6],0.0
cons[火电机组分段中标量约束_20_8_7],0.0
cons[火电机组分段中标量约束_20_8_8],0.0
cons[火电机组分段中标量约束_20_8_9],0.0
cons[火电机组出力之和约束_20_8],-5841.836
cons[火电机组分段中标量约束_20_9_0],0.0
cons[火电机组分段中标量约束_20_9_1],0.0
cons[火电机组分段中标量约束_20_9_2],0.0
cons[火电机组分段中标量约束_20_9_3],0.0
cons[火电机组分段中标量约束_20_9_4],0.0
cons[火电机组分段中标量约束_20_9_5],0.0
cons[火电机组分段中标量约束_20_9_6],0.0
cons[火电机组分段中标量约束_20_9_7],0.0
cons[火电机组分段中标量约束_20_9_8],0.0
cons[火电机组分段中标量约束_20_9_9],0.0
cons[火电机组出力之和约束_20_9],-5841.836
cons[火电机组分段中标量约束_20_10_0],0.0
cons[火电机组分段中标量约束_20_10_1],0.0
cons[火电机组分段中标量约束_20_10_2],0.0
cons[火电机组分段中标量约束_20_10_3],0.0
cons[火电机组分段中标量约束_20_10_4],0.0
cons[火电机组分段中标量约束_20_10_5],0.0
cons[火电机组分段中标量约束_20_10_6],0.0
cons[火电机组分段中标量约束_20_10_7],0.0
cons[火电机组分段中标量约束_20_10_8],0.0
cons[火电机组分段中标量约束_20_10_9],0.0
cons[火电机组出力之和约束_20_10],-5841.836
cons[火电机组分段中标量约束_20_11_0],0.0
cons[火电机组分段中标量约束_20_11_1],0.0
cons[火电机组分段中标量约束_20_11_2],0.0
cons[火电机组分段中标量约束_20_11_3],0.0
cons[火电机组分段中标量约束_20_11_4],0.0
cons[火电机组分段中标量约束_20_11_5],0.0
cons[火电机组分段中标量约束_20_11_6],0.0
cons[火电机组分段中标量约束_20_11_7],0.0
cons[火电机组分段中标量约束_20_11_8],0.0
cons[火电机组分段中标量约束_20_11_9],0.0
cons[火电机组出力之和约束_20_11],-5841.836
cons[火电机组分段中标量约束_20_12_0],0.0
cons[火电机组分段中标量约束_20_12_1],0.0
cons[火电机组分段中标量约束_20_12_2],0.0
cons[火电机组分段中标量约束_20_12_3],0.0
cons[火电机组分段中标量约束_20_12_4],0.0
cons[火电机组分段中标量约束_20_12_5],0.0
cons[火电机组分段中标量约束_20_12_6],0.0
cons[火电机组分段中标量约束_20_12_7],0.0
cons[火电机组分段中标量约束_20_12_8],0.0
cons[火电机组分段中标量约束_20_12_9],0.0
cons[火电机组出力之和约束_20_12],-5841.836
cons[火电机组分段中标量约束_20_13_0],0.0
cons[火电机组分段中标量约束_20_13_1],0.0
cons[火电机组分段中标量约束_20_13_2],0.0
cons[火电机组分段中标量约束_20_13_3],0.0
cons[火电机组分段中标量约束_20_13_4],0.0
cons[火电机组分段中标量约束_20_13_5],0.0
cons[火电机组分段中标量约束_20_13_6],0.0
cons[火电机组分段中标量约束_20_13_7],0.0
cons[火电机组分段中标量约束_20_13_8],0.0
cons[火电机组分段中标量约束_20_13_9],0.0
cons[火电机组出力之和约束_20_13],-5841.836
cons[火电机组分段中标量约束_20_14_0],0.0
cons[火电机组分段中标量约束_20_14_1],0.0
cons[火电机组分段中标量约束_20_14_2],0.0
cons[火电机组分段中标量约束_20_14_3],0.0
cons[火电机组分段中标量约束_20_14_4],0.0
cons[火电机组分段中标量约束_20_14_5],0.0
cons[火电机组分段中标量约束_20_14_6],0.0
cons[火电机组分段中标量约束_20_14_7],0.0
cons[火电机组分段中标量约束_20_14_8],0.0
cons[火电机组分段中标量约束_20_14_9],0.0
cons[火电机组出力之和约束_20_14],-5841.836
cons[火电机组分段中标量约束_20_15_0],0.0
cons[火电机组分段中标量约束_20_15_1],0.0
cons[火电机组分段中标量约束_20_15_2],0.0
cons[火电机组分段中标量约束_20_15_3],0.0
cons[火电机组分段中标量约束_20_15_4],0.0
cons[火电机组分段中标量约束_20_15_5],0.0
cons[火电机组分段中标量约束_20_15_6],0.0
cons[火电机组分段中标量约束_20_15_7],0.0
cons[火电机组分段中标量约束_20_15_8],0.0
cons[火电机组分段中标量约束_20_15_9],0.0
cons[火电机组出力之和约束_20_15],-5841.836
cons[火电机组分段中标量约束_20_16_0],0.0
cons[火电机组分段中标量约束_20_16_1],0.0
cons[火电机组分段中标量约束_20_16_2],0.0
cons[火电机组分段中标量约束_20_16_3],0.0
cons[火电机组分段中标量约束_20_16_4],0.0
cons[火电机组分段中标量约束_20_16_5],0.0
cons[火电机组分段中标量约束_20_16_6],0.0
cons[火电机组分段中标量约束_20_16_7],0.0
cons[火电机组分段中标量约束_20_16_8],0.0
cons[火电机组分段中标量约束_20_16_9],0.0
cons[火电机组出力之和约束_20_16],-5841.836
cons[火电机组分段中标量约束_20_17_0],0.0
cons[火电机组分段中标量约束_20_17_1],0.0
cons[火电机组分段中标量约束_20_17_2],0.0
cons[火电机组分段中标量约束_20_17_3],0.0
cons[火电机组分段中标量约束_20_17_4],0.0
cons[火电机组分段中标量约束_20_17_5],0.0
cons[火电机组分段中标量约束_20_17_6],0.0
cons[火电机组分段中标量约束_20_17_7],0.0
cons[火电机组分段中标量约束_20_17_8],0.0
cons[火电机组分段中标量约束_20_17_9],0.0
cons[火电机组出力之和约束_20_17],-5841.836
cons[火电机组分段中标量约束_20_18_0],0.0
cons[火电机组分段中标量约束_20_18_1],0.0
cons[火电机组分段中标量约束_20_18_2],0.0
cons[火电机组分段中标量约束_20_18_3],0.0
cons[火电机组分段中标量约束_20_18_4],0.0
cons[火电机组分段中标量约束_20_18_5],0.0
cons[火电机组分段中标量约束_20_18_6],0.0
cons[火电机组分段中标量约束_20_18_7],0.0
cons[火电机组分段中标量约束_20_18_8],0.0
cons[火电机组分段中标量约束_20_18_9],0.0
cons[火电机组出力之和约束_20_18],-5841.836
cons[火电机组分段中标量约束_20_19_0],0.0
cons[火电机组分段中标量约束_20_19_1],0.0
cons[火电机组分段中标量约束_20_19_2],0.0
cons[火电机组分段中标量约束_20_19_3],0.0
cons[火电机组分段中标量约束_20_19_4],0.0
cons[火电机组分段中标量约束_20_19_5],0.0
cons[火电机组分段中标量约束_20_19_6],0.0
cons[火电机组分段中标量约束_20_19_7],0.0
cons[火电机组分段中标量约束_20_19_8],0.0
cons[火电机组分段中标量约束_20_19_9],0.0
cons[火电机组出力之和约束_20_19],-5841.836
cons[火电机组分段中标量约束_20_20_0],0.0
cons[火电机组分段中标量约束_20_20_1],0.0
cons[火电机组分段中标量约束_20_20_2],0.0
cons[火电机组分段中标量约束_20_20_3],0.0
cons[火电机组分段中标量约束_20_20_4],0.0
cons[火电机组分段中标量约束_20_20_5],0.0
cons[火电机组分段中标量约束_20_20_6],0.0
cons[火电机组分段中标量约束_20_20_7],0.0
cons[火电机组分段中标量约束_20_20_8],0.0
cons[火电机组分段中标量约束_20_20_9],0.0
cons[火电机组出力之和约束_20_20],-5841.836
cons[火电机组分段中标量约束_20_21_0],0.0
cons[火电机组分段中标量约束_20_21_1],0.0
cons[火电机组分段中标量约束_20_21_2],0.0
cons[火电机组分段中标量约束_20_21_3],0.0
cons[火电机组分段中标量约束_20_21_4],0.0
cons[火电机组分段中标量约束_20_21_5],0.0
cons[火电机组分段中标量约束_20_21_6],0.0
cons[火电机组分段中标量约束_20_21_7],0.0
cons[火电机组分段中标量约束_20_21_8],0.0
cons[火电机组分段中标量约束_20_21_9],0.0
cons[火电机组出力之和约束_20_21],-5841.836
cons[火电机组分段中标量约束_20_22_0],-92.09199999999964
cons[火电机组分段中标量约束_20_22_1],-46.04600000000028
cons[火电机组分段中标量约束_20_22_2],0.0
cons[火电机组分段中标量约束_20_22_3],0.0
cons[火电机组分段中标量约束_20_22_4],0.0
cons[火电机组分段中标量约束_20_22_5],0.0
cons[火电机组分段中标量约束_20_22_6],0.0
cons[火电机组分段中标量约束_20_22_7],0.0
cons[火电机组分段中标量约束_20_22_8],0.0
cons[火电机组分段中标量约束_20_22_9],0.0
cons[火电机组出力之和约束_20_22],-5933.928
cons[火电机组分段中标量约束_20_23_0],0.0
cons[火电机组分段中标量约束_20_23_1],0.0
cons[火电机组分段中标量约束_20_23_2],0.0
cons[火电机组分段中标量约束_20_23_3],0.0
cons[火电机组分段中标量约束_20_23_4],0.0
cons[火电机组分段中标量约束_20_23_5],0.0
cons[火电机组分段中标量约束_20_23_6],0.0
cons[火电机组分段中标量约束_20_23_7],0.0
cons[火电机组分段中标量约束_20_23_8],0.0
cons[火电机组分段中标量约束_20_23_9],0.0
cons[火电机组出力之和约束_20_23],-5841.836
cons[火电机组分段中标量约束_20_24_0],0.0
cons[火电机组分段中标量约束_20_24_1],0.0
cons[火电机组分段中标量约束_20_24_2],0.0
cons[火电机组分段中标量约束_20_24_3],0.0
cons[火电机组分段中标量约束_20_24_4],0.0
cons[火电机组分段中标量约束_20_24_5],0.0
cons[火电机组分段中标量约束_20_24_6],0.0
cons[火电机组分段中标量约束_20_24_7],0.0
cons[火电机组分段中标量约束_20_24_8],0.0
cons[火电机组分段中标量约束_20_24_9],0.0
cons[火电机组出力之和约束_20_24],-5841.836
cons[火电机组分段中标量约束_20_25_0],0.0
cons[火电机组分段中标量约束_20_25_1],0.0
cons[火电机组分段中标量约束_20_25_2],0.0
cons[火电机组分段中标量约束_20_25_3],0.0
cons[火电机组分段中标量约束_20_25_4],0.0
cons[火电机组分段中标量约束_20_25_5],0.0
cons[火电机组分段中标量约束_20_25_6],0.0
cons[火电机组分段中标量约束_20_25_7],0.0
cons[火电机组分段中标量约束_20_25_8],0.0
cons[火电机组分段中标量约束_20_25_9],0.0
cons[火电机组出力之和约束_20_25],-5841.836
cons[火电机组分段中标量约束_20_26_0],-46.04599999999937
cons[火电机组分段中标量约束_20_26_1],0.0
cons[火电机组分段中标量约束_20_26_2],0.0
cons[火电机组分段中标量约束_20_26_3],0.0
cons[火电机组分段中标量约束_20_26_4],0.0
cons[火电机组分段中标量约束_20_26_5],0.0
cons[火电机组分段中标量约束_20_26_6],0.0
cons[火电机组分段中标量约束_20_26_7],0.0
cons[火电机组分段中标量约束_20_26_8],0.0
cons[火电机组分段中标量约束_20_26_9],0.0
cons[火电机组出力之和约束_20_26],-5887.882
cons[火电机组分段中标量约束_20_27_0],-138.13800000000265
cons[火电机组分段中标量约束_20_27_1],-92.09200000000328
cons[火电机组分段中标量约束_20_27_2],-46.046000000003005
cons[火电机组分段中标量约束_20_27_3],0.0
cons[火电机组分段中标量约束_20_27_4],0.0
cons[火电机组分段中标量约束_20_27_5],0.0
cons[火电机组分段中标量约束_20_27_6],0.0
cons[火电机组分段中标量约束_20_27_7],0.0
cons[火电机组分段中标量约束_20_27_8],0.0
cons[火电机组分段中标量约束_20_27_9],0.0
cons[火电机组出力之和约束_20_27],-5979.974000000003
cons[火电机组分段中标量约束_20_28_0],-183.09199999999964
cons[火电机组分段中标量约束_20_28_1],-137.04600000000028
cons[火电机组分段中标量约束_20_28_2],-91.0
cons[火电机组分段中标量约束_20_28_3],-44.953999999996995
cons[火电机组分段中标量约束_20_28_4],0.0
cons[火电机组分段中标量约束_20_28_5],0.0
cons[火电机组分段中标量约束_20_28_6],0.0
cons[火电机组分段中标量约束_20_28_7],0.0
cons[火电机组分段中标量约束_20_28_8],0.0
cons[火电机组分段中标量约束_20_28_9],0.0
cons[火电机组出力之和约束_20_28],-6024.928
cons[火电机组分段中标量约束_20_29_0],-210.9380000000001
cons[火电机组分段中标量约束_20_29_1],-164.89200000000073
cons[火电机组分段中标量约束_20_29_2],-118.84600000000046
cons[火电机组分段中标量约束_20_29_3],-72.79999999999745
cons[火电机组分段中标量约束_20_29_4],-26.754000000000815
cons[火电机组分段中标量约束_20_29_5],0.0
cons[火电机组分段中标量约束_20_29_6],0.0
cons[火电机组分段中标量约束_20_29_7],0.0
cons[火电机组分段中标量约束_20_29_8],0.0
cons[火电机组分段中标量约束_20_29_9],0.0
cons[火电机组出力之和约束_20_29],-6052.774
cons[火电机组分段中标量约束_20_30_0],-238.78399999999965
cons[火电机组分段中标量约束_20_30_1],-192.73800000000028
cons[火电机组分段中标量约束_20_30_2],-146.692
cons[火电机组分段中标量约束_20_30_3],-100.645999999997
cons[火电机组分段中标量约束_20_30_4],-54.600000000000364
cons[火电机组分段中标量约束_20_30_5],-8.554000000000087
cons[火电机组分段中标量约束_20_30_6],0.0
cons[火电机组分段中标量约束_20_30_7],0.0
cons[火电机组分段中标量约束_20_30_8],0.0
cons[火电机组分段中标量约束_20_30_9],0.0
cons[火电机组出力之和约束_20_30],-6080.62
cons[火电机组分段中标量约束_20_31_0],-266.1749999999993
cons[火电机组分段中标量约束_20_31_1],-220.1289999999999
cons[火电机组分段中标量约束_20_31_2],-174.08299999999963
cons[火电机组分段中标量约束_20_31_3],-128.03699999999662
cons[火电机组分段中标量约束_20_31_4],-81.99099999999999
cons[火电机组分段中标量约束_20_31_5],-35.94499999999971
cons[火电机组分段中标量约束_20_31_6],0.0
cons[火电机组分段中标量约束_20_31_7],0.0
cons[火电机组分段中标量约束_20_31_8],0.0
cons[火电机组分段中标量约束_20_31_9],0.0
cons[火电机组出力之和约束_20_31],-6108.0109999999995
cons[火电机组分段中标量约束_20_32_0],-266.6300000000001
cons[火电机组分段中标量约束_20_32_1],-220.58400000000074
cons[火电机组分段中标量约束_20_32_2],-174.53800000000047
cons[火电机组分段中标量约束_20_32_3],-128.49199999999746
cons[火电机组分段中标量约束_20_32_4],-82.44600000000082
cons[火电机组分段中标量约束_20_32_5],-36.400000000000546
cons[火电机组分段中标量约束_20_32_6],0.0
cons[火电机组分段中标量约束_20_32_7],0.0
cons[火电机组分段中标量约束_20_32_8],0.0
cons[火电机组分段中标量约束_20_32_9],0.0
cons[火电机组出力之和约束_20_32],-6108.466
cons[火电机组分段中标量约束_20_33_0],-276.27599999999984
cons[火电机组分段中标量约束_20_33_1],-230.23000000000047
cons[火电机组分段中标量约束_20_33_2],-184.1840000000002
cons[火电机组分段中标量约束_20_33_3],-138.1379999999972
cons[火电机组分段中标量约束_20_33_4],-92.09200000000055
cons[火电机组分段中标量约束_20_33_5],-46.04600000000028
cons[火电机组分段中标量约束_20_33_6],0.0
cons[火电机组分段中标量约束_20_33_7],0.0
cons[火电机组分段中标量约束_20_33_8],0.0
cons[火电机组分段中标量约束_20_33_9],0.0
cons[火电机组出力之和约束_20_33],-6118.112
cons[火电机组分段中标量约束_20_34_0],-276.27599999999984
cons[火电机组分段中标量约束_20_34_1],-230.23000000000047
cons[火电机组分段中标量约束_20_34_2],-184.1840000000002
cons[火电机组分段中标量约束_20_34_3],-138.1379999999972
cons[火电机组分段中标量约束_20_34_4],-92.09200000000055
cons[火电机组分段中标量约束_20_34_5],-46.04600000000028
cons[火电机组分段中标量约束_20_34_6],0.0
cons[火电机组分段中标量约束_20_34_7],0.0
cons[火电机组分段中标量约束_20_34_8],0.0
cons[火电机组分段中标量约束_20_34_9],0.0
cons[火电机组出力之和约束_20_34],-6118.112
cons[火电机组分段中标量约束_20_35_0],-276.27599999999984
cons[火电机组分段中标量约束_20_35_1],-230.23000000000047
cons[火电机组分段中标量约束_20_35_2],-184.1840000000002
cons[火电机组分段中标量约束_20_35_3],-138.1379999999972
cons[火电机组分段中标量约束_20_35_4],-92.09200000000055
cons[火电机组分段中标量约束_20_35_5],-46.04600000000028
cons[火电机组分段中标量约束_20_35_6],0.0
cons[火电机组分段中标量约束_20_35_7],0.0
cons[火电机组分段中标量约束_20_35_8],0.0
cons[火电机组分段中标量约束_20_35_9],0.0
cons[火电机组出力之和约束_20_35],-6118.112
cons[火电机组分段中标量约束_20_36_0],-276.27599999999984
cons[火电机组分段中标量约束_20_36_1],-230.23000000000047
cons[火电机组分段中标量约束_20_36_2],-184.1840000000002
cons[火电机组分段中标量约束_20_36_3],-138.1379999999972
cons[火电机组分段中标量约束_20_36_4],-92.09200000000055
cons[火电机组分段中标量约束_20_36_5],-46.04600000000028
cons[火电机组分段中标量约束_20_36_6],0.0
cons[火电机组分段中标量约束_20_36_7],0.0
cons[火电机组分段中标量约束_20_36_8],0.0
cons[火电机组分段中标量约束_20_36_9],0.0
cons[火电机组出力之和约束_20_36],-6118.112
cons[火电机组分段中标量约束_20_37_0],-266.6300000000001
cons[火电机组分段中标量约束_20_37_1],-220.58400000000074
cons[火电机组分段中标量约束_20_37_2],-174.53800000000047
cons[火电机组分段中标量约束_20_37_3],-128.49199999999746
cons[火电机组分段中标量约束_20_37_4],-82.44600000000082
cons[火电机组分段中标量约束_20_37_5],-36.400000000000546
cons[火电机组分段中标量约束_20_37_6],0.0
cons[火电机组分段中标量约束_20_37_7],0.0
cons[火电机组分段中标量约束_20_37_8],0.0
cons[火电机组分段中标量约束_20_37_9],0.0
cons[火电机组出力之和约束_20_37],-6108.466
cons[火电机组分段中标量约束_20_38_0],-266.6300000000001
cons[火电机组分段中标量约束_20_38_1],-220.58400000000074
cons[火电机组分段中标量约束_20_38_2],-174.53800000000047
cons[火电机组分段中标量约束_20_38_3],-128.49199999999746
cons[火电机组分段中标量约束_20_38_4],-82.44600000000082
cons[火电机组分段中标量约束_20_38_5],-36.400000000000546
cons[火电机组分段中标量约束_20_38_6],0.0
cons[火电机组分段中标量约束_20_38_7],0.0
cons[火电机组分段中标量约束_20_38_8],0.0
cons[火电机组分段中标量约束_20_38_9],0.0
cons[火电机组出力之和约束_20_38],-6108.466
cons[火电机组分段中标量约束_20_39_0],-266.6300000000001
cons[火电机组分段中标量约束_20_39_1],-220.58400000000074
cons[火电机组分段中标量约束_20_39_2],-174.53800000000047
cons[火电机组分段中标量约束_20_39_3],-128.49199999999746
cons[火电机组分段中标量约束_20_39_4],-82.44600000000082
cons[火电机组分段中标量约束_20_39_5],-36.400000000000546
cons[火电机组分段中标量约束_20_39_6],0.0
cons[火电机组分段中标量约束_20_39_7],0.0
cons[火电机组分段中标量约束_20_39_8],0.0
cons[火电机组分段中标量约束_20_39_9],0.0
cons[火电机组出力之和约束_20_39],-6108.466
cons[火电机组分段中标量约束_20_40_0],-266.6300000000001
cons[火电机组分段中标量约束_20_40_1],-220.58400000000074
cons[火电机组分段中标量约束_20_40_2],-174.53800000000047
cons[火电机组分段中标量约束_20_40_3],-128.49199999999746
cons[火电机组分段中标量约束_20_40_4],-82.44600000000082
cons[火电机组分段中标量约束_20_40_5],-36.400000000000546
cons[火电机组分段中标量约束_20_40_6],0.0
cons[火电机组分段中标量约束_20_40_7],0.0
cons[火电机组分段中标量约束_20_40_8],0.0
cons[火电机组分段中标量约束_20_40_9],0.0
cons[火电机组出力之和约束_20_40],-6108.466
cons[火电机组分段中标量约束_20_41_0],-266.6300000000001
cons[火电机组分段中标量约束_20_41_1],-220.58400000000074
cons[火电机组分段中标量约束_20_41_2],-174.53800000000047
cons[火电机组分段中标量约束_20_41_3],-128.49199999999746
cons[火电机组分段中标量约束_20_41_4],-82.44600000000082
cons[火电机组分段中标量约束_20_41_5],-36.400000000000546
cons[火电机组分段中标量约束_20_41_6],0.0
cons[火电机组分段中标量约束_20_41_7],0.0
cons[火电机组分段中标量约束_20_41_8],0.0
cons[火电机组分段中标量约束_20_41_9],0.0
cons[火电机组出力之和约束_20_41],-6108.466
cons[火电机组分段中标量约束_20_42_0],-266.6300000000001
cons[火电机组分段中标量约束_20_42_1],-220.58400000000074
cons[火电机组分段中标量约束_20_42_2],-174.53800000000047
cons[火电机组分段中标量约束_20_42_3],-128.49199999999746
cons[火电机组分段中标量约束_20_42_4],-82.44600000000082
cons[火电机组分段中标量约束_20_42_5],-36.400000000000546
cons[火电机组分段中标量约束_20_42_6],0.0
cons[火电机组分段中标量约束_20_42_7],0.0
cons[火电机组分段中标量约束_20_42_8],0.0
cons[火电机组分段中标量约束_20_42_9],0.0
cons[火电机组出力之和约束_20_42],-6108.466
cons[火电机组分段中标量约束_20_43_0],-266.6300000000001
cons[火电机组分段中标量约束_20_43_1],-220.58400000000074
cons[火电机组分段中标量约束_20_43_2],-174.53800000000047
cons[火电机组分段中标量约束_20_43_3],-128.49199999999746
cons[火电机组分段中标量约束_20_43_4],-82.44600000000082
cons[火电机组分段中标量约束_20_43_5],-36.400000000000546
cons[火电机组分段中标量约束_20_43_6],0.0
cons[火电机组分段中标量约束_20_43_7],0.0
cons[火电机组分段中标量约束_20_43_8],0.0
cons[火电机组分段中标量约束_20_43_9],0.0
cons[火电机组出力之和约束_20_43],-6108.466
cons[火电机组分段中标量约束_20_44_0],-266.6300000000001
cons[火电机组分段中标量约束_20_44_1],-220.58400000000074
cons[火电机组分段中标量约束_20_44_2],-174.53800000000047
cons[火电机组分段中标量约束_20_44_3],-128.49199999999746
cons[火电机组分段中标量约束_20_44_4],-82.44600000000082
cons[火电机组分段中标量约束_20_44_5],-36.400000000000546
cons[火电机组分段中标量约束_20_44_6],0.0
cons[火电机组分段中标量约束_20_44_7],0.0
cons[火电机组分段中标量约束_20_44_8],0.0
cons[火电机组分段中标量约束_20_44_9],0.0
cons[火电机组出力之和约束_20_44],-6108.466
cons[火电机组分段中标量约束_20_45_0],-266.1749999999993
cons[火电机组分段中标量约束_20_45_1],-220.1289999999999
cons[火电机组分段中标量约束_20_45_2],-174.08299999999963
cons[火电机组分段中标量约束_20_45_3],-128.03699999999662
cons[火电机组分段中标量约束_20_45_4],-81.99099999999999
cons[火电机组分段中标量约束_20_45_5],-35.94499999999971
cons[火电机组分段中标量约束_20_45_6],0.0
cons[火电机组分段中标量约束_20_45_7],0.0
cons[火电机组分段中标量约束_20_45_8],0.0
cons[火电机组分段中标量约束_20_45_9],0.0
cons[火电机组出力之和约束_20_45],-6108.0109999999995
cons[火电机组分段中标量约束_20_46_0],-266.1749999999993
cons[火电机组分段中标量约束_20_46_1],-220.1289999999999
cons[火电机组分段中标量约束_20_46_2],-174.08299999999963
cons[火电机组分段中标量约束_20_46_3],-128.03699999999662
cons[火电机组分段中标量约束_20_46_4],-81.99099999999999
cons[火电机组分段中标量约束_20_46_5],-35.94499999999971
cons[火电机组分段中标量约束_20_46_6],0.0
cons[火电机组分段中标量约束_20_46_7],0.0
cons[火电机组分段中标量约束_20_46_8],0.0
cons[火电机组分段中标量约束_20_46_9],0.0
cons[火电机组出力之和约束_20_46],-6108.0109999999995
cons[火电机组分段中标量约束_20_47_0],-266.1749999999993
cons[火电机组分段中标量约束_20_47_1],-220.1289999999999
cons[火电机组分段中标量约束_20_47_2],-174.08299999999963
cons[火电机组分段中标量约束_20_47_3],-128.03699999999662
cons[火电机组分段中标量约束_20_47_4],-81.99099999999999
cons[火电机组分段中标量约束_20_47_5],-35.94499999999971
cons[火电机组分段中标量约束_20_47_6],0.0
cons[火电机组分段中标量约束_20_47_7],0.0
cons[火电机组分段中标量约束_20_47_8],0.0
cons[火电机组分段中标量约束_20_47_9],0.0
cons[火电机组出力之和约束_20_47],-6108.0109999999995
cons[火电机组分段中标量约束_20_48_0],-266.1749999999993
cons[火电机组分段中标量约束_20_48_1],-220.1289999999999
cons[火电机组分段中标量约束_20_48_2],-174.08299999999963
cons[火电机组分段中标量约束_20_48_3],-128.03699999999662
cons[火电机组分段中标量约束_20_48_4],-81.99099999999999
cons[火电机组分段中标量约束_20_48_5],-35.94499999999971
cons[火电机组分段中标量约束_20_48_6],0.0
cons[火电机组分段中标量约束_20_48_7],0.0
cons[火电机组分段中标量约束_20_48_8],0.0
cons[火电机组分段中标量约束_20_48_9],0.0
cons[火电机组出力之和约束_20_48],-6108.0109999999995
cons[火电机组分段中标量约束_20_49_0],-266.1749999999993
cons[火电机组分段中标量约束_20_49_1],-220.1289999999999
cons[火电机组分段中标量约束_20_49_2],-174.08299999999963
cons[火电机组分段中标量约束_20_49_3],-128.03699999999662
cons[火电机组分段中标量约束_20_49_4],-81.99099999999999
cons[火电机组分段中标量约束_20_49_5],-35.94499999999971
cons[火电机组分段中标量约束_20_49_6],0.0
cons[火电机组分段中标量约束_20_49_7],0.0
cons[火电机组分段中标量约束_20_49_8],0.0
cons[火电机组分段中标量约束_20_49_9],0.0
cons[火电机组出力之和约束_20_49],-6108.0109999999995
cons[火电机组分段中标量约束_20_50_0],-266.1749999999993
cons[火电机组分段中标量约束_20_50_1],-220.1289999999999
cons[火电机组分段中标量约束_20_50_2],-174.08299999999963
cons[火电机组分段中标量约束_20_50_3],-128.03699999999662
cons[火电机组分段中标量约束_20_50_4],-81.99099999999999
cons[火电机组分段中标量约束_20_50_5],-35.94499999999971
cons[火电机组分段中标量约束_20_50_6],0.0
cons[火电机组分段中标量约束_20_50_7],0.0
cons[火电机组分段中标量约束_20_50_8],0.0
cons[火电机组分段中标量约束_20_50_9],0.0
cons[火电机组出力之和约束_20_50],-6108.0109999999995
cons[火电机组分段中标量约束_20_51_0],-266.1749999999993
cons[火电机组分段中标量约束_20_51_1],-220.1289999999999
cons[火电机组分段中标量约束_20_51_2],-174.08299999999963
cons[火电机组分段中标量约束_20_51_3],-128.03699999999662
cons[火电机组分段中标量约束_20_51_4],-81.99099999999999
cons[火电机组分段中标量约束_20_51_5],-35.94499999999971
cons[火电机组分段中标量约束_20_51_6],0.0
cons[火电机组分段中标量约束_20_51_7],0.0
cons[火电机组分段中标量约束_20_51_8],0.0
cons[火电机组分段中标量约束_20_51_9],0.0
cons[火电机组出力之和约束_20_51],-6108.0109999999995
cons[火电机组分段中标量约束_20_52_0],-266.1749999999993
cons[火电机组分段中标量约束_20_52_1],-220.1289999999999
cons[火电机组分段中标量约束_20_52_2],-174.08299999999963
cons[火电机组分段中标量约束_20_52_3],-128.03699999999662
cons[火电机组分段中标量约束_20_52_4],-81.99099999999999
cons[火电机组分段中标量约束_20_52_5],-35.94499999999971
cons[火电机组分段中标量约束_20_52_6],0.0
cons[火电机组分段中标量约束_20_52_7],0.0
cons[火电机组分段中标量约束_20_52_8],0.0
cons[火电机组分段中标量约束_20_52_9],0.0
cons[火电机组出力之和约束_20_52],-6108.0109999999995
cons[火电机组分段中标量约束_20_53_0],-238.78399999999965
cons[火电机组分段中标量约束_20_53_1],-192.73800000000028
cons[火电机组分段中标量约束_20_53_2],-146.692
cons[火电机组分段中标量约束_20_53_3],-100.645999999997
cons[火电机组分段中标量约束_20_53_4],-54.600000000000364
cons[火电机组分段中标量约束_20_53_5],-8.554000000000087
cons[火电机组分段中标量约束_20_53_6],0.0
cons[火电机组分段中标量约束_20_53_7],0.0
cons[火电机组分段中标量约束_20_53_8],0.0
cons[火电机组分段中标量约束_20_53_9],0.0
cons[火电机组出力之和约束_20_53],-6080.62
cons[火电机组分段中标量约束_20_54_0],-238.78399999999965
cons[火电机组分段中标量约束_20_54_1],-192.73800000000028
cons[火电机组分段中标量约束_20_54_2],-146.692
cons[火电机组分段中标量约束_20_54_3],-100.645999999997
cons[火电机组分段中标量约束_20_54_4],-54.600000000000364
cons[火电机组分段中标量约束_20_54_5],-8.554000000000087
cons[火电机组分段中标量约束_20_54_6],0.0
cons[火电机组分段中标量约束_20_54_7],0.0
cons[火电机组分段中标量约束_20_54_8],0.0
cons[火电机组分段中标量约束_20_54_9],0.0
cons[火电机组出力之和约束_20_54],-6080.62
cons[火电机组分段中标量约束_20_55_0],-238.78399999999965
cons[火电机组分段中标量约束_20_55_1],-192.73800000000028
cons[火电机组分段中标量约束_20_55_2],-146.692
cons[火电机组分段中标量约束_20_55_3],-100.645999999997
cons[火电机组分段中标量约束_20_55_4],-54.600000000000364
cons[火电机组分段中标量约束_20_55_5],-8.554000000000087
cons[火电机组分段中标量约束_20_55_6],0.0
cons[火电机组分段中标量约束_20_55_7],0.0
cons[火电机组分段中标量约束_20_55_8],0.0
cons[火电机组分段中标量约束_20_55_9],0.0
cons[火电机组出力之和约束_20_55],-6080.62
cons[火电机组分段中标量约束_20_56_0],-238.78399999999965
cons[火电机组分段中标量约束_20_56_1],-192.73800000000028
cons[火电机组分段中标量约束_20_56_2],-146.692
cons[火电机组分段中标量约束_20_56_3],-100.645999999997
cons[火电机组分段中标量约束_20_56_4],-54.600000000000364
cons[火电机组分段中标量约束_20_56_5],-8.554000000000087
cons[火电机组分段中标量约束_20_56_6],0.0
cons[火电机组分段中标量约束_20_56_7],0.0
cons[火电机组分段中标量约束_20_56_8],0.0
cons[火电机组分段中标量约束_20_56_9],0.0
cons[火电机组出力之和约束_20_56],-6080.62
cons[火电机组分段中标量约束_20_57_0],-238.78399999999965
cons[火电机组分段中标量约束_20_57_1],-192.73800000000028
cons[火电机组分段中标量约束_20_57_2],-146.692
cons[火电机组分段中标量约束_20_57_3],-100.645999999997
cons[火电机组分段中标量约束_20_57_4],-54.600000000000364
cons[火电机组分段中标量约束_20_57_5],-8.554000000000087
cons[火电机组分段中标量约束_20_57_6],0.0
cons[火电机组分段中标量约束_20_57_7],0.0
cons[火电机组分段中标量约束_20_57_8],0.0
cons[火电机组分段中标量约束_20_57_9],0.0
cons[火电机组出力之和约束_20_57],-6080.62
cons[火电机组分段中标量约束_20_58_0],-238.78399999999965
cons[火电机组分段中标量约束_20_58_1],-192.73800000000028
cons[火电机组分段中标量约束_20_58_2],-146.692
cons[火电机组分段中标量约束_20_58_3],-100.645999999997
cons[火电机组分段中标量约束_20_58_4],-54.600000000000364
cons[火电机组分段中标量约束_20_58_5],-8.554000000000087
cons[火电机组分段中标量约束_20_58_6],0.0
cons[火电机组分段中标量约束_20_58_7],0.0
cons[火电机组分段中标量约束_20_58_8],0.0
cons[火电机组分段中标量约束_20_58_9],0.0
cons[火电机组出力之和约束_20_58],-6080.62
cons[火电机组分段中标量约束_20_59_0],-266.1749999999993
cons[火电机组分段中标量约束_20_59_1],-220.1289999999999
cons[火电机组分段中标量约束_20_59_2],-174.08299999999963
cons[火电机组分段中标量约束_20_59_3],-128.03699999999662
cons[火电机组分段中标量约束_20_59_4],-81.99099999999999
cons[火电机组分段中标量约束_20_59_5],-35.94499999999971
cons[火电机组分段中标量约束_20_59_6],0.0
cons[火电机组分段中标量约束_20_59_7],0.0
cons[火电机组分段中标量约束_20_59_8],0.0
cons[火电机组分段中标量约束_20_59_9],0.0
cons[火电机组出力之和约束_20_59],-6108.0109999999995
cons[火电机组分段中标量约束_20_60_0],-266.6300000000001
cons[火电机组分段中标量约束_20_60_1],-220.58400000000074
cons[火电机组分段中标量约束_20_60_2],-174.53800000000047
cons[火电机组分段中标量约束_20_60_3],-128.49199999999746
cons[火电机组分段中标量约束_20_60_4],-82.44600000000082
cons[火电机组分段中标量约束_20_60_5],-36.400000000000546
cons[火电机组分段中标量约束_20_60_6],0.0
cons[火电机组分段中标量约束_20_60_7],0.0
cons[火电机组分段中标量约束_20_60_8],0.0
cons[火电机组分段中标量约束_20_60_9],0.0
cons[火电机组出力之和约束_20_60],-6108.466
cons[火电机组分段中标量约束_20_61_0],-294.47599999999966
cons[火电机组分段中标量约束_20_61_1],-248.4300000000003
cons[火电机组分段中标量约束_20_61_2],-202.38400000000001
cons[火电机组分段中标量约束_20_61_3],-156.337999999997
cons[火电机组分段中标量约束_20_61_4],-110.29200000000037
cons[火电机组分段中标量约束_20_61_5],-64.2460000000001
cons[火电机组分段中标量约束_20_61_6],-18.199999999999818
cons[火电机组分段中标量约束_20_61_7],0.0
cons[火电机组分段中标量约束_20_61_8],0.0
cons[火电机组分段中标量约束_20_61_9],0.0
cons[火电机组出力之和约束_20_61],-6136.312
cons[火电机组分段中标量约束_20_62_0],-322.3219999999992
cons[火电机组分段中标量约束_20_62_1],-276.27599999999984
cons[火电机组分段中标量约束_20_62_2],-230.22999999999956
cons[火电机组分段中标量约束_20_62_3],-184.18399999999656
cons[火电机组分段中标量约束_20_62_4],-138.13799999999992
cons[火电机组分段中标量约束_20_62_5],-92.09199999999964
cons[火电机组分段中标量约束_20_62_6],-46.04599999999937
cons[火电机组分段中标量约束_20_62_7],0.0
cons[火电机组分段中标量约束_20_62_8],0.0
cons[火电机组分段中标量约束_20_62_9],0.0
cons[火电机组出力之和约束_20_62],-6164.157999999999
cons[火电机组分段中标量约束_20_63_0],-322.3219999999992
cons[火电机组分段中标量约束_20_63_1],-276.27599999999984
cons[火电机组分段中标量约束_20_63_2],-230.22999999999956
cons[火电机组分段中标量约束_20_63_3],-184.18399999999656
cons[火电机组分段中标量约束_20_63_4],-138.13799999999992
cons[火电机组分段中标量约束_20_63_5],-92.09199999999964
cons[火电机组分段中标量约束_20_63_6],-46.04599999999937
cons[火电机组分段中标量约束_20_63_7],0.0
cons[火电机组分段中标量约束_20_63_8],0.0
cons[火电机组分段中标量约束_20_63_9],0.0
cons[火电机组出力之和约束_20_63],-6164.157999999999
cons[火电机组分段中标量约束_20_64_0],-350.1680000000015
cons[火电机组分段中标量约束_20_64_1],-304.1220000000021
cons[火电机组分段中标量约束_20_64_2],-258.07600000000184
cons[火电机组分段中标量约束_20_64_3],-212.02999999999884
cons[火电机组分段中标量约束_20_64_4],-165.9840000000022
cons[火电机组分段中标量约束_20_64_5],-119.93800000000192
cons[火电机组分段中标量约束_20_64_6],-73.89200000000164
cons[火电机组分段中标量约束_20_64_7],-27.846000000002277
cons[火电机组分段中标量约束_20_64_8],0.0
cons[火电机组分段中标量约束_20_64_9],0.0
cons[火电机组出力之和约束_20_64],-6192.004000000002
cons[火电机组分段中标量约束_20_65_0],-358.2669999999998
cons[火电机组分段中标量约束_20_65_1],-312.22100000000046
cons[火电机组分段中标量约束_20_65_2],-266.1750000000002
cons[火电机组分段中标量约束_20_65_3],-220.12899999999718
cons[火电机组分段中标量约束_20_65_4],-174.08300000000054
cons[火电机组分段中标量约束_20_65_5],-128.03700000000026
cons[火电机组分段中标量约束_20_65_6],-81.99099999999999
cons[火电机组分段中标量约束_20_65_7],-35.94500000000062
cons[火电机组分段中标量约束_20_65_8],0.0
cons[火电机组分段中标量约束_20_65_9],0.0
cons[火电机组出力之和约束_20_65],-6200.103
cons[火电机组分段中标量约束_20_66_0],-378.0140000000001
cons[火电机组分段中标量约束_20_66_1],-331.96800000000076
cons[火电机组分段中标量约束_20_66_2],-285.9220000000005
cons[火电机组分段中标量约束_20_66_3],-239.87599999999748
cons[火电机组分段中标量约束_20_66_4],-193.83000000000084
cons[火电机组分段中标量约束_20_66_5],-147.78400000000056
cons[火电机组分段中标量约束_20_66_6],-101.73800000000028
cons[火电机组分段中标量约束_20_66_7],-55.69200000000092
cons[火电机组分段中标量约束_20_66_8],-9.64599999999973
cons[火电机组分段中标量约束_20_66_9],0.0
cons[火电机组出力之和约束_20_66],-6219.85
cons[火电机组分段中标量约束_20_67_0],-378.0140000000001
cons[火电机组分段中标量约束_20_67_1],-331.96800000000076
cons[火电机组分段中标量约束_20_67_2],-285.9220000000005
cons[火电机组分段中标量约束_20_67_3],-239.87599999999748
cons[火电机组分段中标量约束_20_67_4],-193.83000000000084
cons[火电机组分段中标量约束_20_67_5],-147.78400000000056
cons[火电机组分段中标量约束_20_67_6],-101.73800000000028
cons[火电机组分段中标量约束_20_67_7],-55.69200000000092
cons[火电机组分段中标量约束_20_67_8],-9.64599999999973
cons[火电机组分段中标量约束_20_67_9],0.0
cons[火电机组出力之和约束_20_67],-6219.85
cons[火电机组分段中标量约束_20_68_0],-378.0140000000001
cons[火电机组分段中标量约束_20_68_1],-331.96800000000076
cons[火电机组分段中标量约束_20_68_2],-285.9220000000005
cons[火电机组分段中标量约束_20_68_3],-239.87599999999748
cons[火电机组分段中标量约束_20_68_4],-193.83000000000084
cons[火电机组分段中标量约束_20_68_5],-147.78400000000056
cons[火电机组分段中标量约束_20_68_6],-101.73800000000028
cons[火电机组分段中标量约束_20_68_7],-55.69200000000092
cons[火电机组分段中标量约束_20_68_8],-9.64599999999973
cons[火电机组分段中标量约束_20_68_9],0.0
cons[火电机组出力之和约束_20_68],-6219.85
cons[火电机组分段中标量约束_20_69_0],-378.0140000000001
cons[火电机组分段中标量约束_20_69_1],-331.96800000000076
cons[火电机组分段中标量约束_20_69_2],-285.9220000000005
cons[火电机组分段中标量约束_20_69_3],-239.87599999999748
cons[火电机组分段中标量约束_20_69_4],-193.83000000000084
cons[火电机组分段中标量约束_20_69_5],-147.78400000000056
cons[火电机组分段中标量约束_20_69_6],-101.73800000000028
cons[火电机组分段中标量约束_20_69_7],-55.69200000000092
cons[火电机组分段中标量约束_20_69_8],-9.64599999999973
cons[火电机组分段中标量约束_20_69_9],0.0
cons[火电机组出力之和约束_20_69],-6219.85
cons[火电机组分段中标量约束_20_70_0],-378.0140000000001
cons[火电机组分段中标量约束_20_70_1],-331.96800000000076
cons[火电机组分段中标量约束_20_70_2],-285.9220000000005
cons[火电机组分段中标量约束_20_70_3],-239.87599999999748
cons[火电机组分段中标量约束_20_70_4],-193.83000000000084
cons[火电机组分段中标量约束_20_70_5],-147.78400000000056
cons[火电机组分段中标量约束_20_70_6],-101.73800000000028
cons[火电机组分段中标量约束_20_70_7],-55.69200000000092
cons[火电机组分段中标量约束_20_70_8],-9.64599999999973
cons[火电机组分段中标量约束_20_70_9],0.0
cons[火电机组出力之和约束_20_70],-6219.85
cons[火电机组分段中标量约束_20_71_0],-400.39999999999964
cons[火电机组分段中标量约束_20_71_1],-354.35400000000027
cons[火电机组分段中标量约束_20_71_2],-308.308
cons[火电机组分段中标量约束_20_71_3],-262.261999999997
cons[火电机组分段中标量约束_20_71_4],-216.21600000000035
cons[火电机组分段中标量约束_20_71_5],-170.17000000000007
cons[火电机组分段中标量约束_20_71_6],-124.1239999999998
cons[火电机组分段中标量约束_20_71_7],-78.07800000000043
cons[火电机组分段中标量约束_20_71_8],-32.03199999999924
cons[火电机组分段中标量约束_20_71_9],0.0
cons[火电机组出力之和约束_20_71],-6242.236
cons[火电机组分段中标量约束_20_72_0],-404.3129999999992
cons[火电机组分段中标量约束_20_72_1],-358.2669999999998
cons[火电机组分段中标量约束_20_72_2],-312.22099999999955
cons[火电机组分段中标量约束_20_72_3],-266.17499999999654
cons[火电机组分段中标量约束_20_72_4],-220.1289999999999
cons[火电机组分段中标量约束_20_72_5],-174.08299999999963
cons[火电机组分段中标量约束_20_72_6],-128.03699999999935
cons[火电机组分段中标量约束_20_72_7],-81.99099999999999
cons[火电机组分段中标量约束_20_72_8],-35.9449999999988
cons[火电机组分段中标量约束_20_72_9],0.0
cons[火电机组出力之和约束_20_72],-6246.148999999999
cons[火电机组分段中标量约束_20_73_0],-414.4140000000025
cons[火电机组分段中标量约束_20_73_1],-368.3680000000031
cons[火电机组分段中标量约束_20_73_2],-322.32200000000284
cons[火电机组分段中标量约束_20_73_3],-276.27599999999984
cons[火电机组分段中标量约束_20_73_4],-230.2300000000032
cons[火电机组分段中标量约束_20_73_5],-184.18400000000292
cons[火电机组分段中标量约束_20_73_6],-138.13800000000265
cons[火电机组分段中标量约束_20_73_7],-92.09200000000328
cons[火电机组分段中标量约束_20_73_8],-46.046000000002095
cons[火电机组分段中标量约束_20_73_9],0.0
cons[火电机组出力之和约束_20_73],-6256.250000000003
cons[火电机组分段中标量约束_20_74_0],-445.9454999999998
cons[火电机组分段中标量约束_20_74_1],-399.89950000000044
cons[火电机组分段中标量约束_20_74_2],-353.85350000000017
cons[火电机组分段中标量约束_20_74_3],-307.80749999999716
cons[火电机组分段中标量约束_20_74_4],-261.7615000000005
cons[火电机组分段中标量约束_20_74_5],-215.71550000000025
cons[火电机组分段中标量约束_20_74_6],-169.66949999999997
cons[火电机组分段中标量约束_20_74_7],-123.6235000000006
cons[火电机组分段中标量约束_20_74_8],-77.57749999999942
cons[火电机组分段中标量约束_20_74_9],-31.531499999997322
cons[火电机组出力之和约束_20_74],-6287.7815
cons[火电机组分段中标量约束_20_75_0],-445.9454999999998
cons[火电机组分段中标量约束_20_75_1],-399.89950000000044
cons[火电机组分段中标量约束_20_75_2],-353.85350000000017
cons[火电机组分段中标量约束_20_75_3],-307.80749999999716
cons[火电机组分段中标量约束_20_75_4],-261.7615000000005
cons[火电机组分段中标量约束_20_75_5],-215.71550000000025
cons[火电机组分段中标量约束_20_75_6],-169.66949999999997
cons[火电机组分段中标量约束_20_75_7],-123.6235000000006
cons[火电机组分段中标量约束_20_75_8],-77.57749999999942
cons[火电机组分段中标量约束_20_75_9],-31.531499999997322
cons[火电机组出力之和约束_20_75],-6287.7815
cons[火电机组分段中标量约束_20_76_0],-404.3129999999992
cons[火电机组分段中标量约束_20_76_1],-358.2669999999998
cons[火电机组分段中标量约束_20_76_2],-312.22099999999955
cons[火电机组分段中标量约束_20_76_3],-266.17499999999654
cons[火电机组分段中标量约束_20_76_4],-220.1289999999999
cons[火电机组分段中标量约束_20_76_5],-174.08299999999963
cons[火电机组分段中标量约束_20_76_6],-128.03699999999935
cons[火电机组分段中标量约束_20_76_7],-81.99099999999999
cons[火电机组分段中标量约束_20_76_8],-35.9449999999988
cons[火电机组分段中标量约束_20_76_9],0.0
cons[火电机组出力之和约束_20_76],-6246.148999999999
cons[火电机组分段中标量约束_20_77_0],-400.39999999999964
cons[火电机组分段中标量约束_20_77_1],-354.35400000000027
cons[火电机组分段中标量约束_20_77_2],-308.308
cons[火电机组分段中标量约束_20_77_3],-262.261999999997
cons[火电机组分段中标量约束_20_77_4],-216.21600000000035
cons[火电机组分段中标量约束_20_77_5],-170.17000000000007
cons[火电机组分段中标量约束_20_77_6],-124.1239999999998
cons[火电机组分段中标量约束_20_77_7],-78.07800000000043
cons[火电机组分段中标量约束_20_77_8],-32.03199999999924
cons[火电机组分段中标量约束_20_77_9],0.0
cons[火电机组出力之和约束_20_77],-6242.236
cons[火电机组分段中标量约束_20_78_0],-378.0140000000001
cons[火电机组分段中标量约束_20_78_1],-331.96800000000076
cons[火电机组分段中标量约束_20_78_2],-285.9220000000005
cons[火电机组分段中标量约束_20_78_3],-239.87599999999748
cons[火电机组分段中标量约束_20_78_4],-193.83000000000084
cons[火电机组分段中标量约束_20_78_5],-147.78400000000056
cons[火电机组分段中标量约束_20_78_6],-101.73800000000028
cons[火电机组分段中标量约束_20_78_7],-55.69200000000092
cons[火电机组分段中标量约束_20_78_8],-9.64599999999973
cons[火电机组分段中标量约束_20_78_9],0.0
cons[火电机组出力之和约束_20_78],-6219.85
cons[火电机组分段中标量约束_20_79_0],-378.0140000000001
cons[火电机组分段中标量约束_20_79_1],-331.96800000000076
cons[火电机组分段中标量约束_20_79_2],-285.9220000000005
cons[火电机组分段中标量约束_20_79_3],-239.87599999999748
cons[火电机组分段中标量约束_20_79_4],-193.83000000000084
cons[火电机组分段中标量约束_20_79_5],-147.78400000000056
cons[火电机组分段中标量约束_20_79_6],-101.73800000000028
cons[火电机组分段中标量约束_20_79_7],-55.69200000000092
cons[火电机组分段中标量约束_20_79_8],-9.64599999999973
cons[火电机组分段中标量约束_20_79_9],0.0
cons[火电机组出力之和约束_20_79],-6219.85
cons[火电机组分段中标量约束_20_80_0],-358.2669999999998
cons[火电机组分段中标量约束_20_80_1],-312.22100000000046
cons[火电机组分段中标量约束_20_80_2],-266.1750000000002
cons[火电机组分段中标量约束_20_80_3],-220.12899999999718
cons[火电机组分段中标量约束_20_80_4],-174.08300000000054
cons[火电机组分段中标量约束_20_80_5],-128.03700000000026
cons[火电机组分段中标量约束_20_80_6],-81.99099999999999
cons[火电机组分段中标量约束_20_80_7],-35.94500000000062
cons[火电机组分段中标量约束_20_80_8],0.0
cons[火电机组分段中标量约束_20_80_9],0.0
cons[火电机组出力之和约束_20_80],-6200.103
cons[火电机组分段中标量约束_20_81_0],-354.85449999999946
cons[火电机组分段中标量约束_20_81_1],-308.8085000000001
cons[火电机组分段中标量约束_20_81_2],-262.7624999999998
cons[火电机组分段中标量约束_20_81_3],-216.7164999999968
cons[火电机组分段中标量约束_20_81_4],-170.67050000000017
cons[火电机组分段中标量约束_20_81_5],-124.6244999999999
cons[火电机组分段中标量约束_20_81_6],-78.57849999999962
cons[火电机组分段中标量约束_20_81_7],-32.532500000000255
cons[火电机组分段中标量约束_20_81_8],0.0
cons[火电机组分段中标量约束_20_81_9],0.0
cons[火电机组出力之和约束_20_81],-6196.6905
cons[火电机组分段中标量约束_20_82_0],-350.1680000000015
cons[火电机组分段中标量约束_20_82_1],-304.1220000000021
cons[火电机组分段中标量约束_20_82_2],-258.07600000000184
cons[火电机组分段中标量约束_20_82_3],-212.02999999999884
cons[火电机组分段中标量约束_20_82_4],-165.9840000000022
cons[火电机组分段中标量约束_20_82_5],-119.93800000000192
cons[火电机组分段中标量约束_20_82_6],-73.89200000000164
cons[火电机组分段中标量约束_20_82_7],-27.846000000002277
cons[火电机组分段中标量约束_20_82_8],0.0
cons[火电机组分段中标量约束_20_82_9],0.0
cons[火电机组出力之和约束_20_82],-6192.004000000002
cons[火电机组分段中标量约束_20_83_0],-322.3219999999992
cons[火电机组分段中标量约束_20_83_1],-276.27599999999984
cons[火电机组分段中标量约束_20_83_2],-230.22999999999956
cons[火电机组分段中标量约束_20_83_3],-184.18399999999656
cons[火电机组分段中标量约束_20_83_4],-138.13799999999992
cons[火电机组分段中标量约束_20_83_5],-92.09199999999964
cons[火电机组分段中标量约束_20_83_6],-46.04599999999937
cons[火电机组分段中标量约束_20_83_7],0.0
cons[火电机组分段中标量约束_20_83_8],0.0
cons[火电机组分段中标量约束_20_83_9],0.0
cons[火电机组出力之和约束_20_83],-6164.157999999999
cons[火电机组分段中标量约束_20_84_0],-322.3219999999992
cons[火电机组分段中标量约束_20_84_1],-276.27599999999984
cons[火电机组分段中标量约束_20_84_2],-230.22999999999956
cons[火电机组分段中标量约束_20_84_3],-184.18399999999656
cons[火电机组分段中标量约束_20_84_4],-138.13799999999992
cons[火电机组分段中标量约束_20_84_5],-92.09199999999964
cons[火电机组分段中标量约束_20_84_6],-46.04599999999937
cons[火电机组分段中标量约束_20_84_7],0.0
cons[火电机组分段中标量约束_20_84_8],0.0
cons[火电机组分段中标量约束_20_84_9],0.0
cons[火电机组出力之和约束_20_84],-6164.157999999999
cons[火电机组分段中标量约束_20_85_0],-322.3219999999992
cons[火电机组分段中标量约束_20_85_1],-276.27599999999984
cons[火电机组分段中标量约束_20_85_2],-230.22999999999956
cons[火电机组分段中标量约束_20_85_3],-184.18399999999656
cons[火电机组分段中标量约束_20_85_4],-138.13799999999992
cons[火电机组分段中标量约束_20_85_5],-92.09199999999964
cons[火电机组分段中标量约束_20_85_6],-46.04599999999937
cons[火电机组分段中标量约束_20_85_7],0.0
cons[火电机组分段中标量约束_20_85_8],0.0
cons[火电机组分段中标量约束_20_85_9],0.0
cons[火电机组出力之和约束_20_85],-6164.157999999999
cons[火电机组分段中标量约束_20_86_0],-322.3219999999992
cons[火电机组分段中标量约束_20_86_1],-276.27599999999984
cons[火电机组分段中标量约束_20_86_2],-230.22999999999956
cons[火电机组分段中标量约束_20_86_3],-184.18399999999656
cons[火电机组分段中标量约束_20_86_4],-138.13799999999992
cons[火电机组分段中标量约束_20_86_5],-92.09199999999964
cons[火电机组分段中标量约束_20_86_6],-46.04599999999937
cons[火电机组分段中标量约束_20_86_7],0.0
cons[火电机组分段中标量约束_20_86_8],0.0
cons[火电机组分段中标量约束_20_86_9],0.0
cons[火电机组出力之和约束_20_86],-6164.157999999999
cons[火电机组分段中标量约束_20_87_0],-312.22100000000046
cons[火电机组分段中标量约束_20_87_1],-266.1750000000011
cons[火电机组分段中标量约束_20_87_2],-220.12900000000081
cons[火电机组分段中标量约束_20_87_3],-174.0829999999978
cons[火电机组分段中标量约束_20_87_4],-128.03700000000117
cons[火电机组分段中标量约束_20_87_5],-81.9910000000009
cons[火电机组分段中标量约束_20_87_6],-35.94500000000062
cons[火电机组分段中标量约束_20_87_7],0.0
cons[火电机组分段中标量约束_20_87_8],0.0
cons[火电机组分段中标量约束_20_87_9],0.0
cons[火电机组出力之和约束_20_87],-6154.057000000001
cons[火电机组分段中标量约束_20_88_0],-266.6300000000001
cons[火电机组分段中标量约束_20_88_1],-220.58400000000074
cons[火电机组分段中标量约束_20_88_2],-174.53800000000047
cons[火电机组分段中标量约束_20_88_3],-128.49199999999746
cons[火电机组分段中标量约束_20_88_4],-82.44600000000082
cons[火电机组分段中标量约束_20_88_5],-36.400000000000546
cons[火电机组分段中标量约束_20_88_6],0.0
cons[火电机组分段中标量约束_20_88_7],0.0
cons[火电机组分段中标量约束_20_88_8],0.0
cons[火电机组分段中标量约束_20_88_9],0.0
cons[火电机组出力之和约束_20_88],-6108.466
cons[火电机组分段中标量约束_20_89_0],-238.78399999999965
cons[火电机组分段中标量约束_20_89_1],-192.73800000000028
cons[火电机组分段中标量约束_20_89_2],-146.692
cons[火电机组分段中标量约束_20_89_3],-100.645999999997
cons[火电机组分段中标量约束_20_89_4],-54.600000000000364
cons[火电机组分段中标量约束_20_89_5],-8.554000000000087
cons[火电机组分段中标量约束_20_89_6],0.0
cons[火电机组分段中标量约束_20_89_7],0.0
cons[火电机组分段中标量约束_20_89_8],0.0
cons[火电机组分段中标量约束_20_89_9],0.0
cons[火电机组出力之和约束_20_89],-6080.62
cons[火电机组分段中标量约束_20_90_0],-210.9380000000001
cons[火电机组分段中标量约束_20_90_1],-164.89200000000073
cons[火电机组分段中标量约束_20_90_2],-118.84600000000046
cons[火电机组分段中标量约束_20_90_3],-72.79999999999745
cons[火电机组分段中标量约束_20_90_4],-26.754000000000815
cons[火电机组分段中标量约束_20_90_5],0.0
cons[火电机组分段中标量约束_20_90_6],0.0
cons[火电机组分段中标量约束_20_90_7],0.0
cons[火电机组分段中标量约束_20_90_8],0.0
cons[火电机组分段中标量约束_20_90_9],0.0
cons[火电机组出力之和约束_20_90],-6052.774
cons[火电机组分段中标量约束_20_91_0],-183.09199999999964
cons[火电机组分段中标量约束_20_91_1],-137.04600000000028
cons[火电机组分段中标量约束_20_91_2],-91.0
cons[火电机组分段中标量约束_20_91_3],-44.953999999996995
cons[火电机组分段中标量约束_20_91_4],0.0
cons[火电机组分段中标量约束_20_91_5],0.0
cons[火电机组分段中标量约束_20_91_6],0.0
cons[火电机组分段中标量约束_20_91_7],0.0
cons[火电机组分段中标量约束_20_91_8],0.0
cons[火电机组分段中标量约束_20_91_9],0.0
cons[火电机组出力之和约束_20_91],-6024.928
cons[火电机组分段中标量约束_20_92_0],-138.13800000000265
cons[火电机组分段中标量约束_20_92_1],-92.09200000000328
cons[火电机组分段中标量约束_20_92_2],-46.046000000003005
cons[火电机组分段中标量约束_20_92_3],0.0
cons[火电机组分段中标量约束_20_92_4],0.0
cons[火电机组分段中标量约束_20_92_5],0.0
cons[火电机组分段中标量约束_20_92_6],0.0
cons[火电机组分段中标量约束_20_92_7],0.0
cons[火电机组分段中标量约束_20_92_8],0.0
cons[火电机组分段中标量约束_20_92_9],0.0
cons[火电机组出力之和约束_20_92],-5979.974000000003
cons[火电机组分段中标量约束_20_93_0],-92.09199999999964
cons[火电机组分段中标量约束_20_93_1],-46.04600000000028
cons[火电机组分段中标量约束_20_93_2],0.0
cons[火电机组分段中标量约束_20_93_3],0.0
cons[火电机组分段中标量约束_20_93_4],0.0
cons[火电机组分段中标量约束_20_93_5],0.0
cons[火电机组分段中标量约束_20_93_6],0.0
cons[火电机组分段中标量约束_20_93_7],0.0
cons[火电机组分段中标量约束_20_93_8],0.0
cons[火电机组分段中标量约束_20_93_9],0.0
cons[火电机组出力之和约束_20_93],-5933.928
cons[火电机组分段中标量约束_20_94_0],-46.04599999999937
cons[火电机组分段中标量约束_20_94_1],0.0
cons[火电机组分段中标量约束_20_94_2],0.0
cons[火电机组分段中标量约束_20_94_3],0.0
cons[火电机组分段中标量约束_20_94_4],0.0
cons[火电机组分段中标量约束_20_94_5],0.0
cons[火电机组分段中标量约束_20_94_6],0.0
cons[火电机组分段中标量约束_20_94_7],0.0
cons[火电机组分段中标量约束_20_94_8],0.0
cons[火电机组分段中标量约束_20_94_9],0.0
cons[火电机组出力之和约束_20_94],-5887.882
cons[火电机组分段中标量约束_20_95_0],0.0
cons[火电机组分段中标量约束_20_95_1],0.0
cons[火电机组分段中标量约束_20_95_2],0.0
cons[火电机组分段中标量约束_20_95_3],0.0
cons[火电机组分段中标量约束_20_95_4],0.0
cons[火电机组分段中标量约束_20_95_5],0.0
cons[火电机组分段中标量约束_20_95_6],0.0
cons[火电机组分段中标量约束_20_95_7],0.0
cons[火电机组分段中标量约束_20_95_8],0.0
cons[火电机组分段中标量约束_20_95_9],0.0
cons[火电机组出力之和约束_20_95],-5841.836
cons[火电机组分段中标量约束_21_0_0],-368.3680000000004
cons[火电机组分段中标量约束_21_0_1],-322.322000000001
cons[火电机组分段中标量约束_21_0_2],-276.27600000000075
cons[火电机组分段中标量约束_21_0_3],-230.22999999999774
cons[火电机组分段中标量约束_21_0_4],-184.1840000000011
cons[火电机组分段中标量约束_21_0_5],-138.13800000000083
cons[火电机组分段中标量约束_21_0_6],-92.09200000000055
cons[火电机组分段中标量约束_21_0_7],-46.046000000001186
cons[火电机组分段中标量约束_21_0_8],0.0
cons[火电机组分段中标量约束_21_0_9],0.0
cons[火电机组出力之和约束_21_0],-6210.204000000001
cons[火电机组分段中标量约束_21_1_0],-354.85449999999946
cons[火电机组分段中标量约束_21_1_1],-308.8085000000001
cons[火电机组分段中标量约束_21_1_2],-262.7624999999998
cons[火电机组分段中标量约束_21_1_3],-216.7164999999968
cons[火电机组分段中标量约束_21_1_4],-170.67050000000017
cons[火电机组分段中标量约束_21_1_5],-124.6244999999999
cons[火电机组分段中标量约束_21_1_6],-78.57849999999962
cons[火电机组分段中标量约束_21_1_7],-32.532500000000255
cons[火电机组分段中标量约束_21_1_8],0.0
cons[火电机组分段中标量约束_21_1_9],0.0
cons[火电机组出力之和约束_21_1],-6196.6905
cons[火电机组分段中标量约束_21_2_0],-312.22100000000046
cons[火电机组分段中标量约束_21_2_1],-266.1750000000011
cons[火电机组分段中标量约束_21_2_2],-220.12900000000081
cons[火电机组分段中标量约束_21_2_3],-174.0829999999978
cons[火电机组分段中标量约束_21_2_4],-128.03700000000117
cons[火电机组分段中标量约束_21_2_5],-81.9910000000009
cons[火电机组分段中标量约束_21_2_6],-35.94500000000062
cons[火电机组分段中标量约束_21_2_7],0.0
cons[火电机组分段中标量约束_21_2_8],0.0
cons[火电机组分段中标量约束_21_2_9],0.0
cons[火电机组出力之和约束_21_2],-6154.057000000001
cons[火电机组分段中标量约束_21_3_0],-276.27599999999984
cons[火电机组分段中标量约束_21_3_1],-230.23000000000047
cons[火电机组分段中标量约束_21_3_2],-184.1840000000002
cons[火电机组分段中标量约束_21_3_3],-138.1379999999972
cons[火电机组分段中标量约束_21_3_4],-92.09200000000055
cons[火电机组分段中标量约束_21_3_5],-46.04600000000028
cons[火电机组分段中标量约束_21_3_6],0.0
cons[火电机组分段中标量约束_21_3_7],0.0
cons[火电机组分段中标量约束_21_3_8],0.0
cons[火电机组分段中标量约束_21_3_9],0.0
cons[火电机组出力之和约束_21_3],-6118.112
cons[火电机组分段中标量约束_21_4_0],-184.1839999999993
cons[火电机组分段中标量约束_21_4_1],-138.13799999999992
cons[火电机组分段中标量约束_21_4_2],-92.09199999999964
cons[火电机组分段中标量约束_21_4_3],-46.04599999999664
cons[火电机组分段中标量约束_21_4_4],0.0
cons[火电机组分段中标量约束_21_4_5],0.0
cons[火电机组分段中标量约束_21_4_6],0.0
cons[火电机组分段中标量约束_21_4_7],0.0
cons[火电机组分段中标量约束_21_4_8],0.0
cons[火电机组分段中标量约束_21_4_9],0.0
cons[火电机组出力之和约束_21_4],-6026.0199999999995
cons[火电机组分段中标量约束_21_5_0],-92.09199999999964
cons[火电机组分段中标量约束_21_5_1],-46.04600000000028
cons[火电机组分段中标量约束_21_5_2],0.0
cons[火电机组分段中标量约束_21_5_3],0.0
cons[火电机组分段中标量约束_21_5_4],0.0
cons[火电机组分段中标量约束_21_5_5],0.0
cons[火电机组分段中标量约束_21_5_6],0.0
cons[火电机组分段中标量约束_21_5_7],0.0
cons[火电机组分段中标量约束_21_5_8],0.0
cons[火电机组分段中标量约束_21_5_9],0.0
cons[火电机组出力之和约束_21_5],-5933.928
cons[火电机组分段中标量约束_21_6_0],0.0
cons[火电机组分段中标量约束_21_6_1],0.0
cons[火电机组分段中标量约束_21_6_2],0.0
cons[火电机组分段中标量约束_21_6_3],0.0
cons[火电机组分段中标量约束_21_6_4],0.0
cons[火电机组分段中标量约束_21_6_5],0.0
cons[火电机组分段中标量约束_21_6_6],0.0
cons[火电机组分段中标量约束_21_6_7],0.0
cons[火电机组分段中标量约束_21_6_8],0.0
cons[火电机组分段中标量约束_21_6_9],0.0
cons[火电机组出力之和约束_21_6],-5841.836
cons[火电机组分段中标量约束_21_7_0],0.0
cons[火电机组分段中标量约束_21_7_1],0.0
cons[火电机组分段中标量约束_21_7_2],0.0
cons[火电机组分段中标量约束_21_7_3],0.0
cons[火电机组分段中标量约束_21_7_4],0.0
cons[火电机组分段中标量约束_21_7_5],0.0
cons[火电机组分段中标量约束_21_7_6],0.0
cons[火电机组分段中标量约束_21_7_7],0.0
cons[火电机组分段中标量约束_21_7_8],0.0
cons[火电机组分段中标量约束_21_7_9],0.0
cons[火电机组出力之和约束_21_7],-5841.836
cons[火电机组分段中标量约束_21_8_0],0.0
cons[火电机组分段中标量约束_21_8_1],0.0
cons[火电机组分段中标量约束_21_8_2],0.0
cons[火电机组分段中标量约束_21_8_3],0.0
cons[火电机组分段中标量约束_21_8_4],0.0
cons[火电机组分段中标量约束_21_8_5],0.0
cons[火电机组分段中标量约束_21_8_6],0.0
cons[火电机组分段中标量约束_21_8_7],0.0
cons[火电机组分段中标量约束_21_8_8],0.0
cons[火电机组分段中标量约束_21_8_9],0.0
cons[火电机组出力之和约束_21_8],-5841.836
cons[火电机组分段中标量约束_21_9_0],0.0
cons[火电机组分段中标量约束_21_9_1],0.0
cons[火电机组分段中标量约束_21_9_2],0.0
cons[火电机组分段中标量约束_21_9_3],0.0
cons[火电机组分段中标量约束_21_9_4],0.0
cons[火电机组分段中标量约束_21_9_5],0.0
cons[火电机组分段中标量约束_21_9_6],0.0
cons[火电机组分段中标量约束_21_9_7],0.0
cons[火电机组分段中标量约束_21_9_8],0.0
cons[火电机组分段中标量约束_21_9_9],0.0
cons[火电机组出力之和约束_21_9],-5841.836
cons[火电机组分段中标量约束_21_10_0],0.0
cons[火电机组分段中标量约束_21_10_1],0.0
cons[火电机组分段中标量约束_21_10_2],0.0
cons[火电机组分段中标量约束_21_10_3],0.0
cons[火电机组分段中标量约束_21_10_4],0.0
cons[火电机组分段中标量约束_21_10_5],0.0
cons[火电机组分段中标量约束_21_10_6],0.0
cons[火电机组分段中标量约束_21_10_7],0.0
cons[火电机组分段中标量约束_21_10_8],0.0
cons[火电机组分段中标量约束_21_10_9],0.0
cons[火电机组出力之和约束_21_10],-5841.836
cons[火电机组分段中标量约束_21_11_0],0.0
cons[火电机组分段中标量约束_21_11_1],0.0
cons[火电机组分段中标量约束_21_11_2],0.0
cons[火电机组分段中标量约束_21_11_3],0.0
cons[火电机组分段中标量约束_21_11_4],0.0
cons[火电机组分段中标量约束_21_11_5],0.0
cons[火电机组分段中标量约束_21_11_6],0.0
cons[火电机组分段中标量约束_21_11_7],0.0
cons[火电机组分段中标量约束_21_11_8],0.0
cons[火电机组分段中标量约束_21_11_9],0.0
cons[火电机组出力之和约束_21_11],-5841.836
cons[火电机组分段中标量约束_21_12_0],0.0
cons[火电机组分段中标量约束_21_12_1],0.0
cons[火电机组分段中标量约束_21_12_2],0.0
cons[火电机组分段中标量约束_21_12_3],0.0
cons[火电机组分段中标量约束_21_12_4],0.0
cons[火电机组分段中标量约束_21_12_5],0.0
cons[火电机组分段中标量约束_21_12_6],0.0
cons[火电机组分段中标量约束_21_12_7],0.0
cons[火电机组分段中标量约束_21_12_8],0.0
cons[火电机组分段中标量约束_21_12_9],0.0
cons[火电机组出力之和约束_21_12],-5841.836
cons[火电机组分段中标量约束_21_13_0],0.0
cons[火电机组分段中标量约束_21_13_1],0.0
cons[火电机组分段中标量约束_21_13_2],0.0
cons[火电机组分段中标量约束_21_13_3],0.0
cons[火电机组分段中标量约束_21_13_4],0.0
cons[火电机组分段中标量约束_21_13_5],0.0
cons[火电机组分段中标量约束_21_13_6],0.0
cons[火电机组分段中标量约束_21_13_7],0.0
cons[火电机组分段中标量约束_21_13_8],0.0
cons[火电机组分段中标量约束_21_13_9],0.0
cons[火电机组出力之和约束_21_13],-5841.836
cons[火电机组分段中标量约束_21_14_0],0.0
cons[火电机组分段中标量约束_21_14_1],0.0
cons[火电机组分段中标量约束_21_14_2],0.0
cons[火电机组分段中标量约束_21_14_3],0.0
cons[火电机组分段中标量约束_21_14_4],0.0
cons[火电机组分段中标量约束_21_14_5],0.0
cons[火电机组分段中标量约束_21_14_6],0.0
cons[火电机组分段中标量约束_21_14_7],0.0
cons[火电机组分段中标量约束_21_14_8],0.0
cons[火电机组分段中标量约束_21_14_9],0.0
cons[火电机组出力之和约束_21_14],-5841.836
cons[火电机组分段中标量约束_21_15_0],0.0
cons[火电机组分段中标量约束_21_15_1],0.0
cons[火电机组分段中标量约束_21_15_2],0.0
cons[火电机组分段中标量约束_21_15_3],0.0
cons[火电机组分段中标量约束_21_15_4],0.0
cons[火电机组分段中标量约束_21_15_5],0.0
cons[火电机组分段中标量约束_21_15_6],0.0
cons[火电机组分段中标量约束_21_15_7],0.0
cons[火电机组分段中标量约束_21_15_8],0.0
cons[火电机组分段中标量约束_21_15_9],0.0
cons[火电机组出力之和约束_21_15],-5841.836
cons[火电机组分段中标量约束_21_16_0],0.0
cons[火电机组分段中标量约束_21_16_1],0.0
cons[火电机组分段中标量约束_21_16_2],0.0
cons[火电机组分段中标量约束_21_16_3],0.0
cons[火电机组分段中标量约束_21_16_4],0.0
cons[火电机组分段中标量约束_21_16_5],0.0
cons[火电机组分段中标量约束_21_16_6],0.0
cons[火电机组分段中标量约束_21_16_7],0.0
cons[火电机组分段中标量约束_21_16_8],0.0
cons[火电机组分段中标量约束_21_16_9],0.0
cons[火电机组出力之和约束_21_16],-5841.836
cons[火电机组分段中标量约束_21_17_0],0.0
cons[火电机组分段中标量约束_21_17_1],0.0
cons[火电机组分段中标量约束_21_17_2],0.0
cons[火电机组分段中标量约束_21_17_3],0.0
cons[火电机组分段中标量约束_21_17_4],0.0
cons[火电机组分段中标量约束_21_17_5],0.0
cons[火电机组分段中标量约束_21_17_6],0.0
cons[火电机组分段中标量约束_21_17_7],0.0
cons[火电机组分段中标量约束_21_17_8],0.0
cons[火电机组分段中标量约束_21_17_9],0.0
cons[火电机组出力之和约束_21_17],-5841.836
cons[火电机组分段中标量约束_21_18_0],0.0
cons[火电机组分段中标量约束_21_18_1],0.0
cons[火电机组分段中标量约束_21_18_2],0.0
cons[火电机组分段中标量约束_21_18_3],0.0
cons[火电机组分段中标量约束_21_18_4],0.0
cons[火电机组分段中标量约束_21_18_5],0.0
cons[火电机组分段中标量约束_21_18_6],0.0
cons[火电机组分段中标量约束_21_18_7],0.0
cons[火电机组分段中标量约束_21_18_8],0.0
cons[火电机组分段中标量约束_21_18_9],0.0
cons[火电机组出力之和约束_21_18],-5841.836
cons[火电机组分段中标量约束_21_19_0],0.0
cons[火电机组分段中标量约束_21_19_1],0.0
cons[火电机组分段中标量约束_21_19_2],0.0
cons[火电机组分段中标量约束_21_19_3],0.0
cons[火电机组分段中标量约束_21_19_4],0.0
cons[火电机组分段中标量约束_21_19_5],0.0
cons[火电机组分段中标量约束_21_19_6],0.0
cons[火电机组分段中标量约束_21_19_7],0.0
cons[火电机组分段中标量约束_21_19_8],0.0
cons[火电机组分段中标量约束_21_19_9],0.0
cons[火电机组出力之和约束_21_19],-5841.836
cons[火电机组分段中标量约束_21_20_0],0.0
cons[火电机组分段中标量约束_21_20_1],0.0
cons[火电机组分段中标量约束_21_20_2],0.0
cons[火电机组分段中标量约束_21_20_3],0.0
cons[火电机组分段中标量约束_21_20_4],0.0
cons[火电机组分段中标量约束_21_20_5],0.0
cons[火电机组分段中标量约束_21_20_6],0.0
cons[火电机组分段中标量约束_21_20_7],0.0
cons[火电机组分段中标量约束_21_20_8],0.0
cons[火电机组分段中标量约束_21_20_9],0.0
cons[火电机组出力之和约束_21_20],-5841.836
cons[火电机组分段中标量约束_21_21_0],0.0
cons[火电机组分段中标量约束_21_21_1],0.0
cons[火电机组分段中标量约束_21_21_2],0.0
cons[火电机组分段中标量约束_21_21_3],0.0
cons[火电机组分段中标量约束_21_21_4],0.0
cons[火电机组分段中标量约束_21_21_5],0.0
cons[火电机组分段中标量约束_21_21_6],0.0
cons[火电机组分段中标量约束_21_21_7],0.0
cons[火电机组分段中标量约束_21_21_8],0.0
cons[火电机组分段中标量约束_21_21_9],0.0
cons[火电机组出力之和约束_21_21],-5841.836
cons[火电机组分段中标量约束_21_22_0],-92.09199999999964
cons[火电机组分段中标量约束_21_22_1],-46.04600000000028
cons[火电机组分段中标量约束_21_22_2],0.0
cons[火电机组分段中标量约束_21_22_3],0.0
cons[火电机组分段中标量约束_21_22_4],0.0
cons[火电机组分段中标量约束_21_22_5],0.0
cons[火电机组分段中标量约束_21_22_6],0.0
cons[火电机组分段中标量约束_21_22_7],0.0
cons[火电机组分段中标量约束_21_22_8],0.0
cons[火电机组分段中标量约束_21_22_9],0.0
cons[火电机组出力之和约束_21_22],-5933.928
cons[火电机组分段中标量约束_21_23_0],0.0
cons[火电机组分段中标量约束_21_23_1],0.0
cons[火电机组分段中标量约束_21_23_2],0.0
cons[火电机组分段中标量约束_21_23_3],0.0
cons[火电机组分段中标量约束_21_23_4],0.0
cons[火电机组分段中标量约束_21_23_5],0.0
cons[火电机组分段中标量约束_21_23_6],0.0
cons[火电机组分段中标量约束_21_23_7],0.0
cons[火电机组分段中标量约束_21_23_8],0.0
cons[火电机组分段中标量约束_21_23_9],0.0
cons[火电机组出力之和约束_21_23],-5841.836
cons[火电机组分段中标量约束_21_24_0],0.0
cons[火电机组分段中标量约束_21_24_1],0.0
cons[火电机组分段中标量约束_21_24_2],0.0
cons[火电机组分段中标量约束_21_24_3],0.0
cons[火电机组分段中标量约束_21_24_4],0.0
cons[火电机组分段中标量约束_21_24_5],0.0
cons[火电机组分段中标量约束_21_24_6],0.0
cons[火电机组分段中标量约束_21_24_7],0.0
cons[火电机组分段中标量约束_21_24_8],0.0
cons[火电机组分段中标量约束_21_24_9],0.0
cons[火电机组出力之和约束_21_24],-5841.836
cons[火电机组分段中标量约束_21_25_0],0.0
cons[火电机组分段中标量约束_21_25_1],0.0
cons[火电机组分段中标量约束_21_25_2],0.0
cons[火电机组分段中标量约束_21_25_3],0.0
cons[火电机组分段中标量约束_21_25_4],0.0
cons[火电机组分段中标量约束_21_25_5],0.0
cons[火电机组分段中标量约束_21_25_6],0.0
cons[火电机组分段中标量约束_21_25_7],0.0
cons[火电机组分段中标量约束_21_25_8],0.0
cons[火电机组分段中标量约束_21_25_9],0.0
cons[火电机组出力之和约束_21_25],-5841.836
cons[火电机组分段中标量约束_21_26_0],-46.04599999999937
cons[火电机组分段中标量约束_21_26_1],0.0
cons[火电机组分段中标量约束_21_26_2],0.0
cons[火电机组分段中标量约束_21_26_3],0.0
cons[火电机组分段中标量约束_21_26_4],0.0
cons[火电机组分段中标量约束_21_26_5],0.0
cons[火电机组分段中标量约束_21_26_6],0.0
cons[火电机组分段中标量约束_21_26_7],0.0
cons[火电机组分段中标量约束_21_26_8],0.0
cons[火电机组分段中标量约束_21_26_9],0.0
cons[火电机组出力之和约束_21_26],-5887.882
cons[火电机组分段中标量约束_21_27_0],-138.13800000000265
cons[火电机组分段中标量约束_21_27_1],-92.09200000000328
cons[火电机组分段中标量约束_21_27_2],-46.046000000003005
cons[火电机组分段中标量约束_21_27_3],0.0
cons[火电机组分段中标量约束_21_27_4],0.0
cons[火电机组分段中标量约束_21_27_5],0.0
cons[火电机组分段中标量约束_21_27_6],0.0
cons[火电机组分段中标量约束_21_27_7],0.0
cons[火电机组分段中标量约束_21_27_8],0.0
cons[火电机组分段中标量约束_21_27_9],0.0
cons[火电机组出力之和约束_21_27],-5979.974000000003
cons[火电机组分段中标量约束_21_28_0],-183.09199999999964
cons[火电机组分段中标量约束_21_28_1],-137.04600000000028
cons[火电机组分段中标量约束_21_28_2],-91.0
cons[火电机组分段中标量约束_21_28_3],-44.953999999996995
cons[火电机组分段中标量约束_21_28_4],0.0
cons[火电机组分段中标量约束_21_28_5],0.0
cons[火电机组分段中标量约束_21_28_6],0.0
cons[火电机组分段中标量约束_21_28_7],0.0
cons[火电机组分段中标量约束_21_28_8],0.0
cons[火电机组分段中标量约束_21_28_9],0.0
cons[火电机组出力之和约束_21_28],-6024.928
cons[火电机组分段中标量约束_21_29_0],-210.9380000000001
cons[火电机组分段中标量约束_21_29_1],-164.89200000000073
cons[火电机组分段中标量约束_21_29_2],-118.84600000000046
cons[火电机组分段中标量约束_21_29_3],-72.79999999999745
cons[火电机组分段中标量约束_21_29_4],-26.754000000000815
cons[火电机组分段中标量约束_21_29_5],0.0
cons[火电机组分段中标量约束_21_29_6],0.0
cons[火电机组分段中标量约束_21_29_7],0.0
cons[火电机组分段中标量约束_21_29_8],0.0
cons[火电机组分段中标量约束_21_29_9],0.0
cons[火电机组出力之和约束_21_29],-6052.774
cons[火电机组分段中标量约束_21_30_0],-238.78399999999965
cons[火电机组分段中标量约束_21_30_1],-192.73800000000028
cons[火电机组分段中标量约束_21_30_2],-146.692
cons[火电机组分段中标量约束_21_30_3],-100.645999999997
cons[火电机组分段中标量约束_21_30_4],-54.600000000000364
cons[火电机组分段中标量约束_21_30_5],-8.554000000000087
cons[火电机组分段中标量约束_21_30_6],0.0
cons[火电机组分段中标量约束_21_30_7],0.0
cons[火电机组分段中标量约束_21_30_8],0.0
cons[火电机组分段中标量约束_21_30_9],0.0
cons[火电机组出力之和约束_21_30],-6080.62
cons[火电机组分段中标量约束_21_31_0],-266.1749999999993
cons[火电机组分段中标量约束_21_31_1],-220.1289999999999
cons[火电机组分段中标量约束_21_31_2],-174.08299999999963
cons[火电机组分段中标量约束_21_31_3],-128.03699999999662
cons[火电机组分段中标量约束_21_31_4],-81.99099999999999
cons[火电机组分段中标量约束_21_31_5],-35.94499999999971
cons[火电机组分段中标量约束_21_31_6],0.0
cons[火电机组分段中标量约束_21_31_7],0.0
cons[火电机组分段中标量约束_21_31_8],0.0
cons[火电机组分段中标量约束_21_31_9],0.0
cons[火电机组出力之和约束_21_31],-6108.0109999999995
cons[火电机组分段中标量约束_21_32_0],-266.6300000000001
cons[火电机组分段中标量约束_21_32_1],-220.58400000000074
cons[火电机组分段中标量约束_21_32_2],-174.53800000000047
cons[火电机组分段中标量约束_21_32_3],-128.49199999999746
cons[火电机组分段中标量约束_21_32_4],-82.44600000000082
cons[火电机组分段中标量约束_21_32_5],-36.400000000000546
cons[火电机组分段中标量约束_21_32_6],0.0
cons[火电机组分段中标量约束_21_32_7],0.0
cons[火电机组分段中标量约束_21_32_8],0.0
cons[火电机组分段中标量约束_21_32_9],0.0
cons[火电机组出力之和约束_21_32],-6108.466
cons[火电机组分段中标量约束_21_33_0],-276.27599999999984
cons[火电机组分段中标量约束_21_33_1],-230.23000000000047
cons[火电机组分段中标量约束_21_33_2],-184.1840000000002
cons[火电机组分段中标量约束_21_33_3],-138.1379999999972
cons[火电机组分段中标量约束_21_33_4],-92.09200000000055
cons[火电机组分段中标量约束_21_33_5],-46.04600000000028
cons[火电机组分段中标量约束_21_33_6],0.0
cons[火电机组分段中标量约束_21_33_7],0.0
cons[火电机组分段中标量约束_21_33_8],0.0
cons[火电机组分段中标量约束_21_33_9],0.0
cons[火电机组出力之和约束_21_33],-6118.112
cons[火电机组分段中标量约束_21_34_0],-276.27599999999984
cons[火电机组分段中标量约束_21_34_1],-230.23000000000047
cons[火电机组分段中标量约束_21_34_2],-184.1840000000002
cons[火电机组分段中标量约束_21_34_3],-138.1379999999972
cons[火电机组分段中标量约束_21_34_4],-92.09200000000055
cons[火电机组分段中标量约束_21_34_5],-46.04600000000028
cons[火电机组分段中标量约束_21_34_6],0.0
cons[火电机组分段中标量约束_21_34_7],0.0
cons[火电机组分段中标量约束_21_34_8],0.0
cons[火电机组分段中标量约束_21_34_9],0.0
cons[火电机组出力之和约束_21_34],-6118.112
cons[火电机组分段中标量约束_21_35_0],-276.27599999999984
cons[火电机组分段中标量约束_21_35_1],-230.23000000000047
cons[火电机组分段中标量约束_21_35_2],-184.1840000000002
cons[火电机组分段中标量约束_21_35_3],-138.1379999999972
cons[火电机组分段中标量约束_21_35_4],-92.09200000000055
cons[火电机组分段中标量约束_21_35_5],-46.04600000000028
cons[火电机组分段中标量约束_21_35_6],0.0
cons[火电机组分段中标量约束_21_35_7],0.0
cons[火电机组分段中标量约束_21_35_8],0.0
cons[火电机组分段中标量约束_21_35_9],0.0
cons[火电机组出力之和约束_21_35],-6118.112
cons[火电机组分段中标量约束_21_36_0],-276.27599999999984
cons[火电机组分段中标量约束_21_36_1],-230.23000000000047
cons[火电机组分段中标量约束_21_36_2],-184.1840000000002
cons[火电机组分段中标量约束_21_36_3],-138.1379999999972
cons[火电机组分段中标量约束_21_36_4],-92.09200000000055
cons[火电机组分段中标量约束_21_36_5],-46.04600000000028
cons[火电机组分段中标量约束_21_36_6],0.0
cons[火电机组分段中标量约束_21_36_7],0.0
cons[火电机组分段中标量约束_21_36_8],0.0
cons[火电机组分段中标量约束_21_36_9],0.0
cons[火电机组出力之和约束_21_36],-6118.112
cons[火电机组分段中标量约束_21_37_0],-266.6300000000001
cons[火电机组分段中标量约束_21_37_1],-220.58400000000074
cons[火电机组分段中标量约束_21_37_2],-174.53800000000047
cons[火电机组分段中标量约束_21_37_3],-128.49199999999746
cons[火电机组分段中标量约束_21_37_4],-82.44600000000082
cons[火电机组分段中标量约束_21_37_5],-36.400000000000546
cons[火电机组分段中标量约束_21_37_6],0.0
cons[火电机组分段中标量约束_21_37_7],0.0
cons[火电机组分段中标量约束_21_37_8],0.0
cons[火电机组分段中标量约束_21_37_9],0.0
cons[火电机组出力之和约束_21_37],-6108.466
cons[火电机组分段中标量约束_21_38_0],-266.6300000000001
cons[火电机组分段中标量约束_21_38_1],-220.58400000000074
cons[火电机组分段中标量约束_21_38_2],-174.53800000000047
cons[火电机组分段中标量约束_21_38_3],-128.49199999999746
cons[火电机组分段中标量约束_21_38_4],-82.44600000000082
cons[火电机组分段中标量约束_21_38_5],-36.400000000000546
cons[火电机组分段中标量约束_21_38_6],0.0
cons[火电机组分段中标量约束_21_38_7],0.0
cons[火电机组分段中标量约束_21_38_8],0.0
cons[火电机组分段中标量约束_21_38_9],0.0
cons[火电机组出力之和约束_21_38],-6108.466
cons[火电机组分段中标量约束_21_39_0],-266.6300000000001
cons[火电机组分段中标量约束_21_39_1],-220.58400000000074
cons[火电机组分段中标量约束_21_39_2],-174.53800000000047
cons[火电机组分段中标量约束_21_39_3],-128.49199999999746
cons[火电机组分段中标量约束_21_39_4],-82.44600000000082
cons[火电机组分段中标量约束_21_39_5],-36.400000000000546
cons[火电机组分段中标量约束_21_39_6],0.0
cons[火电机组分段中标量约束_21_39_7],0.0
cons[火电机组分段中标量约束_21_39_8],0.0
cons[火电机组分段中标量约束_21_39_9],0.0
cons[火电机组出力之和约束_21_39],-6108.466
cons[火电机组分段中标量约束_21_40_0],-266.6300000000001
cons[火电机组分段中标量约束_21_40_1],-220.58400000000074
cons[火电机组分段中标量约束_21_40_2],-174.53800000000047
cons[火电机组分段中标量约束_21_40_3],-128.49199999999746
cons[火电机组分段中标量约束_21_40_4],-82.44600000000082
cons[火电机组分段中标量约束_21_40_5],-36.400000000000546
cons[火电机组分段中标量约束_21_40_6],0.0
cons[火电机组分段中标量约束_21_40_7],0.0
cons[火电机组分段中标量约束_21_40_8],0.0
cons[火电机组分段中标量约束_21_40_9],0.0
cons[火电机组出力之和约束_21_40],-6108.466
cons[火电机组分段中标量约束_21_41_0],-266.6300000000001
cons[火电机组分段中标量约束_21_41_1],-220.58400000000074
cons[火电机组分段中标量约束_21_41_2],-174.53800000000047
cons[火电机组分段中标量约束_21_41_3],-128.49199999999746
cons[火电机组分段中标量约束_21_41_4],-82.44600000000082
cons[火电机组分段中标量约束_21_41_5],-36.400000000000546
cons[火电机组分段中标量约束_21_41_6],0.0
cons[火电机组分段中标量约束_21_41_7],0.0
cons[火电机组分段中标量约束_21_41_8],0.0
cons[火电机组分段中标量约束_21_41_9],0.0
cons[火电机组出力之和约束_21_41],-6108.466
cons[火电机组分段中标量约束_21_42_0],-266.6300000000001
cons[火电机组分段中标量约束_21_42_1],-220.58400000000074
cons[火电机组分段中标量约束_21_42_2],-174.53800000000047
cons[火电机组分段中标量约束_21_42_3],-128.49199999999746
cons[火电机组分段中标量约束_21_42_4],-82.44600000000082
cons[火电机组分段中标量约束_21_42_5],-36.400000000000546
cons[火电机组分段中标量约束_21_42_6],0.0
cons[火电机组分段中标量约束_21_42_7],0.0
cons[火电机组分段中标量约束_21_42_8],0.0
cons[火电机组分段中标量约束_21_42_9],0.0
cons[火电机组出力之和约束_21_42],-6108.466
cons[火电机组分段中标量约束_21_43_0],-266.6300000000001
cons[火电机组分段中标量约束_21_43_1],-220.58400000000074
cons[火电机组分段中标量约束_21_43_2],-174.53800000000047
cons[火电机组分段中标量约束_21_43_3],-128.49199999999746
cons[火电机组分段中标量约束_21_43_4],-82.44600000000082
cons[火电机组分段中标量约束_21_43_5],-36.400000000000546
cons[火电机组分段中标量约束_21_43_6],0.0
cons[火电机组分段中标量约束_21_43_7],0.0
cons[火电机组分段中标量约束_21_43_8],0.0
cons[火电机组分段中标量约束_21_43_9],0.0
cons[火电机组出力之和约束_21_43],-6108.466
cons[火电机组分段中标量约束_21_44_0],-266.6300000000001
cons[火电机组分段中标量约束_21_44_1],-220.58400000000074
cons[火电机组分段中标量约束_21_44_2],-174.53800000000047
cons[火电机组分段中标量约束_21_44_3],-128.49199999999746
cons[火电机组分段中标量约束_21_44_4],-82.44600000000082
cons[火电机组分段中标量约束_21_44_5],-36.400000000000546
cons[火电机组分段中标量约束_21_44_6],0.0
cons[火电机组分段中标量约束_21_44_7],0.0
cons[火电机组分段中标量约束_21_44_8],0.0
cons[火电机组分段中标量约束_21_44_9],0.0
cons[火电机组出力之和约束_21_44],-6108.466
cons[火电机组分段中标量约束_21_45_0],-266.1749999999993
cons[火电机组分段中标量约束_21_45_1],-220.1289999999999
cons[火电机组分段中标量约束_21_45_2],-174.08299999999963
cons[火电机组分段中标量约束_21_45_3],-128.03699999999662
cons[火电机组分段中标量约束_21_45_4],-81.99099999999999
cons[火电机组分段中标量约束_21_45_5],-35.94499999999971
cons[火电机组分段中标量约束_21_45_6],0.0
cons[火电机组分段中标量约束_21_45_7],0.0
cons[火电机组分段中标量约束_21_45_8],0.0
cons[火电机组分段中标量约束_21_45_9],0.0
cons[火电机组出力之和约束_21_45],-6108.0109999999995
cons[火电机组分段中标量约束_21_46_0],-266.1749999999993
cons[火电机组分段中标量约束_21_46_1],-220.1289999999999
cons[火电机组分段中标量约束_21_46_2],-174.08299999999963
cons[火电机组分段中标量约束_21_46_3],-128.03699999999662
cons[火电机组分段中标量约束_21_46_4],-81.99099999999999
cons[火电机组分段中标量约束_21_46_5],-35.94499999999971
cons[火电机组分段中标量约束_21_46_6],0.0
cons[火电机组分段中标量约束_21_46_7],0.0
cons[火电机组分段中标量约束_21_46_8],0.0
cons[火电机组分段中标量约束_21_46_9],0.0
cons[火电机组出力之和约束_21_46],-6108.0109999999995
cons[火电机组分段中标量约束_21_47_0],-266.1749999999993
cons[火电机组分段中标量约束_21_47_1],-220.1289999999999
cons[火电机组分段中标量约束_21_47_2],-174.08299999999963
cons[火电机组分段中标量约束_21_47_3],-128.03699999999662
cons[火电机组分段中标量约束_21_47_4],-81.99099999999999
cons[火电机组分段中标量约束_21_47_5],-35.94499999999971
cons[火电机组分段中标量约束_21_47_6],0.0
cons[火电机组分段中标量约束_21_47_7],0.0
cons[火电机组分段中标量约束_21_47_8],0.0
cons[火电机组分段中标量约束_21_47_9],0.0
cons[火电机组出力之和约束_21_47],-6108.0109999999995
cons[火电机组分段中标量约束_21_48_0],-266.1749999999993
cons[火电机组分段中标量约束_21_48_1],-220.1289999999999
cons[火电机组分段中标量约束_21_48_2],-174.08299999999963
cons[火电机组分段中标量约束_21_48_3],-128.03699999999662
cons[火电机组分段中标量约束_21_48_4],-81.99099999999999
cons[火电机组分段中标量约束_21_48_5],-35.94499999999971
cons[火电机组分段中标量约束_21_48_6],0.0
cons[火电机组分段中标量约束_21_48_7],0.0
cons[火电机组分段中标量约束_21_48_8],0.0
cons[火电机组分段中标量约束_21_48_9],0.0
cons[火电机组出力之和约束_21_48],-6108.0109999999995
cons[火电机组分段中标量约束_21_49_0],-266.1749999999993
cons[火电机组分段中标量约束_21_49_1],-220.1289999999999
cons[火电机组分段中标量约束_21_49_2],-174.08299999999963
cons[火电机组分段中标量约束_21_49_3],-128.03699999999662
cons[火电机组分段中标量约束_21_49_4],-81.99099999999999
cons[火电机组分段中标量约束_21_49_5],-35.94499999999971
cons[火电机组分段中标量约束_21_49_6],0.0
cons[火电机组分段中标量约束_21_49_7],0.0
cons[火电机组分段中标量约束_21_49_8],0.0
cons[火电机组分段中标量约束_21_49_9],0.0
cons[火电机组出力之和约束_21_49],-6108.0109999999995
cons[火电机组分段中标量约束_21_50_0],-266.1749999999993
cons[火电机组分段中标量约束_21_50_1],-220.1289999999999
cons[火电机组分段中标量约束_21_50_2],-174.08299999999963
cons[火电机组分段中标量约束_21_50_3],-128.03699999999662
cons[火电机组分段中标量约束_21_50_4],-81.99099999999999
cons[火电机组分段中标量约束_21_50_5],-35.94499999999971
cons[火电机组分段中标量约束_21_50_6],0.0
cons[火电机组分段中标量约束_21_50_7],0.0
cons[火电机组分段中标量约束_21_50_8],0.0
cons[火电机组分段中标量约束_21_50_9],0.0
cons[火电机组出力之和约束_21_50],-6108.0109999999995
cons[火电机组分段中标量约束_21_51_0],-266.1749999999993
cons[火电机组分段中标量约束_21_51_1],-220.1289999999999
cons[火电机组分段中标量约束_21_51_2],-174.08299999999963
cons[火电机组分段中标量约束_21_51_3],-128.03699999999662
cons[火电机组分段中标量约束_21_51_4],-81.99099999999999
cons[火电机组分段中标量约束_21_51_5],-35.94499999999971
cons[火电机组分段中标量约束_21_51_6],0.0
cons[火电机组分段中标量约束_21_51_7],0.0
cons[火电机组分段中标量约束_21_51_8],0.0
cons[火电机组分段中标量约束_21_51_9],0.0
cons[火电机组出力之和约束_21_51],-6108.0109999999995
cons[火电机组分段中标量约束_21_52_0],-266.1749999999993
cons[火电机组分段中标量约束_21_52_1],-220.1289999999999
cons[火电机组分段中标量约束_21_52_2],-174.08299999999963
cons[火电机组分段中标量约束_21_52_3],-128.03699999999662
cons[火电机组分段中标量约束_21_52_4],-81.99099999999999
cons[火电机组分段中标量约束_21_52_5],-35.94499999999971
cons[火电机组分段中标量约束_21_52_6],0.0
cons[火电机组分段中标量约束_21_52_7],0.0
cons[火电机组分段中标量约束_21_52_8],0.0
cons[火电机组分段中标量约束_21_52_9],0.0
cons[火电机组出力之和约束_21_52],-6108.0109999999995
cons[火电机组分段中标量约束_21_53_0],-238.78399999999965
cons[火电机组分段中标量约束_21_53_1],-192.73800000000028
cons[火电机组分段中标量约束_21_53_2],-146.692
cons[火电机组分段中标量约束_21_53_3],-100.645999999997
cons[火电机组分段中标量约束_21_53_4],-54.600000000000364
cons[火电机组分段中标量约束_21_53_5],-8.554000000000087
cons[火电机组分段中标量约束_21_53_6],0.0
cons[火电机组分段中标量约束_21_53_7],0.0
cons[火电机组分段中标量约束_21_53_8],0.0
cons[火电机组分段中标量约束_21_53_9],0.0
cons[火电机组出力之和约束_21_53],-6080.62
cons[火电机组分段中标量约束_21_54_0],-238.78399999999965
cons[火电机组分段中标量约束_21_54_1],-192.73800000000028
cons[火电机组分段中标量约束_21_54_2],-146.692
cons[火电机组分段中标量约束_21_54_3],-100.645999999997
cons[火电机组分段中标量约束_21_54_4],-54.600000000000364
cons[火电机组分段中标量约束_21_54_5],-8.554000000000087
cons[火电机组分段中标量约束_21_54_6],0.0
cons[火电机组分段中标量约束_21_54_7],0.0
cons[火电机组分段中标量约束_21_54_8],0.0
cons[火电机组分段中标量约束_21_54_9],0.0
cons[火电机组出力之和约束_21_54],-6080.62
cons[火电机组分段中标量约束_21_55_0],-238.78399999999965
cons[火电机组分段中标量约束_21_55_1],-192.73800000000028
cons[火电机组分段中标量约束_21_55_2],-146.692
cons[火电机组分段中标量约束_21_55_3],-100.645999999997
cons[火电机组分段中标量约束_21_55_4],-54.600000000000364
cons[火电机组分段中标量约束_21_55_5],-8.554000000000087
cons[火电机组分段中标量约束_21_55_6],0.0
cons[火电机组分段中标量约束_21_55_7],0.0
cons[火电机组分段中标量约束_21_55_8],0.0
cons[火电机组分段中标量约束_21_55_9],0.0
cons[火电机组出力之和约束_21_55],-6080.62
cons[火电机组分段中标量约束_21_56_0],-238.78399999999965
cons[火电机组分段中标量约束_21_56_1],-192.73800000000028
cons[火电机组分段中标量约束_21_56_2],-146.692
cons[火电机组分段中标量约束_21_56_3],-100.645999999997
cons[火电机组分段中标量约束_21_56_4],-54.600000000000364
cons[火电机组分段中标量约束_21_56_5],-8.554000000000087
cons[火电机组分段中标量约束_21_56_6],0.0
cons[火电机组分段中标量约束_21_56_7],0.0
cons[火电机组分段中标量约束_21_56_8],0.0
cons[火电机组分段中标量约束_21_56_9],0.0
cons[火电机组出力之和约束_21_56],-6080.62
cons[火电机组分段中标量约束_21_57_0],-238.78399999999965
cons[火电机组分段中标量约束_21_57_1],-192.73800000000028
cons[火电机组分段中标量约束_21_57_2],-146.692
cons[火电机组分段中标量约束_21_57_3],-100.645999999997
cons[火电机组分段中标量约束_21_57_4],-54.600000000000364
cons[火电机组分段中标量约束_21_57_5],-8.554000000000087
cons[火电机组分段中标量约束_21_57_6],0.0
cons[火电机组分段中标量约束_21_57_7],0.0
cons[火电机组分段中标量约束_21_57_8],0.0
cons[火电机组分段中标量约束_21_57_9],0.0
cons[火电机组出力之和约束_21_57],-6080.62
cons[火电机组分段中标量约束_21_58_0],-238.78399999999965
cons[火电机组分段中标量约束_21_58_1],-192.73800000000028
cons[火电机组分段中标量约束_21_58_2],-146.692
cons[火电机组分段中标量约束_21_58_3],-100.645999999997
cons[火电机组分段中标量约束_21_58_4],-54.600000000000364
cons[火电机组分段中标量约束_21_58_5],-8.554000000000087
cons[火电机组分段中标量约束_21_58_6],0.0
cons[火电机组分段中标量约束_21_58_7],0.0
cons[火电机组分段中标量约束_21_58_8],0.0
cons[火电机组分段中标量约束_21_58_9],0.0
cons[火电机组出力之和约束_21_58],-6080.62
cons[火电机组分段中标量约束_21_59_0],-266.1749999999993
cons[火电机组分段中标量约束_21_59_1],-220.1289999999999
cons[火电机组分段中标量约束_21_59_2],-174.08299999999963
cons[火电机组分段中标量约束_21_59_3],-128.03699999999662
cons[火电机组分段中标量约束_21_59_4],-81.99099999999999
cons[火电机组分段中标量约束_21_59_5],-35.94499999999971
cons[火电机组分段中标量约束_21_59_6],0.0
cons[火电机组分段中标量约束_21_59_7],0.0
cons[火电机组分段中标量约束_21_59_8],0.0
cons[火电机组分段中标量约束_21_59_9],0.0
cons[火电机组出力之和约束_21_59],-6108.0109999999995
cons[火电机组分段中标量约束_21_60_0],-266.6300000000001
cons[火电机组分段中标量约束_21_60_1],-220.58400000000074
cons[火电机组分段中标量约束_21_60_2],-174.53800000000047
cons[火电机组分段中标量约束_21_60_3],-128.49199999999746
cons[火电机组分段中标量约束_21_60_4],-82.44600000000082
cons[火电机组分段中标量约束_21_60_5],-36.400000000000546
cons[火电机组分段中标量约束_21_60_6],0.0
cons[火电机组分段中标量约束_21_60_7],0.0
cons[火电机组分段中标量约束_21_60_8],0.0
cons[火电机组分段中标量约束_21_60_9],0.0
cons[火电机组出力之和约束_21_60],-6108.466
cons[火电机组分段中标量约束_21_61_0],-294.47599999999966
cons[火电机组分段中标量约束_21_61_1],-248.4300000000003
cons[火电机组分段中标量约束_21_61_2],-202.38400000000001
cons[火电机组分段中标量约束_21_61_3],-156.337999999997
cons[火电机组分段中标量约束_21_61_4],-110.29200000000037
cons[火电机组分段中标量约束_21_61_5],-64.2460000000001
cons[火电机组分段中标量约束_21_61_6],-18.199999999999818
cons[火电机组分段中标量约束_21_61_7],0.0
cons[火电机组分段中标量约束_21_61_8],0.0
cons[火电机组分段中标量约束_21_61_9],0.0
cons[火电机组出力之和约束_21_61],-6136.312
cons[火电机组分段中标量约束_21_62_0],-322.3219999999992
cons[火电机组分段中标量约束_21_62_1],-276.27599999999984
cons[火电机组分段中标量约束_21_62_2],-230.22999999999956
cons[火电机组分段中标量约束_21_62_3],-184.18399999999656
cons[火电机组分段中标量约束_21_62_4],-138.13799999999992
cons[火电机组分段中标量约束_21_62_5],-92.09199999999964
cons[火电机组分段中标量约束_21_62_6],-46.04599999999937
cons[火电机组分段中标量约束_21_62_7],0.0
cons[火电机组分段中标量约束_21_62_8],0.0
cons[火电机组分段中标量约束_21_62_9],0.0
cons[火电机组出力之和约束_21_62],-6164.157999999999
cons[火电机组分段中标量约束_21_63_0],-322.3219999999992
cons[火电机组分段中标量约束_21_63_1],-276.27599999999984
cons[火电机组分段中标量约束_21_63_2],-230.22999999999956
cons[火电机组分段中标量约束_21_63_3],-184.18399999999656
cons[火电机组分段中标量约束_21_63_4],-138.13799999999992
cons[火电机组分段中标量约束_21_63_5],-92.09199999999964
cons[火电机组分段中标量约束_21_63_6],-46.04599999999937
cons[火电机组分段中标量约束_21_63_7],0.0
cons[火电机组分段中标量约束_21_63_8],0.0
cons[火电机组分段中标量约束_21_63_9],0.0
cons[火电机组出力之和约束_21_63],-6164.157999999999
cons[火电机组分段中标量约束_21_64_0],-350.1680000000015
cons[火电机组分段中标量约束_21_64_1],-304.1220000000021
cons[火电机组分段中标量约束_21_64_2],-258.07600000000184
cons[火电机组分段中标量约束_21_64_3],-212.02999999999884
cons[火电机组分段中标量约束_21_64_4],-165.9840000000022
cons[火电机组分段中标量约束_21_64_5],-119.93800000000192
cons[火电机组分段中标量约束_21_64_6],-73.89200000000164
cons[火电机组分段中标量约束_21_64_7],-27.846000000002277
cons[火电机组分段中标量约束_21_64_8],0.0
cons[火电机组分段中标量约束_21_64_9],0.0
cons[火电机组出力之和约束_21_64],-6192.004000000002
cons[火电机组分段中标量约束_21_65_0],-358.2669999999998
cons[火电机组分段中标量约束_21_65_1],-312.22100000000046
cons[火电机组分段中标量约束_21_65_2],-266.1750000000002
cons[火电机组分段中标量约束_21_65_3],-220.12899999999718
cons[火电机组分段中标量约束_21_65_4],-174.08300000000054
cons[火电机组分段中标量约束_21_65_5],-128.03700000000026
cons[火电机组分段中标量约束_21_65_6],-81.99099999999999
cons[火电机组分段中标量约束_21_65_7],-35.94500000000062
cons[火电机组分段中标量约束_21_65_8],0.0
cons[火电机组分段中标量约束_21_65_9],0.0
cons[火电机组出力之和约束_21_65],-6200.103
cons[火电机组分段中标量约束_21_66_0],-378.0140000000001
cons[火电机组分段中标量约束_21_66_1],-331.96800000000076
cons[火电机组分段中标量约束_21_66_2],-285.9220000000005
cons[火电机组分段中标量约束_21_66_3],-239.87599999999748
cons[火电机组分段中标量约束_21_66_4],-193.83000000000084
cons[火电机组分段中标量约束_21_66_5],-147.78400000000056
cons[火电机组分段中标量约束_21_66_6],-101.73800000000028
cons[火电机组分段中标量约束_21_66_7],-55.69200000000092
cons[火电机组分段中标量约束_21_66_8],-9.64599999999973
cons[火电机组分段中标量约束_21_66_9],0.0
cons[火电机组出力之和约束_21_66],-6219.85
cons[火电机组分段中标量约束_21_67_0],-378.0140000000001
cons[火电机组分段中标量约束_21_67_1],-331.96800000000076
cons[火电机组分段中标量约束_21_67_2],-285.9220000000005
cons[火电机组分段中标量约束_21_67_3],-239.87599999999748
cons[火电机组分段中标量约束_21_67_4],-193.83000000000084
cons[火电机组分段中标量约束_21_67_5],-147.78400000000056
cons[火电机组分段中标量约束_21_67_6],-101.73800000000028
cons[火电机组分段中标量约束_21_67_7],-55.69200000000092
cons[火电机组分段中标量约束_21_67_8],-9.64599999999973
cons[火电机组分段中标量约束_21_67_9],0.0
cons[火电机组出力之和约束_21_67],-6219.85
cons[火电机组分段中标量约束_21_68_0],-378.0140000000001
cons[火电机组分段中标量约束_21_68_1],-331.96800000000076
cons[火电机组分段中标量约束_21_68_2],-285.9220000000005
cons[火电机组分段中标量约束_21_68_3],-239.87599999999748
cons[火电机组分段中标量约束_21_68_4],-193.83000000000084
cons[火电机组分段中标量约束_21_68_5],-147.78400000000056
cons[火电机组分段中标量约束_21_68_6],-101.73800000000028
cons[火电机组分段中标量约束_21_68_7],-55.69200000000092
cons[火电机组分段中标量约束_21_68_8],-9.64599999999973
cons[火电机组分段中标量约束_21_68_9],0.0
cons[火电机组出力之和约束_21_68],-6219.85
cons[火电机组分段中标量约束_21_69_0],-378.0140000000001
cons[火电机组分段中标量约束_21_69_1],-331.96800000000076
cons[火电机组分段中标量约束_21_69_2],-285.9220000000005
cons[火电机组分段中标量约束_21_69_3],-239.87599999999748
cons[火电机组分段中标量约束_21_69_4],-193.83000000000084
cons[火电机组分段中标量约束_21_69_5],-147.78400000000056
cons[火电机组分段中标量约束_21_69_6],-101.73800000000028
cons[火电机组分段中标量约束_21_69_7],-55.69200000000092
cons[火电机组分段中标量约束_21_69_8],-9.64599999999973
cons[火电机组分段中标量约束_21_69_9],0.0
cons[火电机组出力之和约束_21_69],-6219.85
cons[火电机组分段中标量约束_21_70_0],-378.0140000000001
cons[火电机组分段中标量约束_21_70_1],-331.96800000000076
cons[火电机组分段中标量约束_21_70_2],-285.9220000000005
cons[火电机组分段中标量约束_21_70_3],-239.87599999999748
cons[火电机组分段中标量约束_21_70_4],-193.83000000000084
cons[火电机组分段中标量约束_21_70_5],-147.78400000000056
cons[火电机组分段中标量约束_21_70_6],-101.73800000000028
cons[火电机组分段中标量约束_21_70_7],-55.69200000000092
cons[火电机组分段中标量约束_21_70_8],-9.64599999999973
cons[火电机组分段中标量约束_21_70_9],0.0
cons[火电机组出力之和约束_21_70],-6219.85
cons[火电机组分段中标量约束_21_71_0],-400.39999999999964
cons[火电机组分段中标量约束_21_71_1],-354.35400000000027
cons[火电机组分段中标量约束_21_71_2],-308.308
cons[火电机组分段中标量约束_21_71_3],-262.261999999997
cons[火电机组分段中标量约束_21_71_4],-216.21600000000035
cons[火电机组分段中标量约束_21_71_5],-170.17000000000007
cons[火电机组分段中标量约束_21_71_6],-124.1239999999998
cons[火电机组分段中标量约束_21_71_7],-78.07800000000043
cons[火电机组分段中标量约束_21_71_8],-32.03199999999924
cons[火电机组分段中标量约束_21_71_9],0.0
cons[火电机组出力之和约束_21_71],-6242.236
cons[火电机组分段中标量约束_21_72_0],-404.3129999999992
cons[火电机组分段中标量约束_21_72_1],-358.2669999999998
cons[火电机组分段中标量约束_21_72_2],-312.22099999999955
cons[火电机组分段中标量约束_21_72_3],-266.17499999999654
cons[火电机组分段中标量约束_21_72_4],-220.1289999999999
cons[火电机组分段中标量约束_21_72_5],-174.08299999999963
cons[火电机组分段中标量约束_21_72_6],-128.03699999999935
cons[火电机组分段中标量约束_21_72_7],-81.99099999999999
cons[火电机组分段中标量约束_21_72_8],-35.9449999999988
cons[火电机组分段中标量约束_21_72_9],0.0
cons[火电机组出力之和约束_21_72],-6246.148999999999
cons[火电机组分段中标量约束_21_73_0],-414.4140000000025
cons[火电机组分段中标量约束_21_73_1],-368.3680000000031
cons[火电机组分段中标量约束_21_73_2],-322.32200000000284
cons[火电机组分段中标量约束_21_73_3],-276.27599999999984
cons[火电机组分段中标量约束_21_73_4],-230.2300000000032
cons[火电机组分段中标量约束_21_73_5],-184.18400000000292
cons[火电机组分段中标量约束_21_73_6],-138.13800000000265
cons[火电机组分段中标量约束_21_73_7],-92.09200000000328
cons[火电机组分段中标量约束_21_73_8],-46.046000000002095
cons[火电机组分段中标量约束_21_73_9],0.0
cons[火电机组出力之和约束_21_73],-6256.250000000003
cons[火电机组分段中标量约束_21_74_0],-445.9454999999998
cons[火电机组分段中标量约束_21_74_1],-399.89950000000044
cons[火电机组分段中标量约束_21_74_2],-353.85350000000017
cons[火电机组分段中标量约束_21_74_3],-307.80749999999716
cons[火电机组分段中标量约束_21_74_4],-261.7615000000005
cons[火电机组分段中标量约束_21_74_5],-215.71550000000025
cons[火电机组分段中标量约束_21_74_6],-169.66949999999997
cons[火电机组分段中标量约束_21_74_7],-123.6235000000006
cons[火电机组分段中标量约束_21_74_8],-77.57749999999942
cons[火电机组分段中标量约束_21_74_9],-31.531499999997322
cons[火电机组出力之和约束_21_74],-6287.7815
cons[火电机组分段中标量约束_21_75_0],-445.9454999999998
cons[火电机组分段中标量约束_21_75_1],-399.89950000000044
cons[火电机组分段中标量约束_21_75_2],-353.85350000000017
cons[火电机组分段中标量约束_21_75_3],-307.80749999999716
cons[火电机组分段中标量约束_21_75_4],-261.7615000000005
cons[火电机组分段中标量约束_21_75_5],-215.71550000000025
cons[火电机组分段中标量约束_21_75_6],-169.66949999999997
cons[火电机组分段中标量约束_21_75_7],-123.6235000000006
cons[火电机组分段中标量约束_21_75_8],-77.57749999999942
cons[火电机组分段中标量约束_21_75_9],-31.531499999997322
cons[火电机组出力之和约束_21_75],-6287.7815
cons[火电机组分段中标量约束_21_76_0],-404.3129999999992
cons[火电机组分段中标量约束_21_76_1],-358.2669999999998
cons[火电机组分段中标量约束_21_76_2],-312.22099999999955
cons[火电机组分段中标量约束_21_76_3],-266.17499999999654
cons[火电机组分段中标量约束_21_76_4],-220.1289999999999
cons[火电机组分段中标量约束_21_76_5],-174.08299999999963
cons[火电机组分段中标量约束_21_76_6],-128.03699999999935
cons[火电机组分段中标量约束_21_76_7],-81.99099999999999
cons[火电机组分段中标量约束_21_76_8],-35.9449999999988
cons[火电机组分段中标量约束_21_76_9],0.0
cons[火电机组出力之和约束_21_76],-6246.148999999999
cons[火电机组分段中标量约束_21_77_0],-400.39999999999964
cons[火电机组分段中标量约束_21_77_1],-354.35400000000027
cons[火电机组分段中标量约束_21_77_2],-308.308
cons[火电机组分段中标量约束_21_77_3],-262.261999999997
cons[火电机组分段中标量约束_21_77_4],-216.21600000000035
cons[火电机组分段中标量约束_21_77_5],-170.17000000000007
cons[火电机组分段中标量约束_21_77_6],-124.1239999999998
cons[火电机组分段中标量约束_21_77_7],-78.07800000000043
cons[火电机组分段中标量约束_21_77_8],-32.03199999999924
cons[火电机组分段中标量约束_21_77_9],0.0
cons[火电机组出力之和约束_21_77],-6242.236
cons[火电机组分段中标量约束_21_78_0],-378.0140000000001
cons[火电机组分段中标量约束_21_78_1],-331.96800000000076
cons[火电机组分段中标量约束_21_78_2],-285.9220000000005
cons[火电机组分段中标量约束_21_78_3],-239.87599999999748
cons[火电机组分段中标量约束_21_78_4],-193.83000000000084
cons[火电机组分段中标量约束_21_78_5],-147.78400000000056
cons[火电机组分段中标量约束_21_78_6],-101.73800000000028
cons[火电机组分段中标量约束_21_78_7],-55.69200000000092
cons[火电机组分段中标量约束_21_78_8],-9.64599999999973
cons[火电机组分段中标量约束_21_78_9],0.0
cons[火电机组出力之和约束_21_78],-6219.85
cons[火电机组分段中标量约束_21_79_0],-378.0140000000001
cons[火电机组分段中标量约束_21_79_1],-331.96800000000076
cons[火电机组分段中标量约束_21_79_2],-285.9220000000005
cons[火电机组分段中标量约束_21_79_3],-239.87599999999748
cons[火电机组分段中标量约束_21_79_4],-193.83000000000084
cons[火电机组分段中标量约束_21_79_5],-147.78400000000056
cons[火电机组分段中标量约束_21_79_6],-101.73800000000028
cons[火电机组分段中标量约束_21_79_7],-55.69200000000092
cons[火电机组分段中标量约束_21_79_8],-9.64599999999973
cons[火电机组分段中标量约束_21_79_9],0.0
cons[火电机组出力之和约束_21_79],-6219.85
cons[火电机组分段中标量约束_21_80_0],-358.2669999999998
cons[火电机组分段中标量约束_21_80_1],-312.22100000000046
cons[火电机组分段中标量约束_21_80_2],-266.1750000000002
cons[火电机组分段中标量约束_21_80_3],-220.12899999999718
cons[火电机组分段中标量约束_21_80_4],-174.08300000000054
cons[火电机组分段中标量约束_21_80_5],-128.03700000000026
cons[火电机组分段中标量约束_21_80_6],-81.99099999999999
cons[火电机组分段中标量约束_21_80_7],-35.94500000000062
cons[火电机组分段中标量约束_21_80_8],0.0
cons[火电机组分段中标量约束_21_80_9],0.0
cons[火电机组出力之和约束_21_80],-6200.103
cons[火电机组分段中标量约束_21_81_0],-354.85449999999946
cons[火电机组分段中标量约束_21_81_1],-308.8085000000001
cons[火电机组分段中标量约束_21_81_2],-262.7624999999998
cons[火电机组分段中标量约束_21_81_3],-216.7164999999968
cons[火电机组分段中标量约束_21_81_4],-170.67050000000017
cons[火电机组分段中标量约束_21_81_5],-124.6244999999999
cons[火电机组分段中标量约束_21_81_6],-78.57849999999962
cons[火电机组分段中标量约束_21_81_7],-32.532500000000255
cons[火电机组分段中标量约束_21_81_8],0.0
cons[火电机组分段中标量约束_21_81_9],0.0
cons[火电机组出力之和约束_21_81],-6196.6905
cons[火电机组分段中标量约束_21_82_0],-350.1680000000015
cons[火电机组分段中标量约束_21_82_1],-304.1220000000021
cons[火电机组分段中标量约束_21_82_2],-258.07600000000184
cons[火电机组分段中标量约束_21_82_3],-212.02999999999884
cons[火电机组分段中标量约束_21_82_4],-165.9840000000022
cons[火电机组分段中标量约束_21_82_5],-119.93800000000192
cons[火电机组分段中标量约束_21_82_6],-73.89200000000164
cons[火电机组分段中标量约束_21_82_7],-27.846000000002277
cons[火电机组分段中标量约束_21_82_8],0.0
cons[火电机组分段中标量约束_21_82_9],0.0
cons[火电机组出力之和约束_21_82],-6192.004000000002
cons[火电机组分段中标量约束_21_83_0],-322.3219999999992
cons[火电机组分段中标量约束_21_83_1],-276.27599999999984
cons[火电机组分段中标量约束_21_83_2],-230.22999999999956
cons[火电机组分段中标量约束_21_83_3],-184.18399999999656
cons[火电机组分段中标量约束_21_83_4],-138.13799999999992
cons[火电机组分段中标量约束_21_83_5],-92.09199999999964
cons[火电机组分段中标量约束_21_83_6],-46.04599999999937
cons[火电机组分段中标量约束_21_83_7],0.0
cons[火电机组分段中标量约束_21_83_8],0.0
cons[火电机组分段中标量约束_21_83_9],0.0
cons[火电机组出力之和约束_21_83],-6164.157999999999
cons[火电机组分段中标量约束_21_84_0],-322.3219999999992
cons[火电机组分段中标量约束_21_84_1],-276.27599999999984
cons[火电机组分段中标量约束_21_84_2],-230.22999999999956
cons[火电机组分段中标量约束_21_84_3],-184.18399999999656
cons[火电机组分段中标量约束_21_84_4],-138.13799999999992
cons[火电机组分段中标量约束_21_84_5],-92.09199999999964
cons[火电机组分段中标量约束_21_84_6],-46.04599999999937
cons[火电机组分段中标量约束_21_84_7],0.0
cons[火电机组分段中标量约束_21_84_8],0.0
cons[火电机组分段中标量约束_21_84_9],0.0
cons[火电机组出力之和约束_21_84],-6164.157999999999
cons[火电机组分段中标量约束_21_85_0],-322.3219999999992
cons[火电机组分段中标量约束_21_85_1],-276.27599999999984
cons[火电机组分段中标量约束_21_85_2],-230.22999999999956
cons[火电机组分段中标量约束_21_85_3],-184.18399999999656
cons[火电机组分段中标量约束_21_85_4],-138.13799999999992
cons[火电机组分段中标量约束_21_85_5],-92.09199999999964
cons[火电机组分段中标量约束_21_85_6],-46.04599999999937
cons[火电机组分段中标量约束_21_85_7],0.0
cons[火电机组分段中标量约束_21_85_8],0.0
cons[火电机组分段中标量约束_21_85_9],0.0
cons[火电机组出力之和约束_21_85],-6164.157999999999
cons[火电机组分段中标量约束_21_86_0],-322.3219999999992
cons[火电机组分段中标量约束_21_86_1],-276.27599999999984
cons[火电机组分段中标量约束_21_86_2],-230.22999999999956
cons[火电机组分段中标量约束_21_86_3],-184.18399999999656
cons[火电机组分段中标量约束_21_86_4],-138.13799999999992
cons[火电机组分段中标量约束_21_86_5],-92.09199999999964
cons[火电机组分段中标量约束_21_86_6],-46.04599999999937
cons[火电机组分段中标量约束_21_86_7],0.0
cons[火电机组分段中标量约束_21_86_8],0.0
cons[火电机组分段中标量约束_21_86_9],0.0
cons[火电机组出力之和约束_21_86],-6164.157999999999
cons[火电机组分段中标量约束_21_87_0],-312.22100000000046
cons[火电机组分段中标量约束_21_87_1],-266.1750000000011
cons[火电机组分段中标量约束_21_87_2],-220.12900000000081
cons[火电机组分段中标量约束_21_87_3],-174.0829999999978
cons[火电机组分段中标量约束_21_87_4],-128.03700000000117
cons[火电机组分段中标量约束_21_87_5],-81.9910000000009
cons[火电机组分段中标量约束_21_87_6],-35.94500000000062
cons[火电机组分段中标量约束_21_87_7],0.0
cons[火电机组分段中标量约束_21_87_8],0.0
cons[火电机组分段中标量约束_21_87_9],0.0
cons[火电机组出力之和约束_21_87],-6154.057000000001
cons[火电机组分段中标量约束_21_88_0],-266.6300000000001
cons[火电机组分段中标量约束_21_88_1],-220.58400000000074
cons[火电机组分段中标量约束_21_88_2],-174.53800000000047
cons[火电机组分段中标量约束_21_88_3],-128.49199999999746
cons[火电机组分段中标量约束_21_88_4],-82.44600000000082
cons[火电机组分段中标量约束_21_88_5],-36.400000000000546
cons[火电机组分段中标量约束_21_88_6],0.0
cons[火电机组分段中标量约束_21_88_7],0.0
cons[火电机组分段中标量约束_21_88_8],0.0
cons[火电机组分段中标量约束_21_88_9],0.0
cons[火电机组出力之和约束_21_88],-6108.466
cons[火电机组分段中标量约束_21_89_0],-238.78399999999965
cons[火电机组分段中标量约束_21_89_1],-192.73800000000028
cons[火电机组分段中标量约束_21_89_2],-146.692
cons[火电机组分段中标量约束_21_89_3],-100.645999999997
cons[火电机组分段中标量约束_21_89_4],-54.600000000000364
cons[火电机组分段中标量约束_21_89_5],-8.554000000000087
cons[火电机组分段中标量约束_21_89_6],0.0
cons[火电机组分段中标量约束_21_89_7],0.0
cons[火电机组分段中标量约束_21_89_8],0.0
cons[火电机组分段中标量约束_21_89_9],0.0
cons[火电机组出力之和约束_21_89],-6080.62
cons[火电机组分段中标量约束_21_90_0],-210.9380000000001
cons[火电机组分段中标量约束_21_90_1],-164.89200000000073
cons[火电机组分段中标量约束_21_90_2],-118.84600000000046
cons[火电机组分段中标量约束_21_90_3],-72.79999999999745
cons[火电机组分段中标量约束_21_90_4],-26.754000000000815
cons[火电机组分段中标量约束_21_90_5],0.0
cons[火电机组分段中标量约束_21_90_6],0.0
cons[火电机组分段中标量约束_21_90_7],0.0
cons[火电机组分段中标量约束_21_90_8],0.0
cons[火电机组分段中标量约束_21_90_9],0.0
cons[火电机组出力之和约束_21_90],-6052.774
cons[火电机组分段中标量约束_21_91_0],-183.09199999999964
cons[火电机组分段中标量约束_21_91_1],-137.04600000000028
cons[火电机组分段中标量约束_21_91_2],-91.0
cons[火电机组分段中标量约束_21_91_3],-44.953999999996995
cons[火电机组分段中标量约束_21_91_4],0.0
cons[火电机组分段中标量约束_21_91_5],0.0
cons[火电机组分段中标量约束_21_91_6],0.0
cons[火电机组分段中标量约束_21_91_7],0.0
cons[火电机组分段中标量约束_21_91_8],0.0
cons[火电机组分段中标量约束_21_91_9],0.0
cons[火电机组出力之和约束_21_91],-6024.928
cons[火电机组分段中标量约束_21_92_0],-138.13800000000265
cons[火电机组分段中标量约束_21_92_1],-92.09200000000328
cons[火电机组分段中标量约束_21_92_2],-46.046000000003005
cons[火电机组分段中标量约束_21_92_3],0.0
cons[火电机组分段中标量约束_21_92_4],0.0
cons[火电机组分段中标量约束_21_92_5],0.0
cons[火电机组分段中标量约束_21_92_6],0.0
cons[火电机组分段中标量约束_21_92_7],0.0
cons[火电机组分段中标量约束_21_92_8],0.0
cons[火电机组分段中标量约束_21_92_9],0.0
cons[火电机组出力之和约束_21_92],-5979.974000000003
cons[火电机组分段中标量约束_21_93_0],-92.09199999999964
cons[火电机组分段中标量约束_21_93_1],-46.04600000000028
cons[火电机组分段中标量约束_21_93_2],0.0
cons[火电机组分段中标量约束_21_93_3],0.0
cons[火电机组分段中标量约束_21_93_4],0.0
cons[火电机组分段中标量约束_21_93_5],0.0
cons[火电机组分段中标量约束_21_93_6],0.0
cons[火电机组分段中标量约束_21_93_7],0.0
cons[火电机组分段中标量约束_21_93_8],0.0
cons[火电机组分段中标量约束_21_93_9],0.0
cons[火电机组出力之和约束_21_93],-5933.928
cons[火电机组分段中标量约束_21_94_0],-46.04599999999937
cons[火电机组分段中标量约束_21_94_1],0.0
cons[火电机组分段中标量约束_21_94_2],0.0
cons[火电机组分段中标量约束_21_94_3],0.0
cons[火电机组分段中标量约束_21_94_4],0.0
cons[火电机组分段中标量约束_21_94_5],0.0
cons[火电机组分段中标量约束_21_94_6],0.0
cons[火电机组分段中标量约束_21_94_7],0.0
cons[火电机组分段中标量约束_21_94_8],0.0
cons[火电机组分段中标量约束_21_94_9],0.0
cons[火电机组出力之和约束_21_94],-5887.882
cons[火电机组分段中标量约束_21_95_0],0.0
cons[火电机组分段中标量约束_21_95_1],0.0
cons[火电机组分段中标量约束_21_95_2],0.0
cons[火电机组分段中标量约束_21_95_3],0.0
cons[火电机组分段中标量约束_21_95_4],0.0
cons[火电机组分段中标量约束_21_95_5],0.0
cons[火电机组分段中标量约束_21_95_6],0.0
cons[火电机组分段中标量约束_21_95_7],0.0
cons[火电机组分段中标量约束_21_95_8],0.0
cons[火电机组分段中标量约束_21_95_9],0.0
cons[火电机组出力之和约束_21_95],-5841.836
cons[火电机组分段中标量约束_22_0_0],-368.3680000000004
cons[火电机组分段中标量约束_22_0_1],-322.322000000001
cons[火电机组分段中标量约束_22_0_2],-276.27600000000075
cons[火电机组分段中标量约束_22_0_3],-230.22999999999774
cons[火电机组分段中标量约束_22_0_4],-184.1840000000011
cons[火电机组分段中标量约束_22_0_5],-138.13800000000083
cons[火电机组分段中标量约束_22_0_6],-92.09200000000055
cons[火电机组分段中标量约束_22_0_7],-46.046000000001186
cons[火电机组分段中标量约束_22_0_8],0.0
cons[火电机组分段中标量约束_22_0_9],0.0
cons[火电机组出力之和约束_22_0],-6210.204000000001
cons[火电机组分段中标量约束_22_1_0],-354.85449999999946
cons[火电机组分段中标量约束_22_1_1],-308.8085000000001
cons[火电机组分段中标量约束_22_1_2],-262.7624999999998
cons[火电机组分段中标量约束_22_1_3],-216.7164999999968
cons[火电机组分段中标量约束_22_1_4],-170.67050000000017
cons[火电机组分段中标量约束_22_1_5],-124.6244999999999
cons[火电机组分段中标量约束_22_1_6],-78.57849999999962
cons[火电机组分段中标量约束_22_1_7],-32.532500000000255
cons[火电机组分段中标量约束_22_1_8],0.0
cons[火电机组分段中标量约束_22_1_9],0.0
cons[火电机组出力之和约束_22_1],-6196.6905
cons[火电机组分段中标量约束_22_2_0],-312.22100000000046
cons[火电机组分段中标量约束_22_2_1],-266.1750000000011
cons[火电机组分段中标量约束_22_2_2],-220.12900000000081
cons[火电机组分段中标量约束_22_2_3],-174.0829999999978
cons[火电机组分段中标量约束_22_2_4],-128.03700000000117
cons[火电机组分段中标量约束_22_2_5],-81.9910000000009
cons[火电机组分段中标量约束_22_2_6],-35.94500000000062
cons[火电机组分段中标量约束_22_2_7],0.0
cons[火电机组分段中标量约束_22_2_8],0.0
cons[火电机组分段中标量约束_22_2_9],0.0
cons[火电机组出力之和约束_22_2],-6154.057000000001
cons[火电机组分段中标量约束_22_3_0],-276.27599999999984
cons[火电机组分段中标量约束_22_3_1],-230.23000000000047
cons[火电机组分段中标量约束_22_3_2],-184.1840000000002
cons[火电机组分段中标量约束_22_3_3],-138.1379999999972
cons[火电机组分段中标量约束_22_3_4],-92.09200000000055
cons[火电机组分段中标量约束_22_3_5],-46.04600000000028
cons[火电机组分段中标量约束_22_3_6],0.0
cons[火电机组分段中标量约束_22_3_7],0.0
cons[火电机组分段中标量约束_22_3_8],0.0
cons[火电机组分段中标量约束_22_3_9],0.0
cons[火电机组出力之和约束_22_3],-6118.112
cons[火电机组分段中标量约束_22_4_0],-184.1839999999993
cons[火电机组分段中标量约束_22_4_1],-138.13799999999992
cons[火电机组分段中标量约束_22_4_2],-92.09199999999964
cons[火电机组分段中标量约束_22_4_3],-46.04599999999664
cons[火电机组分段中标量约束_22_4_4],0.0
cons[火电机组分段中标量约束_22_4_5],0.0
cons[火电机组分段中标量约束_22_4_6],0.0
cons[火电机组分段中标量约束_22_4_7],0.0
cons[火电机组分段中标量约束_22_4_8],0.0
cons[火电机组分段中标量约束_22_4_9],0.0
cons[火电机组出力之和约束_22_4],-6026.0199999999995
cons[火电机组分段中标量约束_22_5_0],-92.09199999999964
cons[火电机组分段中标量约束_22_5_1],-46.04600000000028
cons[火电机组分段中标量约束_22_5_2],0.0
cons[火电机组分段中标量约束_22_5_3],0.0
cons[火电机组分段中标量约束_22_5_4],0.0
cons[火电机组分段中标量约束_22_5_5],0.0
cons[火电机组分段中标量约束_22_5_6],0.0
cons[火电机组分段中标量约束_22_5_7],0.0
cons[火电机组分段中标量约束_22_5_8],0.0
cons[火电机组分段中标量约束_22_5_9],0.0
cons[火电机组出力之和约束_22_5],-5933.928
cons[火电机组分段中标量约束_22_6_0],0.0
cons[火电机组分段中标量约束_22_6_1],0.0
cons[火电机组分段中标量约束_22_6_2],0.0
cons[火电机组分段中标量约束_22_6_3],0.0
cons[火电机组分段中标量约束_22_6_4],0.0
cons[火电机组分段中标量约束_22_6_5],0.0
cons[火电机组分段中标量约束_22_6_6],0.0
cons[火电机组分段中标量约束_22_6_7],0.0
cons[火电机组分段中标量约束_22_6_8],0.0
cons[火电机组分段中标量约束_22_6_9],0.0
cons[火电机组出力之和约束_22_6],-5841.836
cons[火电机组分段中标量约束_22_7_0],0.0
cons[火电机组分段中标量约束_22_7_1],0.0
cons[火电机组分段中标量约束_22_7_2],0.0
cons[火电机组分段中标量约束_22_7_3],0.0
cons[火电机组分段中标量约束_22_7_4],0.0
cons[火电机组分段中标量约束_22_7_5],0.0
cons[火电机组分段中标量约束_22_7_6],0.0
cons[火电机组分段中标量约束_22_7_7],0.0
cons[火电机组分段中标量约束_22_7_8],0.0
cons[火电机组分段中标量约束_22_7_9],0.0
cons[火电机组出力之和约束_22_7],-5841.836
cons[火电机组分段中标量约束_22_8_0],0.0
cons[火电机组分段中标量约束_22_8_1],0.0
cons[火电机组分段中标量约束_22_8_2],0.0
cons[火电机组分段中标量约束_22_8_3],0.0
cons[火电机组分段中标量约束_22_8_4],0.0
cons[火电机组分段中标量约束_22_8_5],0.0
cons[火电机组分段中标量约束_22_8_6],0.0
cons[火电机组分段中标量约束_22_8_7],0.0
cons[火电机组分段中标量约束_22_8_8],0.0
cons[火电机组分段中标量约束_22_8_9],0.0
cons[火电机组出力之和约束_22_8],-5841.836
cons[火电机组分段中标量约束_22_9_0],0.0
cons[火电机组分段中标量约束_22_9_1],0.0
cons[火电机组分段中标量约束_22_9_2],0.0
cons[火电机组分段中标量约束_22_9_3],0.0
cons[火电机组分段中标量约束_22_9_4],0.0
cons[火电机组分段中标量约束_22_9_5],0.0
cons[火电机组分段中标量约束_22_9_6],0.0
cons[火电机组分段中标量约束_22_9_7],0.0
cons[火电机组分段中标量约束_22_9_8],0.0
cons[火电机组分段中标量约束_22_9_9],0.0
cons[火电机组出力之和约束_22_9],-5841.836
cons[火电机组分段中标量约束_22_10_0],0.0
cons[火电机组分段中标量约束_22_10_1],0.0
cons[火电机组分段中标量约束_22_10_2],0.0
cons[火电机组分段中标量约束_22_10_3],0.0
cons[火电机组分段中标量约束_22_10_4],0.0
cons[火电机组分段中标量约束_22_10_5],0.0
cons[火电机组分段中标量约束_22_10_6],0.0
cons[火电机组分段中标量约束_22_10_7],0.0
cons[火电机组分段中标量约束_22_10_8],0.0
cons[火电机组分段中标量约束_22_10_9],0.0
cons[火电机组出力之和约束_22_10],-5841.836
cons[火电机组分段中标量约束_22_11_0],0.0
cons[火电机组分段中标量约束_22_11_1],0.0
cons[火电机组分段中标量约束_22_11_2],0.0
cons[火电机组分段中标量约束_22_11_3],0.0
cons[火电机组分段中标量约束_22_11_4],0.0
cons[火电机组分段中标量约束_22_11_5],0.0
cons[火电机组分段中标量约束_22_11_6],0.0
cons[火电机组分段中标量约束_22_11_7],0.0
cons[火电机组分段中标量约束_22_11_8],0.0
cons[火电机组分段中标量约束_22_11_9],0.0
cons[火电机组出力之和约束_22_11],-5841.836
cons[火电机组分段中标量约束_22_12_0],0.0
cons[火电机组分段中标量约束_22_12_1],0.0
cons[火电机组分段中标量约束_22_12_2],0.0
cons[火电机组分段中标量约束_22_12_3],0.0
cons[火电机组分段中标量约束_22_12_4],0.0
cons[火电机组分段中标量约束_22_12_5],0.0
cons[火电机组分段中标量约束_22_12_6],0.0
cons[火电机组分段中标量约束_22_12_7],0.0
cons[火电机组分段中标量约束_22_12_8],0.0
cons[火电机组分段中标量约束_22_12_9],0.0
cons[火电机组出力之和约束_22_12],-5841.836
cons[火电机组分段中标量约束_22_13_0],0.0
cons[火电机组分段中标量约束_22_13_1],0.0
cons[火电机组分段中标量约束_22_13_2],0.0
cons[火电机组分段中标量约束_22_13_3],0.0
cons[火电机组分段中标量约束_22_13_4],0.0
cons[火电机组分段中标量约束_22_13_5],0.0
cons[火电机组分段中标量约束_22_13_6],0.0
cons[火电机组分段中标量约束_22_13_7],0.0
cons[火电机组分段中标量约束_22_13_8],0.0
cons[火电机组分段中标量约束_22_13_9],0.0
cons[火电机组出力之和约束_22_13],-5841.836
cons[火电机组分段中标量约束_22_14_0],0.0
cons[火电机组分段中标量约束_22_14_1],0.0
cons[火电机组分段中标量约束_22_14_2],0.0
cons[火电机组分段中标量约束_22_14_3],0.0
cons[火电机组分段中标量约束_22_14_4],0.0
cons[火电机组分段中标量约束_22_14_5],0.0
cons[火电机组分段中标量约束_22_14_6],0.0
cons[火电机组分段中标量约束_22_14_7],0.0
cons[火电机组分段中标量约束_22_14_8],0.0
cons[火电机组分段中标量约束_22_14_9],0.0
cons[火电机组出力之和约束_22_14],-5841.836
cons[火电机组分段中标量约束_22_15_0],0.0
cons[火电机组分段中标量约束_22_15_1],0.0
cons[火电机组分段中标量约束_22_15_2],0.0
cons[火电机组分段中标量约束_22_15_3],0.0
cons[火电机组分段中标量约束_22_15_4],0.0
cons[火电机组分段中标量约束_22_15_5],0.0
cons[火电机组分段中标量约束_22_15_6],0.0
cons[火电机组分段中标量约束_22_15_7],0.0
cons[火电机组分段中标量约束_22_15_8],0.0
cons[火电机组分段中标量约束_22_15_9],0.0
cons[火电机组出力之和约束_22_15],-5841.836
cons[火电机组分段中标量约束_22_16_0],0.0
cons[火电机组分段中标量约束_22_16_1],0.0
cons[火电机组分段中标量约束_22_16_2],0.0
cons[火电机组分段中标量约束_22_16_3],0.0
cons[火电机组分段中标量约束_22_16_4],0.0
cons[火电机组分段中标量约束_22_16_5],0.0
cons[火电机组分段中标量约束_22_16_6],0.0
cons[火电机组分段中标量约束_22_16_7],0.0
cons[火电机组分段中标量约束_22_16_8],0.0
cons[火电机组分段中标量约束_22_16_9],0.0
cons[火电机组出力之和约束_22_16],-5841.836
cons[火电机组分段中标量约束_22_17_0],0.0
cons[火电机组分段中标量约束_22_17_1],0.0
cons[火电机组分段中标量约束_22_17_2],0.0
cons[火电机组分段中标量约束_22_17_3],0.0
cons[火电机组分段中标量约束_22_17_4],0.0
cons[火电机组分段中标量约束_22_17_5],0.0
cons[火电机组分段中标量约束_22_17_6],0.0
cons[火电机组分段中标量约束_22_17_7],0.0
cons[火电机组分段中标量约束_22_17_8],0.0
cons[火电机组分段中标量约束_22_17_9],0.0
cons[火电机组出力之和约束_22_17],-5841.836
cons[火电机组分段中标量约束_22_18_0],0.0
cons[火电机组分段中标量约束_22_18_1],0.0
cons[火电机组分段中标量约束_22_18_2],0.0
cons[火电机组分段中标量约束_22_18_3],0.0
cons[火电机组分段中标量约束_22_18_4],0.0
cons[火电机组分段中标量约束_22_18_5],0.0
cons[火电机组分段中标量约束_22_18_6],0.0
cons[火电机组分段中标量约束_22_18_7],0.0
cons[火电机组分段中标量约束_22_18_8],0.0
cons[火电机组分段中标量约束_22_18_9],0.0
cons[火电机组出力之和约束_22_18],-5841.836
cons[火电机组分段中标量约束_22_19_0],0.0
cons[火电机组分段中标量约束_22_19_1],0.0
cons[火电机组分段中标量约束_22_19_2],0.0
cons[火电机组分段中标量约束_22_19_3],0.0
cons[火电机组分段中标量约束_22_19_4],0.0
cons[火电机组分段中标量约束_22_19_5],0.0
cons[火电机组分段中标量约束_22_19_6],0.0
cons[火电机组分段中标量约束_22_19_7],0.0
cons[火电机组分段中标量约束_22_19_8],0.0
cons[火电机组分段中标量约束_22_19_9],0.0
cons[火电机组出力之和约束_22_19],-5841.836
cons[火电机组分段中标量约束_22_20_0],0.0
cons[火电机组分段中标量约束_22_20_1],0.0
cons[火电机组分段中标量约束_22_20_2],0.0
cons[火电机组分段中标量约束_22_20_3],0.0
cons[火电机组分段中标量约束_22_20_4],0.0
cons[火电机组分段中标量约束_22_20_5],0.0
cons[火电机组分段中标量约束_22_20_6],0.0
cons[火电机组分段中标量约束_22_20_7],0.0
cons[火电机组分段中标量约束_22_20_8],0.0
cons[火电机组分段中标量约束_22_20_9],0.0
cons[火电机组出力之和约束_22_20],-5841.836
cons[火电机组分段中标量约束_22_21_0],0.0
cons[火电机组分段中标量约束_22_21_1],0.0
cons[火电机组分段中标量约束_22_21_2],0.0
cons[火电机组分段中标量约束_22_21_3],0.0
cons[火电机组分段中标量约束_22_21_4],0.0
cons[火电机组分段中标量约束_22_21_5],0.0
cons[火电机组分段中标量约束_22_21_6],0.0
cons[火电机组分段中标量约束_22_21_7],0.0
cons[火电机组分段中标量约束_22_21_8],0.0
cons[火电机组分段中标量约束_22_21_9],0.0
cons[火电机组出力之和约束_22_21],-5841.836
cons[火电机组分段中标量约束_22_22_0],-92.09199999999964
cons[火电机组分段中标量约束_22_22_1],-46.04600000000028
cons[火电机组分段中标量约束_22_22_2],0.0
cons[火电机组分段中标量约束_22_22_3],0.0
cons[火电机组分段中标量约束_22_22_4],0.0
cons[火电机组分段中标量约束_22_22_5],0.0
cons[火电机组分段中标量约束_22_22_6],0.0
cons[火电机组分段中标量约束_22_22_7],0.0
cons[火电机组分段中标量约束_22_22_8],0.0
cons[火电机组分段中标量约束_22_22_9],0.0
cons[火电机组出力之和约束_22_22],-5933.928
cons[火电机组分段中标量约束_22_23_0],0.0
cons[火电机组分段中标量约束_22_23_1],0.0
cons[火电机组分段中标量约束_22_23_2],0.0
cons[火电机组分段中标量约束_22_23_3],0.0
cons[火电机组分段中标量约束_22_23_4],0.0
cons[火电机组分段中标量约束_22_23_5],0.0
cons[火电机组分段中标量约束_22_23_6],0.0
cons[火电机组分段中标量约束_22_23_7],0.0
cons[火电机组分段中标量约束_22_23_8],0.0
cons[火电机组分段中标量约束_22_23_9],0.0
cons[火电机组出力之和约束_22_23],-5841.836
cons[火电机组分段中标量约束_22_24_0],0.0
cons[火电机组分段中标量约束_22_24_1],0.0
cons[火电机组分段中标量约束_22_24_2],0.0
cons[火电机组分段中标量约束_22_24_3],0.0
cons[火电机组分段中标量约束_22_24_4],0.0
cons[火电机组分段中标量约束_22_24_5],0.0
cons[火电机组分段中标量约束_22_24_6],0.0
cons[火电机组分段中标量约束_22_24_7],0.0
cons[火电机组分段中标量约束_22_24_8],0.0
cons[火电机组分段中标量约束_22_24_9],0.0
cons[火电机组出力之和约束_22_24],-5841.836
cons[火电机组分段中标量约束_22_25_0],0.0
cons[火电机组分段中标量约束_22_25_1],0.0
cons[火电机组分段中标量约束_22_25_2],0.0
cons[火电机组分段中标量约束_22_25_3],0.0
cons[火电机组分段中标量约束_22_25_4],0.0
cons[火电机组分段中标量约束_22_25_5],0.0
cons[火电机组分段中标量约束_22_25_6],0.0
cons[火电机组分段中标量约束_22_25_7],0.0
cons[火电机组分段中标量约束_22_25_8],0.0
cons[火电机组分段中标量约束_22_25_9],0.0
cons[火电机组出力之和约束_22_25],-5841.836
cons[火电机组分段中标量约束_22_26_0],-46.04599999999937
cons[火电机组分段中标量约束_22_26_1],0.0
cons[火电机组分段中标量约束_22_26_2],0.0
cons[火电机组分段中标量约束_22_26_3],0.0
cons[火电机组分段中标量约束_22_26_4],0.0
cons[火电机组分段中标量约束_22_26_5],0.0
cons[火电机组分段中标量约束_22_26_6],0.0
cons[火电机组分段中标量约束_22_26_7],0.0
cons[火电机组分段中标量约束_22_26_8],0.0
cons[火电机组分段中标量约束_22_26_9],0.0
cons[火电机组出力之和约束_22_26],-5887.882
cons[火电机组分段中标量约束_22_27_0],-138.13800000000265
cons[火电机组分段中标量约束_22_27_1],-92.09200000000328
cons[火电机组分段中标量约束_22_27_2],-46.046000000003005
cons[火电机组分段中标量约束_22_27_3],0.0
cons[火电机组分段中标量约束_22_27_4],0.0
cons[火电机组分段中标量约束_22_27_5],0.0
cons[火电机组分段中标量约束_22_27_6],0.0
cons[火电机组分段中标量约束_22_27_7],0.0
cons[火电机组分段中标量约束_22_27_8],0.0
cons[火电机组分段中标量约束_22_27_9],0.0
cons[火电机组出力之和约束_22_27],-5979.974000000003
cons[火电机组分段中标量约束_22_28_0],-183.09199999999964
cons[火电机组分段中标量约束_22_28_1],-137.04600000000028
cons[火电机组分段中标量约束_22_28_2],-91.0
cons[火电机组分段中标量约束_22_28_3],-44.953999999996995
cons[火电机组分段中标量约束_22_28_4],0.0
cons[火电机组分段中标量约束_22_28_5],0.0
cons[火电机组分段中标量约束_22_28_6],0.0
cons[火电机组分段中标量约束_22_28_7],0.0
cons[火电机组分段中标量约束_22_28_8],0.0
cons[火电机组分段中标量约束_22_28_9],0.0
cons[火电机组出力之和约束_22_28],-6024.928
cons[火电机组分段中标量约束_22_29_0],-210.9380000000001
cons[火电机组分段中标量约束_22_29_1],-164.89200000000073
cons[火电机组分段中标量约束_22_29_2],-118.84600000000046
cons[火电机组分段中标量约束_22_29_3],-72.79999999999745
cons[火电机组分段中标量约束_22_29_4],-26.754000000000815
cons[火电机组分段中标量约束_22_29_5],0.0
cons[火电机组分段中标量约束_22_29_6],0.0
cons[火电机组分段中标量约束_22_29_7],0.0
cons[火电机组分段中标量约束_22_29_8],0.0
cons[火电机组分段中标量约束_22_29_9],0.0
cons[火电机组出力之和约束_22_29],-6052.774
cons[火电机组分段中标量约束_22_30_0],-238.78399999999965
cons[火电机组分段中标量约束_22_30_1],-192.73800000000028
cons[火电机组分段中标量约束_22_30_2],-146.692
cons[火电机组分段中标量约束_22_30_3],-100.645999999997
cons[火电机组分段中标量约束_22_30_4],-54.600000000000364
cons[火电机组分段中标量约束_22_30_5],-8.554000000000087
cons[火电机组分段中标量约束_22_30_6],0.0
cons[火电机组分段中标量约束_22_30_7],0.0
cons[火电机组分段中标量约束_22_30_8],0.0
cons[火电机组分段中标量约束_22_30_9],0.0
cons[火电机组出力之和约束_22_30],-6080.62
cons[火电机组分段中标量约束_22_31_0],-266.1749999999993
cons[火电机组分段中标量约束_22_31_1],-220.1289999999999
cons[火电机组分段中标量约束_22_31_2],-174.08299999999963
cons[火电机组分段中标量约束_22_31_3],-128.03699999999662
cons[火电机组分段中标量约束_22_31_4],-81.99099999999999
cons[火电机组分段中标量约束_22_31_5],-35.94499999999971
cons[火电机组分段中标量约束_22_31_6],0.0
cons[火电机组分段中标量约束_22_31_7],0.0
cons[火电机组分段中标量约束_22_31_8],0.0
cons[火电机组分段中标量约束_22_31_9],0.0
cons[火电机组出力之和约束_22_31],-6108.0109999999995
cons[火电机组分段中标量约束_22_32_0],-266.6300000000001
cons[火电机组分段中标量约束_22_32_1],-220.58400000000074
cons[火电机组分段中标量约束_22_32_2],-174.53800000000047
cons[火电机组分段中标量约束_22_32_3],-128.49199999999746
cons[火电机组分段中标量约束_22_32_4],-82.44600000000082
cons[火电机组分段中标量约束_22_32_5],-36.400000000000546
cons[火电机组分段中标量约束_22_32_6],0.0
cons[火电机组分段中标量约束_22_32_7],0.0
cons[火电机组分段中标量约束_22_32_8],0.0
cons[火电机组分段中标量约束_22_32_9],0.0
cons[火电机组出力之和约束_22_32],-6108.466
cons[火电机组分段中标量约束_22_33_0],-276.27599999999984
cons[火电机组分段中标量约束_22_33_1],-230.23000000000047
cons[火电机组分段中标量约束_22_33_2],-184.1840000000002
cons[火电机组分段中标量约束_22_33_3],-138.1379999999972
cons[火电机组分段中标量约束_22_33_4],-92.09200000000055
cons[火电机组分段中标量约束_22_33_5],-46.04600000000028
cons[火电机组分段中标量约束_22_33_6],0.0
cons[火电机组分段中标量约束_22_33_7],0.0
cons[火电机组分段中标量约束_22_33_8],0.0
cons[火电机组分段中标量约束_22_33_9],0.0
cons[火电机组出力之和约束_22_33],-6118.112
cons[火电机组分段中标量约束_22_34_0],-276.27599999999984
cons[火电机组分段中标量约束_22_34_1],-230.23000000000047
cons[火电机组分段中标量约束_22_34_2],-184.1840000000002
cons[火电机组分段中标量约束_22_34_3],-138.1379999999972
cons[火电机组分段中标量约束_22_34_4],-92.09200000000055
cons[火电机组分段中标量约束_22_34_5],-46.04600000000028
cons[火电机组分段中标量约束_22_34_6],0.0
cons[火电机组分段中标量约束_22_34_7],0.0
cons[火电机组分段中标量约束_22_34_8],0.0
cons[火电机组分段中标量约束_22_34_9],0.0
cons[火电机组出力之和约束_22_34],-6118.112
cons[火电机组分段中标量约束_22_35_0],-276.27599999999984
cons[火电机组分段中标量约束_22_35_1],-230.23000000000047
cons[火电机组分段中标量约束_22_35_2],-184.1840000000002
cons[火电机组分段中标量约束_22_35_3],-138.1379999999972
cons[火电机组分段中标量约束_22_35_4],-92.09200000000055
cons[火电机组分段中标量约束_22_35_5],-46.04600000000028
cons[火电机组分段中标量约束_22_35_6],0.0
cons[火电机组分段中标量约束_22_35_7],0.0
cons[火电机组分段中标量约束_22_35_8],0.0
cons[火电机组分段中标量约束_22_35_9],0.0
cons[火电机组出力之和约束_22_35],-6118.112
cons[火电机组分段中标量约束_22_36_0],-276.27599999999984
cons[火电机组分段中标量约束_22_36_1],-230.23000000000047
cons[火电机组分段中标量约束_22_36_2],-184.1840000000002
cons[火电机组分段中标量约束_22_36_3],-138.1379999999972
cons[火电机组分段中标量约束_22_36_4],-92.09200000000055
cons[火电机组分段中标量约束_22_36_5],-46.04600000000028
cons[火电机组分段中标量约束_22_36_6],0.0
cons[火电机组分段中标量约束_22_36_7],0.0
cons[火电机组分段中标量约束_22_36_8],0.0
cons[火电机组分段中标量约束_22_36_9],0.0
cons[火电机组出力之和约束_22_36],-6118.112
cons[火电机组分段中标量约束_22_37_0],-266.6300000000001
cons[火电机组分段中标量约束_22_37_1],-220.58400000000074
cons[火电机组分段中标量约束_22_37_2],-174.53800000000047
cons[火电机组分段中标量约束_22_37_3],-128.49199999999746
cons[火电机组分段中标量约束_22_37_4],-82.44600000000082
cons[火电机组分段中标量约束_22_37_5],-36.400000000000546
cons[火电机组分段中标量约束_22_37_6],0.0
cons[火电机组分段中标量约束_22_37_7],0.0
cons[火电机组分段中标量约束_22_37_8],0.0
cons[火电机组分段中标量约束_22_37_9],0.0
cons[火电机组出力之和约束_22_37],-6108.466
cons[火电机组分段中标量约束_22_38_0],-266.6300000000001
cons[火电机组分段中标量约束_22_38_1],-220.58400000000074
cons[火电机组分段中标量约束_22_38_2],-174.53800000000047
cons[火电机组分段中标量约束_22_38_3],-128.49199999999746
cons[火电机组分段中标量约束_22_38_4],-82.44600000000082
cons[火电机组分段中标量约束_22_38_5],-36.400000000000546
cons[火电机组分段中标量约束_22_38_6],0.0
cons[火电机组分段中标量约束_22_38_7],0.0
cons[火电机组分段中标量约束_22_38_8],0.0
cons[火电机组分段中标量约束_22_38_9],0.0
cons[火电机组出力之和约束_22_38],-6108.466
cons[火电机组分段中标量约束_22_39_0],-266.6300000000001
cons[火电机组分段中标量约束_22_39_1],-220.58400000000074
cons[火电机组分段中标量约束_22_39_2],-174.53800000000047
cons[火电机组分段中标量约束_22_39_3],-128.49199999999746
cons[火电机组分段中标量约束_22_39_4],-82.44600000000082
cons[火电机组分段中标量约束_22_39_5],-36.400000000000546
cons[火电机组分段中标量约束_22_39_6],0.0
cons[火电机组分段中标量约束_22_39_7],0.0
cons[火电机组分段中标量约束_22_39_8],0.0
cons[火电机组分段中标量约束_22_39_9],0.0
cons[火电机组出力之和约束_22_39],-6108.466
cons[火电机组分段中标量约束_22_40_0],-266.6300000000001
cons[火电机组分段中标量约束_22_40_1],-220.58400000000074
cons[火电机组分段中标量约束_22_40_2],-174.53800000000047
cons[火电机组分段中标量约束_22_40_3],-128.49199999999746
cons[火电机组分段中标量约束_22_40_4],-82.44600000000082
cons[火电机组分段中标量约束_22_40_5],-36.400000000000546
cons[火电机组分段中标量约束_22_40_6],0.0
cons[火电机组分段中标量约束_22_40_7],0.0
cons[火电机组分段中标量约束_22_40_8],0.0
cons[火电机组分段中标量约束_22_40_9],0.0
cons[火电机组出力之和约束_22_40],-6108.466
cons[火电机组分段中标量约束_22_41_0],-266.6300000000001
cons[火电机组分段中标量约束_22_41_1],-220.58400000000074
cons[火电机组分段中标量约束_22_41_2],-174.53800000000047
cons[火电机组分段中标量约束_22_41_3],-128.49199999999746
cons[火电机组分段中标量约束_22_41_4],-82.44600000000082
cons[火电机组分段中标量约束_22_41_5],-36.400000000000546
cons[火电机组分段中标量约束_22_41_6],0.0
cons[火电机组分段中标量约束_22_41_7],0.0
cons[火电机组分段中标量约束_22_41_8],0.0
cons[火电机组分段中标量约束_22_41_9],0.0
cons[火电机组出力之和约束_22_41],-6108.466
cons[火电机组分段中标量约束_22_42_0],-266.6300000000001
cons[火电机组分段中标量约束_22_42_1],-220.58400000000074
cons[火电机组分段中标量约束_22_42_2],-174.53800000000047
cons[火电机组分段中标量约束_22_42_3],-128.49199999999746
cons[火电机组分段中标量约束_22_42_4],-82.44600000000082
cons[火电机组分段中标量约束_22_42_5],-36.400000000000546
cons[火电机组分段中标量约束_22_42_6],0.0
cons[火电机组分段中标量约束_22_42_7],0.0
cons[火电机组分段中标量约束_22_42_8],0.0
cons[火电机组分段中标量约束_22_42_9],0.0
cons[火电机组出力之和约束_22_42],-6108.466
cons[火电机组分段中标量约束_22_43_0],-266.6300000000001
cons[火电机组分段中标量约束_22_43_1],-220.58400000000074
cons[火电机组分段中标量约束_22_43_2],-174.53800000000047
cons[火电机组分段中标量约束_22_43_3],-128.49199999999746
cons[火电机组分段中标量约束_22_43_4],-82.44600000000082
cons[火电机组分段中标量约束_22_43_5],-36.400000000000546
cons[火电机组分段中标量约束_22_43_6],0.0
cons[火电机组分段中标量约束_22_43_7],0.0
cons[火电机组分段中标量约束_22_43_8],0.0
cons[火电机组分段中标量约束_22_43_9],0.0
cons[火电机组出力之和约束_22_43],-6108.466
cons[火电机组分段中标量约束_22_44_0],-266.6300000000001
cons[火电机组分段中标量约束_22_44_1],-220.58400000000074
cons[火电机组分段中标量约束_22_44_2],-174.53800000000047
cons[火电机组分段中标量约束_22_44_3],-128.49199999999746
cons[火电机组分段中标量约束_22_44_4],-82.44600000000082
cons[火电机组分段中标量约束_22_44_5],-36.400000000000546
cons[火电机组分段中标量约束_22_44_6],0.0
cons[火电机组分段中标量约束_22_44_7],0.0
cons[火电机组分段中标量约束_22_44_8],0.0
cons[火电机组分段中标量约束_22_44_9],0.0
cons[火电机组出力之和约束_22_44],-6108.466
cons[火电机组分段中标量约束_22_45_0],-266.1749999999993
cons[火电机组分段中标量约束_22_45_1],-220.1289999999999
cons[火电机组分段中标量约束_22_45_2],-174.08299999999963
cons[火电机组分段中标量约束_22_45_3],-128.03699999999662
cons[火电机组分段中标量约束_22_45_4],-81.99099999999999
cons[火电机组分段中标量约束_22_45_5],-35.94499999999971
cons[火电机组分段中标量约束_22_45_6],0.0
cons[火电机组分段中标量约束_22_45_7],0.0
cons[火电机组分段中标量约束_22_45_8],0.0
cons[火电机组分段中标量约束_22_45_9],0.0
cons[火电机组出力之和约束_22_45],-6108.0109999999995
cons[火电机组分段中标量约束_22_46_0],-266.1749999999993
cons[火电机组分段中标量约束_22_46_1],-220.1289999999999
cons[火电机组分段中标量约束_22_46_2],-174.08299999999963
cons[火电机组分段中标量约束_22_46_3],-128.03699999999662
cons[火电机组分段中标量约束_22_46_4],-81.99099999999999
cons[火电机组分段中标量约束_22_46_5],-35.94499999999971
cons[火电机组分段中标量约束_22_46_6],0.0
cons[火电机组分段中标量约束_22_46_7],0.0
cons[火电机组分段中标量约束_22_46_8],0.0
cons[火电机组分段中标量约束_22_46_9],0.0
cons[火电机组出力之和约束_22_46],-6108.0109999999995
cons[火电机组分段中标量约束_22_47_0],-266.1749999999993
cons[火电机组分段中标量约束_22_47_1],-220.1289999999999
cons[火电机组分段中标量约束_22_47_2],-174.08299999999963
cons[火电机组分段中标量约束_22_47_3],-128.03699999999662
cons[火电机组分段中标量约束_22_47_4],-81.99099999999999
cons[火电机组分段中标量约束_22_47_5],-35.94499999999971
cons[火电机组分段中标量约束_22_47_6],0.0
cons[火电机组分段中标量约束_22_47_7],0.0
cons[火电机组分段中标量约束_22_47_8],0.0
cons[火电机组分段中标量约束_22_47_9],0.0
cons[火电机组出力之和约束_22_47],-6108.0109999999995
cons[火电机组分段中标量约束_22_48_0],-266.1749999999993
cons[火电机组分段中标量约束_22_48_1],-220.1289999999999
cons[火电机组分段中标量约束_22_48_2],-174.08299999999963
cons[火电机组分段中标量约束_22_48_3],-128.03699999999662
cons[火电机组分段中标量约束_22_48_4],-81.99099999999999
cons[火电机组分段中标量约束_22_48_5],-35.94499999999971
cons[火电机组分段中标量约束_22_48_6],0.0
cons[火电机组分段中标量约束_22_48_7],0.0
cons[火电机组分段中标量约束_22_48_8],0.0
cons[火电机组分段中标量约束_22_48_9],0.0
cons[火电机组出力之和约束_22_48],-6108.0109999999995
cons[火电机组分段中标量约束_22_49_0],-266.1749999999993
cons[火电机组分段中标量约束_22_49_1],-220.1289999999999
cons[火电机组分段中标量约束_22_49_2],-174.08299999999963
cons[火电机组分段中标量约束_22_49_3],-128.03699999999662
cons[火电机组分段中标量约束_22_49_4],-81.99099999999999
cons[火电机组分段中标量约束_22_49_5],-35.94499999999971
cons[火电机组分段中标量约束_22_49_6],0.0
cons[火电机组分段中标量约束_22_49_7],0.0
cons[火电机组分段中标量约束_22_49_8],0.0
cons[火电机组分段中标量约束_22_49_9],0.0
cons[火电机组出力之和约束_22_49],-6108.0109999999995
cons[火电机组分段中标量约束_22_50_0],-266.1749999999993
cons[火电机组分段中标量约束_22_50_1],-220.1289999999999
cons[火电机组分段中标量约束_22_50_2],-174.08299999999963
cons[火电机组分段中标量约束_22_50_3],-128.03699999999662
cons[火电机组分段中标量约束_22_50_4],-81.99099999999999
cons[火电机组分段中标量约束_22_50_5],-35.94499999999971
cons[火电机组分段中标量约束_22_50_6],0.0
cons[火电机组分段中标量约束_22_50_7],0.0
cons[火电机组分段中标量约束_22_50_8],0.0
cons[火电机组分段中标量约束_22_50_9],0.0
cons[火电机组出力之和约束_22_50],-6108.0109999999995
cons[火电机组分段中标量约束_22_51_0],-266.1749999999993
cons[火电机组分段中标量约束_22_51_1],-220.1289999999999
cons[火电机组分段中标量约束_22_51_2],-174.08299999999963
cons[火电机组分段中标量约束_22_51_3],-128.03699999999662
cons[火电机组分段中标量约束_22_51_4],-81.99099999999999
cons[火电机组分段中标量约束_22_51_5],-35.94499999999971
cons[火电机组分段中标量约束_22_51_6],0.0
cons[火电机组分段中标量约束_22_51_7],0.0
cons[火电机组分段中标量约束_22_51_8],0.0
cons[火电机组分段中标量约束_22_51_9],0.0
cons[火电机组出力之和约束_22_51],-6108.0109999999995
cons[火电机组分段中标量约束_22_52_0],-266.1749999999993
cons[火电机组分段中标量约束_22_52_1],-220.1289999999999
cons[火电机组分段中标量约束_22_52_2],-174.08299999999963
cons[火电机组分段中标量约束_22_52_3],-128.03699999999662
cons[火电机组分段中标量约束_22_52_4],-81.99099999999999
cons[火电机组分段中标量约束_22_52_5],-35.94499999999971
cons[火电机组分段中标量约束_22_52_6],0.0
cons[火电机组分段中标量约束_22_52_7],0.0
cons[火电机组分段中标量约束_22_52_8],0.0
cons[火电机组分段中标量约束_22_52_9],0.0
cons[火电机组出力之和约束_22_52],-6108.0109999999995
cons[火电机组分段中标量约束_22_53_0],-238.78399999999965
cons[火电机组分段中标量约束_22_53_1],-192.73800000000028
cons[火电机组分段中标量约束_22_53_2],-146.692
cons[火电机组分段中标量约束_22_53_3],-100.645999999997
cons[火电机组分段中标量约束_22_53_4],-54.600000000000364
cons[火电机组分段中标量约束_22_53_5],-8.554000000000087
cons[火电机组分段中标量约束_22_53_6],0.0
cons[火电机组分段中标量约束_22_53_7],0.0
cons[火电机组分段中标量约束_22_53_8],0.0
cons[火电机组分段中标量约束_22_53_9],0.0
cons[火电机组出力之和约束_22_53],-6080.62
cons[火电机组分段中标量约束_22_54_0],-238.78399999999965
cons[火电机组分段中标量约束_22_54_1],-192.73800000000028
cons[火电机组分段中标量约束_22_54_2],-146.692
cons[火电机组分段中标量约束_22_54_3],-100.645999999997
cons[火电机组分段中标量约束_22_54_4],-54.600000000000364
cons[火电机组分段中标量约束_22_54_5],-8.554000000000087
cons[火电机组分段中标量约束_22_54_6],0.0
cons[火电机组分段中标量约束_22_54_7],0.0
cons[火电机组分段中标量约束_22_54_8],0.0
cons[火电机组分段中标量约束_22_54_9],0.0
cons[火电机组出力之和约束_22_54],-6080.62
cons[火电机组分段中标量约束_22_55_0],-238.78399999999965
cons[火电机组分段中标量约束_22_55_1],-192.73800000000028
cons[火电机组分段中标量约束_22_55_2],-146.692
cons[火电机组分段中标量约束_22_55_3],-100.645999999997
cons[火电机组分段中标量约束_22_55_4],-54.600000000000364
cons[火电机组分段中标量约束_22_55_5],-8.554000000000087
cons[火电机组分段中标量约束_22_55_6],0.0
cons[火电机组分段中标量约束_22_55_7],0.0
cons[火电机组分段中标量约束_22_55_8],0.0
cons[火电机组分段中标量约束_22_55_9],0.0
cons[火电机组出力之和约束_22_55],-6080.62
cons[火电机组分段中标量约束_22_56_0],-238.78399999999965
cons[火电机组分段中标量约束_22_56_1],-192.73800000000028
cons[火电机组分段中标量约束_22_56_2],-146.692
cons[火电机组分段中标量约束_22_56_3],-100.645999999997
cons[火电机组分段中标量约束_22_56_4],-54.600000000000364
cons[火电机组分段中标量约束_22_56_5],-8.554000000000087
cons[火电机组分段中标量约束_22_56_6],0.0
cons[火电机组分段中标量约束_22_56_7],0.0
cons[火电机组分段中标量约束_22_56_8],0.0
cons[火电机组分段中标量约束_22_56_9],0.0
cons[火电机组出力之和约束_22_56],-6080.62
cons[火电机组分段中标量约束_22_57_0],-238.78399999999965
cons[火电机组分段中标量约束_22_57_1],-192.73800000000028
cons[火电机组分段中标量约束_22_57_2],-146.692
cons[火电机组分段中标量约束_22_57_3],-100.645999999997
cons[火电机组分段中标量约束_22_57_4],-54.600000000000364
cons[火电机组分段中标量约束_22_57_5],-8.554000000000087
cons[火电机组分段中标量约束_22_57_6],0.0
cons[火电机组分段中标量约束_22_57_7],0.0
cons[火电机组分段中标量约束_22_57_8],0.0
cons[火电机组分段中标量约束_22_57_9],0.0
cons[火电机组出力之和约束_22_57],-6080.62
cons[火电机组分段中标量约束_22_58_0],-238.78399999999965
cons[火电机组分段中标量约束_22_58_1],-192.73800000000028
cons[火电机组分段中标量约束_22_58_2],-146.692
cons[火电机组分段中标量约束_22_58_3],-100.645999999997
cons[火电机组分段中标量约束_22_58_4],-54.600000000000364
cons[火电机组分段中标量约束_22_58_5],-8.554000000000087
cons[火电机组分段中标量约束_22_58_6],0.0
cons[火电机组分段中标量约束_22_58_7],0.0
cons[火电机组分段中标量约束_22_58_8],0.0
cons[火电机组分段中标量约束_22_58_9],0.0
cons[火电机组出力之和约束_22_58],-6080.62
cons[火电机组分段中标量约束_22_59_0],-266.1749999999993
cons[火电机组分段中标量约束_22_59_1],-220.1289999999999
cons[火电机组分段中标量约束_22_59_2],-174.08299999999963
cons[火电机组分段中标量约束_22_59_3],-128.03699999999662
cons[火电机组分段中标量约束_22_59_4],-81.99099999999999
cons[火电机组分段中标量约束_22_59_5],-35.94499999999971
cons[火电机组分段中标量约束_22_59_6],0.0
cons[火电机组分段中标量约束_22_59_7],0.0
cons[火电机组分段中标量约束_22_59_8],0.0
cons[火电机组分段中标量约束_22_59_9],0.0
cons[火电机组出力之和约束_22_59],-6108.0109999999995
cons[火电机组分段中标量约束_22_60_0],-266.6300000000001
cons[火电机组分段中标量约束_22_60_1],-220.58400000000074
cons[火电机组分段中标量约束_22_60_2],-174.53800000000047
cons[火电机组分段中标量约束_22_60_3],-128.49199999999746
cons[火电机组分段中标量约束_22_60_4],-82.44600000000082
cons[火电机组分段中标量约束_22_60_5],-36.400000000000546
cons[火电机组分段中标量约束_22_60_6],0.0
cons[火电机组分段中标量约束_22_60_7],0.0
cons[火电机组分段中标量约束_22_60_8],0.0
cons[火电机组分段中标量约束_22_60_9],0.0
cons[火电机组出力之和约束_22_60],-6108.466
cons[火电机组分段中标量约束_22_61_0],-294.47599999999966
cons[火电机组分段中标量约束_22_61_1],-248.4300000000003
cons[火电机组分段中标量约束_22_61_2],-202.38400000000001
cons[火电机组分段中标量约束_22_61_3],-156.337999999997
cons[火电机组分段中标量约束_22_61_4],-110.29200000000037
cons[火电机组分段中标量约束_22_61_5],-64.2460000000001
cons[火电机组分段中标量约束_22_61_6],-18.199999999999818
cons[火电机组分段中标量约束_22_61_7],0.0
cons[火电机组分段中标量约束_22_61_8],0.0
cons[火电机组分段中标量约束_22_61_9],0.0
cons[火电机组出力之和约束_22_61],-6136.312
cons[火电机组分段中标量约束_22_62_0],-322.3219999999992
cons[火电机组分段中标量约束_22_62_1],-276.27599999999984
cons[火电机组分段中标量约束_22_62_2],-230.22999999999956
cons[火电机组分段中标量约束_22_62_3],-184.18399999999656
cons[火电机组分段中标量约束_22_62_4],-138.13799999999992
cons[火电机组分段中标量约束_22_62_5],-92.09199999999964
cons[火电机组分段中标量约束_22_62_6],-46.04599999999937
cons[火电机组分段中标量约束_22_62_7],0.0
cons[火电机组分段中标量约束_22_62_8],0.0
cons[火电机组分段中标量约束_22_62_9],0.0
cons[火电机组出力之和约束_22_62],-6164.157999999999
cons[火电机组分段中标量约束_22_63_0],-322.3219999999992
cons[火电机组分段中标量约束_22_63_1],-276.27599999999984
cons[火电机组分段中标量约束_22_63_2],-230.22999999999956
cons[火电机组分段中标量约束_22_63_3],-184.18399999999656
cons[火电机组分段中标量约束_22_63_4],-138.13799999999992
cons[火电机组分段中标量约束_22_63_5],-92.09199999999964
cons[火电机组分段中标量约束_22_63_6],-46.04599999999937
cons[火电机组分段中标量约束_22_63_7],0.0
cons[火电机组分段中标量约束_22_63_8],0.0
cons[火电机组分段中标量约束_22_63_9],0.0
cons[火电机组出力之和约束_22_63],-6164.157999999999
cons[火电机组分段中标量约束_22_64_0],-350.1680000000015
cons[火电机组分段中标量约束_22_64_1],-304.1220000000021
cons[火电机组分段中标量约束_22_64_2],-258.07600000000184
cons[火电机组分段中标量约束_22_64_3],-212.02999999999884
cons[火电机组分段中标量约束_22_64_4],-165.9840000000022
cons[火电机组分段中标量约束_22_64_5],-119.93800000000192
cons[火电机组分段中标量约束_22_64_6],-73.89200000000164
cons[火电机组分段中标量约束_22_64_7],-27.846000000002277
cons[火电机组分段中标量约束_22_64_8],0.0
cons[火电机组分段中标量约束_22_64_9],0.0
cons[火电机组出力之和约束_22_64],-6192.004000000002
cons[火电机组分段中标量约束_22_65_0],-358.2669999999998
cons[火电机组分段中标量约束_22_65_1],-312.22100000000046
cons[火电机组分段中标量约束_22_65_2],-266.1750000000002
cons[火电机组分段中标量约束_22_65_3],-220.12899999999718
cons[火电机组分段中标量约束_22_65_4],-174.08300000000054
cons[火电机组分段中标量约束_22_65_5],-128.03700000000026
cons[火电机组分段中标量约束_22_65_6],-81.99099999999999
cons[火电机组分段中标量约束_22_65_7],-35.94500000000062
cons[火电机组分段中标量约束_22_65_8],0.0
cons[火电机组分段中标量约束_22_65_9],0.0
cons[火电机组出力之和约束_22_65],-6200.103
cons[火电机组分段中标量约束_22_66_0],-378.0140000000001
cons[火电机组分段中标量约束_22_66_1],-331.96800000000076
cons[火电机组分段中标量约束_22_66_2],-285.9220000000005
cons[火电机组分段中标量约束_22_66_3],-239.87599999999748
cons[火电机组分段中标量约束_22_66_4],-193.83000000000084
cons[火电机组分段中标量约束_22_66_5],-147.78400000000056
cons[火电机组分段中标量约束_22_66_6],-101.73800000000028
cons[火电机组分段中标量约束_22_66_7],-55.69200000000092
cons[火电机组分段中标量约束_22_66_8],-9.64599999999973
cons[火电机组分段中标量约束_22_66_9],0.0
cons[火电机组出力之和约束_22_66],-6219.85
cons[火电机组分段中标量约束_22_67_0],-378.0140000000001
cons[火电机组分段中标量约束_22_67_1],-331.96800000000076
cons[火电机组分段中标量约束_22_67_2],-285.9220000000005
cons[火电机组分段中标量约束_22_67_3],-239.87599999999748
cons[火电机组分段中标量约束_22_67_4],-193.83000000000084
cons[火电机组分段中标量约束_22_67_5],-147.78400000000056
cons[火电机组分段中标量约束_22_67_6],-101.73800000000028
cons[火电机组分段中标量约束_22_67_7],-55.69200000000092
cons[火电机组分段中标量约束_22_67_8],-9.64599999999973
cons[火电机组分段中标量约束_22_67_9],0.0
cons[火电机组出力之和约束_22_67],-6219.85
cons[火电机组分段中标量约束_22_68_0],-378.0140000000001
cons[火电机组分段中标量约束_22_68_1],-331.96800000000076
cons[火电机组分段中标量约束_22_68_2],-285.9220000000005
cons[火电机组分段中标量约束_22_68_3],-239.87599999999748
cons[火电机组分段中标量约束_22_68_4],-193.83000000000084
cons[火电机组分段中标量约束_22_68_5],-147.78400000000056
cons[火电机组分段中标量约束_22_68_6],-101.73800000000028
cons[火电机组分段中标量约束_22_68_7],-55.69200000000092
cons[火电机组分段中标量约束_22_68_8],-9.64599999999973
cons[火电机组分段中标量约束_22_68_9],0.0
cons[火电机组出力之和约束_22_68],-6219.85
cons[火电机组分段中标量约束_22_69_0],-378.0140000000001
cons[火电机组分段中标量约束_22_69_1],-331.96800000000076
cons[火电机组分段中标量约束_22_69_2],-285.9220000000005
cons[火电机组分段中标量约束_22_69_3],-239.87599999999748
cons[火电机组分段中标量约束_22_69_4],-193.83000000000084
cons[火电机组分段中标量约束_22_69_5],-147.78400000000056
cons[火电机组分段中标量约束_22_69_6],-101.73800000000028
cons[火电机组分段中标量约束_22_69_7],-55.69200000000092
cons[火电机组分段中标量约束_22_69_8],-9.64599999999973
cons[火电机组分段中标量约束_22_69_9],0.0
cons[火电机组出力之和约束_22_69],-6219.85
cons[火电机组分段中标量约束_22_70_0],-378.0140000000001
cons[火电机组分段中标量约束_22_70_1],-331.96800000000076
cons[火电机组分段中标量约束_22_70_2],-285.9220000000005
cons[火电机组分段中标量约束_22_70_3],-239.87599999999748
cons[火电机组分段中标量约束_22_70_4],-193.83000000000084
cons[火电机组分段中标量约束_22_70_5],-147.78400000000056
cons[火电机组分段中标量约束_22_70_6],-101.73800000000028
cons[火电机组分段中标量约束_22_70_7],-55.69200000000092
cons[火电机组分段中标量约束_22_70_8],-9.64599999999973
cons[火电机组分段中标量约束_22_70_9],0.0
cons[火电机组出力之和约束_22_70],-6219.85
cons[火电机组分段中标量约束_22_71_0],-400.39999999999964
cons[火电机组分段中标量约束_22_71_1],-354.35400000000027
cons[火电机组分段中标量约束_22_71_2],-308.308
cons[火电机组分段中标量约束_22_71_3],-262.261999999997
cons[火电机组分段中标量约束_22_71_4],-216.21600000000035
cons[火电机组分段中标量约束_22_71_5],-170.17000000000007
cons[火电机组分段中标量约束_22_71_6],-124.1239999999998
cons[火电机组分段中标量约束_22_71_7],-78.07800000000043
cons[火电机组分段中标量约束_22_71_8],-32.03199999999924
cons[火电机组分段中标量约束_22_71_9],0.0
cons[火电机组出力之和约束_22_71],-6242.236
cons[火电机组分段中标量约束_22_72_0],-404.3129999999992
cons[火电机组分段中标量约束_22_72_1],-358.2669999999998
cons[火电机组分段中标量约束_22_72_2],-312.22099999999955
cons[火电机组分段中标量约束_22_72_3],-266.17499999999654
cons[火电机组分段中标量约束_22_72_4],-220.1289999999999
cons[火电机组分段中标量约束_22_72_5],-174.08299999999963
cons[火电机组分段中标量约束_22_72_6],-128.03699999999935
cons[火电机组分段中标量约束_22_72_7],-81.99099999999999
cons[火电机组分段中标量约束_22_72_8],-35.9449999999988
cons[火电机组分段中标量约束_22_72_9],0.0
cons[火电机组出力之和约束_22_72],-6246.148999999999
cons[火电机组分段中标量约束_22_73_0],-414.4140000000025
cons[火电机组分段中标量约束_22_73_1],-368.3680000000031
cons[火电机组分段中标量约束_22_73_2],-322.32200000000284
cons[火电机组分段中标量约束_22_73_3],-276.27599999999984
cons[火电机组分段中标量约束_22_73_4],-230.2300000000032
cons[火电机组分段中标量约束_22_73_5],-184.18400000000292
cons[火电机组分段中标量约束_22_73_6],-138.13800000000265
cons[火电机组分段中标量约束_22_73_7],-92.09200000000328
cons[火电机组分段中标量约束_22_73_8],-46.046000000002095
cons[火电机组分段中标量约束_22_73_9],0.0
cons[火电机组出力之和约束_22_73],-6256.250000000003
cons[火电机组分段中标量约束_22_74_0],-445.9454999999998
cons[火电机组分段中标量约束_22_74_1],-399.89950000000044
cons[火电机组分段中标量约束_22_74_2],-353.85350000000017
cons[火电机组分段中标量约束_22_74_3],-307.80749999999716
cons[火电机组分段中标量约束_22_74_4],-261.7615000000005
cons[火电机组分段中标量约束_22_74_5],-215.71550000000025
cons[火电机组分段中标量约束_22_74_6],-169.66949999999997
cons[火电机组分段中标量约束_22_74_7],-123.6235000000006
cons[火电机组分段中标量约束_22_74_8],-77.57749999999942
cons[火电机组分段中标量约束_22_74_9],-31.531499999997322
cons[火电机组出力之和约束_22_74],-6287.7815
cons[火电机组分段中标量约束_22_75_0],-445.9454999999998
cons[火电机组分段中标量约束_22_75_1],-399.89950000000044
cons[火电机组分段中标量约束_22_75_2],-353.85350000000017
cons[火电机组分段中标量约束_22_75_3],-307.80749999999716
cons[火电机组分段中标量约束_22_75_4],-261.7615000000005
cons[火电机组分段中标量约束_22_75_5],-215.71550000000025
cons[火电机组分段中标量约束_22_75_6],-169.66949999999997
cons[火电机组分段中标量约束_22_75_7],-123.6235000000006
cons[火电机组分段中标量约束_22_75_8],-77.57749999999942
cons[火电机组分段中标量约束_22_75_9],-31.531499999997322
cons[火电机组出力之和约束_22_75],-6287.7815
cons[火电机组分段中标量约束_22_76_0],-404.3129999999992
cons[火电机组分段中标量约束_22_76_1],-358.2669999999998
cons[火电机组分段中标量约束_22_76_2],-312.22099999999955
cons[火电机组分段中标量约束_22_76_3],-266.17499999999654
cons[火电机组分段中标量约束_22_76_4],-220.1289999999999
cons[火电机组分段中标量约束_22_76_5],-174.08299999999963
cons[火电机组分段中标量约束_22_76_6],-128.03699999999935
cons[火电机组分段中标量约束_22_76_7],-81.99099999999999
cons[火电机组分段中标量约束_22_76_8],-35.9449999999988
cons[火电机组分段中标量约束_22_76_9],0.0
cons[火电机组出力之和约束_22_76],-6246.148999999999
cons[火电机组分段中标量约束_22_77_0],-400.39999999999964
cons[火电机组分段中标量约束_22_77_1],-354.35400000000027
cons[火电机组分段中标量约束_22_77_2],-308.308
cons[火电机组分段中标量约束_22_77_3],-262.261999999997
cons[火电机组分段中标量约束_22_77_4],-216.21600000000035
cons[火电机组分段中标量约束_22_77_5],-170.17000000000007
cons[火电机组分段中标量约束_22_77_6],-124.1239999999998
cons[火电机组分段中标量约束_22_77_7],-78.07800000000043
cons[火电机组分段中标量约束_22_77_8],-32.03199999999924
cons[火电机组分段中标量约束_22_77_9],0.0
cons[火电机组出力之和约束_22_77],-6242.236
cons[火电机组分段中标量约束_22_78_0],-378.0140000000001
cons[火电机组分段中标量约束_22_78_1],-331.96800000000076
cons[火电机组分段中标量约束_22_78_2],-285.9220000000005
cons[火电机组分段中标量约束_22_78_3],-239.87599999999748
cons[火电机组分段中标量约束_22_78_4],-193.83000000000084
cons[火电机组分段中标量约束_22_78_5],-147.78400000000056
cons[火电机组分段中标量约束_22_78_6],-101.73800000000028
cons[火电机组分段中标量约束_22_78_7],-55.69200000000092
cons[火电机组分段中标量约束_22_78_8],-9.64599999999973
cons[火电机组分段中标量约束_22_78_9],0.0
cons[火电机组出力之和约束_22_78],-6219.85
cons[火电机组分段中标量约束_22_79_0],-378.0140000000001
cons[火电机组分段中标量约束_22_79_1],-331.96800000000076
cons[火电机组分段中标量约束_22_79_2],-285.9220000000005
cons[火电机组分段中标量约束_22_79_3],-239.87599999999748
cons[火电机组分段中标量约束_22_79_4],-193.83000000000084
cons[火电机组分段中标量约束_22_79_5],-147.78400000000056
cons[火电机组分段中标量约束_22_79_6],-101.73800000000028
cons[火电机组分段中标量约束_22_79_7],-55.69200000000092
cons[火电机组分段中标量约束_22_79_8],-9.64599999999973
cons[火电机组分段中标量约束_22_79_9],0.0
cons[火电机组出力之和约束_22_79],-6219.85
cons[火电机组分段中标量约束_22_80_0],-358.2669999999998
cons[火电机组分段中标量约束_22_80_1],-312.22100000000046
cons[火电机组分段中标量约束_22_80_2],-266.1750000000002
cons[火电机组分段中标量约束_22_80_3],-220.12899999999718
cons[火电机组分段中标量约束_22_80_4],-174.08300000000054
cons[火电机组分段中标量约束_22_80_5],-128.03700000000026
cons[火电机组分段中标量约束_22_80_6],-81.99099999999999
cons[火电机组分段中标量约束_22_80_7],-35.94500000000062
cons[火电机组分段中标量约束_22_80_8],0.0
cons[火电机组分段中标量约束_22_80_9],0.0
cons[火电机组出力之和约束_22_80],-6200.103
cons[火电机组分段中标量约束_22_81_0],-354.85449999999946
cons[火电机组分段中标量约束_22_81_1],-308.8085000000001
cons[火电机组分段中标量约束_22_81_2],-262.7624999999998
cons[火电机组分段中标量约束_22_81_3],-216.7164999999968
cons[火电机组分段中标量约束_22_81_4],-170.67050000000017
cons[火电机组分段中标量约束_22_81_5],-124.6244999999999
cons[火电机组分段中标量约束_22_81_6],-78.57849999999962
cons[火电机组分段中标量约束_22_81_7],-32.532500000000255
cons[火电机组分段中标量约束_22_81_8],0.0
cons[火电机组分段中标量约束_22_81_9],0.0
cons[火电机组出力之和约束_22_81],-6196.6905
cons[火电机组分段中标量约束_22_82_0],-350.1680000000015
cons[火电机组分段中标量约束_22_82_1],-304.1220000000021
cons[火电机组分段中标量约束_22_82_2],-258.07600000000184
cons[火电机组分段中标量约束_22_82_3],-212.02999999999884
cons[火电机组分段中标量约束_22_82_4],-165.9840000000022
cons[火电机组分段中标量约束_22_82_5],-119.93800000000192
cons[火电机组分段中标量约束_22_82_6],-73.89200000000164
cons[火电机组分段中标量约束_22_82_7],-27.846000000002277
cons[火电机组分段中标量约束_22_82_8],0.0
cons[火电机组分段中标量约束_22_82_9],0.0
cons[火电机组出力之和约束_22_82],-6192.004000000002
cons[火电机组分段中标量约束_22_83_0],-322.3219999999992
cons[火电机组分段中标量约束_22_83_1],-276.27599999999984
cons[火电机组分段中标量约束_22_83_2],-230.22999999999956
cons[火电机组分段中标量约束_22_83_3],-184.18399999999656
cons[火电机组分段中标量约束_22_83_4],-138.13799999999992
cons[火电机组分段中标量约束_22_83_5],-92.09199999999964
cons[火电机组分段中标量约束_22_83_6],-46.04599999999937
cons[火电机组分段中标量约束_22_83_7],0.0
cons[火电机组分段中标量约束_22_83_8],0.0
cons[火电机组分段中标量约束_22_83_9],0.0
cons[火电机组出力之和约束_22_83],-6164.157999999999
cons[火电机组分段中标量约束_22_84_0],-322.3219999999992
cons[火电机组分段中标量约束_22_84_1],-276.27599999999984
cons[火电机组分段中标量约束_22_84_2],-230.22999999999956
cons[火电机组分段中标量约束_22_84_3],-184.18399999999656
cons[火电机组分段中标量约束_22_84_4],-138.13799999999992
cons[火电机组分段中标量约束_22_84_5],-92.09199999999964
cons[火电机组分段中标量约束_22_84_6],-46.04599999999937
cons[火电机组分段中标量约束_22_84_7],0.0
cons[火电机组分段中标量约束_22_84_8],0.0
cons[火电机组分段中标量约束_22_84_9],0.0
cons[火电机组出力之和约束_22_84],-6164.157999999999
cons[火电机组分段中标量约束_22_85_0],-322.3219999999992
cons[火电机组分段中标量约束_22_85_1],-276.27599999999984
cons[火电机组分段中标量约束_22_85_2],-230.22999999999956
cons[火电机组分段中标量约束_22_85_3],-184.18399999999656
cons[火电机组分段中标量约束_22_85_4],-138.13799999999992
cons[火电机组分段中标量约束_22_85_5],-92.09199999999964
cons[火电机组分段中标量约束_22_85_6],-46.04599999999937
cons[火电机组分段中标量约束_22_85_7],0.0
cons[火电机组分段中标量约束_22_85_8],0.0
cons[火电机组分段中标量约束_22_85_9],0.0
cons[火电机组出力之和约束_22_85],-6164.157999999999
cons[火电机组分段中标量约束_22_86_0],-322.3219999999992
cons[火电机组分段中标量约束_22_86_1],-276.27599999999984
cons[火电机组分段中标量约束_22_86_2],-230.22999999999956
cons[火电机组分段中标量约束_22_86_3],-184.18399999999656
cons[火电机组分段中标量约束_22_86_4],-138.13799999999992
cons[火电机组分段中标量约束_22_86_5],-92.09199999999964
cons[火电机组分段中标量约束_22_86_6],-46.04599999999937
cons[火电机组分段中标量约束_22_86_7],0.0
cons[火电机组分段中标量约束_22_86_8],0.0
cons[火电机组分段中标量约束_22_86_9],0.0
cons[火电机组出力之和约束_22_86],-6164.157999999999
cons[火电机组分段中标量约束_22_87_0],-312.22100000000046
cons[火电机组分段中标量约束_22_87_1],-266.1750000000011
cons[火电机组分段中标量约束_22_87_2],-220.12900000000081
cons[火电机组分段中标量约束_22_87_3],-174.0829999999978
cons[火电机组分段中标量约束_22_87_4],-128.03700000000117
cons[火电机组分段中标量约束_22_87_5],-81.9910000000009
cons[火电机组分段中标量约束_22_87_6],-35.94500000000062
cons[火电机组分段中标量约束_22_87_7],0.0
cons[火电机组分段中标量约束_22_87_8],0.0
cons[火电机组分段中标量约束_22_87_9],0.0
cons[火电机组出力之和约束_22_87],-6154.057000000001
cons[火电机组分段中标量约束_22_88_0],-266.6300000000001
cons[火电机组分段中标量约束_22_88_1],-220.58400000000074
cons[火电机组分段中标量约束_22_88_2],-174.53800000000047
cons[火电机组分段中标量约束_22_88_3],-128.49199999999746
cons[火电机组分段中标量约束_22_88_4],-82.44600000000082
cons[火电机组分段中标量约束_22_88_5],-36.400000000000546
cons[火电机组分段中标量约束_22_88_6],0.0
cons[火电机组分段中标量约束_22_88_7],0.0
cons[火电机组分段中标量约束_22_88_8],0.0
cons[火电机组分段中标量约束_22_88_9],0.0
cons[火电机组出力之和约束_22_88],-6108.466
cons[火电机组分段中标量约束_22_89_0],-238.78399999999965
cons[火电机组分段中标量约束_22_89_1],-192.73800000000028
cons[火电机组分段中标量约束_22_89_2],-146.692
cons[火电机组分段中标量约束_22_89_3],-100.645999999997
cons[火电机组分段中标量约束_22_89_4],-54.600000000000364
cons[火电机组分段中标量约束_22_89_5],-8.554000000000087
cons[火电机组分段中标量约束_22_89_6],0.0
cons[火电机组分段中标量约束_22_89_7],0.0
cons[火电机组分段中标量约束_22_89_8],0.0
cons[火电机组分段中标量约束_22_89_9],0.0
cons[火电机组出力之和约束_22_89],-6080.62
cons[火电机组分段中标量约束_22_90_0],-210.9380000000001
cons[火电机组分段中标量约束_22_90_1],-164.89200000000073
cons[火电机组分段中标量约束_22_90_2],-118.84600000000046
cons[火电机组分段中标量约束_22_90_3],-72.79999999999745
cons[火电机组分段中标量约束_22_90_4],-26.754000000000815
cons[火电机组分段中标量约束_22_90_5],0.0
cons[火电机组分段中标量约束_22_90_6],0.0
cons[火电机组分段中标量约束_22_90_7],0.0
cons[火电机组分段中标量约束_22_90_8],0.0
cons[火电机组分段中标量约束_22_90_9],0.0
cons[火电机组出力之和约束_22_90],-6052.774
cons[火电机组分段中标量约束_22_91_0],-183.09199999999964
cons[火电机组分段中标量约束_22_91_1],-137.04600000000028
cons[火电机组分段中标量约束_22_91_2],-91.0
cons[火电机组分段中标量约束_22_91_3],-44.953999999996995
cons[火电机组分段中标量约束_22_91_4],0.0
cons[火电机组分段中标量约束_22_91_5],0.0
cons[火电机组分段中标量约束_22_91_6],0.0
cons[火电机组分段中标量约束_22_91_7],0.0
cons[火电机组分段中标量约束_22_91_8],0.0
cons[火电机组分段中标量约束_22_91_9],0.0
cons[火电机组出力之和约束_22_91],-6024.928
cons[火电机组分段中标量约束_22_92_0],-138.13800000000265
cons[火电机组分段中标量约束_22_92_1],-92.09200000000328
cons[火电机组分段中标量约束_22_92_2],-46.046000000003005
cons[火电机组分段中标量约束_22_92_3],0.0
cons[火电机组分段中标量约束_22_92_4],0.0
cons[火电机组分段中标量约束_22_92_5],0.0
cons[火电机组分段中标量约束_22_92_6],0.0
cons[火电机组分段中标量约束_22_92_7],0.0
cons[火电机组分段中标量约束_22_92_8],0.0
cons[火电机组分段中标量约束_22_92_9],0.0
cons[火电机组出力之和约束_22_92],-5979.974000000003
cons[火电机组分段中标量约束_22_93_0],-92.09199999999964
cons[火电机组分段中标量约束_22_93_1],-46.04600000000028
cons[火电机组分段中标量约束_22_93_2],0.0
cons[火电机组分段中标量约束_22_93_3],0.0
cons[火电机组分段中标量约束_22_93_4],0.0
cons[火电机组分段中标量约束_22_93_5],0.0
cons[火电机组分段中标量约束_22_93_6],0.0
cons[火电机组分段中标量约束_22_93_7],0.0
cons[火电机组分段中标量约束_22_93_8],0.0
cons[火电机组分段中标量约束_22_93_9],0.0
cons[火电机组出力之和约束_22_93],-5933.928
cons[火电机组分段中标量约束_22_94_0],-46.04599999999937
cons[火电机组分段中标量约束_22_94_1],0.0
cons[火电机组分段中标量约束_22_94_2],0.0
cons[火电机组分段中标量约束_22_94_3],0.0
cons[火电机组分段中标量约束_22_94_4],0.0
cons[火电机组分段中标量约束_22_94_5],0.0
cons[火电机组分段中标量约束_22_94_6],0.0
cons[火电机组分段中标量约束_22_94_7],0.0
cons[火电机组分段中标量约束_22_94_8],0.0
cons[火电机组分段中标量约束_22_94_9],0.0
cons[火电机组出力之和约束_22_94],-5887.882
cons[火电机组分段中标量约束_22_95_0],0.0
cons[火电机组分段中标量约束_22_95_1],0.0
cons[火电机组分段中标量约束_22_95_2],0.0
cons[火电机组分段中标量约束_22_95_3],0.0
cons[火电机组分段中标量约束_22_95_4],0.0
cons[火电机组分段中标量约束_22_95_5],0.0
cons[火电机组分段中标量约束_22_95_6],0.0
cons[火电机组分段中标量约束_22_95_7],0.0
cons[火电机组分段中标量约束_22_95_8],0.0
cons[火电机组分段中标量约束_22_95_9],0.0
cons[火电机组出力之和约束_22_95],-5841.836
cons[火电机组分段中标量约束_23_0_0],-368.3680000000004
cons[火电机组分段中标量约束_23_0_1],-322.322000000001
cons[火电机组分段中标量约束_23_0_2],-276.27600000000075
cons[火电机组分段中标量约束_23_0_3],-230.22999999999774
cons[火电机组分段中标量约束_23_0_4],-184.1840000000011
cons[火电机组分段中标量约束_23_0_5],-138.13800000000083
cons[火电机组分段中标量约束_23_0_6],-92.09200000000055
cons[火电机组分段中标量约束_23_0_7],-46.046000000001186
cons[火电机组分段中标量约束_23_0_8],0.0
cons[火电机组分段中标量约束_23_0_9],0.0
cons[火电机组出力之和约束_23_0],-6210.204000000001
cons[火电机组分段中标量约束_23_1_0],-354.85449999999946
cons[火电机组分段中标量约束_23_1_1],-308.8085000000001
cons[火电机组分段中标量约束_23_1_2],-262.7624999999998
cons[火电机组分段中标量约束_23_1_3],-216.7164999999968
cons[火电机组分段中标量约束_23_1_4],-170.67050000000017
cons[火电机组分段中标量约束_23_1_5],-124.6244999999999
cons[火电机组分段中标量约束_23_1_6],-78.57849999999962
cons[火电机组分段中标量约束_23_1_7],-32.532500000000255
cons[火电机组分段中标量约束_23_1_8],0.0
cons[火电机组分段中标量约束_23_1_9],0.0
cons[火电机组出力之和约束_23_1],-6196.6905
cons[火电机组分段中标量约束_23_2_0],-312.22100000000046
cons[火电机组分段中标量约束_23_2_1],-266.1750000000011
cons[火电机组分段中标量约束_23_2_2],-220.12900000000081
cons[火电机组分段中标量约束_23_2_3],-174.0829999999978
cons[火电机组分段中标量约束_23_2_4],-128.03700000000117
cons[火电机组分段中标量约束_23_2_5],-81.9910000000009
cons[火电机组分段中标量约束_23_2_6],-35.94500000000062
cons[火电机组分段中标量约束_23_2_7],0.0
cons[火电机组分段中标量约束_23_2_8],0.0
cons[火电机组分段中标量约束_23_2_9],0.0
cons[火电机组出力之和约束_23_2],-6154.057000000001
cons[火电机组分段中标量约束_23_3_0],-276.27599999999984
cons[火电机组分段中标量约束_23_3_1],-230.23000000000047
cons[火电机组分段中标量约束_23_3_2],-184.1840000000002
cons[火电机组分段中标量约束_23_3_3],-138.1379999999972
cons[火电机组分段中标量约束_23_3_4],-92.09200000000055
cons[火电机组分段中标量约束_23_3_5],-46.04600000000028
cons[火电机组分段中标量约束_23_3_6],0.0
cons[火电机组分段中标量约束_23_3_7],0.0
cons[火电机组分段中标量约束_23_3_8],0.0
cons[火电机组分段中标量约束_23_3_9],0.0
cons[火电机组出力之和约束_23_3],-6118.112
cons[火电机组分段中标量约束_23_4_0],-184.1839999999993
cons[火电机组分段中标量约束_23_4_1],-138.13799999999992
cons[火电机组分段中标量约束_23_4_2],-92.09199999999964
cons[火电机组分段中标量约束_23_4_3],-46.04599999999664
cons[火电机组分段中标量约束_23_4_4],0.0
cons[火电机组分段中标量约束_23_4_5],0.0
cons[火电机组分段中标量约束_23_4_6],0.0
cons[火电机组分段中标量约束_23_4_7],0.0
cons[火电机组分段中标量约束_23_4_8],0.0
cons[火电机组分段中标量约束_23_4_9],0.0
cons[火电机组出力之和约束_23_4],-6026.0199999999995
cons[火电机组分段中标量约束_23_5_0],-92.09199999999964
cons[火电机组分段中标量约束_23_5_1],-46.04600000000028
cons[火电机组分段中标量约束_23_5_2],0.0
cons[火电机组分段中标量约束_23_5_3],0.0
cons[火电机组分段中标量约束_23_5_4],0.0
cons[火电机组分段中标量约束_23_5_5],0.0
cons[火电机组分段中标量约束_23_5_6],0.0
cons[火电机组分段中标量约束_23_5_7],0.0
cons[火电机组分段中标量约束_23_5_8],0.0
cons[火电机组分段中标量约束_23_5_9],0.0
cons[火电机组出力之和约束_23_5],-5933.928
cons[火电机组分段中标量约束_23_6_0],0.0
cons[火电机组分段中标量约束_23_6_1],0.0
cons[火电机组分段中标量约束_23_6_2],0.0
cons[火电机组分段中标量约束_23_6_3],0.0
cons[火电机组分段中标量约束_23_6_4],0.0
cons[火电机组分段中标量约束_23_6_5],0.0
cons[火电机组分段中标量约束_23_6_6],0.0
cons[火电机组分段中标量约束_23_6_7],0.0
cons[火电机组分段中标量约束_23_6_8],0.0
cons[火电机组分段中标量约束_23_6_9],0.0
cons[火电机组出力之和约束_23_6],-5841.836
cons[火电机组分段中标量约束_23_7_0],0.0
cons[火电机组分段中标量约束_23_7_1],0.0
cons[火电机组分段中标量约束_23_7_2],0.0
cons[火电机组分段中标量约束_23_7_3],0.0
cons[火电机组分段中标量约束_23_7_4],0.0
cons[火电机组分段中标量约束_23_7_5],0.0
cons[火电机组分段中标量约束_23_7_6],0.0
cons[火电机组分段中标量约束_23_7_7],0.0
cons[火电机组分段中标量约束_23_7_8],0.0
cons[火电机组分段中标量约束_23_7_9],0.0
cons[火电机组出力之和约束_23_7],-5841.836
cons[火电机组分段中标量约束_23_8_0],0.0
cons[火电机组分段中标量约束_23_8_1],0.0
cons[火电机组分段中标量约束_23_8_2],0.0
cons[火电机组分段中标量约束_23_8_3],0.0
cons[火电机组分段中标量约束_23_8_4],0.0
cons[火电机组分段中标量约束_23_8_5],0.0
cons[火电机组分段中标量约束_23_8_6],0.0
cons[火电机组分段中标量约束_23_8_7],0.0
cons[火电机组分段中标量约束_23_8_8],0.0
cons[火电机组分段中标量约束_23_8_9],0.0
cons[火电机组出力之和约束_23_8],-5841.836
cons[火电机组分段中标量约束_23_9_0],0.0
cons[火电机组分段中标量约束_23_9_1],0.0
cons[火电机组分段中标量约束_23_9_2],0.0
cons[火电机组分段中标量约束_23_9_3],0.0
cons[火电机组分段中标量约束_23_9_4],0.0
cons[火电机组分段中标量约束_23_9_5],0.0
cons[火电机组分段中标量约束_23_9_6],0.0
cons[火电机组分段中标量约束_23_9_7],0.0
cons[火电机组分段中标量约束_23_9_8],0.0
cons[火电机组分段中标量约束_23_9_9],0.0
cons[火电机组出力之和约束_23_9],-5841.836
cons[火电机组分段中标量约束_23_10_0],0.0
cons[火电机组分段中标量约束_23_10_1],0.0
cons[火电机组分段中标量约束_23_10_2],0.0
cons[火电机组分段中标量约束_23_10_3],0.0
cons[火电机组分段中标量约束_23_10_4],0.0
cons[火电机组分段中标量约束_23_10_5],0.0
cons[火电机组分段中标量约束_23_10_6],0.0
cons[火电机组分段中标量约束_23_10_7],0.0
cons[火电机组分段中标量约束_23_10_8],0.0
cons[火电机组分段中标量约束_23_10_9],0.0
cons[火电机组出力之和约束_23_10],-5841.836
cons[火电机组分段中标量约束_23_11_0],0.0
cons[火电机组分段中标量约束_23_11_1],0.0
cons[火电机组分段中标量约束_23_11_2],0.0
cons[火电机组分段中标量约束_23_11_3],0.0
cons[火电机组分段中标量约束_23_11_4],0.0
cons[火电机组分段中标量约束_23_11_5],0.0
cons[火电机组分段中标量约束_23_11_6],0.0
cons[火电机组分段中标量约束_23_11_7],0.0
cons[火电机组分段中标量约束_23_11_8],0.0
cons[火电机组分段中标量约束_23_11_9],0.0
cons[火电机组出力之和约束_23_11],-5841.836
cons[火电机组分段中标量约束_23_12_0],0.0
cons[火电机组分段中标量约束_23_12_1],0.0
cons[火电机组分段中标量约束_23_12_2],0.0
cons[火电机组分段中标量约束_23_12_3],0.0
cons[火电机组分段中标量约束_23_12_4],0.0
cons[火电机组分段中标量约束_23_12_5],0.0
cons[火电机组分段中标量约束_23_12_6],0.0
cons[火电机组分段中标量约束_23_12_7],0.0
cons[火电机组分段中标量约束_23_12_8],0.0
cons[火电机组分段中标量约束_23_12_9],0.0
cons[火电机组出力之和约束_23_12],-5841.836
cons[火电机组分段中标量约束_23_13_0],0.0
cons[火电机组分段中标量约束_23_13_1],0.0
cons[火电机组分段中标量约束_23_13_2],0.0
cons[火电机组分段中标量约束_23_13_3],0.0
cons[火电机组分段中标量约束_23_13_4],0.0
cons[火电机组分段中标量约束_23_13_5],0.0
cons[火电机组分段中标量约束_23_13_6],0.0
cons[火电机组分段中标量约束_23_13_7],0.0
cons[火电机组分段中标量约束_23_13_8],0.0
cons[火电机组分段中标量约束_23_13_9],0.0
cons[火电机组出力之和约束_23_13],-5841.836
cons[火电机组分段中标量约束_23_14_0],0.0
cons[火电机组分段中标量约束_23_14_1],0.0
cons[火电机组分段中标量约束_23_14_2],0.0
cons[火电机组分段中标量约束_23_14_3],0.0
cons[火电机组分段中标量约束_23_14_4],0.0
cons[火电机组分段中标量约束_23_14_5],0.0
cons[火电机组分段中标量约束_23_14_6],0.0
cons[火电机组分段中标量约束_23_14_7],0.0
cons[火电机组分段中标量约束_23_14_8],0.0
cons[火电机组分段中标量约束_23_14_9],0.0
cons[火电机组出力之和约束_23_14],-5841.836
cons[火电机组分段中标量约束_23_15_0],0.0
cons[火电机组分段中标量约束_23_15_1],0.0
cons[火电机组分段中标量约束_23_15_2],0.0
cons[火电机组分段中标量约束_23_15_3],0.0
cons[火电机组分段中标量约束_23_15_4],0.0
cons[火电机组分段中标量约束_23_15_5],0.0
cons[火电机组分段中标量约束_23_15_6],0.0
cons[火电机组分段中标量约束_23_15_7],0.0
cons[火电机组分段中标量约束_23_15_8],0.0
cons[火电机组分段中标量约束_23_15_9],0.0
cons[火电机组出力之和约束_23_15],-5841.836
cons[火电机组分段中标量约束_23_16_0],0.0
cons[火电机组分段中标量约束_23_16_1],0.0
cons[火电机组分段中标量约束_23_16_2],0.0
cons[火电机组分段中标量约束_23_16_3],0.0
cons[火电机组分段中标量约束_23_16_4],0.0
cons[火电机组分段中标量约束_23_16_5],0.0
cons[火电机组分段中标量约束_23_16_6],0.0
cons[火电机组分段中标量约束_23_16_7],0.0
cons[火电机组分段中标量约束_23_16_8],0.0
cons[火电机组分段中标量约束_23_16_9],0.0
cons[火电机组出力之和约束_23_16],-5841.836
cons[火电机组分段中标量约束_23_17_0],0.0
cons[火电机组分段中标量约束_23_17_1],0.0
cons[火电机组分段中标量约束_23_17_2],0.0
cons[火电机组分段中标量约束_23_17_3],0.0
cons[火电机组分段中标量约束_23_17_4],0.0
cons[火电机组分段中标量约束_23_17_5],0.0
cons[火电机组分段中标量约束_23_17_6],0.0
cons[火电机组分段中标量约束_23_17_7],0.0
cons[火电机组分段中标量约束_23_17_8],0.0
cons[火电机组分段中标量约束_23_17_9],0.0
cons[火电机组出力之和约束_23_17],-5841.836
cons[火电机组分段中标量约束_23_18_0],0.0
cons[火电机组分段中标量约束_23_18_1],0.0
cons[火电机组分段中标量约束_23_18_2],0.0
cons[火电机组分段中标量约束_23_18_3],0.0
cons[火电机组分段中标量约束_23_18_4],0.0
cons[火电机组分段中标量约束_23_18_5],0.0
cons[火电机组分段中标量约束_23_18_6],0.0
cons[火电机组分段中标量约束_23_18_7],0.0
cons[火电机组分段中标量约束_23_18_8],0.0
cons[火电机组分段中标量约束_23_18_9],0.0
cons[火电机组出力之和约束_23_18],-5841.836
cons[火电机组分段中标量约束_23_19_0],0.0
cons[火电机组分段中标量约束_23_19_1],0.0
cons[火电机组分段中标量约束_23_19_2],0.0
cons[火电机组分段中标量约束_23_19_3],0.0
cons[火电机组分段中标量约束_23_19_4],0.0
cons[火电机组分段中标量约束_23_19_5],0.0
cons[火电机组分段中标量约束_23_19_6],0.0
cons[火电机组分段中标量约束_23_19_7],0.0
cons[火电机组分段中标量约束_23_19_8],0.0
cons[火电机组分段中标量约束_23_19_9],0.0
cons[火电机组出力之和约束_23_19],-5841.836
cons[火电机组分段中标量约束_23_20_0],0.0
cons[火电机组分段中标量约束_23_20_1],0.0
cons[火电机组分段中标量约束_23_20_2],0.0
cons[火电机组分段中标量约束_23_20_3],0.0
cons[火电机组分段中标量约束_23_20_4],0.0
cons[火电机组分段中标量约束_23_20_5],0.0
cons[火电机组分段中标量约束_23_20_6],0.0
cons[火电机组分段中标量约束_23_20_7],0.0
cons[火电机组分段中标量约束_23_20_8],0.0
cons[火电机组分段中标量约束_23_20_9],0.0
cons[火电机组出力之和约束_23_20],-5841.836
cons[火电机组分段中标量约束_23_21_0],0.0
cons[火电机组分段中标量约束_23_21_1],0.0
cons[火电机组分段中标量约束_23_21_2],0.0
cons[火电机组分段中标量约束_23_21_3],0.0
cons[火电机组分段中标量约束_23_21_4],0.0
cons[火电机组分段中标量约束_23_21_5],0.0
cons[火电机组分段中标量约束_23_21_6],0.0
cons[火电机组分段中标量约束_23_21_7],0.0
cons[火电机组分段中标量约束_23_21_8],0.0
cons[火电机组分段中标量约束_23_21_9],0.0
cons[火电机组出力之和约束_23_21],-5841.836
cons[火电机组分段中标量约束_23_22_0],-92.09199999999964
cons[火电机组分段中标量约束_23_22_1],-46.04600000000028
cons[火电机组分段中标量约束_23_22_2],0.0
cons[火电机组分段中标量约束_23_22_3],0.0
cons[火电机组分段中标量约束_23_22_4],0.0
cons[火电机组分段中标量约束_23_22_5],0.0
cons[火电机组分段中标量约束_23_22_6],0.0
cons[火电机组分段中标量约束_23_22_7],0.0
cons[火电机组分段中标量约束_23_22_8],0.0
cons[火电机组分段中标量约束_23_22_9],0.0
cons[火电机组出力之和约束_23_22],-5933.928
cons[火电机组分段中标量约束_23_23_0],0.0
cons[火电机组分段中标量约束_23_23_1],0.0
cons[火电机组分段中标量约束_23_23_2],0.0
cons[火电机组分段中标量约束_23_23_3],0.0
cons[火电机组分段中标量约束_23_23_4],0.0
cons[火电机组分段中标量约束_23_23_5],0.0
cons[火电机组分段中标量约束_23_23_6],0.0
cons[火电机组分段中标量约束_23_23_7],0.0
cons[火电机组分段中标量约束_23_23_8],0.0
cons[火电机组分段中标量约束_23_23_9],0.0
cons[火电机组出力之和约束_23_23],-5841.836
cons[火电机组分段中标量约束_23_24_0],0.0
cons[火电机组分段中标量约束_23_24_1],0.0
cons[火电机组分段中标量约束_23_24_2],0.0
cons[火电机组分段中标量约束_23_24_3],0.0
cons[火电机组分段中标量约束_23_24_4],0.0
cons[火电机组分段中标量约束_23_24_5],0.0
cons[火电机组分段中标量约束_23_24_6],0.0
cons[火电机组分段中标量约束_23_24_7],0.0
cons[火电机组分段中标量约束_23_24_8],0.0
cons[火电机组分段中标量约束_23_24_9],0.0
cons[火电机组出力之和约束_23_24],-5841.836
cons[火电机组分段中标量约束_23_25_0],0.0
cons[火电机组分段中标量约束_23_25_1],0.0
cons[火电机组分段中标量约束_23_25_2],0.0
cons[火电机组分段中标量约束_23_25_3],0.0
cons[火电机组分段中标量约束_23_25_4],0.0
cons[火电机组分段中标量约束_23_25_5],0.0
cons[火电机组分段中标量约束_23_25_6],0.0
cons[火电机组分段中标量约束_23_25_7],0.0
cons[火电机组分段中标量约束_23_25_8],0.0
cons[火电机组分段中标量约束_23_25_9],0.0
cons[火电机组出力之和约束_23_25],-5841.836
cons[火电机组分段中标量约束_23_26_0],-46.04599999999937
cons[火电机组分段中标量约束_23_26_1],0.0
cons[火电机组分段中标量约束_23_26_2],0.0
cons[火电机组分段中标量约束_23_26_3],0.0
cons[火电机组分段中标量约束_23_26_4],0.0
cons[火电机组分段中标量约束_23_26_5],0.0
cons[火电机组分段中标量约束_23_26_6],0.0
cons[火电机组分段中标量约束_23_26_7],0.0
cons[火电机组分段中标量约束_23_26_8],0.0
cons[火电机组分段中标量约束_23_26_9],0.0
cons[火电机组出力之和约束_23_26],-5887.882
cons[火电机组分段中标量约束_23_27_0],-138.13800000000265
cons[火电机组分段中标量约束_23_27_1],-92.09200000000328
cons[火电机组分段中标量约束_23_27_2],-46.046000000003005
cons[火电机组分段中标量约束_23_27_3],0.0
cons[火电机组分段中标量约束_23_27_4],0.0
cons[火电机组分段中标量约束_23_27_5],0.0
cons[火电机组分段中标量约束_23_27_6],0.0
cons[火电机组分段中标量约束_23_27_7],0.0
cons[火电机组分段中标量约束_23_27_8],0.0
cons[火电机组分段中标量约束_23_27_9],0.0
cons[火电机组出力之和约束_23_27],-5979.974000000003
cons[火电机组分段中标量约束_23_28_0],-183.09199999999964
cons[火电机组分段中标量约束_23_28_1],-137.04600000000028
cons[火电机组分段中标量约束_23_28_2],-91.0
cons[火电机组分段中标量约束_23_28_3],-44.953999999996995
cons[火电机组分段中标量约束_23_28_4],0.0
cons[火电机组分段中标量约束_23_28_5],0.0
cons[火电机组分段中标量约束_23_28_6],0.0
cons[火电机组分段中标量约束_23_28_7],0.0
cons[火电机组分段中标量约束_23_28_8],0.0
cons[火电机组分段中标量约束_23_28_9],0.0
cons[火电机组出力之和约束_23_28],-6024.928
cons[火电机组分段中标量约束_23_29_0],-210.9380000000001
cons[火电机组分段中标量约束_23_29_1],-164.89200000000073
cons[火电机组分段中标量约束_23_29_2],-118.84600000000046
cons[火电机组分段中标量约束_23_29_3],-72.79999999999745
cons[火电机组分段中标量约束_23_29_4],-26.754000000000815
cons[火电机组分段中标量约束_23_29_5],0.0
cons[火电机组分段中标量约束_23_29_6],0.0
cons[火电机组分段中标量约束_23_29_7],0.0
cons[火电机组分段中标量约束_23_29_8],0.0
cons[火电机组分段中标量约束_23_29_9],0.0
cons[火电机组出力之和约束_23_29],-6052.774
cons[火电机组分段中标量约束_23_30_0],-238.78399999999965
cons[火电机组分段中标量约束_23_30_1],-192.73800000000028
cons[火电机组分段中标量约束_23_30_2],-146.692
cons[火电机组分段中标量约束_23_30_3],-100.645999999997
cons[火电机组分段中标量约束_23_30_4],-54.600000000000364
cons[火电机组分段中标量约束_23_30_5],-8.554000000000087
cons[火电机组分段中标量约束_23_30_6],0.0
cons[火电机组分段中标量约束_23_30_7],0.0
cons[火电机组分段中标量约束_23_30_8],0.0
cons[火电机组分段中标量约束_23_30_9],0.0
cons[火电机组出力之和约束_23_30],-6080.62
cons[火电机组分段中标量约束_23_31_0],-266.1749999999993
cons[火电机组分段中标量约束_23_31_1],-220.1289999999999
cons[火电机组分段中标量约束_23_31_2],-174.08299999999963
cons[火电机组分段中标量约束_23_31_3],-128.03699999999662
cons[火电机组分段中标量约束_23_31_4],-81.99099999999999
cons[火电机组分段中标量约束_23_31_5],-35.94499999999971
cons[火电机组分段中标量约束_23_31_6],0.0
cons[火电机组分段中标量约束_23_31_7],0.0
cons[火电机组分段中标量约束_23_31_8],0.0
cons[火电机组分段中标量约束_23_31_9],0.0
cons[火电机组出力之和约束_23_31],-6108.0109999999995
cons[火电机组分段中标量约束_23_32_0],-266.6300000000001
cons[火电机组分段中标量约束_23_32_1],-220.58400000000074
cons[火电机组分段中标量约束_23_32_2],-174.53800000000047
cons[火电机组分段中标量约束_23_32_3],-128.49199999999746
cons[火电机组分段中标量约束_23_32_4],-82.44600000000082
cons[火电机组分段中标量约束_23_32_5],-36.400000000000546
cons[火电机组分段中标量约束_23_32_6],0.0
cons[火电机组分段中标量约束_23_32_7],0.0
cons[火电机组分段中标量约束_23_32_8],0.0
cons[火电机组分段中标量约束_23_32_9],0.0
cons[火电机组出力之和约束_23_32],-6108.466
cons[火电机组分段中标量约束_23_33_0],-276.27599999999984
cons[火电机组分段中标量约束_23_33_1],-230.23000000000047
cons[火电机组分段中标量约束_23_33_2],-184.1840000000002
cons[火电机组分段中标量约束_23_33_3],-138.1379999999972
cons[火电机组分段中标量约束_23_33_4],-92.09200000000055
cons[火电机组分段中标量约束_23_33_5],-46.04600000000028
cons[火电机组分段中标量约束_23_33_6],0.0
cons[火电机组分段中标量约束_23_33_7],0.0
cons[火电机组分段中标量约束_23_33_8],0.0
cons[火电机组分段中标量约束_23_33_9],0.0
cons[火电机组出力之和约束_23_33],-6118.112
cons[火电机组分段中标量约束_23_34_0],-276.27599999999984
cons[火电机组分段中标量约束_23_34_1],-230.23000000000047
cons[火电机组分段中标量约束_23_34_2],-184.1840000000002
cons[火电机组分段中标量约束_23_34_3],-138.1379999999972
cons[火电机组分段中标量约束_23_34_4],-92.09200000000055
cons[火电机组分段中标量约束_23_34_5],-46.04600000000028
cons[火电机组分段中标量约束_23_34_6],0.0
cons[火电机组分段中标量约束_23_34_7],0.0
cons[火电机组分段中标量约束_23_34_8],0.0
cons[火电机组分段中标量约束_23_34_9],0.0
cons[火电机组出力之和约束_23_34],-6118.112
cons[火电机组分段中标量约束_23_35_0],-276.27599999999984
cons[火电机组分段中标量约束_23_35_1],-230.23000000000047
cons[火电机组分段中标量约束_23_35_2],-184.1840000000002
cons[火电机组分段中标量约束_23_35_3],-138.1379999999972
cons[火电机组分段中标量约束_23_35_4],-92.09200000000055
cons[火电机组分段中标量约束_23_35_5],-46.04600000000028
cons[火电机组分段中标量约束_23_35_6],0.0
cons[火电机组分段中标量约束_23_35_7],0.0
cons[火电机组分段中标量约束_23_35_8],0.0
cons[火电机组分段中标量约束_23_35_9],0.0
cons[火电机组出力之和约束_23_35],-6118.112
cons[火电机组分段中标量约束_23_36_0],-276.27599999999984
cons[火电机组分段中标量约束_23_36_1],-230.23000000000047
cons[火电机组分段中标量约束_23_36_2],-184.1840000000002
cons[火电机组分段中标量约束_23_36_3],-138.1379999999972
cons[火电机组分段中标量约束_23_36_4],-92.09200000000055
cons[火电机组分段中标量约束_23_36_5],-46.04600000000028
cons[火电机组分段中标量约束_23_36_6],0.0
cons[火电机组分段中标量约束_23_36_7],0.0
cons[火电机组分段中标量约束_23_36_8],0.0
cons[火电机组分段中标量约束_23_36_9],0.0
cons[火电机组出力之和约束_23_36],-6118.112
cons[火电机组分段中标量约束_23_37_0],-266.6300000000001
cons[火电机组分段中标量约束_23_37_1],-220.58400000000074
cons[火电机组分段中标量约束_23_37_2],-174.53800000000047
cons[火电机组分段中标量约束_23_37_3],-128.49199999999746
cons[火电机组分段中标量约束_23_37_4],-82.44600000000082
cons[火电机组分段中标量约束_23_37_5],-36.400000000000546
cons[火电机组分段中标量约束_23_37_6],0.0
cons[火电机组分段中标量约束_23_37_7],0.0
cons[火电机组分段中标量约束_23_37_8],0.0
cons[火电机组分段中标量约束_23_37_9],0.0
cons[火电机组出力之和约束_23_37],-6108.466
cons[火电机组分段中标量约束_23_38_0],-266.6300000000001
cons[火电机组分段中标量约束_23_38_1],-220.58400000000074
cons[火电机组分段中标量约束_23_38_2],-174.53800000000047
cons[火电机组分段中标量约束_23_38_3],-128.49199999999746
cons[火电机组分段中标量约束_23_38_4],-82.44600000000082
cons[火电机组分段中标量约束_23_38_5],-36.400000000000546
cons[火电机组分段中标量约束_23_38_6],0.0
cons[火电机组分段中标量约束_23_38_7],0.0
cons[火电机组分段中标量约束_23_38_8],0.0
cons[火电机组分段中标量约束_23_38_9],0.0
cons[火电机组出力之和约束_23_38],-6108.466
cons[火电机组分段中标量约束_23_39_0],-266.6300000000001
cons[火电机组分段中标量约束_23_39_1],-220.58400000000074
cons[火电机组分段中标量约束_23_39_2],-174.53800000000047
cons[火电机组分段中标量约束_23_39_3],-128.49199999999746
cons[火电机组分段中标量约束_23_39_4],-82.44600000000082
cons[火电机组分段中标量约束_23_39_5],-36.400000000000546
cons[火电机组分段中标量约束_23_39_6],0.0
cons[火电机组分段中标量约束_23_39_7],0.0
cons[火电机组分段中标量约束_23_39_8],0.0
cons[火电机组分段中标量约束_23_39_9],0.0
cons[火电机组出力之和约束_23_39],-6108.466
cons[火电机组分段中标量约束_23_40_0],-266.6300000000001
cons[火电机组分段中标量约束_23_40_1],-220.58400000000074
cons[火电机组分段中标量约束_23_40_2],-174.53800000000047
cons[火电机组分段中标量约束_23_40_3],-128.49199999999746
cons[火电机组分段中标量约束_23_40_4],-82.44600000000082
cons[火电机组分段中标量约束_23_40_5],-36.400000000000546
cons[火电机组分段中标量约束_23_40_6],0.0
cons[火电机组分段中标量约束_23_40_7],0.0
cons[火电机组分段中标量约束_23_40_8],0.0
cons[火电机组分段中标量约束_23_40_9],0.0
cons[火电机组出力之和约束_23_40],-6108.466
cons[火电机组分段中标量约束_23_41_0],-266.6300000000001
cons[火电机组分段中标量约束_23_41_1],-220.58400000000074
cons[火电机组分段中标量约束_23_41_2],-174.53800000000047
cons[火电机组分段中标量约束_23_41_3],-128.49199999999746
cons[火电机组分段中标量约束_23_41_4],-82.44600000000082
cons[火电机组分段中标量约束_23_41_5],-36.400000000000546
cons[火电机组分段中标量约束_23_41_6],0.0
cons[火电机组分段中标量约束_23_41_7],0.0
cons[火电机组分段中标量约束_23_41_8],0.0
cons[火电机组分段中标量约束_23_41_9],0.0
cons[火电机组出力之和约束_23_41],-6108.466
cons[火电机组分段中标量约束_23_42_0],-266.6300000000001
cons[火电机组分段中标量约束_23_42_1],-220.58400000000074
cons[火电机组分段中标量约束_23_42_2],-174.53800000000047
cons[火电机组分段中标量约束_23_42_3],-128.49199999999746
cons[火电机组分段中标量约束_23_42_4],-82.44600000000082
cons[火电机组分段中标量约束_23_42_5],-36.400000000000546
cons[火电机组分段中标量约束_23_42_6],0.0
cons[火电机组分段中标量约束_23_42_7],0.0
cons[火电机组分段中标量约束_23_42_8],0.0
cons[火电机组分段中标量约束_23_42_9],0.0
cons[火电机组出力之和约束_23_42],-6108.466
cons[火电机组分段中标量约束_23_43_0],-266.6300000000001
cons[火电机组分段中标量约束_23_43_1],-220.58400000000074
cons[火电机组分段中标量约束_23_43_2],-174.53800000000047
cons[火电机组分段中标量约束_23_43_3],-128.49199999999746
cons[火电机组分段中标量约束_23_43_4],-82.44600000000082
cons[火电机组分段中标量约束_23_43_5],-36.400000000000546
cons[火电机组分段中标量约束_23_43_6],0.0
cons[火电机组分段中标量约束_23_43_7],0.0
cons[火电机组分段中标量约束_23_43_8],0.0
cons[火电机组分段中标量约束_23_43_9],0.0
cons[火电机组出力之和约束_23_43],-6108.466
cons[火电机组分段中标量约束_23_44_0],-266.6300000000001
cons[火电机组分段中标量约束_23_44_1],-220.58400000000074
cons[火电机组分段中标量约束_23_44_2],-174.53800000000047
cons[火电机组分段中标量约束_23_44_3],-128.49199999999746
cons[火电机组分段中标量约束_23_44_4],-82.44600000000082
cons[火电机组分段中标量约束_23_44_5],-36.400000000000546
cons[火电机组分段中标量约束_23_44_6],0.0
cons[火电机组分段中标量约束_23_44_7],0.0
cons[火电机组分段中标量约束_23_44_8],0.0
cons[火电机组分段中标量约束_23_44_9],0.0
cons[火电机组出力之和约束_23_44],-6108.466
cons[火电机组分段中标量约束_23_45_0],-266.1749999999993
cons[火电机组分段中标量约束_23_45_1],-220.1289999999999
cons[火电机组分段中标量约束_23_45_2],-174.08299999999963
cons[火电机组分段中标量约束_23_45_3],-128.03699999999662
cons[火电机组分段中标量约束_23_45_4],-81.99099999999999
cons[火电机组分段中标量约束_23_45_5],-35.94499999999971
cons[火电机组分段中标量约束_23_45_6],0.0
cons[火电机组分段中标量约束_23_45_7],0.0
cons[火电机组分段中标量约束_23_45_8],0.0
cons[火电机组分段中标量约束_23_45_9],0.0
cons[火电机组出力之和约束_23_45],-6108.0109999999995
cons[火电机组分段中标量约束_23_46_0],-266.1749999999993
cons[火电机组分段中标量约束_23_46_1],-220.1289999999999
cons[火电机组分段中标量约束_23_46_2],-174.08299999999963
cons[火电机组分段中标量约束_23_46_3],-128.03699999999662
cons[火电机组分段中标量约束_23_46_4],-81.99099999999999
cons[火电机组分段中标量约束_23_46_5],-35.94499999999971
cons[火电机组分段中标量约束_23_46_6],0.0
cons[火电机组分段中标量约束_23_46_7],0.0
cons[火电机组分段中标量约束_23_46_8],0.0
cons[火电机组分段中标量约束_23_46_9],0.0
cons[火电机组出力之和约束_23_46],-6108.0109999999995
cons[火电机组分段中标量约束_23_47_0],-266.1749999999993
cons[火电机组分段中标量约束_23_47_1],-220.1289999999999
cons[火电机组分段中标量约束_23_47_2],-174.08299999999963
cons[火电机组分段中标量约束_23_47_3],-128.03699999999662
cons[火电机组分段中标量约束_23_47_4],-81.99099999999999
cons[火电机组分段中标量约束_23_47_5],-35.94499999999971
cons[火电机组分段中标量约束_23_47_6],0.0
cons[火电机组分段中标量约束_23_47_7],0.0
cons[火电机组分段中标量约束_23_47_8],0.0
cons[火电机组分段中标量约束_23_47_9],0.0
cons[火电机组出力之和约束_23_47],-6108.0109999999995
cons[火电机组分段中标量约束_23_48_0],-266.1749999999993
cons[火电机组分段中标量约束_23_48_1],-220.1289999999999
cons[火电机组分段中标量约束_23_48_2],-174.08299999999963
cons[火电机组分段中标量约束_23_48_3],-128.03699999999662
cons[火电机组分段中标量约束_23_48_4],-81.99099999999999
cons[火电机组分段中标量约束_23_48_5],-35.94499999999971
cons[火电机组分段中标量约束_23_48_6],0.0
cons[火电机组分段中标量约束_23_48_7],0.0
cons[火电机组分段中标量约束_23_48_8],0.0
cons[火电机组分段中标量约束_23_48_9],0.0
cons[火电机组出力之和约束_23_48],-6108.0109999999995
cons[火电机组分段中标量约束_23_49_0],-266.1749999999993
cons[火电机组分段中标量约束_23_49_1],-220.1289999999999
cons[火电机组分段中标量约束_23_49_2],-174.08299999999963
cons[火电机组分段中标量约束_23_49_3],-128.03699999999662
cons[火电机组分段中标量约束_23_49_4],-81.99099999999999
cons[火电机组分段中标量约束_23_49_5],-35.94499999999971
cons[火电机组分段中标量约束_23_49_6],0.0
cons[火电机组分段中标量约束_23_49_7],0.0
cons[火电机组分段中标量约束_23_49_8],0.0
cons[火电机组分段中标量约束_23_49_9],0.0
cons[火电机组出力之和约束_23_49],-6108.0109999999995
cons[火电机组分段中标量约束_23_50_0],-266.1749999999993
cons[火电机组分段中标量约束_23_50_1],-220.1289999999999
cons[火电机组分段中标量约束_23_50_2],-174.08299999999963
cons[火电机组分段中标量约束_23_50_3],-128.03699999999662
cons[火电机组分段中标量约束_23_50_4],-81.99099999999999
cons[火电机组分段中标量约束_23_50_5],-35.94499999999971
cons[火电机组分段中标量约束_23_50_6],0.0
cons[火电机组分段中标量约束_23_50_7],0.0
cons[火电机组分段中标量约束_23_50_8],0.0
cons[火电机组分段中标量约束_23_50_9],0.0
cons[火电机组出力之和约束_23_50],-6108.0109999999995
cons[火电机组分段中标量约束_23_51_0],-266.1749999999993
cons[火电机组分段中标量约束_23_51_1],-220.1289999999999
cons[火电机组分段中标量约束_23_51_2],-174.08299999999963
cons[火电机组分段中标量约束_23_51_3],-128.03699999999662
cons[火电机组分段中标量约束_23_51_4],-81.99099999999999
cons[火电机组分段中标量约束_23_51_5],-35.94499999999971
cons[火电机组分段中标量约束_23_51_6],0.0
cons[火电机组分段中标量约束_23_51_7],0.0
cons[火电机组分段中标量约束_23_51_8],0.0
cons[火电机组分段中标量约束_23_51_9],0.0
cons[火电机组出力之和约束_23_51],-6108.0109999999995
cons[火电机组分段中标量约束_23_52_0],-266.1749999999993
cons[火电机组分段中标量约束_23_52_1],-220.1289999999999
cons[火电机组分段中标量约束_23_52_2],-174.08299999999963
cons[火电机组分段中标量约束_23_52_3],-128.03699999999662
cons[火电机组分段中标量约束_23_52_4],-81.99099999999999
cons[火电机组分段中标量约束_23_52_5],-35.94499999999971
cons[火电机组分段中标量约束_23_52_6],0.0
cons[火电机组分段中标量约束_23_52_7],0.0
cons[火电机组分段中标量约束_23_52_8],0.0
cons[火电机组分段中标量约束_23_52_9],0.0
cons[火电机组出力之和约束_23_52],-6108.0109999999995
cons[火电机组分段中标量约束_23_53_0],-238.78399999999965
cons[火电机组分段中标量约束_23_53_1],-192.73800000000028
cons[火电机组分段中标量约束_23_53_2],-146.692
cons[火电机组分段中标量约束_23_53_3],-100.645999999997
cons[火电机组分段中标量约束_23_53_4],-54.600000000000364
cons[火电机组分段中标量约束_23_53_5],-8.554000000000087
cons[火电机组分段中标量约束_23_53_6],0.0
cons[火电机组分段中标量约束_23_53_7],0.0
cons[火电机组分段中标量约束_23_53_8],0.0
cons[火电机组分段中标量约束_23_53_9],0.0
cons[火电机组出力之和约束_23_53],-6080.62
cons[火电机组分段中标量约束_23_54_0],-238.78399999999965
cons[火电机组分段中标量约束_23_54_1],-192.73800000000028
cons[火电机组分段中标量约束_23_54_2],-146.692
cons[火电机组分段中标量约束_23_54_3],-100.645999999997
cons[火电机组分段中标量约束_23_54_4],-54.600000000000364
cons[火电机组分段中标量约束_23_54_5],-8.554000000000087
cons[火电机组分段中标量约束_23_54_6],0.0
cons[火电机组分段中标量约束_23_54_7],0.0
cons[火电机组分段中标量约束_23_54_8],0.0
cons[火电机组分段中标量约束_23_54_9],0.0
cons[火电机组出力之和约束_23_54],-6080.62
cons[火电机组分段中标量约束_23_55_0],-238.78399999999965
cons[火电机组分段中标量约束_23_55_1],-192.73800000000028
cons[火电机组分段中标量约束_23_55_2],-146.692
cons[火电机组分段中标量约束_23_55_3],-100.645999999997
cons[火电机组分段中标量约束_23_55_4],-54.600000000000364
cons[火电机组分段中标量约束_23_55_5],-8.554000000000087
cons[火电机组分段中标量约束_23_55_6],0.0
cons[火电机组分段中标量约束_23_55_7],0.0
cons[火电机组分段中标量约束_23_55_8],0.0
cons[火电机组分段中标量约束_23_55_9],0.0
cons[火电机组出力之和约束_23_55],-6080.62
cons[火电机组分段中标量约束_23_56_0],-238.78399999999965
cons[火电机组分段中标量约束_23_56_1],-192.73800000000028
cons[火电机组分段中标量约束_23_56_2],-146.692
cons[火电机组分段中标量约束_23_56_3],-100.645999999997
cons[火电机组分段中标量约束_23_56_4],-54.600000000000364
cons[火电机组分段中标量约束_23_56_5],-8.554000000000087
cons[火电机组分段中标量约束_23_56_6],0.0
cons[火电机组分段中标量约束_23_56_7],0.0
cons[火电机组分段中标量约束_23_56_8],0.0
cons[火电机组分段中标量约束_23_56_9],0.0
cons[火电机组出力之和约束_23_56],-6080.62
cons[火电机组分段中标量约束_23_57_0],-238.78399999999965
cons[火电机组分段中标量约束_23_57_1],-192.73800000000028
cons[火电机组分段中标量约束_23_57_2],-146.692
cons[火电机组分段中标量约束_23_57_3],-100.645999999997
cons[火电机组分段中标量约束_23_57_4],-54.600000000000364
cons[火电机组分段中标量约束_23_57_5],-8.554000000000087
cons[火电机组分段中标量约束_23_57_6],0.0
cons[火电机组分段中标量约束_23_57_7],0.0
cons[火电机组分段中标量约束_23_57_8],0.0
cons[火电机组分段中标量约束_23_57_9],0.0
cons[火电机组出力之和约束_23_57],-6080.62
cons[火电机组分段中标量约束_23_58_0],-238.78399999999965
cons[火电机组分段中标量约束_23_58_1],-192.73800000000028
cons[火电机组分段中标量约束_23_58_2],-146.692
cons[火电机组分段中标量约束_23_58_3],-100.645999999997
cons[火电机组分段中标量约束_23_58_4],-54.600000000000364
cons[火电机组分段中标量约束_23_58_5],-8.554000000000087
cons[火电机组分段中标量约束_23_58_6],0.0
cons[火电机组分段中标量约束_23_58_7],0.0
cons[火电机组分段中标量约束_23_58_8],0.0
cons[火电机组分段中标量约束_23_58_9],0.0
cons[火电机组出力之和约束_23_58],-6080.62
cons[火电机组分段中标量约束_23_59_0],-266.1749999999993
cons[火电机组分段中标量约束_23_59_1],-220.1289999999999
cons[火电机组分段中标量约束_23_59_2],-174.08299999999963
cons[火电机组分段中标量约束_23_59_3],-128.03699999999662
cons[火电机组分段中标量约束_23_59_4],-81.99099999999999
cons[火电机组分段中标量约束_23_59_5],-35.94499999999971
cons[火电机组分段中标量约束_23_59_6],0.0
cons[火电机组分段中标量约束_23_59_7],0.0
cons[火电机组分段中标量约束_23_59_8],0.0
cons[火电机组分段中标量约束_23_59_9],0.0
cons[火电机组出力之和约束_23_59],-6108.0109999999995
cons[火电机组分段中标量约束_23_60_0],-266.6300000000001
cons[火电机组分段中标量约束_23_60_1],-220.58400000000074
cons[火电机组分段中标量约束_23_60_2],-174.53800000000047
cons[火电机组分段中标量约束_23_60_3],-128.49199999999746
cons[火电机组分段中标量约束_23_60_4],-82.44600000000082
cons[火电机组分段中标量约束_23_60_5],-36.400000000000546
cons[火电机组分段中标量约束_23_60_6],0.0
cons[火电机组分段中标量约束_23_60_7],0.0
cons[火电机组分段中标量约束_23_60_8],0.0
cons[火电机组分段中标量约束_23_60_9],0.0
cons[火电机组出力之和约束_23_60],-6108.466
cons[火电机组分段中标量约束_23_61_0],-294.47599999999966
cons[火电机组分段中标量约束_23_61_1],-248.4300000000003
cons[火电机组分段中标量约束_23_61_2],-202.38400000000001
cons[火电机组分段中标量约束_23_61_3],-156.337999999997
cons[火电机组分段中标量约束_23_61_4],-110.29200000000037
cons[火电机组分段中标量约束_23_61_5],-64.2460000000001
cons[火电机组分段中标量约束_23_61_6],-18.199999999999818
cons[火电机组分段中标量约束_23_61_7],0.0
cons[火电机组分段中标量约束_23_61_8],0.0
cons[火电机组分段中标量约束_23_61_9],0.0
cons[火电机组出力之和约束_23_61],-6136.312
cons[火电机组分段中标量约束_23_62_0],-322.3219999999992
cons[火电机组分段中标量约束_23_62_1],-276.27599999999984
cons[火电机组分段中标量约束_23_62_2],-230.22999999999956
cons[火电机组分段中标量约束_23_62_3],-184.18399999999656
cons[火电机组分段中标量约束_23_62_4],-138.13799999999992
cons[火电机组分段中标量约束_23_62_5],-92.09199999999964
cons[火电机组分段中标量约束_23_62_6],-46.04599999999937
cons[火电机组分段中标量约束_23_62_7],0.0
cons[火电机组分段中标量约束_23_62_8],0.0
cons[火电机组分段中标量约束_23_62_9],0.0
cons[火电机组出力之和约束_23_62],-6164.157999999999
cons[火电机组分段中标量约束_23_63_0],-322.3219999999992
cons[火电机组分段中标量约束_23_63_1],-276.27599999999984
cons[火电机组分段中标量约束_23_63_2],-230.22999999999956
cons[火电机组分段中标量约束_23_63_3],-184.18399999999656
cons[火电机组分段中标量约束_23_63_4],-138.13799999999992
cons[火电机组分段中标量约束_23_63_5],-92.09199999999964
cons[火电机组分段中标量约束_23_63_6],-46.04599999999937
cons[火电机组分段中标量约束_23_63_7],0.0
cons[火电机组分段中标量约束_23_63_8],0.0
cons[火电机组分段中标量约束_23_63_9],0.0
cons[火电机组出力之和约束_23_63],-6164.157999999999
cons[火电机组分段中标量约束_23_64_0],-350.1680000000015
cons[火电机组分段中标量约束_23_64_1],-304.1220000000021
cons[火电机组分段中标量约束_23_64_2],-258.07600000000184
cons[火电机组分段中标量约束_23_64_3],-212.02999999999884
cons[火电机组分段中标量约束_23_64_4],-165.9840000000022
cons[火电机组分段中标量约束_23_64_5],-119.93800000000192
cons[火电机组分段中标量约束_23_64_6],-73.89200000000164
cons[火电机组分段中标量约束_23_64_7],-27.846000000002277
cons[火电机组分段中标量约束_23_64_8],0.0
cons[火电机组分段中标量约束_23_64_9],0.0
cons[火电机组出力之和约束_23_64],-6192.004000000002
cons[火电机组分段中标量约束_23_65_0],-358.2669999999998
cons[火电机组分段中标量约束_23_65_1],-312.22100000000046
cons[火电机组分段中标量约束_23_65_2],-266.1750000000002
cons[火电机组分段中标量约束_23_65_3],-220.12899999999718
cons[火电机组分段中标量约束_23_65_4],-174.08300000000054
cons[火电机组分段中标量约束_23_65_5],-128.03700000000026
cons[火电机组分段中标量约束_23_65_6],-81.99099999999999
cons[火电机组分段中标量约束_23_65_7],-35.94500000000062
cons[火电机组分段中标量约束_23_65_8],0.0
cons[火电机组分段中标量约束_23_65_9],0.0
cons[火电机组出力之和约束_23_65],-6200.103
cons[火电机组分段中标量约束_23_66_0],-378.0140000000001
cons[火电机组分段中标量约束_23_66_1],-331.96800000000076
cons[火电机组分段中标量约束_23_66_2],-285.9220000000005
cons[火电机组分段中标量约束_23_66_3],-239.87599999999748
cons[火电机组分段中标量约束_23_66_4],-193.83000000000084
cons[火电机组分段中标量约束_23_66_5],-147.78400000000056
cons[火电机组分段中标量约束_23_66_6],-101.73800000000028
cons[火电机组分段中标量约束_23_66_7],-55.69200000000092
cons[火电机组分段中标量约束_23_66_8],-9.64599999999973
cons[火电机组分段中标量约束_23_66_9],0.0
cons[火电机组出力之和约束_23_66],-6219.85
cons[火电机组分段中标量约束_23_67_0],-378.0140000000001
cons[火电机组分段中标量约束_23_67_1],-331.96800000000076
cons[火电机组分段中标量约束_23_67_2],-285.9220000000005
cons[火电机组分段中标量约束_23_67_3],-239.87599999999748
cons[火电机组分段中标量约束_23_67_4],-193.83000000000084
cons[火电机组分段中标量约束_23_67_5],-147.78400000000056
cons[火电机组分段中标量约束_23_67_6],-101.73800000000028
cons[火电机组分段中标量约束_23_67_7],-55.69200000000092
cons[火电机组分段中标量约束_23_67_8],-9.64599999999973
cons[火电机组分段中标量约束_23_67_9],0.0
cons[火电机组出力之和约束_23_67],-6219.85
cons[火电机组分段中标量约束_23_68_0],-378.0140000000001
cons[火电机组分段中标量约束_23_68_1],-331.96800000000076
cons[火电机组分段中标量约束_23_68_2],-285.9220000000005
cons[火电机组分段中标量约束_23_68_3],-239.87599999999748
cons[火电机组分段中标量约束_23_68_4],-193.83000000000084
cons[火电机组分段中标量约束_23_68_5],-147.78400000000056
cons[火电机组分段中标量约束_23_68_6],-101.73800000000028
cons[火电机组分段中标量约束_23_68_7],-55.69200000000092
cons[火电机组分段中标量约束_23_68_8],-9.64599999999973
cons[火电机组分段中标量约束_23_68_9],0.0
cons[火电机组出力之和约束_23_68],-6219.85
cons[火电机组分段中标量约束_23_69_0],-378.0140000000001
cons[火电机组分段中标量约束_23_69_1],-331.96800000000076
cons[火电机组分段中标量约束_23_69_2],-285.9220000000005
cons[火电机组分段中标量约束_23_69_3],-239.87599999999748
cons[火电机组分段中标量约束_23_69_4],-193.83000000000084
cons[火电机组分段中标量约束_23_69_5],-147.78400000000056
cons[火电机组分段中标量约束_23_69_6],-101.73800000000028
cons[火电机组分段中标量约束_23_69_7],-55.69200000000092
cons[火电机组分段中标量约束_23_69_8],-9.64599999999973
cons[火电机组分段中标量约束_23_69_9],0.0
cons[火电机组出力之和约束_23_69],-6219.85
cons[火电机组分段中标量约束_23_70_0],-378.0140000000001
cons[火电机组分段中标量约束_23_70_1],-331.96800000000076
cons[火电机组分段中标量约束_23_70_2],-285.9220000000005
cons[火电机组分段中标量约束_23_70_3],-239.87599999999748
cons[火电机组分段中标量约束_23_70_4],-193.83000000000084
cons[火电机组分段中标量约束_23_70_5],-147.78400000000056
cons[火电机组分段中标量约束_23_70_6],-101.73800000000028
cons[火电机组分段中标量约束_23_70_7],-55.69200000000092
cons[火电机组分段中标量约束_23_70_8],-9.64599999999973
cons[火电机组分段中标量约束_23_70_9],0.0
cons[火电机组出力之和约束_23_70],-6219.85
cons[火电机组分段中标量约束_23_71_0],-400.39999999999964
cons[火电机组分段中标量约束_23_71_1],-354.35400000000027
cons[火电机组分段中标量约束_23_71_2],-308.308
cons[火电机组分段中标量约束_23_71_3],-262.261999999997
cons[火电机组分段中标量约束_23_71_4],-216.21600000000035
cons[火电机组分段中标量约束_23_71_5],-170.17000000000007
cons[火电机组分段中标量约束_23_71_6],-124.1239999999998
cons[火电机组分段中标量约束_23_71_7],-78.07800000000043
cons[火电机组分段中标量约束_23_71_8],-32.03199999999924
cons[火电机组分段中标量约束_23_71_9],0.0
cons[火电机组出力之和约束_23_71],-6242.236
cons[火电机组分段中标量约束_23_72_0],-404.3129999999992
cons[火电机组分段中标量约束_23_72_1],-358.2669999999998
cons[火电机组分段中标量约束_23_72_2],-312.22099999999955
cons[火电机组分段中标量约束_23_72_3],-266.17499999999654
cons[火电机组分段中标量约束_23_72_4],-220.1289999999999
cons[火电机组分段中标量约束_23_72_5],-174.08299999999963
cons[火电机组分段中标量约束_23_72_6],-128.03699999999935
cons[火电机组分段中标量约束_23_72_7],-81.99099999999999
cons[火电机组分段中标量约束_23_72_8],-35.9449999999988
cons[火电机组分段中标量约束_23_72_9],0.0
cons[火电机组出力之和约束_23_72],-6246.148999999999
cons[火电机组分段中标量约束_23_73_0],-414.4140000000025
cons[火电机组分段中标量约束_23_73_1],-368.3680000000031
cons[火电机组分段中标量约束_23_73_2],-322.32200000000284
cons[火电机组分段中标量约束_23_73_3],-276.27599999999984
cons[火电机组分段中标量约束_23_73_4],-230.2300000000032
cons[火电机组分段中标量约束_23_73_5],-184.18400000000292
cons[火电机组分段中标量约束_23_73_6],-138.13800000000265
cons[火电机组分段中标量约束_23_73_7],-92.09200000000328
cons[火电机组分段中标量约束_23_73_8],-46.046000000002095
cons[火电机组分段中标量约束_23_73_9],0.0
cons[火电机组出力之和约束_23_73],-6256.250000000003
cons[火电机组分段中标量约束_23_74_0],-445.9454999999998
cons[火电机组分段中标量约束_23_74_1],-399.89950000000044
cons[火电机组分段中标量约束_23_74_2],-353.85350000000017
cons[火电机组分段中标量约束_23_74_3],-307.80749999999716
cons[火电机组分段中标量约束_23_74_4],-261.7615000000005
cons[火电机组分段中标量约束_23_74_5],-215.71550000000025
cons[火电机组分段中标量约束_23_74_6],-169.66949999999997
cons[火电机组分段中标量约束_23_74_7],-123.6235000000006
cons[火电机组分段中标量约束_23_74_8],-77.57749999999942
cons[火电机组分段中标量约束_23_74_9],-31.531499999997322
cons[火电机组出力之和约束_23_74],-6287.7815
cons[火电机组分段中标量约束_23_75_0],-445.9454999999998
cons[火电机组分段中标量约束_23_75_1],-399.89950000000044
cons[火电机组分段中标量约束_23_75_2],-353.85350000000017
cons[火电机组分段中标量约束_23_75_3],-307.80749999999716
cons[火电机组分段中标量约束_23_75_4],-261.7615000000005
cons[火电机组分段中标量约束_23_75_5],-215.71550000000025
cons[火电机组分段中标量约束_23_75_6],-169.66949999999997
cons[火电机组分段中标量约束_23_75_7],-123.6235000000006
cons[火电机组分段中标量约束_23_75_8],-77.57749999999942
cons[火电机组分段中标量约束_23_75_9],-31.531499999997322
cons[火电机组出力之和约束_23_75],-6287.7815
cons[火电机组分段中标量约束_23_76_0],-404.3129999999992
cons[火电机组分段中标量约束_23_76_1],-358.2669999999998
cons[火电机组分段中标量约束_23_76_2],-312.22099999999955
cons[火电机组分段中标量约束_23_76_3],-266.17499999999654
cons[火电机组分段中标量约束_23_76_4],-220.1289999999999
cons[火电机组分段中标量约束_23_76_5],-174.08299999999963
cons[火电机组分段中标量约束_23_76_6],-128.03699999999935
cons[火电机组分段中标量约束_23_76_7],-81.99099999999999
cons[火电机组分段中标量约束_23_76_8],-35.9449999999988
cons[火电机组分段中标量约束_23_76_9],0.0
cons[火电机组出力之和约束_23_76],-6246.148999999999
cons[火电机组分段中标量约束_23_77_0],-400.39999999999964
cons[火电机组分段中标量约束_23_77_1],-354.35400000000027
cons[火电机组分段中标量约束_23_77_2],-308.308
cons[火电机组分段中标量约束_23_77_3],-262.261999999997
cons[火电机组分段中标量约束_23_77_4],-216.21600000000035
cons[火电机组分段中标量约束_23_77_5],-170.17000000000007
cons[火电机组分段中标量约束_23_77_6],-124.1239999999998
cons[火电机组分段中标量约束_23_77_7],-78.07800000000043
cons[火电机组分段中标量约束_23_77_8],-32.03199999999924
cons[火电机组分段中标量约束_23_77_9],0.0
cons[火电机组出力之和约束_23_77],-6242.236
cons[火电机组分段中标量约束_23_78_0],-378.0140000000001
cons[火电机组分段中标量约束_23_78_1],-331.96800000000076
cons[火电机组分段中标量约束_23_78_2],-285.9220000000005
cons[火电机组分段中标量约束_23_78_3],-239.87599999999748
cons[火电机组分段中标量约束_23_78_4],-193.83000000000084
cons[火电机组分段中标量约束_23_78_5],-147.78400000000056
cons[火电机组分段中标量约束_23_78_6],-101.73800000000028
cons[火电机组分段中标量约束_23_78_7],-55.69200000000092
cons[火电机组分段中标量约束_23_78_8],-9.64599999999973
cons[火电机组分段中标量约束_23_78_9],0.0
cons[火电机组出力之和约束_23_78],-6219.85
cons[火电机组分段中标量约束_23_79_0],-378.0140000000001
cons[火电机组分段中标量约束_23_79_1],-331.96800000000076
cons[火电机组分段中标量约束_23_79_2],-285.9220000000005
cons[火电机组分段中标量约束_23_79_3],-239.87599999999748
cons[火电机组分段中标量约束_23_79_4],-193.83000000000084
cons[火电机组分段中标量约束_23_79_5],-147.78400000000056
cons[火电机组分段中标量约束_23_79_6],-101.73800000000028
cons[火电机组分段中标量约束_23_79_7],-55.69200000000092
cons[火电机组分段中标量约束_23_79_8],-9.64599999999973
cons[火电机组分段中标量约束_23_79_9],0.0
cons[火电机组出力之和约束_23_79],-6219.85
cons[火电机组分段中标量约束_23_80_0],-358.2669999999998
cons[火电机组分段中标量约束_23_80_1],-312.22100000000046
cons[火电机组分段中标量约束_23_80_2],-266.1750000000002
cons[火电机组分段中标量约束_23_80_3],-220.12899999999718
cons[火电机组分段中标量约束_23_80_4],-174.08300000000054
cons[火电机组分段中标量约束_23_80_5],-128.03700000000026
cons[火电机组分段中标量约束_23_80_6],-81.99099999999999
cons[火电机组分段中标量约束_23_80_7],-35.94500000000062
cons[火电机组分段中标量约束_23_80_8],0.0
cons[火电机组分段中标量约束_23_80_9],0.0
cons[火电机组出力之和约束_23_80],-6200.103
cons[火电机组分段中标量约束_23_81_0],-354.85449999999946
cons[火电机组分段中标量约束_23_81_1],-308.8085000000001
cons[火电机组分段中标量约束_23_81_2],-262.7624999999998
cons[火电机组分段中标量约束_23_81_3],-216.7164999999968
cons[火电机组分段中标量约束_23_81_4],-170.67050000000017
cons[火电机组分段中标量约束_23_81_5],-124.6244999999999
cons[火电机组分段中标量约束_23_81_6],-78.57849999999962
cons[火电机组分段中标量约束_23_81_7],-32.532500000000255
cons[火电机组分段中标量约束_23_81_8],0.0
cons[火电机组分段中标量约束_23_81_9],0.0
cons[火电机组出力之和约束_23_81],-6196.6905
cons[火电机组分段中标量约束_23_82_0],-350.1680000000015
cons[火电机组分段中标量约束_23_82_1],-304.1220000000021
cons[火电机组分段中标量约束_23_82_2],-258.07600000000184
cons[火电机组分段中标量约束_23_82_3],-212.02999999999884
cons[火电机组分段中标量约束_23_82_4],-165.9840000000022
cons[火电机组分段中标量约束_23_82_5],-119.93800000000192
cons[火电机组分段中标量约束_23_82_6],-73.89200000000164
cons[火电机组分段中标量约束_23_82_7],-27.846000000002277
cons[火电机组分段中标量约束_23_82_8],0.0
cons[火电机组分段中标量约束_23_82_9],0.0
cons[火电机组出力之和约束_23_82],-6192.004000000002
cons[火电机组分段中标量约束_23_83_0],-322.3219999999992
cons[火电机组分段中标量约束_23_83_1],-276.27599999999984
cons[火电机组分段中标量约束_23_83_2],-230.22999999999956
cons[火电机组分段中标量约束_23_83_3],-184.18399999999656
cons[火电机组分段中标量约束_23_83_4],-138.13799999999992
cons[火电机组分段中标量约束_23_83_5],-92.09199999999964
cons[火电机组分段中标量约束_23_83_6],-46.04599999999937
cons[火电机组分段中标量约束_23_83_7],0.0
cons[火电机组分段中标量约束_23_83_8],0.0
cons[火电机组分段中标量约束_23_83_9],0.0
cons[火电机组出力之和约束_23_83],-6164.157999999999
cons[火电机组分段中标量约束_23_84_0],-322.3219999999992
cons[火电机组分段中标量约束_23_84_1],-276.27599999999984
cons[火电机组分段中标量约束_23_84_2],-230.22999999999956
cons[火电机组分段中标量约束_23_84_3],-184.18399999999656
cons[火电机组分段中标量约束_23_84_4],-138.13799999999992
cons[火电机组分段中标量约束_23_84_5],-92.09199999999964
cons[火电机组分段中标量约束_23_84_6],-46.04599999999937
cons[火电机组分段中标量约束_23_84_7],0.0
cons[火电机组分段中标量约束_23_84_8],0.0
cons[火电机组分段中标量约束_23_84_9],0.0
cons[火电机组出力之和约束_23_84],-6164.157999999999
cons[火电机组分段中标量约束_23_85_0],-322.3219999999992
cons[火电机组分段中标量约束_23_85_1],-276.27599999999984
cons[火电机组分段中标量约束_23_85_2],-230.22999999999956
cons[火电机组分段中标量约束_23_85_3],-184.18399999999656
cons[火电机组分段中标量约束_23_85_4],-138.13799999999992
cons[火电机组分段中标量约束_23_85_5],-92.09199999999964
cons[火电机组分段中标量约束_23_85_6],-46.04599999999937
cons[火电机组分段中标量约束_23_85_7],0.0
cons[火电机组分段中标量约束_23_85_8],0.0
cons[火电机组分段中标量约束_23_85_9],0.0
cons[火电机组出力之和约束_23_85],-6164.157999999999
cons[火电机组分段中标量约束_23_86_0],-322.3219999999992
cons[火电机组分段中标量约束_23_86_1],-276.27599999999984
cons[火电机组分段中标量约束_23_86_2],-230.22999999999956
cons[火电机组分段中标量约束_23_86_3],-184.18399999999656
cons[火电机组分段中标量约束_23_86_4],-138.13799999999992
cons[火电机组分段中标量约束_23_86_5],-92.09199999999964
cons[火电机组分段中标量约束_23_86_6],-46.04599999999937
cons[火电机组分段中标量约束_23_86_7],0.0
cons[火电机组分段中标量约束_23_86_8],0.0
cons[火电机组分段中标量约束_23_86_9],0.0
cons[火电机组出力之和约束_23_86],-6164.157999999999
cons[火电机组分段中标量约束_23_87_0],-312.22100000000046
cons[火电机组分段中标量约束_23_87_1],-266.1750000000011
cons[火电机组分段中标量约束_23_87_2],-220.12900000000081
cons[火电机组分段中标量约束_23_87_3],-174.0829999999978
cons[火电机组分段中标量约束_23_87_4],-128.03700000000117
cons[火电机组分段中标量约束_23_87_5],-81.9910000000009
cons[火电机组分段中标量约束_23_87_6],-35.94500000000062
cons[火电机组分段中标量约束_23_87_7],0.0
cons[火电机组分段中标量约束_23_87_8],0.0
cons[火电机组分段中标量约束_23_87_9],0.0
cons[火电机组出力之和约束_23_87],-6154.057000000001
cons[火电机组分段中标量约束_23_88_0],-266.6300000000001
cons[火电机组分段中标量约束_23_88_1],-220.58400000000074
cons[火电机组分段中标量约束_23_88_2],-174.53800000000047
cons[火电机组分段中标量约束_23_88_3],-128.49199999999746
cons[火电机组分段中标量约束_23_88_4],-82.44600000000082
cons[火电机组分段中标量约束_23_88_5],-36.400000000000546
cons[火电机组分段中标量约束_23_88_6],0.0
cons[火电机组分段中标量约束_23_88_7],0.0
cons[火电机组分段中标量约束_23_88_8],0.0
cons[火电机组分段中标量约束_23_88_9],0.0
cons[火电机组出力之和约束_23_88],-6108.466
cons[火电机组分段中标量约束_23_89_0],-238.78399999999965
cons[火电机组分段中标量约束_23_89_1],-192.73800000000028
cons[火电机组分段中标量约束_23_89_2],-146.692
cons[火电机组分段中标量约束_23_89_3],-100.645999999997
cons[火电机组分段中标量约束_23_89_4],-54.600000000000364
cons[火电机组分段中标量约束_23_89_5],-8.554000000000087
cons[火电机组分段中标量约束_23_89_6],0.0
cons[火电机组分段中标量约束_23_89_7],0.0
cons[火电机组分段中标量约束_23_89_8],0.0
cons[火电机组分段中标量约束_23_89_9],0.0
cons[火电机组出力之和约束_23_89],-6080.62
cons[火电机组分段中标量约束_23_90_0],-210.9380000000001
cons[火电机组分段中标量约束_23_90_1],-164.89200000000073
cons[火电机组分段中标量约束_23_90_2],-118.84600000000046
cons[火电机组分段中标量约束_23_90_3],-72.79999999999745
cons[火电机组分段中标量约束_23_90_4],-26.754000000000815
cons[火电机组分段中标量约束_23_90_5],0.0
cons[火电机组分段中标量约束_23_90_6],0.0
cons[火电机组分段中标量约束_23_90_7],0.0
cons[火电机组分段中标量约束_23_90_8],0.0
cons[火电机组分段中标量约束_23_90_9],0.0
cons[火电机组出力之和约束_23_90],-6052.774
cons[火电机组分段中标量约束_23_91_0],-183.09199999999964
cons[火电机组分段中标量约束_23_91_1],-137.04600000000028
cons[火电机组分段中标量约束_23_91_2],-91.0
cons[火电机组分段中标量约束_23_91_3],-44.953999999996995
cons[火电机组分段中标量约束_23_91_4],0.0
cons[火电机组分段中标量约束_23_91_5],0.0
cons[火电机组分段中标量约束_23_91_6],0.0
cons[火电机组分段中标量约束_23_91_7],0.0
cons[火电机组分段中标量约束_23_91_8],0.0
cons[火电机组分段中标量约束_23_91_9],0.0
cons[火电机组出力之和约束_23_91],-6024.928
cons[火电机组分段中标量约束_23_92_0],-138.13800000000265
cons[火电机组分段中标量约束_23_92_1],-92.09200000000328
cons[火电机组分段中标量约束_23_92_2],-46.046000000003005
cons[火电机组分段中标量约束_23_92_3],0.0
cons[火电机组分段中标量约束_23_92_4],0.0
cons[火电机组分段中标量约束_23_92_5],0.0
cons[火电机组分段中标量约束_23_92_6],0.0
cons[火电机组分段中标量约束_23_92_7],0.0
cons[火电机组分段中标量约束_23_92_8],0.0
cons[火电机组分段中标量约束_23_92_9],0.0
cons[火电机组出力之和约束_23_92],-5979.974000000003
cons[火电机组分段中标量约束_23_93_0],-92.09199999999964
cons[火电机组分段中标量约束_23_93_1],-46.04600000000028
cons[火电机组分段中标量约束_23_93_2],0.0
cons[火电机组分段中标量约束_23_93_3],0.0
cons[火电机组分段中标量约束_23_93_4],0.0
cons[火电机组分段中标量约束_23_93_5],0.0
cons[火电机组分段中标量约束_23_93_6],0.0
cons[火电机组分段中标量约束_23_93_7],0.0
cons[火电机组分段中标量约束_23_93_8],0.0
cons[火电机组分段中标量约束_23_93_9],0.0
cons[火电机组出力之和约束_23_93],-5933.928
cons[火电机组分段中标量约束_23_94_0],-46.04599999999937
cons[火电机组分段中标量约束_23_94_1],0.0
cons[火电机组分段中标量约束_23_94_2],0.0
cons[火电机组分段中标量约束_23_94_3],0.0
cons[火电机组分段中标量约束_23_94_4],0.0
cons[火电机组分段中标量约束_23_94_5],0.0
cons[火电机组分段中标量约束_23_94_6],0.0
cons[火电机组分段中标量约束_23_94_7],0.0
cons[火电机组分段中标量约束_23_94_8],0.0
cons[火电机组分段中标量约束_23_94_9],0.0
cons[火电机组出力之和约束_23_94],-5887.882
cons[火电机组分段中标量约束_23_95_0],0.0
cons[火电机组分段中标量约束_23_95_1],0.0
cons[火电机组分段中标量约束_23_95_2],0.0
cons[火电机组分段中标量约束_23_95_3],0.0
cons[火电机组分段中标量约束_23_95_4],0.0
cons[火电机组分段中标量约束_23_95_5],0.0
cons[火电机组分段中标量约束_23_95_6],0.0
cons[火电机组分段中标量约束_23_95_7],0.0
cons[火电机组分段中标量约束_23_95_8],0.0
cons[火电机组分段中标量约束_23_95_9],0.0
cons[火电机组出力之和约束_23_95],-5841.836
cons[火电机组分段中标量约束_24_0_0],0.0
cons[火电机组分段中标量约束_24_0_1],0.0
cons[火电机组分段中标量约束_24_0_2],0.0
cons[火电机组分段中标量约束_24_0_3],0.0
cons[火电机组分段中标量约束_24_0_4],0.0
cons[火电机组分段中标量约束_24_0_5],0.0
cons[火电机组分段中标量约束_24_0_6],0.0
cons[火电机组分段中标量约束_24_0_7],0.0
cons[火电机组分段中标量约束_24_0_8],0.0
cons[火电机组分段中标量约束_24_0_9],0.0
cons[火电机组出力之和约束_24_0],0.0
cons[火电机组分段中标量约束_24_1_0],0.0
cons[火电机组分段中标量约束_24_1_1],0.0
cons[火电机组分段中标量约束_24_1_2],0.0
cons[火电机组分段中标量约束_24_1_3],0.0
cons[火电机组分段中标量约束_24_1_4],0.0
cons[火电机组分段中标量约束_24_1_5],0.0
cons[火电机组分段中标量约束_24_1_6],0.0
cons[火电机组分段中标量约束_24_1_7],0.0
cons[火电机组分段中标量约束_24_1_8],0.0
cons[火电机组分段中标量约束_24_1_9],0.0
cons[火电机组出力之和约束_24_1],0.0
cons[火电机组分段中标量约束_24_2_0],0.0
cons[火电机组分段中标量约束_24_2_1],0.0
cons[火电机组分段中标量约束_24_2_2],0.0
cons[火电机组分段中标量约束_24_2_3],0.0
cons[火电机组分段中标量约束_24_2_4],0.0
cons[火电机组分段中标量约束_24_2_5],0.0
cons[火电机组分段中标量约束_24_2_6],0.0
cons[火电机组分段中标量约束_24_2_7],0.0
cons[火电机组分段中标量约束_24_2_8],0.0
cons[火电机组分段中标量约束_24_2_9],0.0
cons[火电机组出力之和约束_24_2],0.0
cons[火电机组分段中标量约束_24_3_0],0.0
cons[火电机组分段中标量约束_24_3_1],0.0
cons[火电机组分段中标量约束_24_3_2],0.0
cons[火电机组分段中标量约束_24_3_3],0.0
cons[火电机组分段中标量约束_24_3_4],0.0
cons[火电机组分段中标量约束_24_3_5],0.0
cons[火电机组分段中标量约束_24_3_6],0.0
cons[火电机组分段中标量约束_24_3_7],0.0
cons[火电机组分段中标量约束_24_3_8],0.0
cons[火电机组分段中标量约束_24_3_9],0.0
cons[火电机组出力之和约束_24_3],0.0
cons[火电机组分段中标量约束_24_4_0],0.0
cons[火电机组分段中标量约束_24_4_1],0.0
cons[火电机组分段中标量约束_24_4_2],0.0
cons[火电机组分段中标量约束_24_4_3],0.0
cons[火电机组分段中标量约束_24_4_4],0.0
cons[火电机组分段中标量约束_24_4_5],0.0
cons[火电机组分段中标量约束_24_4_6],0.0
cons[火电机组分段中标量约束_24_4_7],0.0
cons[火电机组分段中标量约束_24_4_8],0.0
cons[火电机组分段中标量约束_24_4_9],0.0
cons[火电机组出力之和约束_24_4],0.0
cons[火电机组分段中标量约束_24_5_0],0.0
cons[火电机组分段中标量约束_24_5_1],0.0
cons[火电机组分段中标量约束_24_5_2],0.0
cons[火电机组分段中标量约束_24_5_3],0.0
cons[火电机组分段中标量约束_24_5_4],0.0
cons[火电机组分段中标量约束_24_5_5],0.0
cons[火电机组分段中标量约束_24_5_6],0.0
cons[火电机组分段中标量约束_24_5_7],0.0
cons[火电机组分段中标量约束_24_5_8],0.0
cons[火电机组分段中标量约束_24_5_9],0.0
cons[火电机组出力之和约束_24_5],0.0
cons[火电机组分段中标量约束_24_6_0],0.0
cons[火电机组分段中标量约束_24_6_1],0.0
cons[火电机组分段中标量约束_24_6_2],0.0
cons[火电机组分段中标量约束_24_6_3],0.0
cons[火电机组分段中标量约束_24_6_4],0.0
cons[火电机组分段中标量约束_24_6_5],0.0
cons[火电机组分段中标量约束_24_6_6],0.0
cons[火电机组分段中标量约束_24_6_7],0.0
cons[火电机组分段中标量约束_24_6_8],0.0
cons[火电机组分段中标量约束_24_6_9],0.0
cons[火电机组出力之和约束_24_6],0.0
cons[火电机组分段中标量约束_24_7_0],0.0
cons[火电机组分段中标量约束_24_7_1],0.0
cons[火电机组分段中标量约束_24_7_2],0.0
cons[火电机组分段中标量约束_24_7_3],0.0
cons[火电机组分段中标量约束_24_7_4],0.0
cons[火电机组分段中标量约束_24_7_5],0.0
cons[火电机组分段中标量约束_24_7_6],0.0
cons[火电机组分段中标量约束_24_7_7],0.0
cons[火电机组分段中标量约束_24_7_8],0.0
cons[火电机组分段中标量约束_24_7_9],0.0
cons[火电机组出力之和约束_24_7],0.0
cons[火电机组分段中标量约束_24_8_0],0.0
cons[火电机组分段中标量约束_24_8_1],0.0
cons[火电机组分段中标量约束_24_8_2],0.0
cons[火电机组分段中标量约束_24_8_3],0.0
cons[火电机组分段中标量约束_24_8_4],0.0
cons[火电机组分段中标量约束_24_8_5],0.0
cons[火电机组分段中标量约束_24_8_6],0.0
cons[火电机组分段中标量约束_24_8_7],0.0
cons[火电机组分段中标量约束_24_8_8],0.0
cons[火电机组分段中标量约束_24_8_9],0.0
cons[火电机组出力之和约束_24_8],0.0
cons[火电机组分段中标量约束_24_9_0],0.0
cons[火电机组分段中标量约束_24_9_1],0.0
cons[火电机组分段中标量约束_24_9_2],0.0
cons[火电机组分段中标量约束_24_9_3],0.0
cons[火电机组分段中标量约束_24_9_4],0.0
cons[火电机组分段中标量约束_24_9_5],0.0
cons[火电机组分段中标量约束_24_9_6],0.0
cons[火电机组分段中标量约束_24_9_7],0.0
cons[火电机组分段中标量约束_24_9_8],0.0
cons[火电机组分段中标量约束_24_9_9],0.0
cons[火电机组出力之和约束_24_9],0.0
cons[火电机组分段中标量约束_24_10_0],0.0
cons[火电机组分段中标量约束_24_10_1],0.0
cons[火电机组分段中标量约束_24_10_2],0.0
cons[火电机组分段中标量约束_24_10_3],0.0
cons[火电机组分段中标量约束_24_10_4],0.0
cons[火电机组分段中标量约束_24_10_5],0.0
cons[火电机组分段中标量约束_24_10_6],0.0
cons[火电机组分段中标量约束_24_10_7],0.0
cons[火电机组分段中标量约束_24_10_8],0.0
cons[火电机组分段中标量约束_24_10_9],0.0
cons[火电机组出力之和约束_24_10],0.0
cons[火电机组分段中标量约束_24_11_0],0.0
cons[火电机组分段中标量约束_24_11_1],0.0
cons[火电机组分段中标量约束_24_11_2],0.0
cons[火电机组分段中标量约束_24_11_3],0.0
cons[火电机组分段中标量约束_24_11_4],0.0
cons[火电机组分段中标量约束_24_11_5],0.0
cons[火电机组分段中标量约束_24_11_6],0.0
cons[火电机组分段中标量约束_24_11_7],0.0
cons[火电机组分段中标量约束_24_11_8],0.0
cons[火电机组分段中标量约束_24_11_9],0.0
cons[火电机组出力之和约束_24_11],0.0
cons[火电机组分段中标量约束_24_12_0],0.0
cons[火电机组分段中标量约束_24_12_1],0.0
cons[火电机组分段中标量约束_24_12_2],0.0
cons[火电机组分段中标量约束_24_12_3],0.0
cons[火电机组分段中标量约束_24_12_4],0.0
cons[火电机组分段中标量约束_24_12_5],0.0
cons[火电机组分段中标量约束_24_12_6],0.0
cons[火电机组分段中标量约束_24_12_7],0.0
cons[火电机组分段中标量约束_24_12_8],0.0
cons[火电机组分段中标量约束_24_12_9],0.0
cons[火电机组出力之和约束_24_12],0.0
cons[火电机组分段中标量约束_24_13_0],0.0
cons[火电机组分段中标量约束_24_13_1],0.0
cons[火电机组分段中标量约束_24_13_2],0.0
cons[火电机组分段中标量约束_24_13_3],0.0
cons[火电机组分段中标量约束_24_13_4],0.0
cons[火电机组分段中标量约束_24_13_5],0.0
cons[火电机组分段中标量约束_24_13_6],0.0
cons[火电机组分段中标量约束_24_13_7],0.0
cons[火电机组分段中标量约束_24_13_8],0.0
cons[火电机组分段中标量约束_24_13_9],0.0
cons[火电机组出力之和约束_24_13],0.0
cons[火电机组分段中标量约束_24_14_0],0.0
cons[火电机组分段中标量约束_24_14_1],0.0
cons[火电机组分段中标量约束_24_14_2],0.0
cons[火电机组分段中标量约束_24_14_3],0.0
cons[火电机组分段中标量约束_24_14_4],0.0
cons[火电机组分段中标量约束_24_14_5],0.0
cons[火电机组分段中标量约束_24_14_6],0.0
cons[火电机组分段中标量约束_24_14_7],0.0
cons[火电机组分段中标量约束_24_14_8],0.0
cons[火电机组分段中标量约束_24_14_9],0.0
cons[火电机组出力之和约束_24_14],0.0
cons[火电机组分段中标量约束_24_15_0],0.0
cons[火电机组分段中标量约束_24_15_1],0.0
cons[火电机组分段中标量约束_24_15_2],0.0
cons[火电机组分段中标量约束_24_15_3],0.0
cons[火电机组分段中标量约束_24_15_4],0.0
cons[火电机组分段中标量约束_24_15_5],0.0
cons[火电机组分段中标量约束_24_15_6],0.0
cons[火电机组分段中标量约束_24_15_7],0.0
cons[火电机组分段中标量约束_24_15_8],0.0
cons[火电机组分段中标量约束_24_15_9],0.0
cons[火电机组出力之和约束_24_15],0.0
cons[火电机组分段中标量约束_24_16_0],0.0
cons[火电机组分段中标量约束_24_16_1],0.0
cons[火电机组分段中标量约束_24_16_2],0.0
cons[火电机组分段中标量约束_24_16_3],0.0
cons[火电机组分段中标量约束_24_16_4],0.0
cons[火电机组分段中标量约束_24_16_5],0.0
cons[火电机组分段中标量约束_24_16_6],0.0
cons[火电机组分段中标量约束_24_16_7],0.0
cons[火电机组分段中标量约束_24_16_8],0.0
cons[火电机组分段中标量约束_24_16_9],0.0
cons[火电机组出力之和约束_24_16],0.0
cons[火电机组分段中标量约束_24_17_0],0.0
cons[火电机组分段中标量约束_24_17_1],0.0
cons[火电机组分段中标量约束_24_17_2],0.0
cons[火电机组分段中标量约束_24_17_3],0.0
cons[火电机组分段中标量约束_24_17_4],0.0
cons[火电机组分段中标量约束_24_17_5],0.0
cons[火电机组分段中标量约束_24_17_6],0.0
cons[火电机组分段中标量约束_24_17_7],0.0
cons[火电机组分段中标量约束_24_17_8],0.0
cons[火电机组分段中标量约束_24_17_9],0.0
cons[火电机组出力之和约束_24_17],0.0
cons[火电机组分段中标量约束_24_18_0],0.0
cons[火电机组分段中标量约束_24_18_1],0.0
cons[火电机组分段中标量约束_24_18_2],0.0
cons[火电机组分段中标量约束_24_18_3],0.0
cons[火电机组分段中标量约束_24_18_4],0.0
cons[火电机组分段中标量约束_24_18_5],0.0
cons[火电机组分段中标量约束_24_18_6],0.0
cons[火电机组分段中标量约束_24_18_7],0.0
cons[火电机组分段中标量约束_24_18_8],0.0
cons[火电机组分段中标量约束_24_18_9],0.0
cons[火电机组出力之和约束_24_18],0.0
cons[火电机组分段中标量约束_24_19_0],0.0
cons[火电机组分段中标量约束_24_19_1],0.0
cons[火电机组分段中标量约束_24_19_2],0.0
cons[火电机组分段中标量约束_24_19_3],0.0
cons[火电机组分段中标量约束_24_19_4],0.0
cons[火电机组分段中标量约束_24_19_5],0.0
cons[火电机组分段中标量约束_24_19_6],0.0
cons[火电机组分段中标量约束_24_19_7],0.0
cons[火电机组分段中标量约束_24_19_8],0.0
cons[火电机组分段中标量约束_24_19_9],0.0
cons[火电机组出力之和约束_24_19],0.0
cons[火电机组分段中标量约束_24_20_0],0.0
cons[火电机组分段中标量约束_24_20_1],0.0
cons[火电机组分段中标量约束_24_20_2],0.0
cons[火电机组分段中标量约束_24_20_3],0.0
cons[火电机组分段中标量约束_24_20_4],0.0
cons[火电机组分段中标量约束_24_20_5],0.0
cons[火电机组分段中标量约束_24_20_6],0.0
cons[火电机组分段中标量约束_24_20_7],0.0
cons[火电机组分段中标量约束_24_20_8],0.0
cons[火电机组分段中标量约束_24_20_9],0.0
cons[火电机组出力之和约束_24_20],0.0
cons[火电机组分段中标量约束_24_21_0],0.0
cons[火电机组分段中标量约束_24_21_1],0.0
cons[火电机组分段中标量约束_24_21_2],0.0
cons[火电机组分段中标量约束_24_21_3],0.0
cons[火电机组分段中标量约束_24_21_4],0.0
cons[火电机组分段中标量约束_24_21_5],0.0
cons[火电机组分段中标量约束_24_21_6],0.0
cons[火电机组分段中标量约束_24_21_7],0.0
cons[火电机组分段中标量约束_24_21_8],0.0
cons[火电机组分段中标量约束_24_21_9],0.0
cons[火电机组出力之和约束_24_21],0.0
cons[火电机组分段中标量约束_24_22_0],0.0
cons[火电机组分段中标量约束_24_22_1],0.0
cons[火电机组分段中标量约束_24_22_2],0.0
cons[火电机组分段中标量约束_24_22_3],0.0
cons[火电机组分段中标量约束_24_22_4],0.0
cons[火电机组分段中标量约束_24_22_5],0.0
cons[火电机组分段中标量约束_24_22_6],0.0
cons[火电机组分段中标量约束_24_22_7],0.0
cons[火电机组分段中标量约束_24_22_8],0.0
cons[火电机组分段中标量约束_24_22_9],0.0
cons[火电机组出力之和约束_24_22],0.0
cons[火电机组分段中标量约束_24_23_0],0.0
cons[火电机组分段中标量约束_24_23_1],0.0
cons[火电机组分段中标量约束_24_23_2],0.0
cons[火电机组分段中标量约束_24_23_3],0.0
cons[火电机组分段中标量约束_24_23_4],0.0
cons[火电机组分段中标量约束_24_23_5],0.0
cons[火电机组分段中标量约束_24_23_6],0.0
cons[火电机组分段中标量约束_24_23_7],0.0
cons[火电机组分段中标量约束_24_23_8],0.0
cons[火电机组分段中标量约束_24_23_9],0.0
cons[火电机组出力之和约束_24_23],0.0
cons[火电机组分段中标量约束_24_24_0],0.0
cons[火电机组分段中标量约束_24_24_1],0.0
cons[火电机组分段中标量约束_24_24_2],0.0
cons[火电机组分段中标量约束_24_24_3],0.0
cons[火电机组分段中标量约束_24_24_4],0.0
cons[火电机组分段中标量约束_24_24_5],0.0
cons[火电机组分段中标量约束_24_24_6],0.0
cons[火电机组分段中标量约束_24_24_7],0.0
cons[火电机组分段中标量约束_24_24_8],0.0
cons[火电机组分段中标量约束_24_24_9],0.0
cons[火电机组出力之和约束_24_24],0.0
cons[火电机组分段中标量约束_24_25_0],0.0
cons[火电机组分段中标量约束_24_25_1],0.0
cons[火电机组分段中标量约束_24_25_2],0.0
cons[火电机组分段中标量约束_24_25_3],0.0
cons[火电机组分段中标量约束_24_25_4],0.0
cons[火电机组分段中标量约束_24_25_5],0.0
cons[火电机组分段中标量约束_24_25_6],0.0
cons[火电机组分段中标量约束_24_25_7],0.0
cons[火电机组分段中标量约束_24_25_8],0.0
cons[火电机组分段中标量约束_24_25_9],0.0
cons[火电机组出力之和约束_24_25],0.0
cons[火电机组分段中标量约束_24_26_0],0.0
cons[火电机组分段中标量约束_24_26_1],0.0
cons[火电机组分段中标量约束_24_26_2],0.0
cons[火电机组分段中标量约束_24_26_3],0.0
cons[火电机组分段中标量约束_24_26_4],0.0
cons[火电机组分段中标量约束_24_26_5],0.0
cons[火电机组分段中标量约束_24_26_6],0.0
cons[火电机组分段中标量约束_24_26_7],0.0
cons[火电机组分段中标量约束_24_26_8],0.0
cons[火电机组分段中标量约束_24_26_9],0.0
cons[火电机组出力之和约束_24_26],0.0
cons[火电机组分段中标量约束_24_27_0],0.0
cons[火电机组分段中标量约束_24_27_1],0.0
cons[火电机组分段中标量约束_24_27_2],0.0
cons[火电机组分段中标量约束_24_27_3],0.0
cons[火电机组分段中标量约束_24_27_4],0.0
cons[火电机组分段中标量约束_24_27_5],0.0
cons[火电机组分段中标量约束_24_27_6],0.0
cons[火电机组分段中标量约束_24_27_7],0.0
cons[火电机组分段中标量约束_24_27_8],0.0
cons[火电机组分段中标量约束_24_27_9],0.0
cons[火电机组出力之和约束_24_27],0.0
cons[火电机组分段中标量约束_24_28_0],0.0
cons[火电机组分段中标量约束_24_28_1],0.0
cons[火电机组分段中标量约束_24_28_2],0.0
cons[火电机组分段中标量约束_24_28_3],0.0
cons[火电机组分段中标量约束_24_28_4],0.0
cons[火电机组分段中标量约束_24_28_5],0.0
cons[火电机组分段中标量约束_24_28_6],0.0
cons[火电机组分段中标量约束_24_28_7],0.0
cons[火电机组分段中标量约束_24_28_8],0.0
cons[火电机组分段中标量约束_24_28_9],0.0
cons[火电机组出力之和约束_24_28],0.0
cons[火电机组分段中标量约束_24_29_0],0.0
cons[火电机组分段中标量约束_24_29_1],0.0
cons[火电机组分段中标量约束_24_29_2],0.0
cons[火电机组分段中标量约束_24_29_3],0.0
cons[火电机组分段中标量约束_24_29_4],0.0
cons[火电机组分段中标量约束_24_29_5],0.0
cons[火电机组分段中标量约束_24_29_6],0.0
cons[火电机组分段中标量约束_24_29_7],0.0
cons[火电机组分段中标量约束_24_29_8],0.0
cons[火电机组分段中标量约束_24_29_9],0.0
cons[火电机组出力之和约束_24_29],0.0
cons[火电机组分段中标量约束_24_30_0],0.0
cons[火电机组分段中标量约束_24_30_1],0.0
cons[火电机组分段中标量约束_24_30_2],0.0
cons[火电机组分段中标量约束_24_30_3],0.0
cons[火电机组分段中标量约束_24_30_4],0.0
cons[火电机组分段中标量约束_24_30_5],0.0
cons[火电机组分段中标量约束_24_30_6],0.0
cons[火电机组分段中标量约束_24_30_7],0.0
cons[火电机组分段中标量约束_24_30_8],0.0
cons[火电机组分段中标量约束_24_30_9],0.0
cons[火电机组出力之和约束_24_30],0.0
cons[火电机组分段中标量约束_24_31_0],0.0
cons[火电机组分段中标量约束_24_31_1],0.0
cons[火电机组分段中标量约束_24_31_2],0.0
cons[火电机组分段中标量约束_24_31_3],0.0
cons[火电机组分段中标量约束_24_31_4],0.0
cons[火电机组分段中标量约束_24_31_5],0.0
cons[火电机组分段中标量约束_24_31_6],0.0
cons[火电机组分段中标量约束_24_31_7],0.0
cons[火电机组分段中标量约束_24_31_8],0.0
cons[火电机组分段中标量约束_24_31_9],0.0
cons[火电机组出力之和约束_24_31],0.0
cons[火电机组分段中标量约束_24_32_0],0.0
cons[火电机组分段中标量约束_24_32_1],0.0
cons[火电机组分段中标量约束_24_32_2],0.0
cons[火电机组分段中标量约束_24_32_3],0.0
cons[火电机组分段中标量约束_24_32_4],0.0
cons[火电机组分段中标量约束_24_32_5],0.0
cons[火电机组分段中标量约束_24_32_6],0.0
cons[火电机组分段中标量约束_24_32_7],0.0
cons[火电机组分段中标量约束_24_32_8],0.0
cons[火电机组分段中标量约束_24_32_9],0.0
cons[火电机组出力之和约束_24_32],0.0
cons[火电机组分段中标量约束_24_33_0],0.0
cons[火电机组分段中标量约束_24_33_1],0.0
cons[火电机组分段中标量约束_24_33_2],0.0
cons[火电机组分段中标量约束_24_33_3],0.0
cons[火电机组分段中标量约束_24_33_4],0.0
cons[火电机组分段中标量约束_24_33_5],0.0
cons[火电机组分段中标量约束_24_33_6],0.0
cons[火电机组分段中标量约束_24_33_7],0.0
cons[火电机组分段中标量约束_24_33_8],0.0
cons[火电机组分段中标量约束_24_33_9],0.0
cons[火电机组出力之和约束_24_33],0.0
cons[火电机组分段中标量约束_24_34_0],0.0
cons[火电机组分段中标量约束_24_34_1],0.0
cons[火电机组分段中标量约束_24_34_2],0.0
cons[火电机组分段中标量约束_24_34_3],0.0
cons[火电机组分段中标量约束_24_34_4],0.0
cons[火电机组分段中标量约束_24_34_5],0.0
cons[火电机组分段中标量约束_24_34_6],0.0
cons[火电机组分段中标量约束_24_34_7],0.0
cons[火电机组分段中标量约束_24_34_8],0.0
cons[火电机组分段中标量约束_24_34_9],0.0
cons[火电机组出力之和约束_24_34],0.0
cons[火电机组分段中标量约束_24_35_0],0.0
cons[火电机组分段中标量约束_24_35_1],0.0
cons[火电机组分段中标量约束_24_35_2],0.0
cons[火电机组分段中标量约束_24_35_3],0.0
cons[火电机组分段中标量约束_24_35_4],0.0
cons[火电机组分段中标量约束_24_35_5],0.0
cons[火电机组分段中标量约束_24_35_6],0.0
cons[火电机组分段中标量约束_24_35_7],0.0
cons[火电机组分段中标量约束_24_35_8],0.0
cons[火电机组分段中标量约束_24_35_9],0.0
cons[火电机组出力之和约束_24_35],0.0
cons[火电机组分段中标量约束_24_36_0],0.0
cons[火电机组分段中标量约束_24_36_1],0.0
cons[火电机组分段中标量约束_24_36_2],0.0
cons[火电机组分段中标量约束_24_36_3],0.0
cons[火电机组分段中标量约束_24_36_4],0.0
cons[火电机组分段中标量约束_24_36_5],0.0
cons[火电机组分段中标量约束_24_36_6],0.0
cons[火电机组分段中标量约束_24_36_7],0.0
cons[火电机组分段中标量约束_24_36_8],0.0
cons[火电机组分段中标量约束_24_36_9],0.0
cons[火电机组出力之和约束_24_36],0.0
cons[火电机组分段中标量约束_24_37_0],0.0
cons[火电机组分段中标量约束_24_37_1],0.0
cons[火电机组分段中标量约束_24_37_2],0.0
cons[火电机组分段中标量约束_24_37_3],0.0
cons[火电机组分段中标量约束_24_37_4],0.0
cons[火电机组分段中标量约束_24_37_5],0.0
cons[火电机组分段中标量约束_24_37_6],0.0
cons[火电机组分段中标量约束_24_37_7],0.0
cons[火电机组分段中标量约束_24_37_8],0.0
cons[火电机组分段中标量约束_24_37_9],0.0
cons[火电机组出力之和约束_24_37],0.0
cons[火电机组分段中标量约束_24_38_0],0.0
cons[火电机组分段中标量约束_24_38_1],0.0
cons[火电机组分段中标量约束_24_38_2],0.0
cons[火电机组分段中标量约束_24_38_3],0.0
cons[火电机组分段中标量约束_24_38_4],0.0
cons[火电机组分段中标量约束_24_38_5],0.0
cons[火电机组分段中标量约束_24_38_6],0.0
cons[火电机组分段中标量约束_24_38_7],0.0
cons[火电机组分段中标量约束_24_38_8],0.0
cons[火电机组分段中标量约束_24_38_9],0.0
cons[火电机组出力之和约束_24_38],0.0
cons[火电机组分段中标量约束_24_39_0],0.0
cons[火电机组分段中标量约束_24_39_1],0.0
cons[火电机组分段中标量约束_24_39_2],0.0
cons[火电机组分段中标量约束_24_39_3],0.0
cons[火电机组分段中标量约束_24_39_4],0.0
cons[火电机组分段中标量约束_24_39_5],0.0
cons[火电机组分段中标量约束_24_39_6],0.0
cons[火电机组分段中标量约束_24_39_7],0.0
cons[火电机组分段中标量约束_24_39_8],0.0
cons[火电机组分段中标量约束_24_39_9],0.0
cons[火电机组出力之和约束_24_39],0.0
cons[火电机组分段中标量约束_24_40_0],0.0
cons[火电机组分段中标量约束_24_40_1],0.0
cons[火电机组分段中标量约束_24_40_2],0.0
cons[火电机组分段中标量约束_24_40_3],0.0
cons[火电机组分段中标量约束_24_40_4],0.0
cons[火电机组分段中标量约束_24_40_5],0.0
cons[火电机组分段中标量约束_24_40_6],0.0
cons[火电机组分段中标量约束_24_40_7],0.0
cons[火电机组分段中标量约束_24_40_8],0.0
cons[火电机组分段中标量约束_24_40_9],0.0
cons[火电机组出力之和约束_24_40],0.0
cons[火电机组分段中标量约束_24_41_0],0.0
cons[火电机组分段中标量约束_24_41_1],0.0
cons[火电机组分段中标量约束_24_41_2],0.0
cons[火电机组分段中标量约束_24_41_3],0.0
cons[火电机组分段中标量约束_24_41_4],0.0
cons[火电机组分段中标量约束_24_41_5],0.0
cons[火电机组分段中标量约束_24_41_6],0.0
cons[火电机组分段中标量约束_24_41_7],0.0
cons[火电机组分段中标量约束_24_41_8],0.0
cons[火电机组分段中标量约束_24_41_9],0.0
cons[火电机组出力之和约束_24_41],0.0
cons[火电机组分段中标量约束_24_42_0],0.0
cons[火电机组分段中标量约束_24_42_1],0.0
cons[火电机组分段中标量约束_24_42_2],0.0
cons[火电机组分段中标量约束_24_42_3],0.0
cons[火电机组分段中标量约束_24_42_4],0.0
cons[火电机组分段中标量约束_24_42_5],0.0
cons[火电机组分段中标量约束_24_42_6],0.0
cons[火电机组分段中标量约束_24_42_7],0.0
cons[火电机组分段中标量约束_24_42_8],0.0
cons[火电机组分段中标量约束_24_42_9],0.0
cons[火电机组出力之和约束_24_42],0.0
cons[火电机组分段中标量约束_24_43_0],0.0
cons[火电机组分段中标量约束_24_43_1],0.0
cons[火电机组分段中标量约束_24_43_2],0.0
cons[火电机组分段中标量约束_24_43_3],0.0
cons[火电机组分段中标量约束_24_43_4],0.0
cons[火电机组分段中标量约束_24_43_5],0.0
cons[火电机组分段中标量约束_24_43_6],0.0
cons[火电机组分段中标量约束_24_43_7],0.0
cons[火电机组分段中标量约束_24_43_8],0.0
cons[火电机组分段中标量约束_24_43_9],0.0
cons[火电机组出力之和约束_24_43],0.0
cons[火电机组分段中标量约束_24_44_0],0.0
cons[火电机组分段中标量约束_24_44_1],0.0
cons[火电机组分段中标量约束_24_44_2],0.0
cons[火电机组分段中标量约束_24_44_3],0.0
cons[火电机组分段中标量约束_24_44_4],0.0
cons[火电机组分段中标量约束_24_44_5],0.0
cons[火电机组分段中标量约束_24_44_6],0.0
cons[火电机组分段中标量约束_24_44_7],0.0
cons[火电机组分段中标量约束_24_44_8],0.0
cons[火电机组分段中标量约束_24_44_9],0.0
cons[火电机组出力之和约束_24_44],0.0
cons[火电机组分段中标量约束_24_45_0],0.0
cons[火电机组分段中标量约束_24_45_1],0.0
cons[火电机组分段中标量约束_24_45_2],0.0
cons[火电机组分段中标量约束_24_45_3],0.0
cons[火电机组分段中标量约束_24_45_4],0.0
cons[火电机组分段中标量约束_24_45_5],0.0
cons[火电机组分段中标量约束_24_45_6],0.0
cons[火电机组分段中标量约束_24_45_7],0.0
cons[火电机组分段中标量约束_24_45_8],0.0
cons[火电机组分段中标量约束_24_45_9],0.0
cons[火电机组出力之和约束_24_45],0.0
cons[火电机组分段中标量约束_24_46_0],0.0
cons[火电机组分段中标量约束_24_46_1],0.0
cons[火电机组分段中标量约束_24_46_2],0.0
cons[火电机组分段中标量约束_24_46_3],0.0
cons[火电机组分段中标量约束_24_46_4],0.0
cons[火电机组分段中标量约束_24_46_5],0.0
cons[火电机组分段中标量约束_24_46_6],0.0
cons[火电机组分段中标量约束_24_46_7],0.0
cons[火电机组分段中标量约束_24_46_8],0.0
cons[火电机组分段中标量约束_24_46_9],0.0
cons[火电机组出力之和约束_24_46],0.0
cons[火电机组分段中标量约束_24_47_0],0.0
cons[火电机组分段中标量约束_24_47_1],0.0
cons[火电机组分段中标量约束_24_47_2],0.0
cons[火电机组分段中标量约束_24_47_3],0.0
cons[火电机组分段中标量约束_24_47_4],0.0
cons[火电机组分段中标量约束_24_47_5],0.0
cons[火电机组分段中标量约束_24_47_6],0.0
cons[火电机组分段中标量约束_24_47_7],0.0
cons[火电机组分段中标量约束_24_47_8],0.0
cons[火电机组分段中标量约束_24_47_9],0.0
cons[火电机组出力之和约束_24_47],0.0
cons[火电机组分段中标量约束_24_48_0],0.0
cons[火电机组分段中标量约束_24_48_1],0.0
cons[火电机组分段中标量约束_24_48_2],0.0
cons[火电机组分段中标量约束_24_48_3],0.0
cons[火电机组分段中标量约束_24_48_4],0.0
cons[火电机组分段中标量约束_24_48_5],0.0
cons[火电机组分段中标量约束_24_48_6],0.0
cons[火电机组分段中标量约束_24_48_7],0.0
cons[火电机组分段中标量约束_24_48_8],0.0
cons[火电机组分段中标量约束_24_48_9],0.0
cons[火电机组出力之和约束_24_48],0.0
cons[火电机组分段中标量约束_24_49_0],0.0
cons[火电机组分段中标量约束_24_49_1],0.0
cons[火电机组分段中标量约束_24_49_2],0.0
cons[火电机组分段中标量约束_24_49_3],0.0
cons[火电机组分段中标量约束_24_49_4],0.0
cons[火电机组分段中标量约束_24_49_5],0.0
cons[火电机组分段中标量约束_24_49_6],0.0
cons[火电机组分段中标量约束_24_49_7],0.0
cons[火电机组分段中标量约束_24_49_8],0.0
cons[火电机组分段中标量约束_24_49_9],0.0
cons[火电机组出力之和约束_24_49],0.0
cons[火电机组分段中标量约束_24_50_0],0.0
cons[火电机组分段中标量约束_24_50_1],0.0
cons[火电机组分段中标量约束_24_50_2],0.0
cons[火电机组分段中标量约束_24_50_3],0.0
cons[火电机组分段中标量约束_24_50_4],0.0
cons[火电机组分段中标量约束_24_50_5],0.0
cons[火电机组分段中标量约束_24_50_6],0.0
cons[火电机组分段中标量约束_24_50_7],0.0
cons[火电机组分段中标量约束_24_50_8],0.0
cons[火电机组分段中标量约束_24_50_9],0.0
cons[火电机组出力之和约束_24_50],0.0
cons[火电机组分段中标量约束_24_51_0],0.0
cons[火电机组分段中标量约束_24_51_1],0.0
cons[火电机组分段中标量约束_24_51_2],0.0
cons[火电机组分段中标量约束_24_51_3],0.0
cons[火电机组分段中标量约束_24_51_4],0.0
cons[火电机组分段中标量约束_24_51_5],0.0
cons[火电机组分段中标量约束_24_51_6],0.0
cons[火电机组分段中标量约束_24_51_7],0.0
cons[火电机组分段中标量约束_24_51_8],0.0
cons[火电机组分段中标量约束_24_51_9],0.0
cons[火电机组出力之和约束_24_51],0.0
cons[火电机组分段中标量约束_24_52_0],0.0
cons[火电机组分段中标量约束_24_52_1],0.0
cons[火电机组分段中标量约束_24_52_2],0.0
cons[火电机组分段中标量约束_24_52_3],0.0
cons[火电机组分段中标量约束_24_52_4],0.0
cons[火电机组分段中标量约束_24_52_5],0.0
cons[火电机组分段中标量约束_24_52_6],0.0
cons[火电机组分段中标量约束_24_52_7],0.0
cons[火电机组分段中标量约束_24_52_8],0.0
cons[火电机组分段中标量约束_24_52_9],0.0
cons[火电机组出力之和约束_24_52],0.0
cons[火电机组分段中标量约束_24_53_0],0.0
cons[火电机组分段中标量约束_24_53_1],0.0
cons[火电机组分段中标量约束_24_53_2],0.0
cons[火电机组分段中标量约束_24_53_3],0.0
cons[火电机组分段中标量约束_24_53_4],0.0
cons[火电机组分段中标量约束_24_53_5],0.0
cons[火电机组分段中标量约束_24_53_6],0.0
cons[火电机组分段中标量约束_24_53_7],0.0
cons[火电机组分段中标量约束_24_53_8],0.0
cons[火电机组分段中标量约束_24_53_9],0.0
cons[火电机组出力之和约束_24_53],0.0
cons[火电机组分段中标量约束_24_54_0],0.0
cons[火电机组分段中标量约束_24_54_1],0.0
cons[火电机组分段中标量约束_24_54_2],0.0
cons[火电机组分段中标量约束_24_54_3],0.0
cons[火电机组分段中标量约束_24_54_4],0.0
cons[火电机组分段中标量约束_24_54_5],0.0
cons[火电机组分段中标量约束_24_54_6],0.0
cons[火电机组分段中标量约束_24_54_7],0.0
cons[火电机组分段中标量约束_24_54_8],0.0
cons[火电机组分段中标量约束_24_54_9],0.0
cons[火电机组出力之和约束_24_54],0.0
cons[火电机组分段中标量约束_24_55_0],0.0
cons[火电机组分段中标量约束_24_55_1],0.0
cons[火电机组分段中标量约束_24_55_2],0.0
cons[火电机组分段中标量约束_24_55_3],0.0
cons[火电机组分段中标量约束_24_55_4],0.0
cons[火电机组分段中标量约束_24_55_5],0.0
cons[火电机组分段中标量约束_24_55_6],0.0
cons[火电机组分段中标量约束_24_55_7],0.0
cons[火电机组分段中标量约束_24_55_8],0.0
cons[火电机组分段中标量约束_24_55_9],0.0
cons[火电机组出力之和约束_24_55],0.0
cons[火电机组分段中标量约束_24_56_0],0.0
cons[火电机组分段中标量约束_24_56_1],0.0
cons[火电机组分段中标量约束_24_56_2],0.0
cons[火电机组分段中标量约束_24_56_3],0.0
cons[火电机组分段中标量约束_24_56_4],0.0
cons[火电机组分段中标量约束_24_56_5],0.0
cons[火电机组分段中标量约束_24_56_6],0.0
cons[火电机组分段中标量约束_24_56_7],0.0
cons[火电机组分段中标量约束_24_56_8],0.0
cons[火电机组分段中标量约束_24_56_9],0.0
cons[火电机组出力之和约束_24_56],0.0
cons[火电机组分段中标量约束_24_57_0],0.0
cons[火电机组分段中标量约束_24_57_1],0.0
cons[火电机组分段中标量约束_24_57_2],0.0
cons[火电机组分段中标量约束_24_57_3],0.0
cons[火电机组分段中标量约束_24_57_4],0.0
cons[火电机组分段中标量约束_24_57_5],0.0
cons[火电机组分段中标量约束_24_57_6],0.0
cons[火电机组分段中标量约束_24_57_7],0.0
cons[火电机组分段中标量约束_24_57_8],0.0
cons[火电机组分段中标量约束_24_57_9],0.0
cons[火电机组出力之和约束_24_57],0.0
cons[火电机组分段中标量约束_24_58_0],0.0
cons[火电机组分段中标量约束_24_58_1],0.0
cons[火电机组分段中标量约束_24_58_2],0.0
cons[火电机组分段中标量约束_24_58_3],0.0
cons[火电机组分段中标量约束_24_58_4],0.0
cons[火电机组分段中标量约束_24_58_5],0.0
cons[火电机组分段中标量约束_24_58_6],0.0
cons[火电机组分段中标量约束_24_58_7],0.0
cons[火电机组分段中标量约束_24_58_8],0.0
cons[火电机组分段中标量约束_24_58_9],0.0
cons[火电机组出力之和约束_24_58],0.0
cons[火电机组分段中标量约束_24_59_0],0.0
cons[火电机组分段中标量约束_24_59_1],0.0
cons[火电机组分段中标量约束_24_59_2],0.0
cons[火电机组分段中标量约束_24_59_3],0.0
cons[火电机组分段中标量约束_24_59_4],0.0
cons[火电机组分段中标量约束_24_59_5],0.0
cons[火电机组分段中标量约束_24_59_6],0.0
cons[火电机组分段中标量约束_24_59_7],0.0
cons[火电机组分段中标量约束_24_59_8],0.0
cons[火电机组分段中标量约束_24_59_9],0.0
cons[火电机组出力之和约束_24_59],0.0
cons[火电机组分段中标量约束_24_60_0],0.0
cons[火电机组分段中标量约束_24_60_1],0.0
cons[火电机组分段中标量约束_24_60_2],0.0
cons[火电机组分段中标量约束_24_60_3],0.0
cons[火电机组分段中标量约束_24_60_4],0.0
cons[火电机组分段中标量约束_24_60_5],0.0
cons[火电机组分段中标量约束_24_60_6],0.0
cons[火电机组分段中标量约束_24_60_7],0.0
cons[火电机组分段中标量约束_24_60_8],0.0
cons[火电机组分段中标量约束_24_60_9],0.0
cons[火电机组出力之和约束_24_60],0.0
cons[火电机组分段中标量约束_24_61_0],0.0
cons[火电机组分段中标量约束_24_61_1],0.0
cons[火电机组分段中标量约束_24_61_2],0.0
cons[火电机组分段中标量约束_24_61_3],0.0
cons[火电机组分段中标量约束_24_61_4],0.0
cons[火电机组分段中标量约束_24_61_5],0.0
cons[火电机组分段中标量约束_24_61_6],0.0
cons[火电机组分段中标量约束_24_61_7],0.0
cons[火电机组分段中标量约束_24_61_8],0.0
cons[火电机组分段中标量约束_24_61_9],0.0
cons[火电机组出力之和约束_24_61],0.0
cons[火电机组分段中标量约束_24_62_0],0.0
cons[火电机组分段中标量约束_24_62_1],0.0
cons[火电机组分段中标量约束_24_62_2],0.0
cons[火电机组分段中标量约束_24_62_3],0.0
cons[火电机组分段中标量约束_24_62_4],0.0
cons[火电机组分段中标量约束_24_62_5],0.0
cons[火电机组分段中标量约束_24_62_6],0.0
cons[火电机组分段中标量约束_24_62_7],0.0
cons[火电机组分段中标量约束_24_62_8],0.0
cons[火电机组分段中标量约束_24_62_9],0.0
cons[火电机组出力之和约束_24_62],0.0
cons[火电机组分段中标量约束_24_63_0],0.0
cons[火电机组分段中标量约束_24_63_1],0.0
cons[火电机组分段中标量约束_24_63_2],0.0
cons[火电机组分段中标量约束_24_63_3],0.0
cons[火电机组分段中标量约束_24_63_4],0.0
cons[火电机组分段中标量约束_24_63_5],0.0
cons[火电机组分段中标量约束_24_63_6],0.0
cons[火电机组分段中标量约束_24_63_7],0.0
cons[火电机组分段中标量约束_24_63_8],0.0
cons[火电机组分段中标量约束_24_63_9],0.0
cons[火电机组出力之和约束_24_63],0.0
cons[火电机组分段中标量约束_24_64_0],0.0
cons[火电机组分段中标量约束_24_64_1],0.0
cons[火电机组分段中标量约束_24_64_2],0.0
cons[火电机组分段中标量约束_24_64_3],0.0
cons[火电机组分段中标量约束_24_64_4],0.0
cons[火电机组分段中标量约束_24_64_5],0.0
cons[火电机组分段中标量约束_24_64_6],0.0
cons[火电机组分段中标量约束_24_64_7],0.0
cons[火电机组分段中标量约束_24_64_8],0.0
cons[火电机组分段中标量约束_24_64_9],0.0
cons[火电机组出力之和约束_24_64],0.0
cons[火电机组分段中标量约束_24_65_0],0.0
cons[火电机组分段中标量约束_24_65_1],0.0
cons[火电机组分段中标量约束_24_65_2],0.0
cons[火电机组分段中标量约束_24_65_3],0.0
cons[火电机组分段中标量约束_24_65_4],0.0
cons[火电机组分段中标量约束_24_65_5],0.0
cons[火电机组分段中标量约束_24_65_6],0.0
cons[火电机组分段中标量约束_24_65_7],0.0
cons[火电机组分段中标量约束_24_65_8],0.0
cons[火电机组分段中标量约束_24_65_9],0.0
cons[火电机组出力之和约束_24_65],0.0
cons[火电机组分段中标量约束_24_66_0],0.0
cons[火电机组分段中标量约束_24_66_1],0.0
cons[火电机组分段中标量约束_24_66_2],0.0
cons[火电机组分段中标量约束_24_66_3],0.0
cons[火电机组分段中标量约束_24_66_4],0.0
cons[火电机组分段中标量约束_24_66_5],0.0
cons[火电机组分段中标量约束_24_66_6],0.0
cons[火电机组分段中标量约束_24_66_7],0.0
cons[火电机组分段中标量约束_24_66_8],0.0
cons[火电机组分段中标量约束_24_66_9],0.0
cons[火电机组出力之和约束_24_66],0.0
cons[火电机组分段中标量约束_24_67_0],0.0
cons[火电机组分段中标量约束_24_67_1],0.0
cons[火电机组分段中标量约束_24_67_2],0.0
cons[火电机组分段中标量约束_24_67_3],0.0
cons[火电机组分段中标量约束_24_67_4],0.0
cons[火电机组分段中标量约束_24_67_5],0.0
cons[火电机组分段中标量约束_24_67_6],0.0
cons[火电机组分段中标量约束_24_67_7],0.0
cons[火电机组分段中标量约束_24_67_8],0.0
cons[火电机组分段中标量约束_24_67_9],0.0
cons[火电机组出力之和约束_24_67],0.0
cons[火电机组分段中标量约束_24_68_0],0.0
cons[火电机组分段中标量约束_24_68_1],0.0
cons[火电机组分段中标量约束_24_68_2],0.0
cons[火电机组分段中标量约束_24_68_3],0.0
cons[火电机组分段中标量约束_24_68_4],0.0
cons[火电机组分段中标量约束_24_68_5],0.0
cons[火电机组分段中标量约束_24_68_6],0.0
cons[火电机组分段中标量约束_24_68_7],0.0
cons[火电机组分段中标量约束_24_68_8],0.0
cons[火电机组分段中标量约束_24_68_9],0.0
cons[火电机组出力之和约束_24_68],0.0
cons[火电机组分段中标量约束_24_69_0],0.0
cons[火电机组分段中标量约束_24_69_1],0.0
cons[火电机组分段中标量约束_24_69_2],0.0
cons[火电机组分段中标量约束_24_69_3],0.0
cons[火电机组分段中标量约束_24_69_4],0.0
cons[火电机组分段中标量约束_24_69_5],0.0
cons[火电机组分段中标量约束_24_69_6],0.0
cons[火电机组分段中标量约束_24_69_7],0.0
cons[火电机组分段中标量约束_24_69_8],0.0
cons[火电机组分段中标量约束_24_69_9],0.0
cons[火电机组出力之和约束_24_69],0.0
cons[火电机组分段中标量约束_24_70_0],0.0
cons[火电机组分段中标量约束_24_70_1],0.0
cons[火电机组分段中标量约束_24_70_2],0.0
cons[火电机组分段中标量约束_24_70_3],0.0
cons[火电机组分段中标量约束_24_70_4],0.0
cons[火电机组分段中标量约束_24_70_5],0.0
cons[火电机组分段中标量约束_24_70_6],0.0
cons[火电机组分段中标量约束_24_70_7],0.0
cons[火电机组分段中标量约束_24_70_8],0.0
cons[火电机组分段中标量约束_24_70_9],0.0
cons[火电机组出力之和约束_24_70],0.0
cons[火电机组分段中标量约束_24_71_0],0.0
cons[火电机组分段中标量约束_24_71_1],0.0
cons[火电机组分段中标量约束_24_71_2],0.0
cons[火电机组分段中标量约束_24_71_3],0.0
cons[火电机组分段中标量约束_24_71_4],0.0
cons[火电机组分段中标量约束_24_71_5],0.0
cons[火电机组分段中标量约束_24_71_6],0.0
cons[火电机组分段中标量约束_24_71_7],0.0
cons[火电机组分段中标量约束_24_71_8],0.0
cons[火电机组分段中标量约束_24_71_9],0.0
cons[火电机组出力之和约束_24_71],0.0
cons[火电机组分段中标量约束_24_72_0],0.0
cons[火电机组分段中标量约束_24_72_1],0.0
cons[火电机组分段中标量约束_24_72_2],0.0
cons[火电机组分段中标量约束_24_72_3],0.0
cons[火电机组分段中标量约束_24_72_4],0.0
cons[火电机组分段中标量约束_24_72_5],0.0
cons[火电机组分段中标量约束_24_72_6],0.0
cons[火电机组分段中标量约束_24_72_7],0.0
cons[火电机组分段中标量约束_24_72_8],0.0
cons[火电机组分段中标量约束_24_72_9],0.0
cons[火电机组出力之和约束_24_72],0.0
cons[火电机组分段中标量约束_24_73_0],0.0
cons[火电机组分段中标量约束_24_73_1],0.0
cons[火电机组分段中标量约束_24_73_2],0.0
cons[火电机组分段中标量约束_24_73_3],0.0
cons[火电机组分段中标量约束_24_73_4],0.0
cons[火电机组分段中标量约束_24_73_5],0.0
cons[火电机组分段中标量约束_24_73_6],0.0
cons[火电机组分段中标量约束_24_73_7],0.0
cons[火电机组分段中标量约束_24_73_8],0.0
cons[火电机组分段中标量约束_24_73_9],0.0
cons[火电机组出力之和约束_24_73],0.0
cons[火电机组分段中标量约束_24_74_0],0.0
cons[火电机组分段中标量约束_24_74_1],0.0
cons[火电机组分段中标量约束_24_74_2],0.0
cons[火电机组分段中标量约束_24_74_3],0.0
cons[火电机组分段中标量约束_24_74_4],0.0
cons[火电机组分段中标量约束_24_74_5],0.0
cons[火电机组分段中标量约束_24_74_6],0.0
cons[火电机组分段中标量约束_24_74_7],0.0
cons[火电机组分段中标量约束_24_74_8],0.0
cons[火电机组分段中标量约束_24_74_9],0.0
cons[火电机组出力之和约束_24_74],0.0
cons[火电机组分段中标量约束_24_75_0],0.0
cons[火电机组分段中标量约束_24_75_1],0.0
cons[火电机组分段中标量约束_24_75_2],0.0
cons[火电机组分段中标量约束_24_75_3],0.0
cons[火电机组分段中标量约束_24_75_4],0.0
cons[火电机组分段中标量约束_24_75_5],0.0
cons[火电机组分段中标量约束_24_75_6],0.0
cons[火电机组分段中标量约束_24_75_7],0.0
cons[火电机组分段中标量约束_24_75_8],0.0
cons[火电机组分段中标量约束_24_75_9],0.0
cons[火电机组出力之和约束_24_75],0.0
cons[火电机组分段中标量约束_24_76_0],0.0
cons[火电机组分段中标量约束_24_76_1],0.0
cons[火电机组分段中标量约束_24_76_2],0.0
cons[火电机组分段中标量约束_24_76_3],0.0
cons[火电机组分段中标量约束_24_76_4],0.0
cons[火电机组分段中标量约束_24_76_5],0.0
cons[火电机组分段中标量约束_24_76_6],0.0
cons[火电机组分段中标量约束_24_76_7],0.0
cons[火电机组分段中标量约束_24_76_8],0.0
cons[火电机组分段中标量约束_24_76_9],0.0
cons[火电机组出力之和约束_24_76],0.0
cons[火电机组分段中标量约束_24_77_0],0.0
cons[火电机组分段中标量约束_24_77_1],0.0
cons[火电机组分段中标量约束_24_77_2],0.0
cons[火电机组分段中标量约束_24_77_3],0.0
cons[火电机组分段中标量约束_24_77_4],0.0
cons[火电机组分段中标量约束_24_77_5],0.0
cons[火电机组分段中标量约束_24_77_6],0.0
cons[火电机组分段中标量约束_24_77_7],0.0
cons[火电机组分段中标量约束_24_77_8],0.0
cons[火电机组分段中标量约束_24_77_9],0.0
cons[火电机组出力之和约束_24_77],0.0
cons[火电机组分段中标量约束_24_78_0],0.0
cons[火电机组分段中标量约束_24_78_1],0.0
cons[火电机组分段中标量约束_24_78_2],0.0
cons[火电机组分段中标量约束_24_78_3],0.0
cons[火电机组分段中标量约束_24_78_4],0.0
cons[火电机组分段中标量约束_24_78_5],0.0
cons[火电机组分段中标量约束_24_78_6],0.0
cons[火电机组分段中标量约束_24_78_7],0.0
cons[火电机组分段中标量约束_24_78_8],0.0
cons[火电机组分段中标量约束_24_78_9],0.0
cons[火电机组出力之和约束_24_78],0.0
cons[火电机组分段中标量约束_24_79_0],0.0
cons[火电机组分段中标量约束_24_79_1],0.0
cons[火电机组分段中标量约束_24_79_2],0.0
cons[火电机组分段中标量约束_24_79_3],0.0
cons[火电机组分段中标量约束_24_79_4],0.0
cons[火电机组分段中标量约束_24_79_5],0.0
cons[火电机组分段中标量约束_24_79_6],0.0
cons[火电机组分段中标量约束_24_79_7],0.0
cons[火电机组分段中标量约束_24_79_8],0.0
cons[火电机组分段中标量约束_24_79_9],0.0
cons[火电机组出力之和约束_24_79],0.0
cons[火电机组分段中标量约束_24_80_0],0.0
cons[火电机组分段中标量约束_24_80_1],0.0
cons[火电机组分段中标量约束_24_80_2],0.0
cons[火电机组分段中标量约束_24_80_3],0.0
cons[火电机组分段中标量约束_24_80_4],0.0
cons[火电机组分段中标量约束_24_80_5],0.0
cons[火电机组分段中标量约束_24_80_6],0.0
cons[火电机组分段中标量约束_24_80_7],0.0
cons[火电机组分段中标量约束_24_80_8],0.0
cons[火电机组分段中标量约束_24_80_9],0.0
cons[火电机组出力之和约束_24_80],0.0
cons[火电机组分段中标量约束_24_81_0],0.0
cons[火电机组分段中标量约束_24_81_1],0.0
cons[火电机组分段中标量约束_24_81_2],0.0
cons[火电机组分段中标量约束_24_81_3],0.0
cons[火电机组分段中标量约束_24_81_4],0.0
cons[火电机组分段中标量约束_24_81_5],0.0
cons[火电机组分段中标量约束_24_81_6],0.0
cons[火电机组分段中标量约束_24_81_7],0.0
cons[火电机组分段中标量约束_24_81_8],0.0
cons[火电机组分段中标量约束_24_81_9],0.0
cons[火电机组出力之和约束_24_81],0.0
cons[火电机组分段中标量约束_24_82_0],0.0
cons[火电机组分段中标量约束_24_82_1],0.0
cons[火电机组分段中标量约束_24_82_2],0.0
cons[火电机组分段中标量约束_24_82_3],0.0
cons[火电机组分段中标量约束_24_82_4],0.0
cons[火电机组分段中标量约束_24_82_5],0.0
cons[火电机组分段中标量约束_24_82_6],0.0
cons[火电机组分段中标量约束_24_82_7],0.0
cons[火电机组分段中标量约束_24_82_8],0.0
cons[火电机组分段中标量约束_24_82_9],0.0
cons[火电机组出力之和约束_24_82],0.0
cons[火电机组分段中标量约束_24_83_0],0.0
cons[火电机组分段中标量约束_24_83_1],0.0
cons[火电机组分段中标量约束_24_83_2],0.0
cons[火电机组分段中标量约束_24_83_3],0.0
cons[火电机组分段中标量约束_24_83_4],0.0
cons[火电机组分段中标量约束_24_83_5],0.0
cons[火电机组分段中标量约束_24_83_6],0.0
cons[火电机组分段中标量约束_24_83_7],0.0
cons[火电机组分段中标量约束_24_83_8],0.0
cons[火电机组分段中标量约束_24_83_9],0.0
cons[火电机组出力之和约束_24_83],0.0
cons[火电机组分段中标量约束_24_84_0],0.0
cons[火电机组分段中标量约束_24_84_1],0.0
cons[火电机组分段中标量约束_24_84_2],0.0
cons[火电机组分段中标量约束_24_84_3],0.0
cons[火电机组分段中标量约束_24_84_4],0.0
cons[火电机组分段中标量约束_24_84_5],0.0
cons[火电机组分段中标量约束_24_84_6],0.0
cons[火电机组分段中标量约束_24_84_7],0.0
cons[火电机组分段中标量约束_24_84_8],0.0
cons[火电机组分段中标量约束_24_84_9],0.0
cons[火电机组出力之和约束_24_84],0.0
cons[火电机组分段中标量约束_24_85_0],0.0
cons[火电机组分段中标量约束_24_85_1],0.0
cons[火电机组分段中标量约束_24_85_2],0.0
cons[火电机组分段中标量约束_24_85_3],0.0
cons[火电机组分段中标量约束_24_85_4],0.0
cons[火电机组分段中标量约束_24_85_5],0.0
cons[火电机组分段中标量约束_24_85_6],0.0
cons[火电机组分段中标量约束_24_85_7],0.0
cons[火电机组分段中标量约束_24_85_8],0.0
cons[火电机组分段中标量约束_24_85_9],0.0
cons[火电机组出力之和约束_24_85],0.0
cons[火电机组分段中标量约束_24_86_0],0.0
cons[火电机组分段中标量约束_24_86_1],0.0
cons[火电机组分段中标量约束_24_86_2],0.0
cons[火电机组分段中标量约束_24_86_3],0.0
cons[火电机组分段中标量约束_24_86_4],0.0
cons[火电机组分段中标量约束_24_86_5],0.0
cons[火电机组分段中标量约束_24_86_6],0.0
cons[火电机组分段中标量约束_24_86_7],0.0
cons[火电机组分段中标量约束_24_86_8],0.0
cons[火电机组分段中标量约束_24_86_9],0.0
cons[火电机组出力之和约束_24_86],0.0
cons[火电机组分段中标量约束_24_87_0],0.0
cons[火电机组分段中标量约束_24_87_1],0.0
cons[火电机组分段中标量约束_24_87_2],0.0
cons[火电机组分段中标量约束_24_87_3],0.0
cons[火电机组分段中标量约束_24_87_4],0.0
cons[火电机组分段中标量约束_24_87_5],0.0
cons[火电机组分段中标量约束_24_87_6],0.0
cons[火电机组分段中标量约束_24_87_7],0.0
cons[火电机组分段中标量约束_24_87_8],0.0
cons[火电机组分段中标量约束_24_87_9],0.0
cons[火电机组出力之和约束_24_87],0.0
cons[火电机组分段中标量约束_24_88_0],0.0
cons[火电机组分段中标量约束_24_88_1],0.0
cons[火电机组分段中标量约束_24_88_2],0.0
cons[火电机组分段中标量约束_24_88_3],0.0
cons[火电机组分段中标量约束_24_88_4],0.0
cons[火电机组分段中标量约束_24_88_5],0.0
cons[火电机组分段中标量约束_24_88_6],0.0
cons[火电机组分段中标量约束_24_88_7],0.0
cons[火电机组分段中标量约束_24_88_8],0.0
cons[火电机组分段中标量约束_24_88_9],0.0
cons[火电机组出力之和约束_24_88],0.0
cons[火电机组分段中标量约束_24_89_0],0.0
cons[火电机组分段中标量约束_24_89_1],0.0
cons[火电机组分段中标量约束_24_89_2],0.0
cons[火电机组分段中标量约束_24_89_3],0.0
cons[火电机组分段中标量约束_24_89_4],0.0
cons[火电机组分段中标量约束_24_89_5],0.0
cons[火电机组分段中标量约束_24_89_6],0.0
cons[火电机组分段中标量约束_24_89_7],0.0
cons[火电机组分段中标量约束_24_89_8],0.0
cons[火电机组分段中标量约束_24_89_9],0.0
cons[火电机组出力之和约束_24_89],0.0
cons[火电机组分段中标量约束_24_90_0],0.0
cons[火电机组分段中标量约束_24_90_1],0.0
cons[火电机组分段中标量约束_24_90_2],0.0
cons[火电机组分段中标量约束_24_90_3],0.0
cons[火电机组分段中标量约束_24_90_4],0.0
cons[火电机组分段中标量约束_24_90_5],0.0
cons[火电机组分段中标量约束_24_90_6],0.0
cons[火电机组分段中标量约束_24_90_7],0.0
cons[火电机组分段中标量约束_24_90_8],0.0
cons[火电机组分段中标量约束_24_90_9],0.0
cons[火电机组出力之和约束_24_90],0.0
cons[火电机组分段中标量约束_24_91_0],0.0
cons[火电机组分段中标量约束_24_91_1],0.0
cons[火电机组分段中标量约束_24_91_2],0.0
cons[火电机组分段中标量约束_24_91_3],0.0
cons[火电机组分段中标量约束_24_91_4],0.0
cons[火电机组分段中标量约束_24_91_5],0.0
cons[火电机组分段中标量约束_24_91_6],0.0
cons[火电机组分段中标量约束_24_91_7],0.0
cons[火电机组分段中标量约束_24_91_8],0.0
cons[火电机组分段中标量约束_24_91_9],0.0
cons[火电机组出力之和约束_24_91],0.0
cons[火电机组分段中标量约束_24_92_0],0.0
cons[火电机组分段中标量约束_24_92_1],0.0
cons[火电机组分段中标量约束_24_92_2],0.0
cons[火电机组分段中标量约束_24_92_3],0.0
cons[火电机组分段中标量约束_24_92_4],0.0
cons[火电机组分段中标量约束_24_92_5],0.0
cons[火电机组分段中标量约束_24_92_6],0.0
cons[火电机组分段中标量约束_24_92_7],0.0
cons[火电机组分段中标量约束_24_92_8],0.0
cons[火电机组分段中标量约束_24_92_9],0.0
cons[火电机组出力之和约束_24_92],0.0
cons[火电机组分段中标量约束_24_93_0],0.0
cons[火电机组分段中标量约束_24_93_1],0.0
cons[火电机组分段中标量约束_24_93_2],0.0
cons[火电机组分段中标量约束_24_93_3],0.0
cons[火电机组分段中标量约束_24_93_4],0.0
cons[火电机组分段中标量约束_24_93_5],0.0
cons[火电机组分段中标量约束_24_93_6],0.0
cons[火电机组分段中标量约束_24_93_7],0.0
cons[火电机组分段中标量约束_24_93_8],0.0
cons[火电机组分段中标量约束_24_93_9],0.0
cons[火电机组出力之和约束_24_93],0.0
cons[火电机组分段中标量约束_24_94_0],0.0
cons[火电机组分段中标量约束_24_94_1],0.0
cons[火电机组分段中标量约束_24_94_2],0.0
cons[火电机组分段中标量约束_24_94_3],0.0
cons[火电机组分段中标量约束_24_94_4],0.0
cons[火电机组分段中标量约束_24_94_5],0.0
cons[火电机组分段中标量约束_24_94_6],0.0
cons[火电机组分段中标量约束_24_94_7],0.0
cons[火电机组分段中标量约束_24_94_8],0.0
cons[火电机组分段中标量约束_24_94_9],0.0
cons[火电机组出力之和约束_24_94],0.0
cons[火电机组分段中标量约束_24_95_0],0.0
cons[火电机组分段中标量约束_24_95_1],0.0
cons[火电机组分段中标量约束_24_95_2],0.0
cons[火电机组分段中标量约束_24_95_3],0.0
cons[火电机组分段中标量约束_24_95_4],0.0
cons[火电机组分段中标量约束_24_95_5],0.0
cons[火电机组分段中标量约束_24_95_6],0.0
cons[火电机组分段中标量约束_24_95_7],0.0
cons[火电机组分段中标量约束_24_95_8],0.0
cons[火电机组分段中标量约束_24_95_9],0.0
cons[火电机组出力之和约束_24_95],0.0
cons[火电机组分段中标量约束_25_0_0],0.0
cons[火电机组分段中标量约束_25_0_1],0.0
cons[火电机组分段中标量约束_25_0_2],0.0
cons[火电机组分段中标量约束_25_0_3],0.0
cons[火电机组分段中标量约束_25_0_4],0.0
cons[火电机组分段中标量约束_25_0_5],0.0
cons[火电机组分段中标量约束_25_0_6],0.0
cons[火电机组分段中标量约束_25_0_7],0.0
cons[火电机组分段中标量约束_25_0_8],0.0
cons[火电机组分段中标量约束_25_0_9],0.0
cons[火电机组出力之和约束_25_0],0.0
cons[火电机组分段中标量约束_25_1_0],0.0
cons[火电机组分段中标量约束_25_1_1],0.0
cons[火电机组分段中标量约束_25_1_2],0.0
cons[火电机组分段中标量约束_25_1_3],0.0
cons[火电机组分段中标量约束_25_1_4],0.0
cons[火电机组分段中标量约束_25_1_5],0.0
cons[火电机组分段中标量约束_25_1_6],0.0
cons[火电机组分段中标量约束_25_1_7],0.0
cons[火电机组分段中标量约束_25_1_8],0.0
cons[火电机组分段中标量约束_25_1_9],0.0
cons[火电机组出力之和约束_25_1],0.0
cons[火电机组分段中标量约束_25_2_0],0.0
cons[火电机组分段中标量约束_25_2_1],0.0
cons[火电机组分段中标量约束_25_2_2],0.0
cons[火电机组分段中标量约束_25_2_3],0.0
cons[火电机组分段中标量约束_25_2_4],0.0
cons[火电机组分段中标量约束_25_2_5],0.0
cons[火电机组分段中标量约束_25_2_6],0.0
cons[火电机组分段中标量约束_25_2_7],0.0
cons[火电机组分段中标量约束_25_2_8],0.0
cons[火电机组分段中标量约束_25_2_9],0.0
cons[火电机组出力之和约束_25_2],0.0
cons[火电机组分段中标量约束_25_3_0],0.0
cons[火电机组分段中标量约束_25_3_1],0.0
cons[火电机组分段中标量约束_25_3_2],0.0
cons[火电机组分段中标量约束_25_3_3],0.0
cons[火电机组分段中标量约束_25_3_4],0.0
cons[火电机组分段中标量约束_25_3_5],0.0
cons[火电机组分段中标量约束_25_3_6],0.0
cons[火电机组分段中标量约束_25_3_7],0.0
cons[火电机组分段中标量约束_25_3_8],0.0
cons[火电机组分段中标量约束_25_3_9],0.0
cons[火电机组出力之和约束_25_3],0.0
cons[火电机组分段中标量约束_25_4_0],0.0
cons[火电机组分段中标量约束_25_4_1],0.0
cons[火电机组分段中标量约束_25_4_2],0.0
cons[火电机组分段中标量约束_25_4_3],0.0
cons[火电机组分段中标量约束_25_4_4],0.0
cons[火电机组分段中标量约束_25_4_5],0.0
cons[火电机组分段中标量约束_25_4_6],0.0
cons[火电机组分段中标量约束_25_4_7],0.0
cons[火电机组分段中标量约束_25_4_8],0.0
cons[火电机组分段中标量约束_25_4_9],0.0
cons[火电机组出力之和约束_25_4],0.0
cons[火电机组分段中标量约束_25_5_0],0.0
cons[火电机组分段中标量约束_25_5_1],0.0
cons[火电机组分段中标量约束_25_5_2],0.0
cons[火电机组分段中标量约束_25_5_3],0.0
cons[火电机组分段中标量约束_25_5_4],0.0
cons[火电机组分段中标量约束_25_5_5],0.0
cons[火电机组分段中标量约束_25_5_6],0.0
cons[火电机组分段中标量约束_25_5_7],0.0
cons[火电机组分段中标量约束_25_5_8],0.0
cons[火电机组分段中标量约束_25_5_9],0.0
cons[火电机组出力之和约束_25_5],0.0
cons[火电机组分段中标量约束_25_6_0],0.0
cons[火电机组分段中标量约束_25_6_1],0.0
cons[火电机组分段中标量约束_25_6_2],0.0
cons[火电机组分段中标量约束_25_6_3],0.0
cons[火电机组分段中标量约束_25_6_4],0.0
cons[火电机组分段中标量约束_25_6_5],0.0
cons[火电机组分段中标量约束_25_6_6],0.0
cons[火电机组分段中标量约束_25_6_7],0.0
cons[火电机组分段中标量约束_25_6_8],0.0
cons[火电机组分段中标量约束_25_6_9],0.0
cons[火电机组出力之和约束_25_6],0.0
cons[火电机组分段中标量约束_25_7_0],0.0
cons[火电机组分段中标量约束_25_7_1],0.0
cons[火电机组分段中标量约束_25_7_2],0.0
cons[火电机组分段中标量约束_25_7_3],0.0
cons[火电机组分段中标量约束_25_7_4],0.0
cons[火电机组分段中标量约束_25_7_5],0.0
cons[火电机组分段中标量约束_25_7_6],0.0
cons[火电机组分段中标量约束_25_7_7],0.0
cons[火电机组分段中标量约束_25_7_8],0.0
cons[火电机组分段中标量约束_25_7_9],0.0
cons[火电机组出力之和约束_25_7],0.0
cons[火电机组分段中标量约束_25_8_0],0.0
cons[火电机组分段中标量约束_25_8_1],0.0
cons[火电机组分段中标量约束_25_8_2],0.0
cons[火电机组分段中标量约束_25_8_3],0.0
cons[火电机组分段中标量约束_25_8_4],0.0
cons[火电机组分段中标量约束_25_8_5],0.0
cons[火电机组分段中标量约束_25_8_6],0.0
cons[火电机组分段中标量约束_25_8_7],0.0
cons[火电机组分段中标量约束_25_8_8],0.0
cons[火电机组分段中标量约束_25_8_9],0.0
cons[火电机组出力之和约束_25_8],0.0
cons[火电机组分段中标量约束_25_9_0],0.0
cons[火电机组分段中标量约束_25_9_1],0.0
cons[火电机组分段中标量约束_25_9_2],0.0
cons[火电机组分段中标量约束_25_9_3],0.0
cons[火电机组分段中标量约束_25_9_4],0.0
cons[火电机组分段中标量约束_25_9_5],0.0
cons[火电机组分段中标量约束_25_9_6],0.0
cons[火电机组分段中标量约束_25_9_7],0.0
cons[火电机组分段中标量约束_25_9_8],0.0
cons[火电机组分段中标量约束_25_9_9],0.0
cons[火电机组出力之和约束_25_9],0.0
cons[火电机组分段中标量约束_25_10_0],0.0
cons[火电机组分段中标量约束_25_10_1],0.0
cons[火电机组分段中标量约束_25_10_2],0.0
cons[火电机组分段中标量约束_25_10_3],0.0
cons[火电机组分段中标量约束_25_10_4],0.0
cons[火电机组分段中标量约束_25_10_5],0.0
cons[火电机组分段中标量约束_25_10_6],0.0
cons[火电机组分段中标量约束_25_10_7],0.0
cons[火电机组分段中标量约束_25_10_8],0.0
cons[火电机组分段中标量约束_25_10_9],0.0
cons[火电机组出力之和约束_25_10],0.0
cons[火电机组分段中标量约束_25_11_0],0.0
cons[火电机组分段中标量约束_25_11_1],0.0
cons[火电机组分段中标量约束_25_11_2],0.0
cons[火电机组分段中标量约束_25_11_3],0.0
cons[火电机组分段中标量约束_25_11_4],0.0
cons[火电机组分段中标量约束_25_11_5],0.0
cons[火电机组分段中标量约束_25_11_6],0.0
cons[火电机组分段中标量约束_25_11_7],0.0
cons[火电机组分段中标量约束_25_11_8],0.0
cons[火电机组分段中标量约束_25_11_9],0.0
cons[火电机组出力之和约束_25_11],0.0
cons[火电机组分段中标量约束_25_12_0],0.0
cons[火电机组分段中标量约束_25_12_1],0.0
cons[火电机组分段中标量约束_25_12_2],0.0
cons[火电机组分段中标量约束_25_12_3],0.0
cons[火电机组分段中标量约束_25_12_4],0.0
cons[火电机组分段中标量约束_25_12_5],0.0
cons[火电机组分段中标量约束_25_12_6],0.0
cons[火电机组分段中标量约束_25_12_7],0.0
cons[火电机组分段中标量约束_25_12_8],0.0
cons[火电机组分段中标量约束_25_12_9],0.0
cons[火电机组出力之和约束_25_12],0.0
cons[火电机组分段中标量约束_25_13_0],0.0
cons[火电机组分段中标量约束_25_13_1],0.0
cons[火电机组分段中标量约束_25_13_2],0.0
cons[火电机组分段中标量约束_25_13_3],0.0
cons[火电机组分段中标量约束_25_13_4],0.0
cons[火电机组分段中标量约束_25_13_5],0.0
cons[火电机组分段中标量约束_25_13_6],0.0
cons[火电机组分段中标量约束_25_13_7],0.0
cons[火电机组分段中标量约束_25_13_8],0.0
cons[火电机组分段中标量约束_25_13_9],0.0
cons[火电机组出力之和约束_25_13],0.0
cons[火电机组分段中标量约束_25_14_0],0.0
cons[火电机组分段中标量约束_25_14_1],0.0
cons[火电机组分段中标量约束_25_14_2],0.0
cons[火电机组分段中标量约束_25_14_3],0.0
cons[火电机组分段中标量约束_25_14_4],0.0
cons[火电机组分段中标量约束_25_14_5],0.0
cons[火电机组分段中标量约束_25_14_6],0.0
cons[火电机组分段中标量约束_25_14_7],0.0
cons[火电机组分段中标量约束_25_14_8],0.0
cons[火电机组分段中标量约束_25_14_9],0.0
cons[火电机组出力之和约束_25_14],0.0
cons[火电机组分段中标量约束_25_15_0],0.0
cons[火电机组分段中标量约束_25_15_1],0.0
cons[火电机组分段中标量约束_25_15_2],0.0
cons[火电机组分段中标量约束_25_15_3],0.0
cons[火电机组分段中标量约束_25_15_4],0.0
cons[火电机组分段中标量约束_25_15_5],0.0
cons[火电机组分段中标量约束_25_15_6],0.0
cons[火电机组分段中标量约束_25_15_7],0.0
cons[火电机组分段中标量约束_25_15_8],0.0
cons[火电机组分段中标量约束_25_15_9],0.0
cons[火电机组出力之和约束_25_15],0.0
cons[火电机组分段中标量约束_25_16_0],0.0
cons[火电机组分段中标量约束_25_16_1],0.0
cons[火电机组分段中标量约束_25_16_2],0.0
cons[火电机组分段中标量约束_25_16_3],0.0
cons[火电机组分段中标量约束_25_16_4],0.0
cons[火电机组分段中标量约束_25_16_5],0.0
cons[火电机组分段中标量约束_25_16_6],0.0
cons[火电机组分段中标量约束_25_16_7],0.0
cons[火电机组分段中标量约束_25_16_8],0.0
cons[火电机组分段中标量约束_25_16_9],0.0
cons[火电机组出力之和约束_25_16],0.0
cons[火电机组分段中标量约束_25_17_0],0.0
cons[火电机组分段中标量约束_25_17_1],0.0
cons[火电机组分段中标量约束_25_17_2],0.0
cons[火电机组分段中标量约束_25_17_3],0.0
cons[火电机组分段中标量约束_25_17_4],0.0
cons[火电机组分段中标量约束_25_17_5],0.0
cons[火电机组分段中标量约束_25_17_6],0.0
cons[火电机组分段中标量约束_25_17_7],0.0
cons[火电机组分段中标量约束_25_17_8],0.0
cons[火电机组分段中标量约束_25_17_9],0.0
cons[火电机组出力之和约束_25_17],0.0
cons[火电机组分段中标量约束_25_18_0],0.0
cons[火电机组分段中标量约束_25_18_1],0.0
cons[火电机组分段中标量约束_25_18_2],0.0
cons[火电机组分段中标量约束_25_18_3],0.0
cons[火电机组分段中标量约束_25_18_4],0.0
cons[火电机组分段中标量约束_25_18_5],0.0
cons[火电机组分段中标量约束_25_18_6],0.0
cons[火电机组分段中标量约束_25_18_7],0.0
cons[火电机组分段中标量约束_25_18_8],0.0
cons[火电机组分段中标量约束_25_18_9],0.0
cons[火电机组出力之和约束_25_18],0.0
cons[火电机组分段中标量约束_25_19_0],0.0
cons[火电机组分段中标量约束_25_19_1],0.0
cons[火电机组分段中标量约束_25_19_2],0.0
cons[火电机组分段中标量约束_25_19_3],0.0
cons[火电机组分段中标量约束_25_19_4],0.0
cons[火电机组分段中标量约束_25_19_5],0.0
cons[火电机组分段中标量约束_25_19_6],0.0
cons[火电机组分段中标量约束_25_19_7],0.0
cons[火电机组分段中标量约束_25_19_8],0.0
cons[火电机组分段中标量约束_25_19_9],0.0
cons[火电机组出力之和约束_25_19],0.0
cons[火电机组分段中标量约束_25_20_0],0.0
cons[火电机组分段中标量约束_25_20_1],0.0
cons[火电机组分段中标量约束_25_20_2],0.0
cons[火电机组分段中标量约束_25_20_3],0.0
cons[火电机组分段中标量约束_25_20_4],0.0
cons[火电机组分段中标量约束_25_20_5],0.0
cons[火电机组分段中标量约束_25_20_6],0.0
cons[火电机组分段中标量约束_25_20_7],0.0
cons[火电机组分段中标量约束_25_20_8],0.0
cons[火电机组分段中标量约束_25_20_9],0.0
cons[火电机组出力之和约束_25_20],0.0
cons[火电机组分段中标量约束_25_21_0],0.0
cons[火电机组分段中标量约束_25_21_1],0.0
cons[火电机组分段中标量约束_25_21_2],0.0
cons[火电机组分段中标量约束_25_21_3],0.0
cons[火电机组分段中标量约束_25_21_4],0.0
cons[火电机组分段中标量约束_25_21_5],0.0
cons[火电机组分段中标量约束_25_21_6],0.0
cons[火电机组分段中标量约束_25_21_7],0.0
cons[火电机组分段中标量约束_25_21_8],0.0
cons[火电机组分段中标量约束_25_21_9],0.0
cons[火电机组出力之和约束_25_21],0.0
cons[火电机组分段中标量约束_25_22_0],0.0
cons[火电机组分段中标量约束_25_22_1],0.0
cons[火电机组分段中标量约束_25_22_2],0.0
cons[火电机组分段中标量约束_25_22_3],0.0
cons[火电机组分段中标量约束_25_22_4],0.0
cons[火电机组分段中标量约束_25_22_5],0.0
cons[火电机组分段中标量约束_25_22_6],0.0
cons[火电机组分段中标量约束_25_22_7],0.0
cons[火电机组分段中标量约束_25_22_8],0.0
cons[火电机组分段中标量约束_25_22_9],0.0
cons[火电机组出力之和约束_25_22],0.0
cons[火电机组分段中标量约束_25_23_0],0.0
cons[火电机组分段中标量约束_25_23_1],0.0
cons[火电机组分段中标量约束_25_23_2],0.0
cons[火电机组分段中标量约束_25_23_3],0.0
cons[火电机组分段中标量约束_25_23_4],0.0
cons[火电机组分段中标量约束_25_23_5],0.0
cons[火电机组分段中标量约束_25_23_6],0.0
cons[火电机组分段中标量约束_25_23_7],0.0
cons[火电机组分段中标量约束_25_23_8],0.0
cons[火电机组分段中标量约束_25_23_9],0.0
cons[火电机组出力之和约束_25_23],0.0
cons[火电机组分段中标量约束_25_24_0],0.0
cons[火电机组分段中标量约束_25_24_1],0.0
cons[火电机组分段中标量约束_25_24_2],0.0
cons[火电机组分段中标量约束_25_24_3],0.0
cons[火电机组分段中标量约束_25_24_4],0.0
cons[火电机组分段中标量约束_25_24_5],0.0
cons[火电机组分段中标量约束_25_24_6],0.0
cons[火电机组分段中标量约束_25_24_7],0.0
cons[火电机组分段中标量约束_25_24_8],0.0
cons[火电机组分段中标量约束_25_24_9],0.0
cons[火电机组出力之和约束_25_24],0.0
cons[火电机组分段中标量约束_25_25_0],0.0
cons[火电机组分段中标量约束_25_25_1],0.0
cons[火电机组分段中标量约束_25_25_2],0.0
cons[火电机组分段中标量约束_25_25_3],0.0
cons[火电机组分段中标量约束_25_25_4],0.0
cons[火电机组分段中标量约束_25_25_5],0.0
cons[火电机组分段中标量约束_25_25_6],0.0
cons[火电机组分段中标量约束_25_25_7],0.0
cons[火电机组分段中标量约束_25_25_8],0.0
cons[火电机组分段中标量约束_25_25_9],0.0
cons[火电机组出力之和约束_25_25],0.0
cons[火电机组分段中标量约束_25_26_0],0.0
cons[火电机组分段中标量约束_25_26_1],0.0
cons[火电机组分段中标量约束_25_26_2],0.0
cons[火电机组分段中标量约束_25_26_3],0.0
cons[火电机组分段中标量约束_25_26_4],0.0
cons[火电机组分段中标量约束_25_26_5],0.0
cons[火电机组分段中标量约束_25_26_6],0.0
cons[火电机组分段中标量约束_25_26_7],0.0
cons[火电机组分段中标量约束_25_26_8],0.0
cons[火电机组分段中标量约束_25_26_9],0.0
cons[火电机组出力之和约束_25_26],0.0
cons[火电机组分段中标量约束_25_27_0],0.0
cons[火电机组分段中标量约束_25_27_1],0.0
cons[火电机组分段中标量约束_25_27_2],0.0
cons[火电机组分段中标量约束_25_27_3],0.0
cons[火电机组分段中标量约束_25_27_4],0.0
cons[火电机组分段中标量约束_25_27_5],0.0
cons[火电机组分段中标量约束_25_27_6],0.0
cons[火电机组分段中标量约束_25_27_7],0.0
cons[火电机组分段中标量约束_25_27_8],0.0
cons[火电机组分段中标量约束_25_27_9],0.0
cons[火电机组出力之和约束_25_27],0.0
cons[火电机组分段中标量约束_25_28_0],0.0
cons[火电机组分段中标量约束_25_28_1],0.0
cons[火电机组分段中标量约束_25_28_2],0.0
cons[火电机组分段中标量约束_25_28_3],0.0
cons[火电机组分段中标量约束_25_28_4],0.0
cons[火电机组分段中标量约束_25_28_5],0.0
cons[火电机组分段中标量约束_25_28_6],0.0
cons[火电机组分段中标量约束_25_28_7],0.0
cons[火电机组分段中标量约束_25_28_8],0.0
cons[火电机组分段中标量约束_25_28_9],0.0
cons[火电机组出力之和约束_25_28],0.0
cons[火电机组分段中标量约束_25_29_0],0.0
cons[火电机组分段中标量约束_25_29_1],0.0
cons[火电机组分段中标量约束_25_29_2],0.0
cons[火电机组分段中标量约束_25_29_3],0.0
cons[火电机组分段中标量约束_25_29_4],0.0
cons[火电机组分段中标量约束_25_29_5],0.0
cons[火电机组分段中标量约束_25_29_6],0.0
cons[火电机组分段中标量约束_25_29_7],0.0
cons[火电机组分段中标量约束_25_29_8],0.0
cons[火电机组分段中标量约束_25_29_9],0.0
cons[火电机组出力之和约束_25_29],0.0
cons[火电机组分段中标量约束_25_30_0],0.0
cons[火电机组分段中标量约束_25_30_1],0.0
cons[火电机组分段中标量约束_25_30_2],0.0
cons[火电机组分段中标量约束_25_30_3],0.0
cons[火电机组分段中标量约束_25_30_4],0.0
cons[火电机组分段中标量约束_25_30_5],0.0
cons[火电机组分段中标量约束_25_30_6],0.0
cons[火电机组分段中标量约束_25_30_7],0.0
cons[火电机组分段中标量约束_25_30_8],0.0
cons[火电机组分段中标量约束_25_30_9],0.0
cons[火电机组出力之和约束_25_30],0.0
cons[火电机组分段中标量约束_25_31_0],0.0
cons[火电机组分段中标量约束_25_31_1],0.0
cons[火电机组分段中标量约束_25_31_2],0.0
cons[火电机组分段中标量约束_25_31_3],0.0
cons[火电机组分段中标量约束_25_31_4],0.0
cons[火电机组分段中标量约束_25_31_5],0.0
cons[火电机组分段中标量约束_25_31_6],0.0
cons[火电机组分段中标量约束_25_31_7],0.0
cons[火电机组分段中标量约束_25_31_8],0.0
cons[火电机组分段中标量约束_25_31_9],0.0
cons[火电机组出力之和约束_25_31],0.0
cons[火电机组分段中标量约束_25_32_0],0.0
cons[火电机组分段中标量约束_25_32_1],0.0
cons[火电机组分段中标量约束_25_32_2],0.0
cons[火电机组分段中标量约束_25_32_3],0.0
cons[火电机组分段中标量约束_25_32_4],0.0
cons[火电机组分段中标量约束_25_32_5],0.0
cons[火电机组分段中标量约束_25_32_6],0.0
cons[火电机组分段中标量约束_25_32_7],0.0
cons[火电机组分段中标量约束_25_32_8],0.0
cons[火电机组分段中标量约束_25_32_9],0.0
cons[火电机组出力之和约束_25_32],0.0
cons[火电机组分段中标量约束_25_33_0],0.0
cons[火电机组分段中标量约束_25_33_1],0.0
cons[火电机组分段中标量约束_25_33_2],0.0
cons[火电机组分段中标量约束_25_33_3],0.0
cons[火电机组分段中标量约束_25_33_4],0.0
cons[火电机组分段中标量约束_25_33_5],0.0
cons[火电机组分段中标量约束_25_33_6],0.0
cons[火电机组分段中标量约束_25_33_7],0.0
cons[火电机组分段中标量约束_25_33_8],0.0
cons[火电机组分段中标量约束_25_33_9],0.0
cons[火电机组出力之和约束_25_33],0.0
cons[火电机组分段中标量约束_25_34_0],0.0
cons[火电机组分段中标量约束_25_34_1],0.0
cons[火电机组分段中标量约束_25_34_2],0.0
cons[火电机组分段中标量约束_25_34_3],0.0
cons[火电机组分段中标量约束_25_34_4],0.0
cons[火电机组分段中标量约束_25_34_5],0.0
cons[火电机组分段中标量约束_25_34_6],0.0
cons[火电机组分段中标量约束_25_34_7],0.0
cons[火电机组分段中标量约束_25_34_8],0.0
cons[火电机组分段中标量约束_25_34_9],0.0
cons[火电机组出力之和约束_25_34],0.0
cons[火电机组分段中标量约束_25_35_0],0.0
cons[火电机组分段中标量约束_25_35_1],0.0
cons[火电机组分段中标量约束_25_35_2],0.0
cons[火电机组分段中标量约束_25_35_3],0.0
cons[火电机组分段中标量约束_25_35_4],0.0
cons[火电机组分段中标量约束_25_35_5],0.0
cons[火电机组分段中标量约束_25_35_6],0.0
cons[火电机组分段中标量约束_25_35_7],0.0
cons[火电机组分段中标量约束_25_35_8],0.0
cons[火电机组分段中标量约束_25_35_9],0.0
cons[火电机组出力之和约束_25_35],0.0
cons[火电机组分段中标量约束_25_36_0],0.0
cons[火电机组分段中标量约束_25_36_1],0.0
cons[火电机组分段中标量约束_25_36_2],0.0
cons[火电机组分段中标量约束_25_36_3],0.0
cons[火电机组分段中标量约束_25_36_4],0.0
cons[火电机组分段中标量约束_25_36_5],0.0
cons[火电机组分段中标量约束_25_36_6],0.0
cons[火电机组分段中标量约束_25_36_7],0.0
cons[火电机组分段中标量约束_25_36_8],0.0
cons[火电机组分段中标量约束_25_36_9],0.0
cons[火电机组出力之和约束_25_36],0.0
cons[火电机组分段中标量约束_25_37_0],0.0
cons[火电机组分段中标量约束_25_37_1],0.0
cons[火电机组分段中标量约束_25_37_2],0.0
cons[火电机组分段中标量约束_25_37_3],0.0
cons[火电机组分段中标量约束_25_37_4],0.0
cons[火电机组分段中标量约束_25_37_5],0.0
cons[火电机组分段中标量约束_25_37_6],0.0
cons[火电机组分段中标量约束_25_37_7],0.0
cons[火电机组分段中标量约束_25_37_8],0.0
cons[火电机组分段中标量约束_25_37_9],0.0
cons[火电机组出力之和约束_25_37],0.0
cons[火电机组分段中标量约束_25_38_0],0.0
cons[火电机组分段中标量约束_25_38_1],0.0
cons[火电机组分段中标量约束_25_38_2],0.0
cons[火电机组分段中标量约束_25_38_3],0.0
cons[火电机组分段中标量约束_25_38_4],0.0
cons[火电机组分段中标量约束_25_38_5],0.0
cons[火电机组分段中标量约束_25_38_6],0.0
cons[火电机组分段中标量约束_25_38_7],0.0
cons[火电机组分段中标量约束_25_38_8],0.0
cons[火电机组分段中标量约束_25_38_9],0.0
cons[火电机组出力之和约束_25_38],0.0
cons[火电机组分段中标量约束_25_39_0],0.0
cons[火电机组分段中标量约束_25_39_1],0.0
cons[火电机组分段中标量约束_25_39_2],0.0
cons[火电机组分段中标量约束_25_39_3],0.0
cons[火电机组分段中标量约束_25_39_4],0.0
cons[火电机组分段中标量约束_25_39_5],0.0
cons[火电机组分段中标量约束_25_39_6],0.0
cons[火电机组分段中标量约束_25_39_7],0.0
cons[火电机组分段中标量约束_25_39_8],0.0
cons[火电机组分段中标量约束_25_39_9],0.0
cons[火电机组出力之和约束_25_39],0.0
cons[火电机组分段中标量约束_25_40_0],0.0
cons[火电机组分段中标量约束_25_40_1],0.0
cons[火电机组分段中标量约束_25_40_2],0.0
cons[火电机组分段中标量约束_25_40_3],0.0
cons[火电机组分段中标量约束_25_40_4],0.0
cons[火电机组分段中标量约束_25_40_5],0.0
cons[火电机组分段中标量约束_25_40_6],0.0
cons[火电机组分段中标量约束_25_40_7],0.0
cons[火电机组分段中标量约束_25_40_8],0.0
cons[火电机组分段中标量约束_25_40_9],0.0
cons[火电机组出力之和约束_25_40],0.0
cons[火电机组分段中标量约束_25_41_0],0.0
cons[火电机组分段中标量约束_25_41_1],0.0
cons[火电机组分段中标量约束_25_41_2],0.0
cons[火电机组分段中标量约束_25_41_3],0.0
cons[火电机组分段中标量约束_25_41_4],0.0
cons[火电机组分段中标量约束_25_41_5],0.0
cons[火电机组分段中标量约束_25_41_6],0.0
cons[火电机组分段中标量约束_25_41_7],0.0
cons[火电机组分段中标量约束_25_41_8],0.0
cons[火电机组分段中标量约束_25_41_9],0.0
cons[火电机组出力之和约束_25_41],0.0
cons[火电机组分段中标量约束_25_42_0],0.0
cons[火电机组分段中标量约束_25_42_1],0.0
cons[火电机组分段中标量约束_25_42_2],0.0
cons[火电机组分段中标量约束_25_42_3],0.0
cons[火电机组分段中标量约束_25_42_4],0.0
cons[火电机组分段中标量约束_25_42_5],0.0
cons[火电机组分段中标量约束_25_42_6],0.0
cons[火电机组分段中标量约束_25_42_7],0.0
cons[火电机组分段中标量约束_25_42_8],0.0
cons[火电机组分段中标量约束_25_42_9],0.0
cons[火电机组出力之和约束_25_42],0.0
cons[火电机组分段中标量约束_25_43_0],0.0
cons[火电机组分段中标量约束_25_43_1],0.0
cons[火电机组分段中标量约束_25_43_2],0.0
cons[火电机组分段中标量约束_25_43_3],0.0
cons[火电机组分段中标量约束_25_43_4],0.0
cons[火电机组分段中标量约束_25_43_5],0.0
cons[火电机组分段中标量约束_25_43_6],0.0
cons[火电机组分段中标量约束_25_43_7],0.0
cons[火电机组分段中标量约束_25_43_8],0.0
cons[火电机组分段中标量约束_25_43_9],0.0
cons[火电机组出力之和约束_25_43],0.0
cons[火电机组分段中标量约束_25_44_0],0.0
cons[火电机组分段中标量约束_25_44_1],0.0
cons[火电机组分段中标量约束_25_44_2],0.0
cons[火电机组分段中标量约束_25_44_3],0.0
cons[火电机组分段中标量约束_25_44_4],0.0
cons[火电机组分段中标量约束_25_44_5],0.0
cons[火电机组分段中标量约束_25_44_6],0.0
cons[火电机组分段中标量约束_25_44_7],0.0
cons[火电机组分段中标量约束_25_44_8],0.0
cons[火电机组分段中标量约束_25_44_9],0.0
cons[火电机组出力之和约束_25_44],0.0
cons[火电机组分段中标量约束_25_45_0],0.0
cons[火电机组分段中标量约束_25_45_1],0.0
cons[火电机组分段中标量约束_25_45_2],0.0
cons[火电机组分段中标量约束_25_45_3],0.0
cons[火电机组分段中标量约束_25_45_4],0.0
cons[火电机组分段中标量约束_25_45_5],0.0
cons[火电机组分段中标量约束_25_45_6],0.0
cons[火电机组分段中标量约束_25_45_7],0.0
cons[火电机组分段中标量约束_25_45_8],0.0
cons[火电机组分段中标量约束_25_45_9],0.0
cons[火电机组出力之和约束_25_45],0.0
cons[火电机组分段中标量约束_25_46_0],0.0
cons[火电机组分段中标量约束_25_46_1],0.0
cons[火电机组分段中标量约束_25_46_2],0.0
cons[火电机组分段中标量约束_25_46_3],0.0
cons[火电机组分段中标量约束_25_46_4],0.0
cons[火电机组分段中标量约束_25_46_5],0.0
cons[火电机组分段中标量约束_25_46_6],0.0
cons[火电机组分段中标量约束_25_46_7],0.0
cons[火电机组分段中标量约束_25_46_8],0.0
cons[火电机组分段中标量约束_25_46_9],0.0
cons[火电机组出力之和约束_25_46],0.0
cons[火电机组分段中标量约束_25_47_0],0.0
cons[火电机组分段中标量约束_25_47_1],0.0
cons[火电机组分段中标量约束_25_47_2],0.0
cons[火电机组分段中标量约束_25_47_3],0.0
cons[火电机组分段中标量约束_25_47_4],0.0
cons[火电机组分段中标量约束_25_47_5],0.0
cons[火电机组分段中标量约束_25_47_6],0.0
cons[火电机组分段中标量约束_25_47_7],0.0
cons[火电机组分段中标量约束_25_47_8],0.0
cons[火电机组分段中标量约束_25_47_9],0.0
cons[火电机组出力之和约束_25_47],0.0
cons[火电机组分段中标量约束_25_48_0],0.0
cons[火电机组分段中标量约束_25_48_1],0.0
cons[火电机组分段中标量约束_25_48_2],0.0
cons[火电机组分段中标量约束_25_48_3],0.0
cons[火电机组分段中标量约束_25_48_4],0.0
cons[火电机组分段中标量约束_25_48_5],0.0
cons[火电机组分段中标量约束_25_48_6],0.0
cons[火电机组分段中标量约束_25_48_7],0.0
cons[火电机组分段中标量约束_25_48_8],0.0
cons[火电机组分段中标量约束_25_48_9],0.0
cons[火电机组出力之和约束_25_48],0.0
cons[火电机组分段中标量约束_25_49_0],0.0
cons[火电机组分段中标量约束_25_49_1],0.0
cons[火电机组分段中标量约束_25_49_2],0.0
cons[火电机组分段中标量约束_25_49_3],0.0
cons[火电机组分段中标量约束_25_49_4],0.0
cons[火电机组分段中标量约束_25_49_5],0.0
cons[火电机组分段中标量约束_25_49_6],0.0
cons[火电机组分段中标量约束_25_49_7],0.0
cons[火电机组分段中标量约束_25_49_8],0.0
cons[火电机组分段中标量约束_25_49_9],0.0
cons[火电机组出力之和约束_25_49],0.0
cons[火电机组分段中标量约束_25_50_0],0.0
cons[火电机组分段中标量约束_25_50_1],0.0
cons[火电机组分段中标量约束_25_50_2],0.0
cons[火电机组分段中标量约束_25_50_3],0.0
cons[火电机组分段中标量约束_25_50_4],0.0
cons[火电机组分段中标量约束_25_50_5],0.0
cons[火电机组分段中标量约束_25_50_6],0.0
cons[火电机组分段中标量约束_25_50_7],0.0
cons[火电机组分段中标量约束_25_50_8],0.0
cons[火电机组分段中标量约束_25_50_9],0.0
cons[火电机组出力之和约束_25_50],0.0
cons[火电机组分段中标量约束_25_51_0],0.0
cons[火电机组分段中标量约束_25_51_1],0.0
cons[火电机组分段中标量约束_25_51_2],0.0
cons[火电机组分段中标量约束_25_51_3],0.0
cons[火电机组分段中标量约束_25_51_4],0.0
cons[火电机组分段中标量约束_25_51_5],0.0
cons[火电机组分段中标量约束_25_51_6],0.0
cons[火电机组分段中标量约束_25_51_7],0.0
cons[火电机组分段中标量约束_25_51_8],0.0
cons[火电机组分段中标量约束_25_51_9],0.0
cons[火电机组出力之和约束_25_51],0.0
cons[火电机组分段中标量约束_25_52_0],0.0
cons[火电机组分段中标量约束_25_52_1],0.0
cons[火电机组分段中标量约束_25_52_2],0.0
cons[火电机组分段中标量约束_25_52_3],0.0
cons[火电机组分段中标量约束_25_52_4],0.0
cons[火电机组分段中标量约束_25_52_5],0.0
cons[火电机组分段中标量约束_25_52_6],0.0
cons[火电机组分段中标量约束_25_52_7],0.0
cons[火电机组分段中标量约束_25_52_8],0.0
cons[火电机组分段中标量约束_25_52_9],0.0
cons[火电机组出力之和约束_25_52],0.0
cons[火电机组分段中标量约束_25_53_0],0.0
cons[火电机组分段中标量约束_25_53_1],0.0
cons[火电机组分段中标量约束_25_53_2],0.0
cons[火电机组分段中标量约束_25_53_3],0.0
cons[火电机组分段中标量约束_25_53_4],0.0
cons[火电机组分段中标量约束_25_53_5],0.0
cons[火电机组分段中标量约束_25_53_6],0.0
cons[火电机组分段中标量约束_25_53_7],0.0
cons[火电机组分段中标量约束_25_53_8],0.0
cons[火电机组分段中标量约束_25_53_9],0.0
cons[火电机组出力之和约束_25_53],0.0
cons[火电机组分段中标量约束_25_54_0],0.0
cons[火电机组分段中标量约束_25_54_1],0.0
cons[火电机组分段中标量约束_25_54_2],0.0
cons[火电机组分段中标量约束_25_54_3],0.0
cons[火电机组分段中标量约束_25_54_4],0.0
cons[火电机组分段中标量约束_25_54_5],0.0
cons[火电机组分段中标量约束_25_54_6],0.0
cons[火电机组分段中标量约束_25_54_7],0.0
cons[火电机组分段中标量约束_25_54_8],0.0
cons[火电机组分段中标量约束_25_54_9],0.0
cons[火电机组出力之和约束_25_54],0.0
cons[火电机组分段中标量约束_25_55_0],0.0
cons[火电机组分段中标量约束_25_55_1],0.0
cons[火电机组分段中标量约束_25_55_2],0.0
cons[火电机组分段中标量约束_25_55_3],0.0
cons[火电机组分段中标量约束_25_55_4],0.0
cons[火电机组分段中标量约束_25_55_5],0.0
cons[火电机组分段中标量约束_25_55_6],0.0
cons[火电机组分段中标量约束_25_55_7],0.0
cons[火电机组分段中标量约束_25_55_8],0.0
cons[火电机组分段中标量约束_25_55_9],0.0
cons[火电机组出力之和约束_25_55],0.0
cons[火电机组分段中标量约束_25_56_0],0.0
cons[火电机组分段中标量约束_25_56_1],0.0
cons[火电机组分段中标量约束_25_56_2],0.0
cons[火电机组分段中标量约束_25_56_3],0.0
cons[火电机组分段中标量约束_25_56_4],0.0
cons[火电机组分段中标量约束_25_56_5],0.0
cons[火电机组分段中标量约束_25_56_6],0.0
cons[火电机组分段中标量约束_25_56_7],0.0
cons[火电机组分段中标量约束_25_56_8],0.0
cons[火电机组分段中标量约束_25_56_9],0.0
cons[火电机组出力之和约束_25_56],0.0
cons[火电机组分段中标量约束_25_57_0],0.0
cons[火电机组分段中标量约束_25_57_1],0.0
cons[火电机组分段中标量约束_25_57_2],0.0
cons[火电机组分段中标量约束_25_57_3],0.0
cons[火电机组分段中标量约束_25_57_4],0.0
cons[火电机组分段中标量约束_25_57_5],0.0
cons[火电机组分段中标量约束_25_57_6],0.0
cons[火电机组分段中标量约束_25_57_7],0.0
cons[火电机组分段中标量约束_25_57_8],0.0
cons[火电机组分段中标量约束_25_57_9],0.0
cons[火电机组出力之和约束_25_57],0.0
cons[火电机组分段中标量约束_25_58_0],0.0
cons[火电机组分段中标量约束_25_58_1],0.0
cons[火电机组分段中标量约束_25_58_2],0.0
cons[火电机组分段中标量约束_25_58_3],0.0
cons[火电机组分段中标量约束_25_58_4],0.0
cons[火电机组分段中标量约束_25_58_5],0.0
cons[火电机组分段中标量约束_25_58_6],0.0
cons[火电机组分段中标量约束_25_58_7],0.0
cons[火电机组分段中标量约束_25_58_8],0.0
cons[火电机组分段中标量约束_25_58_9],0.0
cons[火电机组出力之和约束_25_58],0.0
cons[火电机组分段中标量约束_25_59_0],0.0
cons[火电机组分段中标量约束_25_59_1],0.0
cons[火电机组分段中标量约束_25_59_2],0.0
cons[火电机组分段中标量约束_25_59_3],0.0
cons[火电机组分段中标量约束_25_59_4],0.0
cons[火电机组分段中标量约束_25_59_5],0.0
cons[火电机组分段中标量约束_25_59_6],0.0
cons[火电机组分段中标量约束_25_59_7],0.0
cons[火电机组分段中标量约束_25_59_8],0.0
cons[火电机组分段中标量约束_25_59_9],0.0
cons[火电机组出力之和约束_25_59],0.0
cons[火电机组分段中标量约束_25_60_0],0.0
cons[火电机组分段中标量约束_25_60_1],0.0
cons[火电机组分段中标量约束_25_60_2],0.0
cons[火电机组分段中标量约束_25_60_3],0.0
cons[火电机组分段中标量约束_25_60_4],0.0
cons[火电机组分段中标量约束_25_60_5],0.0
cons[火电机组分段中标量约束_25_60_6],0.0
cons[火电机组分段中标量约束_25_60_7],0.0
cons[火电机组分段中标量约束_25_60_8],0.0
cons[火电机组分段中标量约束_25_60_9],0.0
cons[火电机组出力之和约束_25_60],0.0
cons[火电机组分段中标量约束_25_61_0],0.0
cons[火电机组分段中标量约束_25_61_1],0.0
cons[火电机组分段中标量约束_25_61_2],0.0
cons[火电机组分段中标量约束_25_61_3],0.0
cons[火电机组分段中标量约束_25_61_4],0.0
cons[火电机组分段中标量约束_25_61_5],0.0
cons[火电机组分段中标量约束_25_61_6],0.0
cons[火电机组分段中标量约束_25_61_7],0.0
cons[火电机组分段中标量约束_25_61_8],0.0
cons[火电机组分段中标量约束_25_61_9],0.0
cons[火电机组出力之和约束_25_61],0.0
cons[火电机组分段中标量约束_25_62_0],0.0
cons[火电机组分段中标量约束_25_62_1],0.0
cons[火电机组分段中标量约束_25_62_2],0.0
cons[火电机组分段中标量约束_25_62_3],0.0
cons[火电机组分段中标量约束_25_62_4],0.0
cons[火电机组分段中标量约束_25_62_5],0.0
cons[火电机组分段中标量约束_25_62_6],0.0
cons[火电机组分段中标量约束_25_62_7],0.0
cons[火电机组分段中标量约束_25_62_8],0.0
cons[火电机组分段中标量约束_25_62_9],0.0
cons[火电机组出力之和约束_25_62],0.0
cons[火电机组分段中标量约束_25_63_0],0.0
cons[火电机组分段中标量约束_25_63_1],0.0
cons[火电机组分段中标量约束_25_63_2],0.0
cons[火电机组分段中标量约束_25_63_3],0.0
cons[火电机组分段中标量约束_25_63_4],0.0
cons[火电机组分段中标量约束_25_63_5],0.0
cons[火电机组分段中标量约束_25_63_6],0.0
cons[火电机组分段中标量约束_25_63_7],0.0
cons[火电机组分段中标量约束_25_63_8],0.0
cons[火电机组分段中标量约束_25_63_9],0.0
cons[火电机组出力之和约束_25_63],0.0
cons[火电机组分段中标量约束_25_64_0],0.0
cons[火电机组分段中标量约束_25_64_1],0.0
cons[火电机组分段中标量约束_25_64_2],0.0
cons[火电机组分段中标量约束_25_64_3],0.0
cons[火电机组分段中标量约束_25_64_4],0.0
cons[火电机组分段中标量约束_25_64_5],0.0
cons[火电机组分段中标量约束_25_64_6],0.0
cons[火电机组分段中标量约束_25_64_7],0.0
cons[火电机组分段中标量约束_25_64_8],0.0
cons[火电机组分段中标量约束_25_64_9],0.0
cons[火电机组出力之和约束_25_64],0.0
cons[火电机组分段中标量约束_25_65_0],0.0
cons[火电机组分段中标量约束_25_65_1],0.0
cons[火电机组分段中标量约束_25_65_2],0.0
cons[火电机组分段中标量约束_25_65_3],0.0
cons[火电机组分段中标量约束_25_65_4],0.0
cons[火电机组分段中标量约束_25_65_5],0.0
cons[火电机组分段中标量约束_25_65_6],0.0
cons[火电机组分段中标量约束_25_65_7],0.0
cons[火电机组分段中标量约束_25_65_8],0.0
cons[火电机组分段中标量约束_25_65_9],0.0
cons[火电机组出力之和约束_25_65],0.0
cons[火电机组分段中标量约束_25_66_0],0.0
cons[火电机组分段中标量约束_25_66_1],0.0
cons[火电机组分段中标量约束_25_66_2],0.0
cons[火电机组分段中标量约束_25_66_3],0.0
cons[火电机组分段中标量约束_25_66_4],0.0
cons[火电机组分段中标量约束_25_66_5],0.0
cons[火电机组分段中标量约束_25_66_6],0.0
cons[火电机组分段中标量约束_25_66_7],0.0
cons[火电机组分段中标量约束_25_66_8],0.0
cons[火电机组分段中标量约束_25_66_9],0.0
cons[火电机组出力之和约束_25_66],0.0
cons[火电机组分段中标量约束_25_67_0],0.0
cons[火电机组分段中标量约束_25_67_1],0.0
cons[火电机组分段中标量约束_25_67_2],0.0
cons[火电机组分段中标量约束_25_67_3],0.0
cons[火电机组分段中标量约束_25_67_4],0.0
cons[火电机组分段中标量约束_25_67_5],0.0
cons[火电机组分段中标量约束_25_67_6],0.0
cons[火电机组分段中标量约束_25_67_7],0.0
cons[火电机组分段中标量约束_25_67_8],0.0
cons[火电机组分段中标量约束_25_67_9],0.0
cons[火电机组出力之和约束_25_67],0.0
cons[火电机组分段中标量约束_25_68_0],0.0
cons[火电机组分段中标量约束_25_68_1],0.0
cons[火电机组分段中标量约束_25_68_2],0.0
cons[火电机组分段中标量约束_25_68_3],0.0
cons[火电机组分段中标量约束_25_68_4],0.0
cons[火电机组分段中标量约束_25_68_5],0.0
cons[火电机组分段中标量约束_25_68_6],0.0
cons[火电机组分段中标量约束_25_68_7],0.0
cons[火电机组分段中标量约束_25_68_8],0.0
cons[火电机组分段中标量约束_25_68_9],0.0
cons[火电机组出力之和约束_25_68],0.0
cons[火电机组分段中标量约束_25_69_0],0.0
cons[火电机组分段中标量约束_25_69_1],0.0
cons[火电机组分段中标量约束_25_69_2],0.0
cons[火电机组分段中标量约束_25_69_3],0.0
cons[火电机组分段中标量约束_25_69_4],0.0
cons[火电机组分段中标量约束_25_69_5],0.0
cons[火电机组分段中标量约束_25_69_6],0.0
cons[火电机组分段中标量约束_25_69_7],0.0
cons[火电机组分段中标量约束_25_69_8],0.0
cons[火电机组分段中标量约束_25_69_9],0.0
cons[火电机组出力之和约束_25_69],0.0
cons[火电机组分段中标量约束_25_70_0],0.0
cons[火电机组分段中标量约束_25_70_1],0.0
cons[火电机组分段中标量约束_25_70_2],0.0
cons[火电机组分段中标量约束_25_70_3],0.0
cons[火电机组分段中标量约束_25_70_4],0.0
cons[火电机组分段中标量约束_25_70_5],0.0
cons[火电机组分段中标量约束_25_70_6],0.0
cons[火电机组分段中标量约束_25_70_7],0.0
cons[火电机组分段中标量约束_25_70_8],0.0
cons[火电机组分段中标量约束_25_70_9],0.0
cons[火电机组出力之和约束_25_70],0.0
cons[火电机组分段中标量约束_25_71_0],0.0
cons[火电机组分段中标量约束_25_71_1],0.0
cons[火电机组分段中标量约束_25_71_2],0.0
cons[火电机组分段中标量约束_25_71_3],0.0
cons[火电机组分段中标量约束_25_71_4],0.0
cons[火电机组分段中标量约束_25_71_5],0.0
cons[火电机组分段中标量约束_25_71_6],0.0
cons[火电机组分段中标量约束_25_71_7],0.0
cons[火电机组分段中标量约束_25_71_8],0.0
cons[火电机组分段中标量约束_25_71_9],0.0
cons[火电机组出力之和约束_25_71],0.0
cons[火电机组分段中标量约束_25_72_0],0.0
cons[火电机组分段中标量约束_25_72_1],0.0
cons[火电机组分段中标量约束_25_72_2],0.0
cons[火电机组分段中标量约束_25_72_3],0.0
cons[火电机组分段中标量约束_25_72_4],0.0
cons[火电机组分段中标量约束_25_72_5],0.0
cons[火电机组分段中标量约束_25_72_6],0.0
cons[火电机组分段中标量约束_25_72_7],0.0
cons[火电机组分段中标量约束_25_72_8],0.0
cons[火电机组分段中标量约束_25_72_9],0.0
cons[火电机组出力之和约束_25_72],0.0
cons[火电机组分段中标量约束_25_73_0],0.0
cons[火电机组分段中标量约束_25_73_1],0.0
cons[火电机组分段中标量约束_25_73_2],0.0
cons[火电机组分段中标量约束_25_73_3],0.0
cons[火电机组分段中标量约束_25_73_4],0.0
cons[火电机组分段中标量约束_25_73_5],0.0
cons[火电机组分段中标量约束_25_73_6],0.0
cons[火电机组分段中标量约束_25_73_7],0.0
cons[火电机组分段中标量约束_25_73_8],0.0
cons[火电机组分段中标量约束_25_73_9],0.0
cons[火电机组出力之和约束_25_73],0.0
cons[火电机组分段中标量约束_25_74_0],0.0
cons[火电机组分段中标量约束_25_74_1],0.0
cons[火电机组分段中标量约束_25_74_2],0.0
cons[火电机组分段中标量约束_25_74_3],0.0
cons[火电机组分段中标量约束_25_74_4],0.0
cons[火电机组分段中标量约束_25_74_5],0.0
cons[火电机组分段中标量约束_25_74_6],0.0
cons[火电机组分段中标量约束_25_74_7],0.0
cons[火电机组分段中标量约束_25_74_8],0.0
cons[火电机组分段中标量约束_25_74_9],0.0
cons[火电机组出力之和约束_25_74],0.0
cons[火电机组分段中标量约束_25_75_0],0.0
cons[火电机组分段中标量约束_25_75_1],0.0
cons[火电机组分段中标量约束_25_75_2],0.0
cons[火电机组分段中标量约束_25_75_3],0.0
cons[火电机组分段中标量约束_25_75_4],0.0
cons[火电机组分段中标量约束_25_75_5],0.0
cons[火电机组分段中标量约束_25_75_6],0.0
cons[火电机组分段中标量约束_25_75_7],0.0
cons[火电机组分段中标量约束_25_75_8],0.0
cons[火电机组分段中标量约束_25_75_9],0.0
cons[火电机组出力之和约束_25_75],0.0
cons[火电机组分段中标量约束_25_76_0],0.0
cons[火电机组分段中标量约束_25_76_1],0.0
cons[火电机组分段中标量约束_25_76_2],0.0
cons[火电机组分段中标量约束_25_76_3],0.0
cons[火电机组分段中标量约束_25_76_4],0.0
cons[火电机组分段中标量约束_25_76_5],0.0
cons[火电机组分段中标量约束_25_76_6],0.0
cons[火电机组分段中标量约束_25_76_7],0.0
cons[火电机组分段中标量约束_25_76_8],0.0
cons[火电机组分段中标量约束_25_76_9],0.0
cons[火电机组出力之和约束_25_76],0.0
cons[火电机组分段中标量约束_25_77_0],0.0
cons[火电机组分段中标量约束_25_77_1],0.0
cons[火电机组分段中标量约束_25_77_2],0.0
cons[火电机组分段中标量约束_25_77_3],0.0
cons[火电机组分段中标量约束_25_77_4],0.0
cons[火电机组分段中标量约束_25_77_5],0.0
cons[火电机组分段中标量约束_25_77_6],0.0
cons[火电机组分段中标量约束_25_77_7],0.0
cons[火电机组分段中标量约束_25_77_8],0.0
cons[火电机组分段中标量约束_25_77_9],0.0
cons[火电机组出力之和约束_25_77],0.0
cons[火电机组分段中标量约束_25_78_0],0.0
cons[火电机组分段中标量约束_25_78_1],0.0
cons[火电机组分段中标量约束_25_78_2],0.0
cons[火电机组分段中标量约束_25_78_3],0.0
cons[火电机组分段中标量约束_25_78_4],0.0
cons[火电机组分段中标量约束_25_78_5],0.0
cons[火电机组分段中标量约束_25_78_6],0.0
cons[火电机组分段中标量约束_25_78_7],0.0
cons[火电机组分段中标量约束_25_78_8],0.0
cons[火电机组分段中标量约束_25_78_9],0.0
cons[火电机组出力之和约束_25_78],0.0
cons[火电机组分段中标量约束_25_79_0],0.0
cons[火电机组分段中标量约束_25_79_1],0.0
cons[火电机组分段中标量约束_25_79_2],0.0
cons[火电机组分段中标量约束_25_79_3],0.0
cons[火电机组分段中标量约束_25_79_4],0.0
cons[火电机组分段中标量约束_25_79_5],0.0
cons[火电机组分段中标量约束_25_79_6],0.0
cons[火电机组分段中标量约束_25_79_7],0.0
cons[火电机组分段中标量约束_25_79_8],0.0
cons[火电机组分段中标量约束_25_79_9],0.0
cons[火电机组出力之和约束_25_79],0.0
cons[火电机组分段中标量约束_25_80_0],0.0
cons[火电机组分段中标量约束_25_80_1],0.0
cons[火电机组分段中标量约束_25_80_2],0.0
cons[火电机组分段中标量约束_25_80_3],0.0
cons[火电机组分段中标量约束_25_80_4],0.0
cons[火电机组分段中标量约束_25_80_5],0.0
cons[火电机组分段中标量约束_25_80_6],0.0
cons[火电机组分段中标量约束_25_80_7],0.0
cons[火电机组分段中标量约束_25_80_8],0.0
cons[火电机组分段中标量约束_25_80_9],0.0
cons[火电机组出力之和约束_25_80],0.0
cons[火电机组分段中标量约束_25_81_0],0.0
cons[火电机组分段中标量约束_25_81_1],0.0
cons[火电机组分段中标量约束_25_81_2],0.0
cons[火电机组分段中标量约束_25_81_3],0.0
cons[火电机组分段中标量约束_25_81_4],0.0
cons[火电机组分段中标量约束_25_81_5],0.0
cons[火电机组分段中标量约束_25_81_6],0.0
cons[火电机组分段中标量约束_25_81_7],0.0
cons[火电机组分段中标量约束_25_81_8],0.0
cons[火电机组分段中标量约束_25_81_9],0.0
cons[火电机组出力之和约束_25_81],0.0
cons[火电机组分段中标量约束_25_82_0],0.0
cons[火电机组分段中标量约束_25_82_1],0.0
cons[火电机组分段中标量约束_25_82_2],0.0
cons[火电机组分段中标量约束_25_82_3],0.0
cons[火电机组分段中标量约束_25_82_4],0.0
cons[火电机组分段中标量约束_25_82_5],0.0
cons[火电机组分段中标量约束_25_82_6],0.0
cons[火电机组分段中标量约束_25_82_7],0.0
cons[火电机组分段中标量约束_25_82_8],0.0
cons[火电机组分段中标量约束_25_82_9],0.0
cons[火电机组出力之和约束_25_82],0.0
cons[火电机组分段中标量约束_25_83_0],0.0
cons[火电机组分段中标量约束_25_83_1],0.0
cons[火电机组分段中标量约束_25_83_2],0.0
cons[火电机组分段中标量约束_25_83_3],0.0
cons[火电机组分段中标量约束_25_83_4],0.0
cons[火电机组分段中标量约束_25_83_5],0.0
cons[火电机组分段中标量约束_25_83_6],0.0
cons[火电机组分段中标量约束_25_83_7],0.0
cons[火电机组分段中标量约束_25_83_8],0.0
cons[火电机组分段中标量约束_25_83_9],0.0
cons[火电机组出力之和约束_25_83],0.0
cons[火电机组分段中标量约束_25_84_0],0.0
cons[火电机组分段中标量约束_25_84_1],0.0
cons[火电机组分段中标量约束_25_84_2],0.0
cons[火电机组分段中标量约束_25_84_3],0.0
cons[火电机组分段中标量约束_25_84_4],0.0
cons[火电机组分段中标量约束_25_84_5],0.0
cons[火电机组分段中标量约束_25_84_6],0.0
cons[火电机组分段中标量约束_25_84_7],0.0
cons[火电机组分段中标量约束_25_84_8],0.0
cons[火电机组分段中标量约束_25_84_9],0.0
cons[火电机组出力之和约束_25_84],0.0
cons[火电机组分段中标量约束_25_85_0],0.0
cons[火电机组分段中标量约束_25_85_1],0.0
cons[火电机组分段中标量约束_25_85_2],0.0
cons[火电机组分段中标量约束_25_85_3],0.0
cons[火电机组分段中标量约束_25_85_4],0.0
cons[火电机组分段中标量约束_25_85_5],0.0
cons[火电机组分段中标量约束_25_85_6],0.0
cons[火电机组分段中标量约束_25_85_7],0.0
cons[火电机组分段中标量约束_25_85_8],0.0
cons[火电机组分段中标量约束_25_85_9],0.0
cons[火电机组出力之和约束_25_85],0.0
cons[火电机组分段中标量约束_25_86_0],0.0
cons[火电机组分段中标量约束_25_86_1],0.0
cons[火电机组分段中标量约束_25_86_2],0.0
cons[火电机组分段中标量约束_25_86_3],0.0
cons[火电机组分段中标量约束_25_86_4],0.0
cons[火电机组分段中标量约束_25_86_5],0.0
cons[火电机组分段中标量约束_25_86_6],0.0
cons[火电机组分段中标量约束_25_86_7],0.0
cons[火电机组分段中标量约束_25_86_8],0.0
cons[火电机组分段中标量约束_25_86_9],0.0
cons[火电机组出力之和约束_25_86],0.0
cons[火电机组分段中标量约束_25_87_0],0.0
cons[火电机组分段中标量约束_25_87_1],0.0
cons[火电机组分段中标量约束_25_87_2],0.0
cons[火电机组分段中标量约束_25_87_3],0.0
cons[火电机组分段中标量约束_25_87_4],0.0
cons[火电机组分段中标量约束_25_87_5],0.0
cons[火电机组分段中标量约束_25_87_6],0.0
cons[火电机组分段中标量约束_25_87_7],0.0
cons[火电机组分段中标量约束_25_87_8],0.0
cons[火电机组分段中标量约束_25_87_9],0.0
cons[火电机组出力之和约束_25_87],0.0
cons[火电机组分段中标量约束_25_88_0],0.0
cons[火电机组分段中标量约束_25_88_1],0.0
cons[火电机组分段中标量约束_25_88_2],0.0
cons[火电机组分段中标量约束_25_88_3],0.0
cons[火电机组分段中标量约束_25_88_4],0.0
cons[火电机组分段中标量约束_25_88_5],0.0
cons[火电机组分段中标量约束_25_88_6],0.0
cons[火电机组分段中标量约束_25_88_7],0.0
cons[火电机组分段中标量约束_25_88_8],0.0
cons[火电机组分段中标量约束_25_88_9],0.0
cons[火电机组出力之和约束_25_88],0.0
cons[火电机组分段中标量约束_25_89_0],0.0
cons[火电机组分段中标量约束_25_89_1],0.0
cons[火电机组分段中标量约束_25_89_2],0.0
cons[火电机组分段中标量约束_25_89_3],0.0
cons[火电机组分段中标量约束_25_89_4],0.0
cons[火电机组分段中标量约束_25_89_5],0.0
cons[火电机组分段中标量约束_25_89_6],0.0
cons[火电机组分段中标量约束_25_89_7],0.0
cons[火电机组分段中标量约束_25_89_8],0.0
cons[火电机组分段中标量约束_25_89_9],0.0
cons[火电机组出力之和约束_25_89],0.0
cons[火电机组分段中标量约束_25_90_0],0.0
cons[火电机组分段中标量约束_25_90_1],0.0
cons[火电机组分段中标量约束_25_90_2],0.0
cons[火电机组分段中标量约束_25_90_3],0.0
cons[火电机组分段中标量约束_25_90_4],0.0
cons[火电机组分段中标量约束_25_90_5],0.0
cons[火电机组分段中标量约束_25_90_6],0.0
cons[火电机组分段中标量约束_25_90_7],0.0
cons[火电机组分段中标量约束_25_90_8],0.0
cons[火电机组分段中标量约束_25_90_9],0.0
cons[火电机组出力之和约束_25_90],0.0
cons[火电机组分段中标量约束_25_91_0],0.0
cons[火电机组分段中标量约束_25_91_1],0.0
cons[火电机组分段中标量约束_25_91_2],0.0
cons[火电机组分段中标量约束_25_91_3],0.0
cons[火电机组分段中标量约束_25_91_4],0.0
cons[火电机组分段中标量约束_25_91_5],0.0
cons[火电机组分段中标量约束_25_91_6],0.0
cons[火电机组分段中标量约束_25_91_7],0.0
cons[火电机组分段中标量约束_25_91_8],0.0
cons[火电机组分段中标量约束_25_91_9],0.0
cons[火电机组出力之和约束_25_91],0.0
cons[火电机组分段中标量约束_25_92_0],0.0
cons[火电机组分段中标量约束_25_92_1],0.0
cons[火电机组分段中标量约束_25_92_2],0.0
cons[火电机组分段中标量约束_25_92_3],0.0
cons[火电机组分段中标量约束_25_92_4],0.0
cons[火电机组分段中标量约束_25_92_5],0.0
cons[火电机组分段中标量约束_25_92_6],0.0
cons[火电机组分段中标量约束_25_92_7],0.0
cons[火电机组分段中标量约束_25_92_8],0.0
cons[火电机组分段中标量约束_25_92_9],0.0
cons[火电机组出力之和约束_25_92],0.0
cons[火电机组分段中标量约束_25_93_0],0.0
cons[火电机组分段中标量约束_25_93_1],0.0
cons[火电机组分段中标量约束_25_93_2],0.0
cons[火电机组分段中标量约束_25_93_3],0.0
cons[火电机组分段中标量约束_25_93_4],0.0
cons[火电机组分段中标量约束_25_93_5],0.0
cons[火电机组分段中标量约束_25_93_6],0.0
cons[火电机组分段中标量约束_25_93_7],0.0
cons[火电机组分段中标量约束_25_93_8],0.0
cons[火电机组分段中标量约束_25_93_9],0.0
cons[火电机组出力之和约束_25_93],0.0
cons[火电机组分段中标量约束_25_94_0],0.0
cons[火电机组分段中标量约束_25_94_1],0.0
cons[火电机组分段中标量约束_25_94_2],0.0
cons[火电机组分段中标量约束_25_94_3],0.0
cons[火电机组分段中标量约束_25_94_4],0.0
cons[火电机组分段中标量约束_25_94_5],0.0
cons[火电机组分段中标量约束_25_94_6],0.0
cons[火电机组分段中标量约束_25_94_7],0.0
cons[火电机组分段中标量约束_25_94_8],0.0
cons[火电机组分段中标量约束_25_94_9],0.0
cons[火电机组出力之和约束_25_94],0.0
cons[火电机组分段中标量约束_25_95_0],0.0
cons[火电机组分段中标量约束_25_95_1],0.0
cons[火电机组分段中标量约束_25_95_2],0.0
cons[火电机组分段中标量约束_25_95_3],0.0
cons[火电机组分段中标量约束_25_95_4],0.0
cons[火电机组分段中标量约束_25_95_5],0.0
cons[火电机组分段中标量约束_25_95_6],0.0
cons[火电机组分段中标量约束_25_95_7],0.0
cons[火电机组分段中标量约束_25_95_8],0.0
cons[火电机组分段中标量约束_25_95_9],0.0
cons[火电机组出力之和约束_25_95],0.0
cons[火电机组分段中标量约束_26_0_0],0.0
cons[火电机组分段中标量约束_26_0_1],0.0
cons[火电机组分段中标量约束_26_0_2],0.0
cons[火电机组分段中标量约束_26_0_3],0.0
cons[火电机组分段中标量约束_26_0_4],0.0
cons[火电机组分段中标量约束_26_0_5],0.0
cons[火电机组分段中标量约束_26_0_6],0.0
cons[火电机组分段中标量约束_26_0_7],0.0
cons[火电机组分段中标量约束_26_0_8],0.0
cons[火电机组分段中标量约束_26_0_9],0.0
cons[火电机组出力之和约束_26_0],0.0
cons[火电机组分段中标量约束_26_1_0],0.0
cons[火电机组分段中标量约束_26_1_1],0.0
cons[火电机组分段中标量约束_26_1_2],0.0
cons[火电机组分段中标量约束_26_1_3],0.0
cons[火电机组分段中标量约束_26_1_4],0.0
cons[火电机组分段中标量约束_26_1_5],0.0
cons[火电机组分段中标量约束_26_1_6],0.0
cons[火电机组分段中标量约束_26_1_7],0.0
cons[火电机组分段中标量约束_26_1_8],0.0
cons[火电机组分段中标量约束_26_1_9],0.0
cons[火电机组出力之和约束_26_1],0.0
cons[火电机组分段中标量约束_26_2_0],0.0
cons[火电机组分段中标量约束_26_2_1],0.0
cons[火电机组分段中标量约束_26_2_2],0.0
cons[火电机组分段中标量约束_26_2_3],0.0
cons[火电机组分段中标量约束_26_2_4],0.0
cons[火电机组分段中标量约束_26_2_5],0.0
cons[火电机组分段中标量约束_26_2_6],0.0
cons[火电机组分段中标量约束_26_2_7],0.0
cons[火电机组分段中标量约束_26_2_8],0.0
cons[火电机组分段中标量约束_26_2_9],0.0
cons[火电机组出力之和约束_26_2],0.0
cons[火电机组分段中标量约束_26_3_0],0.0
cons[火电机组分段中标量约束_26_3_1],0.0
cons[火电机组分段中标量约束_26_3_2],0.0
cons[火电机组分段中标量约束_26_3_3],0.0
cons[火电机组分段中标量约束_26_3_4],0.0
cons[火电机组分段中标量约束_26_3_5],0.0
cons[火电机组分段中标量约束_26_3_6],0.0
cons[火电机组分段中标量约束_26_3_7],0.0
cons[火电机组分段中标量约束_26_3_8],0.0
cons[火电机组分段中标量约束_26_3_9],0.0
cons[火电机组出力之和约束_26_3],0.0
cons[火电机组分段中标量约束_26_4_0],0.0
cons[火电机组分段中标量约束_26_4_1],0.0
cons[火电机组分段中标量约束_26_4_2],0.0
cons[火电机组分段中标量约束_26_4_3],0.0
cons[火电机组分段中标量约束_26_4_4],0.0
cons[火电机组分段中标量约束_26_4_5],0.0
cons[火电机组分段中标量约束_26_4_6],0.0
cons[火电机组分段中标量约束_26_4_7],0.0
cons[火电机组分段中标量约束_26_4_8],0.0
cons[火电机组分段中标量约束_26_4_9],0.0
cons[火电机组出力之和约束_26_4],0.0
cons[火电机组分段中标量约束_26_5_0],0.0
cons[火电机组分段中标量约束_26_5_1],0.0
cons[火电机组分段中标量约束_26_5_2],0.0
cons[火电机组分段中标量约束_26_5_3],0.0
cons[火电机组分段中标量约束_26_5_4],0.0
cons[火电机组分段中标量约束_26_5_5],0.0
cons[火电机组分段中标量约束_26_5_6],0.0
cons[火电机组分段中标量约束_26_5_7],0.0
cons[火电机组分段中标量约束_26_5_8],0.0
cons[火电机组分段中标量约束_26_5_9],0.0
cons[火电机组出力之和约束_26_5],0.0
cons[火电机组分段中标量约束_26_6_0],0.0
cons[火电机组分段中标量约束_26_6_1],0.0
cons[火电机组分段中标量约束_26_6_2],0.0
cons[火电机组分段中标量约束_26_6_3],0.0
cons[火电机组分段中标量约束_26_6_4],0.0
cons[火电机组分段中标量约束_26_6_5],0.0
cons[火电机组分段中标量约束_26_6_6],0.0
cons[火电机组分段中标量约束_26_6_7],0.0
cons[火电机组分段中标量约束_26_6_8],0.0
cons[火电机组分段中标量约束_26_6_9],0.0
cons[火电机组出力之和约束_26_6],0.0
cons[火电机组分段中标量约束_26_7_0],0.0
cons[火电机组分段中标量约束_26_7_1],0.0
cons[火电机组分段中标量约束_26_7_2],0.0
cons[火电机组分段中标量约束_26_7_3],0.0
cons[火电机组分段中标量约束_26_7_4],0.0
cons[火电机组分段中标量约束_26_7_5],0.0
cons[火电机组分段中标量约束_26_7_6],0.0
cons[火电机组分段中标量约束_26_7_7],0.0
cons[火电机组分段中标量约束_26_7_8],0.0
cons[火电机组分段中标量约束_26_7_9],0.0
cons[火电机组出力之和约束_26_7],0.0
cons[火电机组分段中标量约束_26_8_0],0.0
cons[火电机组分段中标量约束_26_8_1],0.0
cons[火电机组分段中标量约束_26_8_2],0.0
cons[火电机组分段中标量约束_26_8_3],0.0
cons[火电机组分段中标量约束_26_8_4],0.0
cons[火电机组分段中标量约束_26_8_5],0.0
cons[火电机组分段中标量约束_26_8_6],0.0
cons[火电机组分段中标量约束_26_8_7],0.0
cons[火电机组分段中标量约束_26_8_8],0.0
cons[火电机组分段中标量约束_26_8_9],0.0
cons[火电机组出力之和约束_26_8],0.0
cons[火电机组分段中标量约束_26_9_0],0.0
cons[火电机组分段中标量约束_26_9_1],0.0
cons[火电机组分段中标量约束_26_9_2],0.0
cons[火电机组分段中标量约束_26_9_3],0.0
cons[火电机组分段中标量约束_26_9_4],0.0
cons[火电机组分段中标量约束_26_9_5],0.0
cons[火电机组分段中标量约束_26_9_6],0.0
cons[火电机组分段中标量约束_26_9_7],0.0
cons[火电机组分段中标量约束_26_9_8],0.0
cons[火电机组分段中标量约束_26_9_9],0.0
cons[火电机组出力之和约束_26_9],0.0
cons[火电机组分段中标量约束_26_10_0],0.0
cons[火电机组分段中标量约束_26_10_1],0.0
cons[火电机组分段中标量约束_26_10_2],0.0
cons[火电机组分段中标量约束_26_10_3],0.0
cons[火电机组分段中标量约束_26_10_4],0.0
cons[火电机组分段中标量约束_26_10_5],0.0
cons[火电机组分段中标量约束_26_10_6],0.0
cons[火电机组分段中标量约束_26_10_7],0.0
cons[火电机组分段中标量约束_26_10_8],0.0
cons[火电机组分段中标量约束_26_10_9],0.0
cons[火电机组出力之和约束_26_10],0.0
cons[火电机组分段中标量约束_26_11_0],0.0
cons[火电机组分段中标量约束_26_11_1],0.0
cons[火电机组分段中标量约束_26_11_2],0.0
cons[火电机组分段中标量约束_26_11_3],0.0
cons[火电机组分段中标量约束_26_11_4],0.0
cons[火电机组分段中标量约束_26_11_5],0.0
cons[火电机组分段中标量约束_26_11_6],0.0
cons[火电机组分段中标量约束_26_11_7],0.0
cons[火电机组分段中标量约束_26_11_8],0.0
cons[火电机组分段中标量约束_26_11_9],0.0
cons[火电机组出力之和约束_26_11],0.0
cons[火电机组分段中标量约束_26_12_0],0.0
cons[火电机组分段中标量约束_26_12_1],0.0
cons[火电机组分段中标量约束_26_12_2],0.0
cons[火电机组分段中标量约束_26_12_3],0.0
cons[火电机组分段中标量约束_26_12_4],0.0
cons[火电机组分段中标量约束_26_12_5],0.0
cons[火电机组分段中标量约束_26_12_6],0.0
cons[火电机组分段中标量约束_26_12_7],0.0
cons[火电机组分段中标量约束_26_12_8],0.0
cons[火电机组分段中标量约束_26_12_9],0.0
cons[火电机组出力之和约束_26_12],0.0
cons[火电机组分段中标量约束_26_13_0],0.0
cons[火电机组分段中标量约束_26_13_1],0.0
cons[火电机组分段中标量约束_26_13_2],0.0
cons[火电机组分段中标量约束_26_13_3],0.0
cons[火电机组分段中标量约束_26_13_4],0.0
cons[火电机组分段中标量约束_26_13_5],0.0
cons[火电机组分段中标量约束_26_13_6],0.0
cons[火电机组分段中标量约束_26_13_7],0.0
cons[火电机组分段中标量约束_26_13_8],0.0
cons[火电机组分段中标量约束_26_13_9],0.0
cons[火电机组出力之和约束_26_13],0.0
cons[火电机组分段中标量约束_26_14_0],0.0
cons[火电机组分段中标量约束_26_14_1],0.0
cons[火电机组分段中标量约束_26_14_2],0.0
cons[火电机组分段中标量约束_26_14_3],0.0
cons[火电机组分段中标量约束_26_14_4],0.0
cons[火电机组分段中标量约束_26_14_5],0.0
cons[火电机组分段中标量约束_26_14_6],0.0
cons[火电机组分段中标量约束_26_14_7],0.0
cons[火电机组分段中标量约束_26_14_8],0.0
cons[火电机组分段中标量约束_26_14_9],0.0
cons[火电机组出力之和约束_26_14],0.0
cons[火电机组分段中标量约束_26_15_0],0.0
cons[火电机组分段中标量约束_26_15_1],0.0
cons[火电机组分段中标量约束_26_15_2],0.0
cons[火电机组分段中标量约束_26_15_3],0.0
cons[火电机组分段中标量约束_26_15_4],0.0
cons[火电机组分段中标量约束_26_15_5],0.0
cons[火电机组分段中标量约束_26_15_6],0.0
cons[火电机组分段中标量约束_26_15_7],0.0
cons[火电机组分段中标量约束_26_15_8],0.0
cons[火电机组分段中标量约束_26_15_9],0.0
cons[火电机组出力之和约束_26_15],0.0
cons[火电机组分段中标量约束_26_16_0],0.0
cons[火电机组分段中标量约束_26_16_1],0.0
cons[火电机组分段中标量约束_26_16_2],0.0
cons[火电机组分段中标量约束_26_16_3],0.0
cons[火电机组分段中标量约束_26_16_4],0.0
cons[火电机组分段中标量约束_26_16_5],0.0
cons[火电机组分段中标量约束_26_16_6],0.0
cons[火电机组分段中标量约束_26_16_7],0.0
cons[火电机组分段中标量约束_26_16_8],0.0
cons[火电机组分段中标量约束_26_16_9],0.0
cons[火电机组出力之和约束_26_16],0.0
cons[火电机组分段中标量约束_26_17_0],0.0
cons[火电机组分段中标量约束_26_17_1],0.0
cons[火电机组分段中标量约束_26_17_2],0.0
cons[火电机组分段中标量约束_26_17_3],0.0
cons[火电机组分段中标量约束_26_17_4],0.0
cons[火电机组分段中标量约束_26_17_5],0.0
cons[火电机组分段中标量约束_26_17_6],0.0
cons[火电机组分段中标量约束_26_17_7],0.0
cons[火电机组分段中标量约束_26_17_8],0.0
cons[火电机组分段中标量约束_26_17_9],0.0
cons[火电机组出力之和约束_26_17],0.0
cons[火电机组分段中标量约束_26_18_0],0.0
cons[火电机组分段中标量约束_26_18_1],0.0
cons[火电机组分段中标量约束_26_18_2],0.0
cons[火电机组分段中标量约束_26_18_3],0.0
cons[火电机组分段中标量约束_26_18_4],0.0
cons[火电机组分段中标量约束_26_18_5],0.0
cons[火电机组分段中标量约束_26_18_6],0.0
cons[火电机组分段中标量约束_26_18_7],0.0
cons[火电机组分段中标量约束_26_18_8],0.0
cons[火电机组分段中标量约束_26_18_9],0.0
cons[火电机组出力之和约束_26_18],0.0
cons[火电机组分段中标量约束_26_19_0],0.0
cons[火电机组分段中标量约束_26_19_1],0.0
cons[火电机组分段中标量约束_26_19_2],0.0
cons[火电机组分段中标量约束_26_19_3],0.0
cons[火电机组分段中标量约束_26_19_4],0.0
cons[火电机组分段中标量约束_26_19_5],0.0
cons[火电机组分段中标量约束_26_19_6],0.0
cons[火电机组分段中标量约束_26_19_7],0.0
cons[火电机组分段中标量约束_26_19_8],0.0
cons[火电机组分段中标量约束_26_19_9],0.0
cons[火电机组出力之和约束_26_19],0.0
cons[火电机组分段中标量约束_26_20_0],0.0
cons[火电机组分段中标量约束_26_20_1],0.0
cons[火电机组分段中标量约束_26_20_2],0.0
cons[火电机组分段中标量约束_26_20_3],0.0
cons[火电机组分段中标量约束_26_20_4],0.0
cons[火电机组分段中标量约束_26_20_5],0.0
cons[火电机组分段中标量约束_26_20_6],0.0
cons[火电机组分段中标量约束_26_20_7],0.0
cons[火电机组分段中标量约束_26_20_8],0.0
cons[火电机组分段中标量约束_26_20_9],0.0
cons[火电机组出力之和约束_26_20],0.0
cons[火电机组分段中标量约束_26_21_0],0.0
cons[火电机组分段中标量约束_26_21_1],0.0
cons[火电机组分段中标量约束_26_21_2],0.0
cons[火电机组分段中标量约束_26_21_3],0.0
cons[火电机组分段中标量约束_26_21_4],0.0
cons[火电机组分段中标量约束_26_21_5],0.0
cons[火电机组分段中标量约束_26_21_6],0.0
cons[火电机组分段中标量约束_26_21_7],0.0
cons[火电机组分段中标量约束_26_21_8],0.0
cons[火电机组分段中标量约束_26_21_9],0.0
cons[火电机组出力之和约束_26_21],0.0
cons[火电机组分段中标量约束_26_22_0],0.0
cons[火电机组分段中标量约束_26_22_1],0.0
cons[火电机组分段中标量约束_26_22_2],0.0
cons[火电机组分段中标量约束_26_22_3],0.0
cons[火电机组分段中标量约束_26_22_4],0.0
cons[火电机组分段中标量约束_26_22_5],0.0
cons[火电机组分段中标量约束_26_22_6],0.0
cons[火电机组分段中标量约束_26_22_7],0.0
cons[火电机组分段中标量约束_26_22_8],0.0
cons[火电机组分段中标量约束_26_22_9],0.0
cons[火电机组出力之和约束_26_22],0.0
cons[火电机组分段中标量约束_26_23_0],0.0
cons[火电机组分段中标量约束_26_23_1],0.0
cons[火电机组分段中标量约束_26_23_2],0.0
cons[火电机组分段中标量约束_26_23_3],0.0
cons[火电机组分段中标量约束_26_23_4],0.0
cons[火电机组分段中标量约束_26_23_5],0.0
cons[火电机组分段中标量约束_26_23_6],0.0
cons[火电机组分段中标量约束_26_23_7],0.0
cons[火电机组分段中标量约束_26_23_8],0.0
cons[火电机组分段中标量约束_26_23_9],0.0
cons[火电机组出力之和约束_26_23],0.0
cons[火电机组分段中标量约束_26_24_0],0.0
cons[火电机组分段中标量约束_26_24_1],0.0
cons[火电机组分段中标量约束_26_24_2],0.0
cons[火电机组分段中标量约束_26_24_3],0.0
cons[火电机组分段中标量约束_26_24_4],0.0
cons[火电机组分段中标量约束_26_24_5],0.0
cons[火电机组分段中标量约束_26_24_6],0.0
cons[火电机组分段中标量约束_26_24_7],0.0
cons[火电机组分段中标量约束_26_24_8],0.0
cons[火电机组分段中标量约束_26_24_9],0.0
cons[火电机组出力之和约束_26_24],0.0
cons[火电机组分段中标量约束_26_25_0],0.0
cons[火电机组分段中标量约束_26_25_1],0.0
cons[火电机组分段中标量约束_26_25_2],0.0
cons[火电机组分段中标量约束_26_25_3],0.0
cons[火电机组分段中标量约束_26_25_4],0.0
cons[火电机组分段中标量约束_26_25_5],0.0
cons[火电机组分段中标量约束_26_25_6],0.0
cons[火电机组分段中标量约束_26_25_7],0.0
cons[火电机组分段中标量约束_26_25_8],0.0
cons[火电机组分段中标量约束_26_25_9],0.0
cons[火电机组出力之和约束_26_25],0.0
cons[火电机组分段中标量约束_26_26_0],0.0
cons[火电机组分段中标量约束_26_26_1],0.0
cons[火电机组分段中标量约束_26_26_2],0.0
cons[火电机组分段中标量约束_26_26_3],0.0
cons[火电机组分段中标量约束_26_26_4],0.0
cons[火电机组分段中标量约束_26_26_5],0.0
cons[火电机组分段中标量约束_26_26_6],0.0
cons[火电机组分段中标量约束_26_26_7],0.0
cons[火电机组分段中标量约束_26_26_8],0.0
cons[火电机组分段中标量约束_26_26_9],0.0
cons[火电机组出力之和约束_26_26],0.0
cons[火电机组分段中标量约束_26_27_0],0.0
cons[火电机组分段中标量约束_26_27_1],0.0
cons[火电机组分段中标量约束_26_27_2],0.0
cons[火电机组分段中标量约束_26_27_3],0.0
cons[火电机组分段中标量约束_26_27_4],0.0
cons[火电机组分段中标量约束_26_27_5],0.0
cons[火电机组分段中标量约束_26_27_6],0.0
cons[火电机组分段中标量约束_26_27_7],0.0
cons[火电机组分段中标量约束_26_27_8],0.0
cons[火电机组分段中标量约束_26_27_9],0.0
cons[火电机组出力之和约束_26_27],0.0
cons[火电机组分段中标量约束_26_28_0],0.0
cons[火电机组分段中标量约束_26_28_1],0.0
cons[火电机组分段中标量约束_26_28_2],0.0
cons[火电机组分段中标量约束_26_28_3],0.0
cons[火电机组分段中标量约束_26_28_4],0.0
cons[火电机组分段中标量约束_26_28_5],0.0
cons[火电机组分段中标量约束_26_28_6],0.0
cons[火电机组分段中标量约束_26_28_7],0.0
cons[火电机组分段中标量约束_26_28_8],0.0
cons[火电机组分段中标量约束_26_28_9],0.0
cons[火电机组出力之和约束_26_28],0.0
cons[火电机组分段中标量约束_26_29_0],0.0
cons[火电机组分段中标量约束_26_29_1],0.0
cons[火电机组分段中标量约束_26_29_2],0.0
cons[火电机组分段中标量约束_26_29_3],0.0
cons[火电机组分段中标量约束_26_29_4],0.0
cons[火电机组分段中标量约束_26_29_5],0.0
cons[火电机组分段中标量约束_26_29_6],0.0
cons[火电机组分段中标量约束_26_29_7],0.0
cons[火电机组分段中标量约束_26_29_8],0.0
cons[火电机组分段中标量约束_26_29_9],0.0
cons[火电机组出力之和约束_26_29],0.0
cons[火电机组分段中标量约束_26_30_0],0.0
cons[火电机组分段中标量约束_26_30_1],0.0
cons[火电机组分段中标量约束_26_30_2],0.0
cons[火电机组分段中标量约束_26_30_3],0.0
cons[火电机组分段中标量约束_26_30_4],0.0
cons[火电机组分段中标量约束_26_30_5],0.0
cons[火电机组分段中标量约束_26_30_6],0.0
cons[火电机组分段中标量约束_26_30_7],0.0
cons[火电机组分段中标量约束_26_30_8],0.0
cons[火电机组分段中标量约束_26_30_9],0.0
cons[火电机组出力之和约束_26_30],0.0
cons[火电机组分段中标量约束_26_31_0],0.0
cons[火电机组分段中标量约束_26_31_1],0.0
cons[火电机组分段中标量约束_26_31_2],0.0
cons[火电机组分段中标量约束_26_31_3],0.0
cons[火电机组分段中标量约束_26_31_4],0.0
cons[火电机组分段中标量约束_26_31_5],0.0
cons[火电机组分段中标量约束_26_31_6],0.0
cons[火电机组分段中标量约束_26_31_7],0.0
cons[火电机组分段中标量约束_26_31_8],0.0
cons[火电机组分段中标量约束_26_31_9],0.0
cons[火电机组出力之和约束_26_31],0.0
cons[火电机组分段中标量约束_26_32_0],0.0
cons[火电机组分段中标量约束_26_32_1],0.0
cons[火电机组分段中标量约束_26_32_2],0.0
cons[火电机组分段中标量约束_26_32_3],0.0
cons[火电机组分段中标量约束_26_32_4],0.0
cons[火电机组分段中标量约束_26_32_5],0.0
cons[火电机组分段中标量约束_26_32_6],0.0
cons[火电机组分段中标量约束_26_32_7],0.0
cons[火电机组分段中标量约束_26_32_8],0.0
cons[火电机组分段中标量约束_26_32_9],0.0
cons[火电机组出力之和约束_26_32],0.0
cons[火电机组分段中标量约束_26_33_0],0.0
cons[火电机组分段中标量约束_26_33_1],0.0
cons[火电机组分段中标量约束_26_33_2],0.0
cons[火电机组分段中标量约束_26_33_3],0.0
cons[火电机组分段中标量约束_26_33_4],0.0
cons[火电机组分段中标量约束_26_33_5],0.0
cons[火电机组分段中标量约束_26_33_6],0.0
cons[火电机组分段中标量约束_26_33_7],0.0
cons[火电机组分段中标量约束_26_33_8],0.0
cons[火电机组分段中标量约束_26_33_9],0.0
cons[火电机组出力之和约束_26_33],0.0
cons[火电机组分段中标量约束_26_34_0],0.0
cons[火电机组分段中标量约束_26_34_1],0.0
cons[火电机组分段中标量约束_26_34_2],0.0
cons[火电机组分段中标量约束_26_34_3],0.0
cons[火电机组分段中标量约束_26_34_4],0.0
cons[火电机组分段中标量约束_26_34_5],0.0
cons[火电机组分段中标量约束_26_34_6],0.0
cons[火电机组分段中标量约束_26_34_7],0.0
cons[火电机组分段中标量约束_26_34_8],0.0
cons[火电机组分段中标量约束_26_34_9],0.0
cons[火电机组出力之和约束_26_34],0.0
cons[火电机组分段中标量约束_26_35_0],0.0
cons[火电机组分段中标量约束_26_35_1],0.0
cons[火电机组分段中标量约束_26_35_2],0.0
cons[火电机组分段中标量约束_26_35_3],0.0
cons[火电机组分段中标量约束_26_35_4],0.0
cons[火电机组分段中标量约束_26_35_5],0.0
cons[火电机组分段中标量约束_26_35_6],0.0
cons[火电机组分段中标量约束_26_35_7],0.0
cons[火电机组分段中标量约束_26_35_8],0.0
cons[火电机组分段中标量约束_26_35_9],0.0
cons[火电机组出力之和约束_26_35],0.0
cons[火电机组分段中标量约束_26_36_0],0.0
cons[火电机组分段中标量约束_26_36_1],0.0
cons[火电机组分段中标量约束_26_36_2],0.0
cons[火电机组分段中标量约束_26_36_3],0.0
cons[火电机组分段中标量约束_26_36_4],0.0
cons[火电机组分段中标量约束_26_36_5],0.0
cons[火电机组分段中标量约束_26_36_6],0.0
cons[火电机组分段中标量约束_26_36_7],0.0
cons[火电机组分段中标量约束_26_36_8],0.0
cons[火电机组分段中标量约束_26_36_9],0.0
cons[火电机组出力之和约束_26_36],0.0
cons[火电机组分段中标量约束_26_37_0],0.0
cons[火电机组分段中标量约束_26_37_1],0.0
cons[火电机组分段中标量约束_26_37_2],0.0
cons[火电机组分段中标量约束_26_37_3],0.0
cons[火电机组分段中标量约束_26_37_4],0.0
cons[火电机组分段中标量约束_26_37_5],0.0
cons[火电机组分段中标量约束_26_37_6],0.0
cons[火电机组分段中标量约束_26_37_7],0.0
cons[火电机组分段中标量约束_26_37_8],0.0
cons[火电机组分段中标量约束_26_37_9],0.0
cons[火电机组出力之和约束_26_37],0.0
cons[火电机组分段中标量约束_26_38_0],0.0
cons[火电机组分段中标量约束_26_38_1],0.0
cons[火电机组分段中标量约束_26_38_2],0.0
cons[火电机组分段中标量约束_26_38_3],0.0
cons[火电机组分段中标量约束_26_38_4],0.0
cons[火电机组分段中标量约束_26_38_5],0.0
cons[火电机组分段中标量约束_26_38_6],0.0
cons[火电机组分段中标量约束_26_38_7],0.0
cons[火电机组分段中标量约束_26_38_8],0.0
cons[火电机组分段中标量约束_26_38_9],0.0
cons[火电机组出力之和约束_26_38],0.0
cons[火电机组分段中标量约束_26_39_0],0.0
cons[火电机组分段中标量约束_26_39_1],0.0
cons[火电机组分段中标量约束_26_39_2],0.0
cons[火电机组分段中标量约束_26_39_3],0.0
cons[火电机组分段中标量约束_26_39_4],0.0
cons[火电机组分段中标量约束_26_39_5],0.0
cons[火电机组分段中标量约束_26_39_6],0.0
cons[火电机组分段中标量约束_26_39_7],0.0
cons[火电机组分段中标量约束_26_39_8],0.0
cons[火电机组分段中标量约束_26_39_9],0.0
cons[火电机组出力之和约束_26_39],0.0
cons[火电机组分段中标量约束_26_40_0],0.0
cons[火电机组分段中标量约束_26_40_1],0.0
cons[火电机组分段中标量约束_26_40_2],0.0
cons[火电机组分段中标量约束_26_40_3],0.0
cons[火电机组分段中标量约束_26_40_4],0.0
cons[火电机组分段中标量约束_26_40_5],0.0
cons[火电机组分段中标量约束_26_40_6],0.0
cons[火电机组分段中标量约束_26_40_7],0.0
cons[火电机组分段中标量约束_26_40_8],0.0
cons[火电机组分段中标量约束_26_40_9],0.0
cons[火电机组出力之和约束_26_40],0.0
cons[火电机组分段中标量约束_26_41_0],0.0
cons[火电机组分段中标量约束_26_41_1],0.0
cons[火电机组分段中标量约束_26_41_2],0.0
cons[火电机组分段中标量约束_26_41_3],0.0
cons[火电机组分段中标量约束_26_41_4],0.0
cons[火电机组分段中标量约束_26_41_5],0.0
cons[火电机组分段中标量约束_26_41_6],0.0
cons[火电机组分段中标量约束_26_41_7],0.0
cons[火电机组分段中标量约束_26_41_8],0.0
cons[火电机组分段中标量约束_26_41_9],0.0
cons[火电机组出力之和约束_26_41],0.0
cons[火电机组分段中标量约束_26_42_0],0.0
cons[火电机组分段中标量约束_26_42_1],0.0
cons[火电机组分段中标量约束_26_42_2],0.0
cons[火电机组分段中标量约束_26_42_3],0.0
cons[火电机组分段中标量约束_26_42_4],0.0
cons[火电机组分段中标量约束_26_42_5],0.0
cons[火电机组分段中标量约束_26_42_6],0.0
cons[火电机组分段中标量约束_26_42_7],0.0
cons[火电机组分段中标量约束_26_42_8],0.0
cons[火电机组分段中标量约束_26_42_9],0.0
cons[火电机组出力之和约束_26_42],0.0
cons[火电机组分段中标量约束_26_43_0],0.0
cons[火电机组分段中标量约束_26_43_1],0.0
cons[火电机组分段中标量约束_26_43_2],0.0
cons[火电机组分段中标量约束_26_43_3],0.0
cons[火电机组分段中标量约束_26_43_4],0.0
cons[火电机组分段中标量约束_26_43_5],0.0
cons[火电机组分段中标量约束_26_43_6],0.0
cons[火电机组分段中标量约束_26_43_7],0.0
cons[火电机组分段中标量约束_26_43_8],0.0
cons[火电机组分段中标量约束_26_43_9],0.0
cons[火电机组出力之和约束_26_43],0.0
cons[火电机组分段中标量约束_26_44_0],0.0
cons[火电机组分段中标量约束_26_44_1],0.0
cons[火电机组分段中标量约束_26_44_2],0.0
cons[火电机组分段中标量约束_26_44_3],0.0
cons[火电机组分段中标量约束_26_44_4],0.0
cons[火电机组分段中标量约束_26_44_5],0.0
cons[火电机组分段中标量约束_26_44_6],0.0
cons[火电机组分段中标量约束_26_44_7],0.0
cons[火电机组分段中标量约束_26_44_8],0.0
cons[火电机组分段中标量约束_26_44_9],0.0
cons[火电机组出力之和约束_26_44],0.0
cons[火电机组分段中标量约束_26_45_0],0.0
cons[火电机组分段中标量约束_26_45_1],0.0
cons[火电机组分段中标量约束_26_45_2],0.0
cons[火电机组分段中标量约束_26_45_3],0.0
cons[火电机组分段中标量约束_26_45_4],0.0
cons[火电机组分段中标量约束_26_45_5],0.0
cons[火电机组分段中标量约束_26_45_6],0.0
cons[火电机组分段中标量约束_26_45_7],0.0
cons[火电机组分段中标量约束_26_45_8],0.0
cons[火电机组分段中标量约束_26_45_9],0.0
cons[火电机组出力之和约束_26_45],0.0
cons[火电机组分段中标量约束_26_46_0],0.0
cons[火电机组分段中标量约束_26_46_1],0.0
cons[火电机组分段中标量约束_26_46_2],0.0
cons[火电机组分段中标量约束_26_46_3],0.0
cons[火电机组分段中标量约束_26_46_4],0.0
cons[火电机组分段中标量约束_26_46_5],0.0
cons[火电机组分段中标量约束_26_46_6],0.0
cons[火电机组分段中标量约束_26_46_7],0.0
cons[火电机组分段中标量约束_26_46_8],0.0
cons[火电机组分段中标量约束_26_46_9],0.0
cons[火电机组出力之和约束_26_46],0.0
cons[火电机组分段中标量约束_26_47_0],0.0
cons[火电机组分段中标量约束_26_47_1],0.0
cons[火电机组分段中标量约束_26_47_2],0.0
cons[火电机组分段中标量约束_26_47_3],0.0
cons[火电机组分段中标量约束_26_47_4],0.0
cons[火电机组分段中标量约束_26_47_5],0.0
cons[火电机组分段中标量约束_26_47_6],0.0
cons[火电机组分段中标量约束_26_47_7],0.0
cons[火电机组分段中标量约束_26_47_8],0.0
cons[火电机组分段中标量约束_26_47_9],0.0
cons[火电机组出力之和约束_26_47],0.0
cons[火电机组分段中标量约束_26_48_0],0.0
cons[火电机组分段中标量约束_26_48_1],0.0
cons[火电机组分段中标量约束_26_48_2],0.0
cons[火电机组分段中标量约束_26_48_3],0.0
cons[火电机组分段中标量约束_26_48_4],0.0
cons[火电机组分段中标量约束_26_48_5],0.0
cons[火电机组分段中标量约束_26_48_6],0.0
cons[火电机组分段中标量约束_26_48_7],0.0
cons[火电机组分段中标量约束_26_48_8],0.0
cons[火电机组分段中标量约束_26_48_9],0.0
cons[火电机组出力之和约束_26_48],0.0
cons[火电机组分段中标量约束_26_49_0],0.0
cons[火电机组分段中标量约束_26_49_1],0.0
cons[火电机组分段中标量约束_26_49_2],0.0
cons[火电机组分段中标量约束_26_49_3],0.0
cons[火电机组分段中标量约束_26_49_4],0.0
cons[火电机组分段中标量约束_26_49_5],0.0
cons[火电机组分段中标量约束_26_49_6],0.0
cons[火电机组分段中标量约束_26_49_7],0.0
cons[火电机组分段中标量约束_26_49_8],0.0
cons[火电机组分段中标量约束_26_49_9],0.0
cons[火电机组出力之和约束_26_49],0.0
cons[火电机组分段中标量约束_26_50_0],0.0
cons[火电机组分段中标量约束_26_50_1],0.0
cons[火电机组分段中标量约束_26_50_2],0.0
cons[火电机组分段中标量约束_26_50_3],0.0
cons[火电机组分段中标量约束_26_50_4],0.0
cons[火电机组分段中标量约束_26_50_5],0.0
cons[火电机组分段中标量约束_26_50_6],0.0
cons[火电机组分段中标量约束_26_50_7],0.0
cons[火电机组分段中标量约束_26_50_8],0.0
cons[火电机组分段中标量约束_26_50_9],0.0
cons[火电机组出力之和约束_26_50],0.0
cons[火电机组分段中标量约束_26_51_0],0.0
cons[火电机组分段中标量约束_26_51_1],0.0
cons[火电机组分段中标量约束_26_51_2],0.0
cons[火电机组分段中标量约束_26_51_3],0.0
cons[火电机组分段中标量约束_26_51_4],0.0
cons[火电机组分段中标量约束_26_51_5],0.0
cons[火电机组分段中标量约束_26_51_6],0.0
cons[火电机组分段中标量约束_26_51_7],0.0
cons[火电机组分段中标量约束_26_51_8],0.0
cons[火电机组分段中标量约束_26_51_9],0.0
cons[火电机组出力之和约束_26_51],0.0
cons[火电机组分段中标量约束_26_52_0],0.0
cons[火电机组分段中标量约束_26_52_1],0.0
cons[火电机组分段中标量约束_26_52_2],0.0
cons[火电机组分段中标量约束_26_52_3],0.0
cons[火电机组分段中标量约束_26_52_4],0.0
cons[火电机组分段中标量约束_26_52_5],0.0
cons[火电机组分段中标量约束_26_52_6],0.0
cons[火电机组分段中标量约束_26_52_7],0.0
cons[火电机组分段中标量约束_26_52_8],0.0
cons[火电机组分段中标量约束_26_52_9],0.0
cons[火电机组出力之和约束_26_52],0.0
cons[火电机组分段中标量约束_26_53_0],0.0
cons[火电机组分段中标量约束_26_53_1],0.0
cons[火电机组分段中标量约束_26_53_2],0.0
cons[火电机组分段中标量约束_26_53_3],0.0
cons[火电机组分段中标量约束_26_53_4],0.0
cons[火电机组分段中标量约束_26_53_5],0.0
cons[火电机组分段中标量约束_26_53_6],0.0
cons[火电机组分段中标量约束_26_53_7],0.0
cons[火电机组分段中标量约束_26_53_8],0.0
cons[火电机组分段中标量约束_26_53_9],0.0
cons[火电机组出力之和约束_26_53],0.0
cons[火电机组分段中标量约束_26_54_0],0.0
cons[火电机组分段中标量约束_26_54_1],0.0
cons[火电机组分段中标量约束_26_54_2],0.0
cons[火电机组分段中标量约束_26_54_3],0.0
cons[火电机组分段中标量约束_26_54_4],0.0
cons[火电机组分段中标量约束_26_54_5],0.0
cons[火电机组分段中标量约束_26_54_6],0.0
cons[火电机组分段中标量约束_26_54_7],0.0
cons[火电机组分段中标量约束_26_54_8],0.0
cons[火电机组分段中标量约束_26_54_9],0.0
cons[火电机组出力之和约束_26_54],0.0
cons[火电机组分段中标量约束_26_55_0],0.0
cons[火电机组分段中标量约束_26_55_1],0.0
cons[火电机组分段中标量约束_26_55_2],0.0
cons[火电机组分段中标量约束_26_55_3],0.0
cons[火电机组分段中标量约束_26_55_4],0.0
cons[火电机组分段中标量约束_26_55_5],0.0
cons[火电机组分段中标量约束_26_55_6],0.0
cons[火电机组分段中标量约束_26_55_7],0.0
cons[火电机组分段中标量约束_26_55_8],0.0
cons[火电机组分段中标量约束_26_55_9],0.0
cons[火电机组出力之和约束_26_55],0.0
cons[火电机组分段中标量约束_26_56_0],0.0
cons[火电机组分段中标量约束_26_56_1],0.0
cons[火电机组分段中标量约束_26_56_2],0.0
cons[火电机组分段中标量约束_26_56_3],0.0
cons[火电机组分段中标量约束_26_56_4],0.0
cons[火电机组分段中标量约束_26_56_5],0.0
cons[火电机组分段中标量约束_26_56_6],0.0
cons[火电机组分段中标量约束_26_56_7],0.0
cons[火电机组分段中标量约束_26_56_8],0.0
cons[火电机组分段中标量约束_26_56_9],0.0
cons[火电机组出力之和约束_26_56],0.0
cons[火电机组分段中标量约束_26_57_0],0.0
cons[火电机组分段中标量约束_26_57_1],0.0
cons[火电机组分段中标量约束_26_57_2],0.0
cons[火电机组分段中标量约束_26_57_3],0.0
cons[火电机组分段中标量约束_26_57_4],0.0
cons[火电机组分段中标量约束_26_57_5],0.0
cons[火电机组分段中标量约束_26_57_6],0.0
cons[火电机组分段中标量约束_26_57_7],0.0
cons[火电机组分段中标量约束_26_57_8],0.0
cons[火电机组分段中标量约束_26_57_9],0.0
cons[火电机组出力之和约束_26_57],0.0
cons[火电机组分段中标量约束_26_58_0],0.0
cons[火电机组分段中标量约束_26_58_1],0.0
cons[火电机组分段中标量约束_26_58_2],0.0
cons[火电机组分段中标量约束_26_58_3],0.0
cons[火电机组分段中标量约束_26_58_4],0.0
cons[火电机组分段中标量约束_26_58_5],0.0
cons[火电机组分段中标量约束_26_58_6],0.0
cons[火电机组分段中标量约束_26_58_7],0.0
cons[火电机组分段中标量约束_26_58_8],0.0
cons[火电机组分段中标量约束_26_58_9],0.0
cons[火电机组出力之和约束_26_58],0.0
cons[火电机组分段中标量约束_26_59_0],0.0
cons[火电机组分段中标量约束_26_59_1],0.0
cons[火电机组分段中标量约束_26_59_2],0.0
cons[火电机组分段中标量约束_26_59_3],0.0
cons[火电机组分段中标量约束_26_59_4],0.0
cons[火电机组分段中标量约束_26_59_5],0.0
cons[火电机组分段中标量约束_26_59_6],0.0
cons[火电机组分段中标量约束_26_59_7],0.0
cons[火电机组分段中标量约束_26_59_8],0.0
cons[火电机组分段中标量约束_26_59_9],0.0
cons[火电机组出力之和约束_26_59],0.0
cons[火电机组分段中标量约束_26_60_0],0.0
cons[火电机组分段中标量约束_26_60_1],0.0
cons[火电机组分段中标量约束_26_60_2],0.0
cons[火电机组分段中标量约束_26_60_3],0.0
cons[火电机组分段中标量约束_26_60_4],0.0
cons[火电机组分段中标量约束_26_60_5],0.0
cons[火电机组分段中标量约束_26_60_6],0.0
cons[火电机组分段中标量约束_26_60_7],0.0
cons[火电机组分段中标量约束_26_60_8],0.0
cons[火电机组分段中标量约束_26_60_9],0.0
cons[火电机组出力之和约束_26_60],0.0
cons[火电机组分段中标量约束_26_61_0],0.0
cons[火电机组分段中标量约束_26_61_1],0.0
cons[火电机组分段中标量约束_26_61_2],0.0
cons[火电机组分段中标量约束_26_61_3],0.0
cons[火电机组分段中标量约束_26_61_4],0.0
cons[火电机组分段中标量约束_26_61_5],0.0
cons[火电机组分段中标量约束_26_61_6],0.0
cons[火电机组分段中标量约束_26_61_7],0.0
cons[火电机组分段中标量约束_26_61_8],0.0
cons[火电机组分段中标量约束_26_61_9],0.0
cons[火电机组出力之和约束_26_61],0.0
cons[火电机组分段中标量约束_26_62_0],0.0
cons[火电机组分段中标量约束_26_62_1],0.0
cons[火电机组分段中标量约束_26_62_2],0.0
cons[火电机组分段中标量约束_26_62_3],0.0
cons[火电机组分段中标量约束_26_62_4],0.0
cons[火电机组分段中标量约束_26_62_5],0.0
cons[火电机组分段中标量约束_26_62_6],0.0
cons[火电机组分段中标量约束_26_62_7],0.0
cons[火电机组分段中标量约束_26_62_8],0.0
cons[火电机组分段中标量约束_26_62_9],0.0
cons[火电机组出力之和约束_26_62],0.0
cons[火电机组分段中标量约束_26_63_0],0.0
cons[火电机组分段中标量约束_26_63_1],0.0
cons[火电机组分段中标量约束_26_63_2],0.0
cons[火电机组分段中标量约束_26_63_3],0.0
cons[火电机组分段中标量约束_26_63_4],0.0
cons[火电机组分段中标量约束_26_63_5],0.0
cons[火电机组分段中标量约束_26_63_6],0.0
cons[火电机组分段中标量约束_26_63_7],0.0
cons[火电机组分段中标量约束_26_63_8],0.0
cons[火电机组分段中标量约束_26_63_9],0.0
cons[火电机组出力之和约束_26_63],0.0
cons[火电机组分段中标量约束_26_64_0],0.0
cons[火电机组分段中标量约束_26_64_1],0.0
cons[火电机组分段中标量约束_26_64_2],0.0
cons[火电机组分段中标量约束_26_64_3],0.0
cons[火电机组分段中标量约束_26_64_4],0.0
cons[火电机组分段中标量约束_26_64_5],0.0
cons[火电机组分段中标量约束_26_64_6],0.0
cons[火电机组分段中标量约束_26_64_7],0.0
cons[火电机组分段中标量约束_26_64_8],0.0
cons[火电机组分段中标量约束_26_64_9],0.0
cons[火电机组出力之和约束_26_64],0.0
cons[火电机组分段中标量约束_26_65_0],0.0
cons[火电机组分段中标量约束_26_65_1],0.0
cons[火电机组分段中标量约束_26_65_2],0.0
cons[火电机组分段中标量约束_26_65_3],0.0
cons[火电机组分段中标量约束_26_65_4],0.0
cons[火电机组分段中标量约束_26_65_5],0.0
cons[火电机组分段中标量约束_26_65_6],0.0
cons[火电机组分段中标量约束_26_65_7],0.0
cons[火电机组分段中标量约束_26_65_8],0.0
cons[火电机组分段中标量约束_26_65_9],0.0
cons[火电机组出力之和约束_26_65],0.0
cons[火电机组分段中标量约束_26_66_0],0.0
cons[火电机组分段中标量约束_26_66_1],0.0
cons[火电机组分段中标量约束_26_66_2],0.0
cons[火电机组分段中标量约束_26_66_3],0.0
cons[火电机组分段中标量约束_26_66_4],0.0
cons[火电机组分段中标量约束_26_66_5],0.0
cons[火电机组分段中标量约束_26_66_6],0.0
cons[火电机组分段中标量约束_26_66_7],0.0
cons[火电机组分段中标量约束_26_66_8],0.0
cons[火电机组分段中标量约束_26_66_9],0.0
cons[火电机组出力之和约束_26_66],0.0
cons[火电机组分段中标量约束_26_67_0],0.0
cons[火电机组分段中标量约束_26_67_1],0.0
cons[火电机组分段中标量约束_26_67_2],0.0
cons[火电机组分段中标量约束_26_67_3],0.0
cons[火电机组分段中标量约束_26_67_4],0.0
cons[火电机组分段中标量约束_26_67_5],0.0
cons[火电机组分段中标量约束_26_67_6],0.0
cons[火电机组分段中标量约束_26_67_7],0.0
cons[火电机组分段中标量约束_26_67_8],0.0
cons[火电机组分段中标量约束_26_67_9],0.0
cons[火电机组出力之和约束_26_67],0.0
cons[火电机组分段中标量约束_26_68_0],0.0
cons[火电机组分段中标量约束_26_68_1],0.0
cons[火电机组分段中标量约束_26_68_2],0.0
cons[火电机组分段中标量约束_26_68_3],0.0
cons[火电机组分段中标量约束_26_68_4],0.0
cons[火电机组分段中标量约束_26_68_5],0.0
cons[火电机组分段中标量约束_26_68_6],0.0
cons[火电机组分段中标量约束_26_68_7],0.0
cons[火电机组分段中标量约束_26_68_8],0.0
cons[火电机组分段中标量约束_26_68_9],0.0
cons[火电机组出力之和约束_26_68],0.0
cons[火电机组分段中标量约束_26_69_0],0.0
cons[火电机组分段中标量约束_26_69_1],0.0
cons[火电机组分段中标量约束_26_69_2],0.0
cons[火电机组分段中标量约束_26_69_3],0.0
cons[火电机组分段中标量约束_26_69_4],0.0
cons[火电机组分段中标量约束_26_69_5],0.0
cons[火电机组分段中标量约束_26_69_6],0.0
cons[火电机组分段中标量约束_26_69_7],0.0
cons[火电机组分段中标量约束_26_69_8],0.0
cons[火电机组分段中标量约束_26_69_9],0.0
cons[火电机组出力之和约束_26_69],0.0
cons[火电机组分段中标量约束_26_70_0],0.0
cons[火电机组分段中标量约束_26_70_1],0.0
cons[火电机组分段中标量约束_26_70_2],0.0
cons[火电机组分段中标量约束_26_70_3],0.0
cons[火电机组分段中标量约束_26_70_4],0.0
cons[火电机组分段中标量约束_26_70_5],0.0
cons[火电机组分段中标量约束_26_70_6],0.0
cons[火电机组分段中标量约束_26_70_7],0.0
cons[火电机组分段中标量约束_26_70_8],0.0
cons[火电机组分段中标量约束_26_70_9],0.0
cons[火电机组出力之和约束_26_70],0.0
cons[火电机组分段中标量约束_26_71_0],0.0
cons[火电机组分段中标量约束_26_71_1],0.0
cons[火电机组分段中标量约束_26_71_2],0.0
cons[火电机组分段中标量约束_26_71_3],0.0
cons[火电机组分段中标量约束_26_71_4],0.0
cons[火电机组分段中标量约束_26_71_5],0.0
cons[火电机组分段中标量约束_26_71_6],0.0
cons[火电机组分段中标量约束_26_71_7],0.0
cons[火电机组分段中标量约束_26_71_8],0.0
cons[火电机组分段中标量约束_26_71_9],0.0
cons[火电机组出力之和约束_26_71],0.0
cons[火电机组分段中标量约束_26_72_0],0.0
cons[火电机组分段中标量约束_26_72_1],0.0
cons[火电机组分段中标量约束_26_72_2],0.0
cons[火电机组分段中标量约束_26_72_3],0.0
cons[火电机组分段中标量约束_26_72_4],0.0
cons[火电机组分段中标量约束_26_72_5],0.0
cons[火电机组分段中标量约束_26_72_6],0.0
cons[火电机组分段中标量约束_26_72_7],0.0
cons[火电机组分段中标量约束_26_72_8],0.0
cons[火电机组分段中标量约束_26_72_9],0.0
cons[火电机组出力之和约束_26_72],0.0
cons[火电机组分段中标量约束_26_73_0],0.0
cons[火电机组分段中标量约束_26_73_1],0.0
cons[火电机组分段中标量约束_26_73_2],0.0
cons[火电机组分段中标量约束_26_73_3],0.0
cons[火电机组分段中标量约束_26_73_4],0.0
cons[火电机组分段中标量约束_26_73_5],0.0
cons[火电机组分段中标量约束_26_73_6],0.0
cons[火电机组分段中标量约束_26_73_7],0.0
cons[火电机组分段中标量约束_26_73_8],0.0
cons[火电机组分段中标量约束_26_73_9],0.0
cons[火电机组出力之和约束_26_73],0.0
cons[火电机组分段中标量约束_26_74_0],0.0
cons[火电机组分段中标量约束_26_74_1],0.0
cons[火电机组分段中标量约束_26_74_2],0.0
cons[火电机组分段中标量约束_26_74_3],0.0
cons[火电机组分段中标量约束_26_74_4],0.0
cons[火电机组分段中标量约束_26_74_5],0.0
cons[火电机组分段中标量约束_26_74_6],0.0
cons[火电机组分段中标量约束_26_74_7],0.0
cons[火电机组分段中标量约束_26_74_8],0.0
cons[火电机组分段中标量约束_26_74_9],0.0
cons[火电机组出力之和约束_26_74],0.0
cons[火电机组分段中标量约束_26_75_0],0.0
cons[火电机组分段中标量约束_26_75_1],0.0
cons[火电机组分段中标量约束_26_75_2],0.0
cons[火电机组分段中标量约束_26_75_3],0.0
cons[火电机组分段中标量约束_26_75_4],0.0
cons[火电机组分段中标量约束_26_75_5],0.0
cons[火电机组分段中标量约束_26_75_6],0.0
cons[火电机组分段中标量约束_26_75_7],0.0
cons[火电机组分段中标量约束_26_75_8],0.0
cons[火电机组分段中标量约束_26_75_9],0.0
cons[火电机组出力之和约束_26_75],0.0
cons[火电机组分段中标量约束_26_76_0],0.0
cons[火电机组分段中标量约束_26_76_1],0.0
cons[火电机组分段中标量约束_26_76_2],0.0
cons[火电机组分段中标量约束_26_76_3],0.0
cons[火电机组分段中标量约束_26_76_4],0.0
cons[火电机组分段中标量约束_26_76_5],0.0
cons[火电机组分段中标量约束_26_76_6],0.0
cons[火电机组分段中标量约束_26_76_7],0.0
cons[火电机组分段中标量约束_26_76_8],0.0
cons[火电机组分段中标量约束_26_76_9],0.0
cons[火电机组出力之和约束_26_76],0.0
cons[火电机组分段中标量约束_26_77_0],0.0
cons[火电机组分段中标量约束_26_77_1],0.0
cons[火电机组分段中标量约束_26_77_2],0.0
cons[火电机组分段中标量约束_26_77_3],0.0
cons[火电机组分段中标量约束_26_77_4],0.0
cons[火电机组分段中标量约束_26_77_5],0.0
cons[火电机组分段中标量约束_26_77_6],0.0
cons[火电机组分段中标量约束_26_77_7],0.0
cons[火电机组分段中标量约束_26_77_8],0.0
cons[火电机组分段中标量约束_26_77_9],0.0
cons[火电机组出力之和约束_26_77],0.0
cons[火电机组分段中标量约束_26_78_0],0.0
cons[火电机组分段中标量约束_26_78_1],0.0
cons[火电机组分段中标量约束_26_78_2],0.0
cons[火电机组分段中标量约束_26_78_3],0.0
cons[火电机组分段中标量约束_26_78_4],0.0
cons[火电机组分段中标量约束_26_78_5],0.0
cons[火电机组分段中标量约束_26_78_6],0.0
cons[火电机组分段中标量约束_26_78_7],0.0
cons[火电机组分段中标量约束_26_78_8],0.0
cons[火电机组分段中标量约束_26_78_9],0.0
cons[火电机组出力之和约束_26_78],0.0
cons[火电机组分段中标量约束_26_79_0],0.0
cons[火电机组分段中标量约束_26_79_1],0.0
cons[火电机组分段中标量约束_26_79_2],0.0
cons[火电机组分段中标量约束_26_79_3],0.0
cons[火电机组分段中标量约束_26_79_4],0.0
cons[火电机组分段中标量约束_26_79_5],0.0
cons[火电机组分段中标量约束_26_79_6],0.0
cons[火电机组分段中标量约束_26_79_7],0.0
cons[火电机组分段中标量约束_26_79_8],0.0
cons[火电机组分段中标量约束_26_79_9],0.0
cons[火电机组出力之和约束_26_79],0.0
cons[火电机组分段中标量约束_26_80_0],0.0
cons[火电机组分段中标量约束_26_80_1],0.0
cons[火电机组分段中标量约束_26_80_2],0.0
cons[火电机组分段中标量约束_26_80_3],0.0
cons[火电机组分段中标量约束_26_80_4],0.0
cons[火电机组分段中标量约束_26_80_5],0.0
cons[火电机组分段中标量约束_26_80_6],0.0
cons[火电机组分段中标量约束_26_80_7],0.0
cons[火电机组分段中标量约束_26_80_8],0.0
cons[火电机组分段中标量约束_26_80_9],0.0
cons[火电机组出力之和约束_26_80],0.0
cons[火电机组分段中标量约束_26_81_0],0.0
cons[火电机组分段中标量约束_26_81_1],0.0
cons[火电机组分段中标量约束_26_81_2],0.0
cons[火电机组分段中标量约束_26_81_3],0.0
cons[火电机组分段中标量约束_26_81_4],0.0
cons[火电机组分段中标量约束_26_81_5],0.0
cons[火电机组分段中标量约束_26_81_6],0.0
cons[火电机组分段中标量约束_26_81_7],0.0
cons[火电机组分段中标量约束_26_81_8],0.0
cons[火电机组分段中标量约束_26_81_9],0.0
cons[火电机组出力之和约束_26_81],0.0
cons[火电机组分段中标量约束_26_82_0],0.0
cons[火电机组分段中标量约束_26_82_1],0.0
cons[火电机组分段中标量约束_26_82_2],0.0
cons[火电机组分段中标量约束_26_82_3],0.0
cons[火电机组分段中标量约束_26_82_4],0.0
cons[火电机组分段中标量约束_26_82_5],0.0
cons[火电机组分段中标量约束_26_82_6],0.0
cons[火电机组分段中标量约束_26_82_7],0.0
cons[火电机组分段中标量约束_26_82_8],0.0
cons[火电机组分段中标量约束_26_82_9],0.0
cons[火电机组出力之和约束_26_82],0.0
cons[火电机组分段中标量约束_26_83_0],0.0
cons[火电机组分段中标量约束_26_83_1],0.0
cons[火电机组分段中标量约束_26_83_2],0.0
cons[火电机组分段中标量约束_26_83_3],0.0
cons[火电机组分段中标量约束_26_83_4],0.0
cons[火电机组分段中标量约束_26_83_5],0.0
cons[火电机组分段中标量约束_26_83_6],0.0
cons[火电机组分段中标量约束_26_83_7],0.0
cons[火电机组分段中标量约束_26_83_8],0.0
cons[火电机组分段中标量约束_26_83_9],0.0
cons[火电机组出力之和约束_26_83],0.0
cons[火电机组分段中标量约束_26_84_0],0.0
cons[火电机组分段中标量约束_26_84_1],0.0
cons[火电机组分段中标量约束_26_84_2],0.0
cons[火电机组分段中标量约束_26_84_3],0.0
cons[火电机组分段中标量约束_26_84_4],0.0
cons[火电机组分段中标量约束_26_84_5],0.0
cons[火电机组分段中标量约束_26_84_6],0.0
cons[火电机组分段中标量约束_26_84_7],0.0
cons[火电机组分段中标量约束_26_84_8],0.0
cons[火电机组分段中标量约束_26_84_9],0.0
cons[火电机组出力之和约束_26_84],0.0
cons[火电机组分段中标量约束_26_85_0],0.0
cons[火电机组分段中标量约束_26_85_1],0.0
cons[火电机组分段中标量约束_26_85_2],0.0
cons[火电机组分段中标量约束_26_85_3],0.0
cons[火电机组分段中标量约束_26_85_4],0.0
cons[火电机组分段中标量约束_26_85_5],0.0
cons[火电机组分段中标量约束_26_85_6],0.0
cons[火电机组分段中标量约束_26_85_7],0.0
cons[火电机组分段中标量约束_26_85_8],0.0
cons[火电机组分段中标量约束_26_85_9],0.0
cons[火电机组出力之和约束_26_85],0.0
cons[火电机组分段中标量约束_26_86_0],0.0
cons[火电机组分段中标量约束_26_86_1],0.0
cons[火电机组分段中标量约束_26_86_2],0.0
cons[火电机组分段中标量约束_26_86_3],0.0
cons[火电机组分段中标量约束_26_86_4],0.0
cons[火电机组分段中标量约束_26_86_5],0.0
cons[火电机组分段中标量约束_26_86_6],0.0
cons[火电机组分段中标量约束_26_86_7],0.0
cons[火电机组分段中标量约束_26_86_8],0.0
cons[火电机组分段中标量约束_26_86_9],0.0
cons[火电机组出力之和约束_26_86],0.0
cons[火电机组分段中标量约束_26_87_0],0.0
cons[火电机组分段中标量约束_26_87_1],0.0
cons[火电机组分段中标量约束_26_87_2],0.0
cons[火电机组分段中标量约束_26_87_3],0.0
cons[火电机组分段中标量约束_26_87_4],0.0
cons[火电机组分段中标量约束_26_87_5],0.0
cons[火电机组分段中标量约束_26_87_6],0.0
cons[火电机组分段中标量约束_26_87_7],0.0
cons[火电机组分段中标量约束_26_87_8],0.0
cons[火电机组分段中标量约束_26_87_9],0.0
cons[火电机组出力之和约束_26_87],0.0
cons[火电机组分段中标量约束_26_88_0],0.0
cons[火电机组分段中标量约束_26_88_1],0.0
cons[火电机组分段中标量约束_26_88_2],0.0
cons[火电机组分段中标量约束_26_88_3],0.0
cons[火电机组分段中标量约束_26_88_4],0.0
cons[火电机组分段中标量约束_26_88_5],0.0
cons[火电机组分段中标量约束_26_88_6],0.0
cons[火电机组分段中标量约束_26_88_7],0.0
cons[火电机组分段中标量约束_26_88_8],0.0
cons[火电机组分段中标量约束_26_88_9],0.0
cons[火电机组出力之和约束_26_88],0.0
cons[火电机组分段中标量约束_26_89_0],0.0
cons[火电机组分段中标量约束_26_89_1],0.0
cons[火电机组分段中标量约束_26_89_2],0.0
cons[火电机组分段中标量约束_26_89_3],0.0
cons[火电机组分段中标量约束_26_89_4],0.0
cons[火电机组分段中标量约束_26_89_5],0.0
cons[火电机组分段中标量约束_26_89_6],0.0
cons[火电机组分段中标量约束_26_89_7],0.0
cons[火电机组分段中标量约束_26_89_8],0.0
cons[火电机组分段中标量约束_26_89_9],0.0
cons[火电机组出力之和约束_26_89],0.0
cons[火电机组分段中标量约束_26_90_0],0.0
cons[火电机组分段中标量约束_26_90_1],0.0
cons[火电机组分段中标量约束_26_90_2],0.0
cons[火电机组分段中标量约束_26_90_3],0.0
cons[火电机组分段中标量约束_26_90_4],0.0
cons[火电机组分段中标量约束_26_90_5],0.0
cons[火电机组分段中标量约束_26_90_6],0.0
cons[火电机组分段中标量约束_26_90_7],0.0
cons[火电机组分段中标量约束_26_90_8],0.0
cons[火电机组分段中标量约束_26_90_9],0.0
cons[火电机组出力之和约束_26_90],0.0
cons[火电机组分段中标量约束_26_91_0],0.0
cons[火电机组分段中标量约束_26_91_1],0.0
cons[火电机组分段中标量约束_26_91_2],0.0
cons[火电机组分段中标量约束_26_91_3],0.0
cons[火电机组分段中标量约束_26_91_4],0.0
cons[火电机组分段中标量约束_26_91_5],0.0
cons[火电机组分段中标量约束_26_91_6],0.0
cons[火电机组分段中标量约束_26_91_7],0.0
cons[火电机组分段中标量约束_26_91_8],0.0
cons[火电机组分段中标量约束_26_91_9],0.0
cons[火电机组出力之和约束_26_91],0.0
cons[火电机组分段中标量约束_26_92_0],0.0
cons[火电机组分段中标量约束_26_92_1],0.0
cons[火电机组分段中标量约束_26_92_2],0.0
cons[火电机组分段中标量约束_26_92_3],0.0
cons[火电机组分段中标量约束_26_92_4],0.0
cons[火电机组分段中标量约束_26_92_5],0.0
cons[火电机组分段中标量约束_26_92_6],0.0
cons[火电机组分段中标量约束_26_92_7],0.0
cons[火电机组分段中标量约束_26_92_8],0.0
cons[火电机组分段中标量约束_26_92_9],0.0
cons[火电机组出力之和约束_26_92],0.0
cons[火电机组分段中标量约束_26_93_0],0.0
cons[火电机组分段中标量约束_26_93_1],0.0
cons[火电机组分段中标量约束_26_93_2],0.0
cons[火电机组分段中标量约束_26_93_3],0.0
cons[火电机组分段中标量约束_26_93_4],0.0
cons[火电机组分段中标量约束_26_93_5],0.0
cons[火电机组分段中标量约束_26_93_6],0.0
cons[火电机组分段中标量约束_26_93_7],0.0
cons[火电机组分段中标量约束_26_93_8],0.0
cons[火电机组分段中标量约束_26_93_9],0.0
cons[火电机组出力之和约束_26_93],0.0
cons[火电机组分段中标量约束_26_94_0],0.0
cons[火电机组分段中标量约束_26_94_1],0.0
cons[火电机组分段中标量约束_26_94_2],0.0
cons[火电机组分段中标量约束_26_94_3],0.0
cons[火电机组分段中标量约束_26_94_4],0.0
cons[火电机组分段中标量约束_26_94_5],0.0
cons[火电机组分段中标量约束_26_94_6],0.0
cons[火电机组分段中标量约束_26_94_7],0.0
cons[火电机组分段中标量约束_26_94_8],0.0
cons[火电机组分段中标量约束_26_94_9],0.0
cons[火电机组出力之和约束_26_94],0.0
cons[火电机组分段中标量约束_26_95_0],0.0
cons[火电机组分段中标量约束_26_95_1],0.0
cons[火电机组分段中标量约束_26_95_2],0.0
cons[火电机组分段中标量约束_26_95_3],0.0
cons[火电机组分段中标量约束_26_95_4],0.0
cons[火电机组分段中标量约束_26_95_5],0.0
cons[火电机组分段中标量约束_26_95_6],0.0
cons[火电机组分段中标量约束_26_95_7],0.0
cons[火电机组分段中标量约束_26_95_8],0.0
cons[火电机组分段中标量约束_26_95_9],0.0
cons[火电机组出力之和约束_26_95],0.0
cons[火电机组分段中标量约束_27_0_0],0.0
cons[火电机组分段中标量约束_27_0_1],0.0
cons[火电机组分段中标量约束_27_0_2],0.0
cons[火电机组分段中标量约束_27_0_3],0.0
cons[火电机组分段中标量约束_27_0_4],0.0
cons[火电机组分段中标量约束_27_0_5],0.0
cons[火电机组分段中标量约束_27_0_6],0.0
cons[火电机组分段中标量约束_27_0_7],0.0
cons[火电机组分段中标量约束_27_0_8],0.0
cons[火电机组分段中标量约束_27_0_9],0.0
cons[火电机组出力之和约束_27_0],0.0
cons[火电机组分段中标量约束_27_1_0],0.0
cons[火电机组分段中标量约束_27_1_1],0.0
cons[火电机组分段中标量约束_27_1_2],0.0
cons[火电机组分段中标量约束_27_1_3],0.0
cons[火电机组分段中标量约束_27_1_4],0.0
cons[火电机组分段中标量约束_27_1_5],0.0
cons[火电机组分段中标量约束_27_1_6],0.0
cons[火电机组分段中标量约束_27_1_7],0.0
cons[火电机组分段中标量约束_27_1_8],0.0
cons[火电机组分段中标量约束_27_1_9],0.0
cons[火电机组出力之和约束_27_1],0.0
cons[火电机组分段中标量约束_27_2_0],0.0
cons[火电机组分段中标量约束_27_2_1],0.0
cons[火电机组分段中标量约束_27_2_2],0.0
cons[火电机组分段中标量约束_27_2_3],0.0
cons[火电机组分段中标量约束_27_2_4],0.0
cons[火电机组分段中标量约束_27_2_5],0.0
cons[火电机组分段中标量约束_27_2_6],0.0
cons[火电机组分段中标量约束_27_2_7],0.0
cons[火电机组分段中标量约束_27_2_8],0.0
cons[火电机组分段中标量约束_27_2_9],0.0
cons[火电机组出力之和约束_27_2],0.0
cons[火电机组分段中标量约束_27_3_0],0.0
cons[火电机组分段中标量约束_27_3_1],0.0
cons[火电机组分段中标量约束_27_3_2],0.0
cons[火电机组分段中标量约束_27_3_3],0.0
cons[火电机组分段中标量约束_27_3_4],0.0
cons[火电机组分段中标量约束_27_3_5],0.0
cons[火电机组分段中标量约束_27_3_6],0.0
cons[火电机组分段中标量约束_27_3_7],0.0
cons[火电机组分段中标量约束_27_3_8],0.0
cons[火电机组分段中标量约束_27_3_9],0.0
cons[火电机组出力之和约束_27_3],0.0
cons[火电机组分段中标量约束_27_4_0],0.0
cons[火电机组分段中标量约束_27_4_1],0.0
cons[火电机组分段中标量约束_27_4_2],0.0
cons[火电机组分段中标量约束_27_4_3],0.0
cons[火电机组分段中标量约束_27_4_4],0.0
cons[火电机组分段中标量约束_27_4_5],0.0
cons[火电机组分段中标量约束_27_4_6],0.0
cons[火电机组分段中标量约束_27_4_7],0.0
cons[火电机组分段中标量约束_27_4_8],0.0
cons[火电机组分段中标量约束_27_4_9],0.0
cons[火电机组出力之和约束_27_4],0.0
cons[火电机组分段中标量约束_27_5_0],0.0
cons[火电机组分段中标量约束_27_5_1],0.0
cons[火电机组分段中标量约束_27_5_2],0.0
cons[火电机组分段中标量约束_27_5_3],0.0
cons[火电机组分段中标量约束_27_5_4],0.0
cons[火电机组分段中标量约束_27_5_5],0.0
cons[火电机组分段中标量约束_27_5_6],0.0
cons[火电机组分段中标量约束_27_5_7],0.0
cons[火电机组分段中标量约束_27_5_8],0.0
cons[火电机组分段中标量约束_27_5_9],0.0
cons[火电机组出力之和约束_27_5],0.0
cons[火电机组分段中标量约束_27_6_0],0.0
cons[火电机组分段中标量约束_27_6_1],0.0
cons[火电机组分段中标量约束_27_6_2],0.0
cons[火电机组分段中标量约束_27_6_3],0.0
cons[火电机组分段中标量约束_27_6_4],0.0
cons[火电机组分段中标量约束_27_6_5],0.0
cons[火电机组分段中标量约束_27_6_6],0.0
cons[火电机组分段中标量约束_27_6_7],0.0
cons[火电机组分段中标量约束_27_6_8],0.0
cons[火电机组分段中标量约束_27_6_9],0.0
cons[火电机组出力之和约束_27_6],0.0
cons[火电机组分段中标量约束_27_7_0],0.0
cons[火电机组分段中标量约束_27_7_1],0.0
cons[火电机组分段中标量约束_27_7_2],0.0
cons[火电机组分段中标量约束_27_7_3],0.0
cons[火电机组分段中标量约束_27_7_4],0.0
cons[火电机组分段中标量约束_27_7_5],0.0
cons[火电机组分段中标量约束_27_7_6],0.0
cons[火电机组分段中标量约束_27_7_7],0.0
cons[火电机组分段中标量约束_27_7_8],0.0
cons[火电机组分段中标量约束_27_7_9],0.0
cons[火电机组出力之和约束_27_7],0.0
cons[火电机组分段中标量约束_27_8_0],0.0
cons[火电机组分段中标量约束_27_8_1],0.0
cons[火电机组分段中标量约束_27_8_2],0.0
cons[火电机组分段中标量约束_27_8_3],0.0
cons[火电机组分段中标量约束_27_8_4],0.0
cons[火电机组分段中标量约束_27_8_5],0.0
cons[火电机组分段中标量约束_27_8_6],0.0
cons[火电机组分段中标量约束_27_8_7],0.0
cons[火电机组分段中标量约束_27_8_8],0.0
cons[火电机组分段中标量约束_27_8_9],0.0
cons[火电机组出力之和约束_27_8],0.0
cons[火电机组分段中标量约束_27_9_0],0.0
cons[火电机组分段中标量约束_27_9_1],0.0
cons[火电机组分段中标量约束_27_9_2],0.0
cons[火电机组分段中标量约束_27_9_3],0.0
cons[火电机组分段中标量约束_27_9_4],0.0
cons[火电机组分段中标量约束_27_9_5],0.0
cons[火电机组分段中标量约束_27_9_6],0.0
cons[火电机组分段中标量约束_27_9_7],0.0
cons[火电机组分段中标量约束_27_9_8],0.0
cons[火电机组分段中标量约束_27_9_9],0.0
cons[火电机组出力之和约束_27_9],0.0
cons[火电机组分段中标量约束_27_10_0],0.0
cons[火电机组分段中标量约束_27_10_1],0.0
cons[火电机组分段中标量约束_27_10_2],0.0
cons[火电机组分段中标量约束_27_10_3],0.0
cons[火电机组分段中标量约束_27_10_4],0.0
cons[火电机组分段中标量约束_27_10_5],0.0
cons[火电机组分段中标量约束_27_10_6],0.0
cons[火电机组分段中标量约束_27_10_7],0.0
cons[火电机组分段中标量约束_27_10_8],0.0
cons[火电机组分段中标量约束_27_10_9],0.0
cons[火电机组出力之和约束_27_10],0.0
cons[火电机组分段中标量约束_27_11_0],0.0
cons[火电机组分段中标量约束_27_11_1],0.0
cons[火电机组分段中标量约束_27_11_2],0.0
cons[火电机组分段中标量约束_27_11_3],0.0
cons[火电机组分段中标量约束_27_11_4],0.0
cons[火电机组分段中标量约束_27_11_5],0.0
cons[火电机组分段中标量约束_27_11_6],0.0
cons[火电机组分段中标量约束_27_11_7],0.0
cons[火电机组分段中标量约束_27_11_8],0.0
cons[火电机组分段中标量约束_27_11_9],0.0
cons[火电机组出力之和约束_27_11],0.0
cons[火电机组分段中标量约束_27_12_0],0.0
cons[火电机组分段中标量约束_27_12_1],0.0
cons[火电机组分段中标量约束_27_12_2],0.0
cons[火电机组分段中标量约束_27_12_3],0.0
cons[火电机组分段中标量约束_27_12_4],0.0
cons[火电机组分段中标量约束_27_12_5],0.0
cons[火电机组分段中标量约束_27_12_6],0.0
cons[火电机组分段中标量约束_27_12_7],0.0
cons[火电机组分段中标量约束_27_12_8],0.0
cons[火电机组分段中标量约束_27_12_9],0.0
cons[火电机组出力之和约束_27_12],0.0
cons[火电机组分段中标量约束_27_13_0],0.0
cons[火电机组分段中标量约束_27_13_1],0.0
cons[火电机组分段中标量约束_27_13_2],0.0
cons[火电机组分段中标量约束_27_13_3],0.0
cons[火电机组分段中标量约束_27_13_4],0.0
cons[火电机组分段中标量约束_27_13_5],0.0
cons[火电机组分段中标量约束_27_13_6],0.0
cons[火电机组分段中标量约束_27_13_7],0.0
cons[火电机组分段中标量约束_27_13_8],0.0
cons[火电机组分段中标量约束_27_13_9],0.0
cons[火电机组出力之和约束_27_13],0.0
cons[火电机组分段中标量约束_27_14_0],0.0
cons[火电机组分段中标量约束_27_14_1],0.0
cons[火电机组分段中标量约束_27_14_2],0.0
cons[火电机组分段中标量约束_27_14_3],0.0
cons[火电机组分段中标量约束_27_14_4],0.0
cons[火电机组分段中标量约束_27_14_5],0.0
cons[火电机组分段中标量约束_27_14_6],0.0
cons[火电机组分段中标量约束_27_14_7],0.0
cons[火电机组分段中标量约束_27_14_8],0.0
cons[火电机组分段中标量约束_27_14_9],0.0
cons[火电机组出力之和约束_27_14],0.0
cons[火电机组分段中标量约束_27_15_0],0.0
cons[火电机组分段中标量约束_27_15_1],0.0
cons[火电机组分段中标量约束_27_15_2],0.0
cons[火电机组分段中标量约束_27_15_3],0.0
cons[火电机组分段中标量约束_27_15_4],0.0
cons[火电机组分段中标量约束_27_15_5],0.0
cons[火电机组分段中标量约束_27_15_6],0.0
cons[火电机组分段中标量约束_27_15_7],0.0
cons[火电机组分段中标量约束_27_15_8],0.0
cons[火电机组分段中标量约束_27_15_9],0.0
cons[火电机组出力之和约束_27_15],0.0
cons[火电机组分段中标量约束_27_16_0],0.0
cons[火电机组分段中标量约束_27_16_1],0.0
cons[火电机组分段中标量约束_27_16_2],0.0
cons[火电机组分段中标量约束_27_16_3],0.0
cons[火电机组分段中标量约束_27_16_4],0.0
cons[火电机组分段中标量约束_27_16_5],0.0
cons[火电机组分段中标量约束_27_16_6],0.0
cons[火电机组分段中标量约束_27_16_7],0.0
cons[火电机组分段中标量约束_27_16_8],0.0
cons[火电机组分段中标量约束_27_16_9],0.0
cons[火电机组出力之和约束_27_16],0.0
cons[火电机组分段中标量约束_27_17_0],0.0
cons[火电机组分段中标量约束_27_17_1],0.0
cons[火电机组分段中标量约束_27_17_2],0.0
cons[火电机组分段中标量约束_27_17_3],0.0
cons[火电机组分段中标量约束_27_17_4],0.0
cons[火电机组分段中标量约束_27_17_5],0.0
cons[火电机组分段中标量约束_27_17_6],0.0
cons[火电机组分段中标量约束_27_17_7],0.0
cons[火电机组分段中标量约束_27_17_8],0.0
cons[火电机组分段中标量约束_27_17_9],0.0
cons[火电机组出力之和约束_27_17],0.0
cons[火电机组分段中标量约束_27_18_0],0.0
cons[火电机组分段中标量约束_27_18_1],0.0
cons[火电机组分段中标量约束_27_18_2],0.0
cons[火电机组分段中标量约束_27_18_3],0.0
cons[火电机组分段中标量约束_27_18_4],0.0
cons[火电机组分段中标量约束_27_18_5],0.0
cons[火电机组分段中标量约束_27_18_6],0.0
cons[火电机组分段中标量约束_27_18_7],0.0
cons[火电机组分段中标量约束_27_18_8],0.0
cons[火电机组分段中标量约束_27_18_9],0.0
cons[火电机组出力之和约束_27_18],0.0
cons[火电机组分段中标量约束_27_19_0],0.0
cons[火电机组分段中标量约束_27_19_1],0.0
cons[火电机组分段中标量约束_27_19_2],0.0
cons[火电机组分段中标量约束_27_19_3],0.0
cons[火电机组分段中标量约束_27_19_4],0.0
cons[火电机组分段中标量约束_27_19_5],0.0
cons[火电机组分段中标量约束_27_19_6],0.0
cons[火电机组分段中标量约束_27_19_7],0.0
cons[火电机组分段中标量约束_27_19_8],0.0
cons[火电机组分段中标量约束_27_19_9],0.0
cons[火电机组出力之和约束_27_19],0.0
cons[火电机组分段中标量约束_27_20_0],0.0
cons[火电机组分段中标量约束_27_20_1],0.0
cons[火电机组分段中标量约束_27_20_2],0.0
cons[火电机组分段中标量约束_27_20_3],0.0
cons[火电机组分段中标量约束_27_20_4],0.0
cons[火电机组分段中标量约束_27_20_5],0.0
cons[火电机组分段中标量约束_27_20_6],0.0
cons[火电机组分段中标量约束_27_20_7],0.0
cons[火电机组分段中标量约束_27_20_8],0.0
cons[火电机组分段中标量约束_27_20_9],0.0
cons[火电机组出力之和约束_27_20],0.0
cons[火电机组分段中标量约束_27_21_0],0.0
cons[火电机组分段中标量约束_27_21_1],0.0
cons[火电机组分段中标量约束_27_21_2],0.0
cons[火电机组分段中标量约束_27_21_3],0.0
cons[火电机组分段中标量约束_27_21_4],0.0
cons[火电机组分段中标量约束_27_21_5],0.0
cons[火电机组分段中标量约束_27_21_6],0.0
cons[火电机组分段中标量约束_27_21_7],0.0
cons[火电机组分段中标量约束_27_21_8],0.0
cons[火电机组分段中标量约束_27_21_9],0.0
cons[火电机组出力之和约束_27_21],0.0
cons[火电机组分段中标量约束_27_22_0],0.0
cons[火电机组分段中标量约束_27_22_1],0.0
cons[火电机组分段中标量约束_27_22_2],0.0
cons[火电机组分段中标量约束_27_22_3],0.0
cons[火电机组分段中标量约束_27_22_4],0.0
cons[火电机组分段中标量约束_27_22_5],0.0
cons[火电机组分段中标量约束_27_22_6],0.0
cons[火电机组分段中标量约束_27_22_7],0.0
cons[火电机组分段中标量约束_27_22_8],0.0
cons[火电机组分段中标量约束_27_22_9],0.0
cons[火电机组出力之和约束_27_22],0.0
cons[火电机组分段中标量约束_27_23_0],0.0
cons[火电机组分段中标量约束_27_23_1],0.0
cons[火电机组分段中标量约束_27_23_2],0.0
cons[火电机组分段中标量约束_27_23_3],0.0
cons[火电机组分段中标量约束_27_23_4],0.0
cons[火电机组分段中标量约束_27_23_5],0.0
cons[火电机组分段中标量约束_27_23_6],0.0
cons[火电机组分段中标量约束_27_23_7],0.0
cons[火电机组分段中标量约束_27_23_8],0.0
cons[火电机组分段中标量约束_27_23_9],0.0
cons[火电机组出力之和约束_27_23],0.0
cons[火电机组分段中标量约束_27_24_0],0.0
cons[火电机组分段中标量约束_27_24_1],0.0
cons[火电机组分段中标量约束_27_24_2],0.0
cons[火电机组分段中标量约束_27_24_3],0.0
cons[火电机组分段中标量约束_27_24_4],0.0
cons[火电机组分段中标量约束_27_24_5],0.0
cons[火电机组分段中标量约束_27_24_6],0.0
cons[火电机组分段中标量约束_27_24_7],0.0
cons[火电机组分段中标量约束_27_24_8],0.0
cons[火电机组分段中标量约束_27_24_9],0.0
cons[火电机组出力之和约束_27_24],0.0
cons[火电机组分段中标量约束_27_25_0],0.0
cons[火电机组分段中标量约束_27_25_1],0.0
cons[火电机组分段中标量约束_27_25_2],0.0
cons[火电机组分段中标量约束_27_25_3],0.0
cons[火电机组分段中标量约束_27_25_4],0.0
cons[火电机组分段中标量约束_27_25_5],0.0
cons[火电机组分段中标量约束_27_25_6],0.0
cons[火电机组分段中标量约束_27_25_7],0.0
cons[火电机组分段中标量约束_27_25_8],0.0
cons[火电机组分段中标量约束_27_25_9],0.0
cons[火电机组出力之和约束_27_25],0.0
cons[火电机组分段中标量约束_27_26_0],0.0
cons[火电机组分段中标量约束_27_26_1],0.0
cons[火电机组分段中标量约束_27_26_2],0.0
cons[火电机组分段中标量约束_27_26_3],0.0
cons[火电机组分段中标量约束_27_26_4],0.0
cons[火电机组分段中标量约束_27_26_5],0.0
cons[火电机组分段中标量约束_27_26_6],0.0
cons[火电机组分段中标量约束_27_26_7],0.0
cons[火电机组分段中标量约束_27_26_8],0.0
cons[火电机组分段中标量约束_27_26_9],0.0
cons[火电机组出力之和约束_27_26],0.0
cons[火电机组分段中标量约束_27_27_0],0.0
cons[火电机组分段中标量约束_27_27_1],0.0
cons[火电机组分段中标量约束_27_27_2],0.0
cons[火电机组分段中标量约束_27_27_3],0.0
cons[火电机组分段中标量约束_27_27_4],0.0
cons[火电机组分段中标量约束_27_27_5],0.0
cons[火电机组分段中标量约束_27_27_6],0.0
cons[火电机组分段中标量约束_27_27_7],0.0
cons[火电机组分段中标量约束_27_27_8],0.0
cons[火电机组分段中标量约束_27_27_9],0.0
cons[火电机组出力之和约束_27_27],0.0
cons[火电机组分段中标量约束_27_28_0],0.0
cons[火电机组分段中标量约束_27_28_1],0.0
cons[火电机组分段中标量约束_27_28_2],0.0
cons[火电机组分段中标量约束_27_28_3],0.0
cons[火电机组分段中标量约束_27_28_4],0.0
cons[火电机组分段中标量约束_27_28_5],0.0
cons[火电机组分段中标量约束_27_28_6],0.0
cons[火电机组分段中标量约束_27_28_7],0.0
cons[火电机组分段中标量约束_27_28_8],0.0
cons[火电机组分段中标量约束_27_28_9],0.0
cons[火电机组出力之和约束_27_28],0.0
cons[火电机组分段中标量约束_27_29_0],0.0
cons[火电机组分段中标量约束_27_29_1],0.0
cons[火电机组分段中标量约束_27_29_2],0.0
cons[火电机组分段中标量约束_27_29_3],0.0
cons[火电机组分段中标量约束_27_29_4],0.0
cons[火电机组分段中标量约束_27_29_5],0.0
cons[火电机组分段中标量约束_27_29_6],0.0
cons[火电机组分段中标量约束_27_29_7],0.0
cons[火电机组分段中标量约束_27_29_8],0.0
cons[火电机组分段中标量约束_27_29_9],0.0
cons[火电机组出力之和约束_27_29],0.0
cons[火电机组分段中标量约束_27_30_0],0.0
cons[火电机组分段中标量约束_27_30_1],0.0
cons[火电机组分段中标量约束_27_30_2],0.0
cons[火电机组分段中标量约束_27_30_3],0.0
cons[火电机组分段中标量约束_27_30_4],0.0
cons[火电机组分段中标量约束_27_30_5],0.0
cons[火电机组分段中标量约束_27_30_6],0.0
cons[火电机组分段中标量约束_27_30_7],0.0
cons[火电机组分段中标量约束_27_30_8],0.0
cons[火电机组分段中标量约束_27_30_9],0.0
cons[火电机组出力之和约束_27_30],0.0
cons[火电机组分段中标量约束_27_31_0],0.0
cons[火电机组分段中标量约束_27_31_1],0.0
cons[火电机组分段中标量约束_27_31_2],0.0
cons[火电机组分段中标量约束_27_31_3],0.0
cons[火电机组分段中标量约束_27_31_4],0.0
cons[火电机组分段中标量约束_27_31_5],0.0
cons[火电机组分段中标量约束_27_31_6],0.0
cons[火电机组分段中标量约束_27_31_7],0.0
cons[火电机组分段中标量约束_27_31_8],0.0
cons[火电机组分段中标量约束_27_31_9],0.0
cons[火电机组出力之和约束_27_31],0.0
cons[火电机组分段中标量约束_27_32_0],0.0
cons[火电机组分段中标量约束_27_32_1],0.0
cons[火电机组分段中标量约束_27_32_2],0.0
cons[火电机组分段中标量约束_27_32_3],0.0
cons[火电机组分段中标量约束_27_32_4],0.0
cons[火电机组分段中标量约束_27_32_5],0.0
cons[火电机组分段中标量约束_27_32_6],0.0
cons[火电机组分段中标量约束_27_32_7],0.0
cons[火电机组分段中标量约束_27_32_8],0.0
cons[火电机组分段中标量约束_27_32_9],0.0
cons[火电机组出力之和约束_27_32],0.0
cons[火电机组分段中标量约束_27_33_0],0.0
cons[火电机组分段中标量约束_27_33_1],0.0
cons[火电机组分段中标量约束_27_33_2],0.0
cons[火电机组分段中标量约束_27_33_3],0.0
cons[火电机组分段中标量约束_27_33_4],0.0
cons[火电机组分段中标量约束_27_33_5],0.0
cons[火电机组分段中标量约束_27_33_6],0.0
cons[火电机组分段中标量约束_27_33_7],0.0
cons[火电机组分段中标量约束_27_33_8],0.0
cons[火电机组分段中标量约束_27_33_9],0.0
cons[火电机组出力之和约束_27_33],0.0
cons[火电机组分段中标量约束_27_34_0],0.0
cons[火电机组分段中标量约束_27_34_1],0.0
cons[火电机组分段中标量约束_27_34_2],0.0
cons[火电机组分段中标量约束_27_34_3],0.0
cons[火电机组分段中标量约束_27_34_4],0.0
cons[火电机组分段中标量约束_27_34_5],0.0
cons[火电机组分段中标量约束_27_34_6],0.0
cons[火电机组分段中标量约束_27_34_7],0.0
cons[火电机组分段中标量约束_27_34_8],0.0
cons[火电机组分段中标量约束_27_34_9],0.0
cons[火电机组出力之和约束_27_34],0.0
cons[火电机组分段中标量约束_27_35_0],0.0
cons[火电机组分段中标量约束_27_35_1],0.0
cons[火电机组分段中标量约束_27_35_2],0.0
cons[火电机组分段中标量约束_27_35_3],0.0
cons[火电机组分段中标量约束_27_35_4],0.0
cons[火电机组分段中标量约束_27_35_5],0.0
cons[火电机组分段中标量约束_27_35_6],0.0
cons[火电机组分段中标量约束_27_35_7],0.0
cons[火电机组分段中标量约束_27_35_8],0.0
cons[火电机组分段中标量约束_27_35_9],0.0
cons[火电机组出力之和约束_27_35],0.0
cons[火电机组分段中标量约束_27_36_0],0.0
cons[火电机组分段中标量约束_27_36_1],0.0
cons[火电机组分段中标量约束_27_36_2],0.0
cons[火电机组分段中标量约束_27_36_3],0.0
cons[火电机组分段中标量约束_27_36_4],0.0
cons[火电机组分段中标量约束_27_36_5],0.0
cons[火电机组分段中标量约束_27_36_6],0.0
cons[火电机组分段中标量约束_27_36_7],0.0
cons[火电机组分段中标量约束_27_36_8],0.0
cons[火电机组分段中标量约束_27_36_9],0.0
cons[火电机组出力之和约束_27_36],0.0
cons[火电机组分段中标量约束_27_37_0],0.0
cons[火电机组分段中标量约束_27_37_1],0.0
cons[火电机组分段中标量约束_27_37_2],0.0
cons[火电机组分段中标量约束_27_37_3],0.0
cons[火电机组分段中标量约束_27_37_4],0.0
cons[火电机组分段中标量约束_27_37_5],0.0
cons[火电机组分段中标量约束_27_37_6],0.0
cons[火电机组分段中标量约束_27_37_7],0.0
cons[火电机组分段中标量约束_27_37_8],0.0
cons[火电机组分段中标量约束_27_37_9],0.0
cons[火电机组出力之和约束_27_37],0.0
cons[火电机组分段中标量约束_27_38_0],0.0
cons[火电机组分段中标量约束_27_38_1],0.0
cons[火电机组分段中标量约束_27_38_2],0.0
cons[火电机组分段中标量约束_27_38_3],0.0
cons[火电机组分段中标量约束_27_38_4],0.0
cons[火电机组分段中标量约束_27_38_5],0.0
cons[火电机组分段中标量约束_27_38_6],0.0
cons[火电机组分段中标量约束_27_38_7],0.0
cons[火电机组分段中标量约束_27_38_8],0.0
cons[火电机组分段中标量约束_27_38_9],0.0
cons[火电机组出力之和约束_27_38],0.0
cons[火电机组分段中标量约束_27_39_0],0.0
cons[火电机组分段中标量约束_27_39_1],0.0
cons[火电机组分段中标量约束_27_39_2],0.0
cons[火电机组分段中标量约束_27_39_3],0.0
cons[火电机组分段中标量约束_27_39_4],0.0
cons[火电机组分段中标量约束_27_39_5],0.0
cons[火电机组分段中标量约束_27_39_6],0.0
cons[火电机组分段中标量约束_27_39_7],0.0
cons[火电机组分段中标量约束_27_39_8],0.0
cons[火电机组分段中标量约束_27_39_9],0.0
cons[火电机组出力之和约束_27_39],0.0
cons[火电机组分段中标量约束_27_40_0],0.0
cons[火电机组分段中标量约束_27_40_1],0.0
cons[火电机组分段中标量约束_27_40_2],0.0
cons[火电机组分段中标量约束_27_40_3],0.0
cons[火电机组分段中标量约束_27_40_4],0.0
cons[火电机组分段中标量约束_27_40_5],0.0
cons[火电机组分段中标量约束_27_40_6],0.0
cons[火电机组分段中标量约束_27_40_7],0.0
cons[火电机组分段中标量约束_27_40_8],0.0
cons[火电机组分段中标量约束_27_40_9],0.0
cons[火电机组出力之和约束_27_40],0.0
cons[火电机组分段中标量约束_27_41_0],0.0
cons[火电机组分段中标量约束_27_41_1],0.0
cons[火电机组分段中标量约束_27_41_2],0.0
cons[火电机组分段中标量约束_27_41_3],0.0
cons[火电机组分段中标量约束_27_41_4],0.0
cons[火电机组分段中标量约束_27_41_5],0.0
cons[火电机组分段中标量约束_27_41_6],0.0
cons[火电机组分段中标量约束_27_41_7],0.0
cons[火电机组分段中标量约束_27_41_8],0.0
cons[火电机组分段中标量约束_27_41_9],0.0
cons[火电机组出力之和约束_27_41],0.0
cons[火电机组分段中标量约束_27_42_0],0.0
cons[火电机组分段中标量约束_27_42_1],0.0
cons[火电机组分段中标量约束_27_42_2],0.0
cons[火电机组分段中标量约束_27_42_3],0.0
cons[火电机组分段中标量约束_27_42_4],0.0
cons[火电机组分段中标量约束_27_42_5],0.0
cons[火电机组分段中标量约束_27_42_6],0.0
cons[火电机组分段中标量约束_27_42_7],0.0
cons[火电机组分段中标量约束_27_42_8],0.0
cons[火电机组分段中标量约束_27_42_9],0.0
cons[火电机组出力之和约束_27_42],0.0
cons[火电机组分段中标量约束_27_43_0],0.0
cons[火电机组分段中标量约束_27_43_1],0.0
cons[火电机组分段中标量约束_27_43_2],0.0
cons[火电机组分段中标量约束_27_43_3],0.0
cons[火电机组分段中标量约束_27_43_4],0.0
cons[火电机组分段中标量约束_27_43_5],0.0
cons[火电机组分段中标量约束_27_43_6],0.0
cons[火电机组分段中标量约束_27_43_7],0.0
cons[火电机组分段中标量约束_27_43_8],0.0
cons[火电机组分段中标量约束_27_43_9],0.0
cons[火电机组出力之和约束_27_43],0.0
cons[火电机组分段中标量约束_27_44_0],0.0
cons[火电机组分段中标量约束_27_44_1],0.0
cons[火电机组分段中标量约束_27_44_2],0.0
cons[火电机组分段中标量约束_27_44_3],0.0
cons[火电机组分段中标量约束_27_44_4],0.0
cons[火电机组分段中标量约束_27_44_5],0.0
cons[火电机组分段中标量约束_27_44_6],0.0
cons[火电机组分段中标量约束_27_44_7],0.0
cons[火电机组分段中标量约束_27_44_8],0.0
cons[火电机组分段中标量约束_27_44_9],0.0
cons[火电机组出力之和约束_27_44],0.0
cons[火电机组分段中标量约束_27_45_0],0.0
cons[火电机组分段中标量约束_27_45_1],0.0
cons[火电机组分段中标量约束_27_45_2],0.0
cons[火电机组分段中标量约束_27_45_3],0.0
cons[火电机组分段中标量约束_27_45_4],0.0
cons[火电机组分段中标量约束_27_45_5],0.0
cons[火电机组分段中标量约束_27_45_6],0.0
cons[火电机组分段中标量约束_27_45_7],0.0
cons[火电机组分段中标量约束_27_45_8],0.0
cons[火电机组分段中标量约束_27_45_9],0.0
cons[火电机组出力之和约束_27_45],0.0
cons[火电机组分段中标量约束_27_46_0],0.0
cons[火电机组分段中标量约束_27_46_1],0.0
cons[火电机组分段中标量约束_27_46_2],0.0
cons[火电机组分段中标量约束_27_46_3],0.0
cons[火电机组分段中标量约束_27_46_4],0.0
cons[火电机组分段中标量约束_27_46_5],0.0
cons[火电机组分段中标量约束_27_46_6],0.0
cons[火电机组分段中标量约束_27_46_7],0.0
cons[火电机组分段中标量约束_27_46_8],0.0
cons[火电机组分段中标量约束_27_46_9],0.0
cons[火电机组出力之和约束_27_46],0.0
cons[火电机组分段中标量约束_27_47_0],0.0
cons[火电机组分段中标量约束_27_47_1],0.0
cons[火电机组分段中标量约束_27_47_2],0.0
cons[火电机组分段中标量约束_27_47_3],0.0
cons[火电机组分段中标量约束_27_47_4],0.0
cons[火电机组分段中标量约束_27_47_5],0.0
cons[火电机组分段中标量约束_27_47_6],0.0
cons[火电机组分段中标量约束_27_47_7],0.0
cons[火电机组分段中标量约束_27_47_8],0.0
cons[火电机组分段中标量约束_27_47_9],0.0
cons[火电机组出力之和约束_27_47],0.0
cons[火电机组分段中标量约束_27_48_0],0.0
cons[火电机组分段中标量约束_27_48_1],0.0
cons[火电机组分段中标量约束_27_48_2],0.0
cons[火电机组分段中标量约束_27_48_3],0.0
cons[火电机组分段中标量约束_27_48_4],0.0
cons[火电机组分段中标量约束_27_48_5],0.0
cons[火电机组分段中标量约束_27_48_6],0.0
cons[火电机组分段中标量约束_27_48_7],0.0
cons[火电机组分段中标量约束_27_48_8],0.0
cons[火电机组分段中标量约束_27_48_9],0.0
cons[火电机组出力之和约束_27_48],0.0
cons[火电机组分段中标量约束_27_49_0],0.0
cons[火电机组分段中标量约束_27_49_1],0.0
cons[火电机组分段中标量约束_27_49_2],0.0
cons[火电机组分段中标量约束_27_49_3],0.0
cons[火电机组分段中标量约束_27_49_4],0.0
cons[火电机组分段中标量约束_27_49_5],0.0
cons[火电机组分段中标量约束_27_49_6],0.0
cons[火电机组分段中标量约束_27_49_7],0.0
cons[火电机组分段中标量约束_27_49_8],0.0
cons[火电机组分段中标量约束_27_49_9],0.0
cons[火电机组出力之和约束_27_49],0.0
cons[火电机组分段中标量约束_27_50_0],0.0
cons[火电机组分段中标量约束_27_50_1],0.0
cons[火电机组分段中标量约束_27_50_2],0.0
cons[火电机组分段中标量约束_27_50_3],0.0
cons[火电机组分段中标量约束_27_50_4],0.0
cons[火电机组分段中标量约束_27_50_5],0.0
cons[火电机组分段中标量约束_27_50_6],0.0
cons[火电机组分段中标量约束_27_50_7],0.0
cons[火电机组分段中标量约束_27_50_8],0.0
cons[火电机组分段中标量约束_27_50_9],0.0
cons[火电机组出力之和约束_27_50],0.0
cons[火电机组分段中标量约束_27_51_0],0.0
cons[火电机组分段中标量约束_27_51_1],0.0
cons[火电机组分段中标量约束_27_51_2],0.0
cons[火电机组分段中标量约束_27_51_3],0.0
cons[火电机组分段中标量约束_27_51_4],0.0
cons[火电机组分段中标量约束_27_51_5],0.0
cons[火电机组分段中标量约束_27_51_6],0.0
cons[火电机组分段中标量约束_27_51_7],0.0
cons[火电机组分段中标量约束_27_51_8],0.0
cons[火电机组分段中标量约束_27_51_9],0.0
cons[火电机组出力之和约束_27_51],0.0
cons[火电机组分段中标量约束_27_52_0],0.0
cons[火电机组分段中标量约束_27_52_1],0.0
cons[火电机组分段中标量约束_27_52_2],0.0
cons[火电机组分段中标量约束_27_52_3],0.0
cons[火电机组分段中标量约束_27_52_4],0.0
cons[火电机组分段中标量约束_27_52_5],0.0
cons[火电机组分段中标量约束_27_52_6],0.0
cons[火电机组分段中标量约束_27_52_7],0.0
cons[火电机组分段中标量约束_27_52_8],0.0
cons[火电机组分段中标量约束_27_52_9],0.0
cons[火电机组出力之和约束_27_52],0.0
cons[火电机组分段中标量约束_27_53_0],0.0
cons[火电机组分段中标量约束_27_53_1],0.0
cons[火电机组分段中标量约束_27_53_2],0.0
cons[火电机组分段中标量约束_27_53_3],0.0
cons[火电机组分段中标量约束_27_53_4],0.0
cons[火电机组分段中标量约束_27_53_5],0.0
cons[火电机组分段中标量约束_27_53_6],0.0
cons[火电机组分段中标量约束_27_53_7],0.0
cons[火电机组分段中标量约束_27_53_8],0.0
cons[火电机组分段中标量约束_27_53_9],0.0
cons[火电机组出力之和约束_27_53],0.0
cons[火电机组分段中标量约束_27_54_0],0.0
cons[火电机组分段中标量约束_27_54_1],0.0
cons[火电机组分段中标量约束_27_54_2],0.0
cons[火电机组分段中标量约束_27_54_3],0.0
cons[火电机组分段中标量约束_27_54_4],0.0
cons[火电机组分段中标量约束_27_54_5],0.0
cons[火电机组分段中标量约束_27_54_6],0.0
cons[火电机组分段中标量约束_27_54_7],0.0
cons[火电机组分段中标量约束_27_54_8],0.0
cons[火电机组分段中标量约束_27_54_9],0.0
cons[火电机组出力之和约束_27_54],0.0
cons[火电机组分段中标量约束_27_55_0],0.0
cons[火电机组分段中标量约束_27_55_1],0.0
cons[火电机组分段中标量约束_27_55_2],0.0
cons[火电机组分段中标量约束_27_55_3],0.0
cons[火电机组分段中标量约束_27_55_4],0.0
cons[火电机组分段中标量约束_27_55_5],0.0
cons[火电机组分段中标量约束_27_55_6],0.0
cons[火电机组分段中标量约束_27_55_7],0.0
cons[火电机组分段中标量约束_27_55_8],0.0
cons[火电机组分段中标量约束_27_55_9],0.0
cons[火电机组出力之和约束_27_55],0.0
cons[火电机组分段中标量约束_27_56_0],0.0
cons[火电机组分段中标量约束_27_56_1],0.0
cons[火电机组分段中标量约束_27_56_2],0.0
cons[火电机组分段中标量约束_27_56_3],0.0
cons[火电机组分段中标量约束_27_56_4],0.0
cons[火电机组分段中标量约束_27_56_5],0.0
cons[火电机组分段中标量约束_27_56_6],0.0
cons[火电机组分段中标量约束_27_56_7],0.0
cons[火电机组分段中标量约束_27_56_8],0.0
cons[火电机组分段中标量约束_27_56_9],0.0
cons[火电机组出力之和约束_27_56],0.0
cons[火电机组分段中标量约束_27_57_0],0.0
cons[火电机组分段中标量约束_27_57_1],0.0
cons[火电机组分段中标量约束_27_57_2],0.0
cons[火电机组分段中标量约束_27_57_3],0.0
cons[火电机组分段中标量约束_27_57_4],0.0
cons[火电机组分段中标量约束_27_57_5],0.0
cons[火电机组分段中标量约束_27_57_6],0.0
cons[火电机组分段中标量约束_27_57_7],0.0
cons[火电机组分段中标量约束_27_57_8],0.0
cons[火电机组分段中标量约束_27_57_9],0.0
cons[火电机组出力之和约束_27_57],0.0
cons[火电机组分段中标量约束_27_58_0],0.0
cons[火电机组分段中标量约束_27_58_1],0.0
cons[火电机组分段中标量约束_27_58_2],0.0
cons[火电机组分段中标量约束_27_58_3],0.0
cons[火电机组分段中标量约束_27_58_4],0.0
cons[火电机组分段中标量约束_27_58_5],0.0
cons[火电机组分段中标量约束_27_58_6],0.0
cons[火电机组分段中标量约束_27_58_7],0.0
cons[火电机组分段中标量约束_27_58_8],0.0
cons[火电机组分段中标量约束_27_58_9],0.0
cons[火电机组出力之和约束_27_58],0.0
cons[火电机组分段中标量约束_27_59_0],0.0
cons[火电机组分段中标量约束_27_59_1],0.0
cons[火电机组分段中标量约束_27_59_2],0.0
cons[火电机组分段中标量约束_27_59_3],0.0
cons[火电机组分段中标量约束_27_59_4],0.0
cons[火电机组分段中标量约束_27_59_5],0.0
cons[火电机组分段中标量约束_27_59_6],0.0
cons[火电机组分段中标量约束_27_59_7],0.0
cons[火电机组分段中标量约束_27_59_8],0.0
cons[火电机组分段中标量约束_27_59_9],0.0
cons[火电机组出力之和约束_27_59],0.0
cons[火电机组分段中标量约束_27_60_0],0.0
cons[火电机组分段中标量约束_27_60_1],0.0
cons[火电机组分段中标量约束_27_60_2],0.0
cons[火电机组分段中标量约束_27_60_3],0.0
cons[火电机组分段中标量约束_27_60_4],0.0
cons[火电机组分段中标量约束_27_60_5],0.0
cons[火电机组分段中标量约束_27_60_6],0.0
cons[火电机组分段中标量约束_27_60_7],0.0
cons[火电机组分段中标量约束_27_60_8],0.0
cons[火电机组分段中标量约束_27_60_9],0.0
cons[火电机组出力之和约束_27_60],0.0
cons[火电机组分段中标量约束_27_61_0],0.0
cons[火电机组分段中标量约束_27_61_1],0.0
cons[火电机组分段中标量约束_27_61_2],0.0
cons[火电机组分段中标量约束_27_61_3],0.0
cons[火电机组分段中标量约束_27_61_4],0.0
cons[火电机组分段中标量约束_27_61_5],0.0
cons[火电机组分段中标量约束_27_61_6],0.0
cons[火电机组分段中标量约束_27_61_7],0.0
cons[火电机组分段中标量约束_27_61_8],0.0
cons[火电机组分段中标量约束_27_61_9],0.0
cons[火电机组出力之和约束_27_61],0.0
cons[火电机组分段中标量约束_27_62_0],0.0
cons[火电机组分段中标量约束_27_62_1],0.0
cons[火电机组分段中标量约束_27_62_2],0.0
cons[火电机组分段中标量约束_27_62_3],0.0
cons[火电机组分段中标量约束_27_62_4],0.0
cons[火电机组分段中标量约束_27_62_5],0.0
cons[火电机组分段中标量约束_27_62_6],0.0
cons[火电机组分段中标量约束_27_62_7],0.0
cons[火电机组分段中标量约束_27_62_8],0.0
cons[火电机组分段中标量约束_27_62_9],0.0
cons[火电机组出力之和约束_27_62],0.0
cons[火电机组分段中标量约束_27_63_0],0.0
cons[火电机组分段中标量约束_27_63_1],0.0
cons[火电机组分段中标量约束_27_63_2],0.0
cons[火电机组分段中标量约束_27_63_3],0.0
cons[火电机组分段中标量约束_27_63_4],0.0
cons[火电机组分段中标量约束_27_63_5],0.0
cons[火电机组分段中标量约束_27_63_6],0.0
cons[火电机组分段中标量约束_27_63_7],0.0
cons[火电机组分段中标量约束_27_63_8],0.0
cons[火电机组分段中标量约束_27_63_9],0.0
cons[火电机组出力之和约束_27_63],0.0
cons[火电机组分段中标量约束_27_64_0],0.0
cons[火电机组分段中标量约束_27_64_1],0.0
cons[火电机组分段中标量约束_27_64_2],0.0
cons[火电机组分段中标量约束_27_64_3],0.0
cons[火电机组分段中标量约束_27_64_4],0.0
cons[火电机组分段中标量约束_27_64_5],0.0
cons[火电机组分段中标量约束_27_64_6],0.0
cons[火电机组分段中标量约束_27_64_7],0.0
cons[火电机组分段中标量约束_27_64_8],0.0
cons[火电机组分段中标量约束_27_64_9],0.0
cons[火电机组出力之和约束_27_64],0.0
cons[火电机组分段中标量约束_27_65_0],0.0
cons[火电机组分段中标量约束_27_65_1],0.0
cons[火电机组分段中标量约束_27_65_2],0.0
cons[火电机组分段中标量约束_27_65_3],0.0
cons[火电机组分段中标量约束_27_65_4],0.0
cons[火电机组分段中标量约束_27_65_5],0.0
cons[火电机组分段中标量约束_27_65_6],0.0
cons[火电机组分段中标量约束_27_65_7],0.0
cons[火电机组分段中标量约束_27_65_8],0.0
cons[火电机组分段中标量约束_27_65_9],0.0
cons[火电机组出力之和约束_27_65],0.0
cons[火电机组分段中标量约束_27_66_0],0.0
cons[火电机组分段中标量约束_27_66_1],0.0
cons[火电机组分段中标量约束_27_66_2],0.0
cons[火电机组分段中标量约束_27_66_3],0.0
cons[火电机组分段中标量约束_27_66_4],0.0
cons[火电机组分段中标量约束_27_66_5],0.0
cons[火电机组分段中标量约束_27_66_6],0.0
cons[火电机组分段中标量约束_27_66_7],0.0
cons[火电机组分段中标量约束_27_66_8],0.0
cons[火电机组分段中标量约束_27_66_9],0.0
cons[火电机组出力之和约束_27_66],0.0
cons[火电机组分段中标量约束_27_67_0],0.0
cons[火电机组分段中标量约束_27_67_1],0.0
cons[火电机组分段中标量约束_27_67_2],0.0
cons[火电机组分段中标量约束_27_67_3],0.0
cons[火电机组分段中标量约束_27_67_4],0.0
cons[火电机组分段中标量约束_27_67_5],0.0
cons[火电机组分段中标量约束_27_67_6],0.0
cons[火电机组分段中标量约束_27_67_7],0.0
cons[火电机组分段中标量约束_27_67_8],0.0
cons[火电机组分段中标量约束_27_67_9],0.0
cons[火电机组出力之和约束_27_67],0.0
cons[火电机组分段中标量约束_27_68_0],0.0
cons[火电机组分段中标量约束_27_68_1],0.0
cons[火电机组分段中标量约束_27_68_2],0.0
cons[火电机组分段中标量约束_27_68_3],0.0
cons[火电机组分段中标量约束_27_68_4],0.0
cons[火电机组分段中标量约束_27_68_5],0.0
cons[火电机组分段中标量约束_27_68_6],0.0
cons[火电机组分段中标量约束_27_68_7],0.0
cons[火电机组分段中标量约束_27_68_8],0.0
cons[火电机组分段中标量约束_27_68_9],0.0
cons[火电机组出力之和约束_27_68],0.0
cons[火电机组分段中标量约束_27_69_0],0.0
cons[火电机组分段中标量约束_27_69_1],0.0
cons[火电机组分段中标量约束_27_69_2],0.0
cons[火电机组分段中标量约束_27_69_3],0.0
cons[火电机组分段中标量约束_27_69_4],0.0
cons[火电机组分段中标量约束_27_69_5],0.0
cons[火电机组分段中标量约束_27_69_6],0.0
cons[火电机组分段中标量约束_27_69_7],0.0
cons[火电机组分段中标量约束_27_69_8],0.0
cons[火电机组分段中标量约束_27_69_9],0.0
cons[火电机组出力之和约束_27_69],0.0
cons[火电机组分段中标量约束_27_70_0],0.0
cons[火电机组分段中标量约束_27_70_1],0.0
cons[火电机组分段中标量约束_27_70_2],0.0
cons[火电机组分段中标量约束_27_70_3],0.0
cons[火电机组分段中标量约束_27_70_4],0.0
cons[火电机组分段中标量约束_27_70_5],0.0
cons[火电机组分段中标量约束_27_70_6],0.0
cons[火电机组分段中标量约束_27_70_7],0.0
cons[火电机组分段中标量约束_27_70_8],0.0
cons[火电机组分段中标量约束_27_70_9],0.0
cons[火电机组出力之和约束_27_70],0.0
cons[火电机组分段中标量约束_27_71_0],0.0
cons[火电机组分段中标量约束_27_71_1],0.0
cons[火电机组分段中标量约束_27_71_2],0.0
cons[火电机组分段中标量约束_27_71_3],0.0
cons[火电机组分段中标量约束_27_71_4],0.0
cons[火电机组分段中标量约束_27_71_5],0.0
cons[火电机组分段中标量约束_27_71_6],0.0
cons[火电机组分段中标量约束_27_71_7],0.0
cons[火电机组分段中标量约束_27_71_8],0.0
cons[火电机组分段中标量约束_27_71_9],0.0
cons[火电机组出力之和约束_27_71],0.0
cons[火电机组分段中标量约束_27_72_0],0.0
cons[火电机组分段中标量约束_27_72_1],0.0
cons[火电机组分段中标量约束_27_72_2],0.0
cons[火电机组分段中标量约束_27_72_3],0.0
cons[火电机组分段中标量约束_27_72_4],0.0
cons[火电机组分段中标量约束_27_72_5],0.0
cons[火电机组分段中标量约束_27_72_6],0.0
cons[火电机组分段中标量约束_27_72_7],0.0
cons[火电机组分段中标量约束_27_72_8],0.0
cons[火电机组分段中标量约束_27_72_9],0.0
cons[火电机组出力之和约束_27_72],0.0
cons[火电机组分段中标量约束_27_73_0],0.0
cons[火电机组分段中标量约束_27_73_1],0.0
cons[火电机组分段中标量约束_27_73_2],0.0
cons[火电机组分段中标量约束_27_73_3],0.0
cons[火电机组分段中标量约束_27_73_4],0.0
cons[火电机组分段中标量约束_27_73_5],0.0
cons[火电机组分段中标量约束_27_73_6],0.0
cons[火电机组分段中标量约束_27_73_7],0.0
cons[火电机组分段中标量约束_27_73_8],0.0
cons[火电机组分段中标量约束_27_73_9],0.0
cons[火电机组出力之和约束_27_73],0.0
cons[火电机组分段中标量约束_27_74_0],0.0
cons[火电机组分段中标量约束_27_74_1],0.0
cons[火电机组分段中标量约束_27_74_2],0.0
cons[火电机组分段中标量约束_27_74_3],0.0
cons[火电机组分段中标量约束_27_74_4],0.0
cons[火电机组分段中标量约束_27_74_5],0.0
cons[火电机组分段中标量约束_27_74_6],0.0
cons[火电机组分段中标量约束_27_74_7],0.0
cons[火电机组分段中标量约束_27_74_8],0.0
cons[火电机组分段中标量约束_27_74_9],0.0
cons[火电机组出力之和约束_27_74],0.0
cons[火电机组分段中标量约束_27_75_0],0.0
cons[火电机组分段中标量约束_27_75_1],0.0
cons[火电机组分段中标量约束_27_75_2],0.0
cons[火电机组分段中标量约束_27_75_3],0.0
cons[火电机组分段中标量约束_27_75_4],0.0
cons[火电机组分段中标量约束_27_75_5],0.0
cons[火电机组分段中标量约束_27_75_6],0.0
cons[火电机组分段中标量约束_27_75_7],0.0
cons[火电机组分段中标量约束_27_75_8],0.0
cons[火电机组分段中标量约束_27_75_9],0.0
cons[火电机组出力之和约束_27_75],0.0
cons[火电机组分段中标量约束_27_76_0],0.0
cons[火电机组分段中标量约束_27_76_1],0.0
cons[火电机组分段中标量约束_27_76_2],0.0
cons[火电机组分段中标量约束_27_76_3],0.0
cons[火电机组分段中标量约束_27_76_4],0.0
cons[火电机组分段中标量约束_27_76_5],0.0
cons[火电机组分段中标量约束_27_76_6],0.0
cons[火电机组分段中标量约束_27_76_7],0.0
cons[火电机组分段中标量约束_27_76_8],0.0
cons[火电机组分段中标量约束_27_76_9],0.0
cons[火电机组出力之和约束_27_76],0.0
cons[火电机组分段中标量约束_27_77_0],0.0
cons[火电机组分段中标量约束_27_77_1],0.0
cons[火电机组分段中标量约束_27_77_2],0.0
cons[火电机组分段中标量约束_27_77_3],0.0
cons[火电机组分段中标量约束_27_77_4],0.0
cons[火电机组分段中标量约束_27_77_5],0.0
cons[火电机组分段中标量约束_27_77_6],0.0
cons[火电机组分段中标量约束_27_77_7],0.0
cons[火电机组分段中标量约束_27_77_8],0.0
cons[火电机组分段中标量约束_27_77_9],0.0
cons[火电机组出力之和约束_27_77],0.0
cons[火电机组分段中标量约束_27_78_0],0.0
cons[火电机组分段中标量约束_27_78_1],0.0
cons[火电机组分段中标量约束_27_78_2],0.0
cons[火电机组分段中标量约束_27_78_3],0.0
cons[火电机组分段中标量约束_27_78_4],0.0
cons[火电机组分段中标量约束_27_78_5],0.0
cons[火电机组分段中标量约束_27_78_6],0.0
cons[火电机组分段中标量约束_27_78_7],0.0
cons[火电机组分段中标量约束_27_78_8],0.0
cons[火电机组分段中标量约束_27_78_9],0.0
cons[火电机组出力之和约束_27_78],0.0
cons[火电机组分段中标量约束_27_79_0],0.0
cons[火电机组分段中标量约束_27_79_1],0.0
cons[火电机组分段中标量约束_27_79_2],0.0
cons[火电机组分段中标量约束_27_79_3],0.0
cons[火电机组分段中标量约束_27_79_4],0.0
cons[火电机组分段中标量约束_27_79_5],0.0
cons[火电机组分段中标量约束_27_79_6],0.0
cons[火电机组分段中标量约束_27_79_7],0.0
cons[火电机组分段中标量约束_27_79_8],0.0
cons[火电机组分段中标量约束_27_79_9],0.0
cons[火电机组出力之和约束_27_79],0.0
cons[火电机组分段中标量约束_27_80_0],0.0
cons[火电机组分段中标量约束_27_80_1],0.0
cons[火电机组分段中标量约束_27_80_2],0.0
cons[火电机组分段中标量约束_27_80_3],0.0
cons[火电机组分段中标量约束_27_80_4],0.0
cons[火电机组分段中标量约束_27_80_5],0.0
cons[火电机组分段中标量约束_27_80_6],0.0
cons[火电机组分段中标量约束_27_80_7],0.0
cons[火电机组分段中标量约束_27_80_8],0.0
cons[火电机组分段中标量约束_27_80_9],0.0
cons[火电机组出力之和约束_27_80],0.0
cons[火电机组分段中标量约束_27_81_0],0.0
cons[火电机组分段中标量约束_27_81_1],0.0
cons[火电机组分段中标量约束_27_81_2],0.0
cons[火电机组分段中标量约束_27_81_3],0.0
cons[火电机组分段中标量约束_27_81_4],0.0
cons[火电机组分段中标量约束_27_81_5],0.0
cons[火电机组分段中标量约束_27_81_6],0.0
cons[火电机组分段中标量约束_27_81_7],0.0
cons[火电机组分段中标量约束_27_81_8],0.0
cons[火电机组分段中标量约束_27_81_9],0.0
cons[火电机组出力之和约束_27_81],0.0
cons[火电机组分段中标量约束_27_82_0],0.0
cons[火电机组分段中标量约束_27_82_1],0.0
cons[火电机组分段中标量约束_27_82_2],0.0
cons[火电机组分段中标量约束_27_82_3],0.0
cons[火电机组分段中标量约束_27_82_4],0.0
cons[火电机组分段中标量约束_27_82_5],0.0
cons[火电机组分段中标量约束_27_82_6],0.0
cons[火电机组分段中标量约束_27_82_7],0.0
cons[火电机组分段中标量约束_27_82_8],0.0
cons[火电机组分段中标量约束_27_82_9],0.0
cons[火电机组出力之和约束_27_82],0.0
cons[火电机组分段中标量约束_27_83_0],0.0
cons[火电机组分段中标量约束_27_83_1],0.0
cons[火电机组分段中标量约束_27_83_2],0.0
cons[火电机组分段中标量约束_27_83_3],0.0
cons[火电机组分段中标量约束_27_83_4],0.0
cons[火电机组分段中标量约束_27_83_5],0.0
cons[火电机组分段中标量约束_27_83_6],0.0
cons[火电机组分段中标量约束_27_83_7],0.0
cons[火电机组分段中标量约束_27_83_8],0.0
cons[火电机组分段中标量约束_27_83_9],0.0
cons[火电机组出力之和约束_27_83],0.0
cons[火电机组分段中标量约束_27_84_0],0.0
cons[火电机组分段中标量约束_27_84_1],0.0
cons[火电机组分段中标量约束_27_84_2],0.0
cons[火电机组分段中标量约束_27_84_3],0.0
cons[火电机组分段中标量约束_27_84_4],0.0
cons[火电机组分段中标量约束_27_84_5],0.0
cons[火电机组分段中标量约束_27_84_6],0.0
cons[火电机组分段中标量约束_27_84_7],0.0
cons[火电机组分段中标量约束_27_84_8],0.0
cons[火电机组分段中标量约束_27_84_9],0.0
cons[火电机组出力之和约束_27_84],0.0
cons[火电机组分段中标量约束_27_85_0],0.0
cons[火电机组分段中标量约束_27_85_1],0.0
cons[火电机组分段中标量约束_27_85_2],0.0
cons[火电机组分段中标量约束_27_85_3],0.0
cons[火电机组分段中标量约束_27_85_4],0.0
cons[火电机组分段中标量约束_27_85_5],0.0
cons[火电机组分段中标量约束_27_85_6],0.0
cons[火电机组分段中标量约束_27_85_7],0.0
cons[火电机组分段中标量约束_27_85_8],0.0
cons[火电机组分段中标量约束_27_85_9],0.0
cons[火电机组出力之和约束_27_85],0.0
cons[火电机组分段中标量约束_27_86_0],0.0
cons[火电机组分段中标量约束_27_86_1],0.0
cons[火电机组分段中标量约束_27_86_2],0.0
cons[火电机组分段中标量约束_27_86_3],0.0
cons[火电机组分段中标量约束_27_86_4],0.0
cons[火电机组分段中标量约束_27_86_5],0.0
cons[火电机组分段中标量约束_27_86_6],0.0
cons[火电机组分段中标量约束_27_86_7],0.0
cons[火电机组分段中标量约束_27_86_8],0.0
cons[火电机组分段中标量约束_27_86_9],0.0
cons[火电机组出力之和约束_27_86],0.0
cons[火电机组分段中标量约束_27_87_0],0.0
cons[火电机组分段中标量约束_27_87_1],0.0
cons[火电机组分段中标量约束_27_87_2],0.0
cons[火电机组分段中标量约束_27_87_3],0.0
cons[火电机组分段中标量约束_27_87_4],0.0
cons[火电机组分段中标量约束_27_87_5],0.0
cons[火电机组分段中标量约束_27_87_6],0.0
cons[火电机组分段中标量约束_27_87_7],0.0
cons[火电机组分段中标量约束_27_87_8],0.0
cons[火电机组分段中标量约束_27_87_9],0.0
cons[火电机组出力之和约束_27_87],0.0
cons[火电机组分段中标量约束_27_88_0],0.0
cons[火电机组分段中标量约束_27_88_1],0.0
cons[火电机组分段中标量约束_27_88_2],0.0
cons[火电机组分段中标量约束_27_88_3],0.0
cons[火电机组分段中标量约束_27_88_4],0.0
cons[火电机组分段中标量约束_27_88_5],0.0
cons[火电机组分段中标量约束_27_88_6],0.0
cons[火电机组分段中标量约束_27_88_7],0.0
cons[火电机组分段中标量约束_27_88_8],0.0
cons[火电机组分段中标量约束_27_88_9],0.0
cons[火电机组出力之和约束_27_88],0.0
cons[火电机组分段中标量约束_27_89_0],0.0
cons[火电机组分段中标量约束_27_89_1],0.0
cons[火电机组分段中标量约束_27_89_2],0.0
cons[火电机组分段中标量约束_27_89_3],0.0
cons[火电机组分段中标量约束_27_89_4],0.0
cons[火电机组分段中标量约束_27_89_5],0.0
cons[火电机组分段中标量约束_27_89_6],0.0
cons[火电机组分段中标量约束_27_89_7],0.0
cons[火电机组分段中标量约束_27_89_8],0.0
cons[火电机组分段中标量约束_27_89_9],0.0
cons[火电机组出力之和约束_27_89],0.0
cons[火电机组分段中标量约束_27_90_0],0.0
cons[火电机组分段中标量约束_27_90_1],0.0
cons[火电机组分段中标量约束_27_90_2],0.0
cons[火电机组分段中标量约束_27_90_3],0.0
cons[火电机组分段中标量约束_27_90_4],0.0
cons[火电机组分段中标量约束_27_90_5],0.0
cons[火电机组分段中标量约束_27_90_6],0.0
cons[火电机组分段中标量约束_27_90_7],0.0
cons[火电机组分段中标量约束_27_90_8],0.0
cons[火电机组分段中标量约束_27_90_9],0.0
cons[火电机组出力之和约束_27_90],0.0
cons[火电机组分段中标量约束_27_91_0],0.0
cons[火电机组分段中标量约束_27_91_1],0.0
cons[火电机组分段中标量约束_27_91_2],0.0
cons[火电机组分段中标量约束_27_91_3],0.0
cons[火电机组分段中标量约束_27_91_4],0.0
cons[火电机组分段中标量约束_27_91_5],0.0
cons[火电机组分段中标量约束_27_91_6],0.0
cons[火电机组分段中标量约束_27_91_7],0.0
cons[火电机组分段中标量约束_27_91_8],0.0
cons[火电机组分段中标量约束_27_91_9],0.0
cons[火电机组出力之和约束_27_91],0.0
cons[火电机组分段中标量约束_27_92_0],0.0
cons[火电机组分段中标量约束_27_92_1],0.0
cons[火电机组分段中标量约束_27_92_2],0.0
cons[火电机组分段中标量约束_27_92_3],0.0
cons[火电机组分段中标量约束_27_92_4],0.0
cons[火电机组分段中标量约束_27_92_5],0.0
cons[火电机组分段中标量约束_27_92_6],0.0
cons[火电机组分段中标量约束_27_92_7],0.0
cons[火电机组分段中标量约束_27_92_8],0.0
cons[火电机组分段中标量约束_27_92_9],0.0
cons[火电机组出力之和约束_27_92],0.0
cons[火电机组分段中标量约束_27_93_0],0.0
cons[火电机组分段中标量约束_27_93_1],0.0
cons[火电机组分段中标量约束_27_93_2],0.0
cons[火电机组分段中标量约束_27_93_3],0.0
cons[火电机组分段中标量约束_27_93_4],0.0
cons[火电机组分段中标量约束_27_93_5],0.0
cons[火电机组分段中标量约束_27_93_6],0.0
cons[火电机组分段中标量约束_27_93_7],0.0
cons[火电机组分段中标量约束_27_93_8],0.0
cons[火电机组分段中标量约束_27_93_9],0.0
cons[火电机组出力之和约束_27_93],0.0
cons[火电机组分段中标量约束_27_94_0],0.0
cons[火电机组分段中标量约束_27_94_1],0.0
cons[火电机组分段中标量约束_27_94_2],0.0
cons[火电机组分段中标量约束_27_94_3],0.0
cons[火电机组分段中标量约束_27_94_4],0.0
cons[火电机组分段中标量约束_27_94_5],0.0
cons[火电机组分段中标量约束_27_94_6],0.0
cons[火电机组分段中标量约束_27_94_7],0.0
cons[火电机组分段中标量约束_27_94_8],0.0
cons[火电机组分段中标量约束_27_94_9],0.0
cons[火电机组出力之和约束_27_94],0.0
cons[火电机组分段中标量约束_27_95_0],0.0
cons[火电机组分段中标量约束_27_95_1],0.0
cons[火电机组分段中标量约束_27_95_2],0.0
cons[火电机组分段中标量约束_27_95_3],0.0
cons[火电机组分段中标量约束_27_95_4],0.0
cons[火电机组分段中标量约束_27_95_5],0.0
cons[火电机组分段中标量约束_27_95_6],0.0
cons[火电机组分段中标量约束_27_95_7],0.0
cons[火电机组分段中标量约束_27_95_8],0.0
cons[火电机组分段中标量约束_27_95_9],0.0
cons[火电机组出力之和约束_27_95],0.0
cons[火电机组分段中标量约束_28_0_0],0.0
cons[火电机组分段中标量约束_28_0_1],0.0
cons[火电机组分段中标量约束_28_0_2],0.0
cons[火电机组分段中标量约束_28_0_3],0.0
cons[火电机组分段中标量约束_28_0_4],0.0
cons[火电机组分段中标量约束_28_0_5],0.0
cons[火电机组分段中标量约束_28_0_6],0.0
cons[火电机组分段中标量约束_28_0_7],0.0
cons[火电机组分段中标量约束_28_0_8],0.0
cons[火电机组分段中标量约束_28_0_9],0.0
cons[火电机组出力之和约束_28_0],0.0
cons[火电机组分段中标量约束_28_1_0],0.0
cons[火电机组分段中标量约束_28_1_1],0.0
cons[火电机组分段中标量约束_28_1_2],0.0
cons[火电机组分段中标量约束_28_1_3],0.0
cons[火电机组分段中标量约束_28_1_4],0.0
cons[火电机组分段中标量约束_28_1_5],0.0
cons[火电机组分段中标量约束_28_1_6],0.0
cons[火电机组分段中标量约束_28_1_7],0.0
cons[火电机组分段中标量约束_28_1_8],0.0
cons[火电机组分段中标量约束_28_1_9],0.0
cons[火电机组出力之和约束_28_1],0.0
cons[火电机组分段中标量约束_28_2_0],0.0
cons[火电机组分段中标量约束_28_2_1],0.0
cons[火电机组分段中标量约束_28_2_2],0.0
cons[火电机组分段中标量约束_28_2_3],0.0
cons[火电机组分段中标量约束_28_2_4],0.0
cons[火电机组分段中标量约束_28_2_5],0.0
cons[火电机组分段中标量约束_28_2_6],0.0
cons[火电机组分段中标量约束_28_2_7],0.0
cons[火电机组分段中标量约束_28_2_8],0.0
cons[火电机组分段中标量约束_28_2_9],0.0
cons[火电机组出力之和约束_28_2],0.0
cons[火电机组分段中标量约束_28_3_0],0.0
cons[火电机组分段中标量约束_28_3_1],0.0
cons[火电机组分段中标量约束_28_3_2],0.0
cons[火电机组分段中标量约束_28_3_3],0.0
cons[火电机组分段中标量约束_28_3_4],0.0
cons[火电机组分段中标量约束_28_3_5],0.0
cons[火电机组分段中标量约束_28_3_6],0.0
cons[火电机组分段中标量约束_28_3_7],0.0
cons[火电机组分段中标量约束_28_3_8],0.0
cons[火电机组分段中标量约束_28_3_9],0.0
cons[火电机组出力之和约束_28_3],0.0
cons[火电机组分段中标量约束_28_4_0],0.0
cons[火电机组分段中标量约束_28_4_1],0.0
cons[火电机组分段中标量约束_28_4_2],0.0
cons[火电机组分段中标量约束_28_4_3],0.0
cons[火电机组分段中标量约束_28_4_4],0.0
cons[火电机组分段中标量约束_28_4_5],0.0
cons[火电机组分段中标量约束_28_4_6],0.0
cons[火电机组分段中标量约束_28_4_7],0.0
cons[火电机组分段中标量约束_28_4_8],0.0
cons[火电机组分段中标量约束_28_4_9],0.0
cons[火电机组出力之和约束_28_4],0.0
cons[火电机组分段中标量约束_28_5_0],0.0
cons[火电机组分段中标量约束_28_5_1],0.0
cons[火电机组分段中标量约束_28_5_2],0.0
cons[火电机组分段中标量约束_28_5_3],0.0
cons[火电机组分段中标量约束_28_5_4],0.0
cons[火电机组分段中标量约束_28_5_5],0.0
cons[火电机组分段中标量约束_28_5_6],0.0
cons[火电机组分段中标量约束_28_5_7],0.0
cons[火电机组分段中标量约束_28_5_8],0.0
cons[火电机组分段中标量约束_28_5_9],0.0
cons[火电机组出力之和约束_28_5],0.0
cons[火电机组分段中标量约束_28_6_0],0.0
cons[火电机组分段中标量约束_28_6_1],0.0
cons[火电机组分段中标量约束_28_6_2],0.0
cons[火电机组分段中标量约束_28_6_3],0.0
cons[火电机组分段中标量约束_28_6_4],0.0
cons[火电机组分段中标量约束_28_6_5],0.0
cons[火电机组分段中标量约束_28_6_6],0.0
cons[火电机组分段中标量约束_28_6_7],0.0
cons[火电机组分段中标量约束_28_6_8],0.0
cons[火电机组分段中标量约束_28_6_9],0.0
cons[火电机组出力之和约束_28_6],0.0
cons[火电机组分段中标量约束_28_7_0],0.0
cons[火电机组分段中标量约束_28_7_1],0.0
cons[火电机组分段中标量约束_28_7_2],0.0
cons[火电机组分段中标量约束_28_7_3],0.0
cons[火电机组分段中标量约束_28_7_4],0.0
cons[火电机组分段中标量约束_28_7_5],0.0
cons[火电机组分段中标量约束_28_7_6],0.0
cons[火电机组分段中标量约束_28_7_7],0.0
cons[火电机组分段中标量约束_28_7_8],0.0
cons[火电机组分段中标量约束_28_7_9],0.0
cons[火电机组出力之和约束_28_7],0.0
cons[火电机组分段中标量约束_28_8_0],0.0
cons[火电机组分段中标量约束_28_8_1],0.0
cons[火电机组分段中标量约束_28_8_2],0.0
cons[火电机组分段中标量约束_28_8_3],0.0
cons[火电机组分段中标量约束_28_8_4],0.0
cons[火电机组分段中标量约束_28_8_5],0.0
cons[火电机组分段中标量约束_28_8_6],0.0
cons[火电机组分段中标量约束_28_8_7],0.0
cons[火电机组分段中标量约束_28_8_8],0.0
cons[火电机组分段中标量约束_28_8_9],0.0
cons[火电机组出力之和约束_28_8],0.0
cons[火电机组分段中标量约束_28_9_0],0.0
cons[火电机组分段中标量约束_28_9_1],0.0
cons[火电机组分段中标量约束_28_9_2],0.0
cons[火电机组分段中标量约束_28_9_3],0.0
cons[火电机组分段中标量约束_28_9_4],0.0
cons[火电机组分段中标量约束_28_9_5],0.0
cons[火电机组分段中标量约束_28_9_6],0.0
cons[火电机组分段中标量约束_28_9_7],0.0
cons[火电机组分段中标量约束_28_9_8],0.0
cons[火电机组分段中标量约束_28_9_9],0.0
cons[火电机组出力之和约束_28_9],0.0
cons[火电机组分段中标量约束_28_10_0],0.0
cons[火电机组分段中标量约束_28_10_1],0.0
cons[火电机组分段中标量约束_28_10_2],0.0
cons[火电机组分段中标量约束_28_10_3],0.0
cons[火电机组分段中标量约束_28_10_4],0.0
cons[火电机组分段中标量约束_28_10_5],0.0
cons[火电机组分段中标量约束_28_10_6],0.0
cons[火电机组分段中标量约束_28_10_7],0.0
cons[火电机组分段中标量约束_28_10_8],0.0
cons[火电机组分段中标量约束_28_10_9],0.0
cons[火电机组出力之和约束_28_10],0.0
cons[火电机组分段中标量约束_28_11_0],0.0
cons[火电机组分段中标量约束_28_11_1],0.0
cons[火电机组分段中标量约束_28_11_2],0.0
cons[火电机组分段中标量约束_28_11_3],0.0
cons[火电机组分段中标量约束_28_11_4],0.0
cons[火电机组分段中标量约束_28_11_5],0.0
cons[火电机组分段中标量约束_28_11_6],0.0
cons[火电机组分段中标量约束_28_11_7],0.0
cons[火电机组分段中标量约束_28_11_8],0.0
cons[火电机组分段中标量约束_28_11_9],0.0
cons[火电机组出力之和约束_28_11],0.0
cons[火电机组分段中标量约束_28_12_0],0.0
cons[火电机组分段中标量约束_28_12_1],0.0
cons[火电机组分段中标量约束_28_12_2],0.0
cons[火电机组分段中标量约束_28_12_3],0.0
cons[火电机组分段中标量约束_28_12_4],0.0
cons[火电机组分段中标量约束_28_12_5],0.0
cons[火电机组分段中标量约束_28_12_6],0.0
cons[火电机组分段中标量约束_28_12_7],0.0
cons[火电机组分段中标量约束_28_12_8],0.0
cons[火电机组分段中标量约束_28_12_9],0.0
cons[火电机组出力之和约束_28_12],0.0
cons[火电机组分段中标量约束_28_13_0],0.0
cons[火电机组分段中标量约束_28_13_1],0.0
cons[火电机组分段中标量约束_28_13_2],0.0
cons[火电机组分段中标量约束_28_13_3],0.0
cons[火电机组分段中标量约束_28_13_4],0.0
cons[火电机组分段中标量约束_28_13_5],0.0
cons[火电机组分段中标量约束_28_13_6],0.0
cons[火电机组分段中标量约束_28_13_7],0.0
cons[火电机组分段中标量约束_28_13_8],0.0
cons[火电机组分段中标量约束_28_13_9],0.0
cons[火电机组出力之和约束_28_13],0.0
cons[火电机组分段中标量约束_28_14_0],0.0
cons[火电机组分段中标量约束_28_14_1],0.0
cons[火电机组分段中标量约束_28_14_2],0.0
cons[火电机组分段中标量约束_28_14_3],0.0
cons[火电机组分段中标量约束_28_14_4],0.0
cons[火电机组分段中标量约束_28_14_5],0.0
cons[火电机组分段中标量约束_28_14_6],0.0
cons[火电机组分段中标量约束_28_14_7],0.0
cons[火电机组分段中标量约束_28_14_8],0.0
cons[火电机组分段中标量约束_28_14_9],0.0
cons[火电机组出力之和约束_28_14],0.0
cons[火电机组分段中标量约束_28_15_0],0.0
cons[火电机组分段中标量约束_28_15_1],0.0
cons[火电机组分段中标量约束_28_15_2],0.0
cons[火电机组分段中标量约束_28_15_3],0.0
cons[火电机组分段中标量约束_28_15_4],0.0
cons[火电机组分段中标量约束_28_15_5],0.0
cons[火电机组分段中标量约束_28_15_6],0.0
cons[火电机组分段中标量约束_28_15_7],0.0
cons[火电机组分段中标量约束_28_15_8],0.0
cons[火电机组分段中标量约束_28_15_9],0.0
cons[火电机组出力之和约束_28_15],0.0
cons[火电机组分段中标量约束_28_16_0],0.0
cons[火电机组分段中标量约束_28_16_1],0.0
cons[火电机组分段中标量约束_28_16_2],0.0
cons[火电机组分段中标量约束_28_16_3],0.0
cons[火电机组分段中标量约束_28_16_4],0.0
cons[火电机组分段中标量约束_28_16_5],0.0
cons[火电机组分段中标量约束_28_16_6],0.0
cons[火电机组分段中标量约束_28_16_7],0.0
cons[火电机组分段中标量约束_28_16_8],0.0
cons[火电机组分段中标量约束_28_16_9],0.0
cons[火电机组出力之和约束_28_16],0.0
cons[火电机组分段中标量约束_28_17_0],0.0
cons[火电机组分段中标量约束_28_17_1],0.0
cons[火电机组分段中标量约束_28_17_2],0.0
cons[火电机组分段中标量约束_28_17_3],0.0
cons[火电机组分段中标量约束_28_17_4],0.0
cons[火电机组分段中标量约束_28_17_5],0.0
cons[火电机组分段中标量约束_28_17_6],0.0
cons[火电机组分段中标量约束_28_17_7],0.0
cons[火电机组分段中标量约束_28_17_8],0.0
cons[火电机组分段中标量约束_28_17_9],0.0
cons[火电机组出力之和约束_28_17],0.0
cons[火电机组分段中标量约束_28_18_0],0.0
cons[火电机组分段中标量约束_28_18_1],0.0
cons[火电机组分段中标量约束_28_18_2],0.0
cons[火电机组分段中标量约束_28_18_3],0.0
cons[火电机组分段中标量约束_28_18_4],0.0
cons[火电机组分段中标量约束_28_18_5],0.0
cons[火电机组分段中标量约束_28_18_6],0.0
cons[火电机组分段中标量约束_28_18_7],0.0
cons[火电机组分段中标量约束_28_18_8],0.0
cons[火电机组分段中标量约束_28_18_9],0.0
cons[火电机组出力之和约束_28_18],0.0
cons[火电机组分段中标量约束_28_19_0],0.0
cons[火电机组分段中标量约束_28_19_1],0.0
cons[火电机组分段中标量约束_28_19_2],0.0
cons[火电机组分段中标量约束_28_19_3],0.0
cons[火电机组分段中标量约束_28_19_4],0.0
cons[火电机组分段中标量约束_28_19_5],0.0
cons[火电机组分段中标量约束_28_19_6],0.0
cons[火电机组分段中标量约束_28_19_7],0.0
cons[火电机组分段中标量约束_28_19_8],0.0
cons[火电机组分段中标量约束_28_19_9],0.0
cons[火电机组出力之和约束_28_19],0.0
cons[火电机组分段中标量约束_28_20_0],0.0
cons[火电机组分段中标量约束_28_20_1],0.0
cons[火电机组分段中标量约束_28_20_2],0.0
cons[火电机组分段中标量约束_28_20_3],0.0
cons[火电机组分段中标量约束_28_20_4],0.0
cons[火电机组分段中标量约束_28_20_5],0.0
cons[火电机组分段中标量约束_28_20_6],0.0
cons[火电机组分段中标量约束_28_20_7],0.0
cons[火电机组分段中标量约束_28_20_8],0.0
cons[火电机组分段中标量约束_28_20_9],0.0
cons[火电机组出力之和约束_28_20],0.0
cons[火电机组分段中标量约束_28_21_0],0.0
cons[火电机组分段中标量约束_28_21_1],0.0
cons[火电机组分段中标量约束_28_21_2],0.0
cons[火电机组分段中标量约束_28_21_3],0.0
cons[火电机组分段中标量约束_28_21_4],0.0
cons[火电机组分段中标量约束_28_21_5],0.0
cons[火电机组分段中标量约束_28_21_6],0.0
cons[火电机组分段中标量约束_28_21_7],0.0
cons[火电机组分段中标量约束_28_21_8],0.0
cons[火电机组分段中标量约束_28_21_9],0.0
cons[火电机组出力之和约束_28_21],0.0
cons[火电机组分段中标量约束_28_22_0],0.0
cons[火电机组分段中标量约束_28_22_1],0.0
cons[火电机组分段中标量约束_28_22_2],0.0
cons[火电机组分段中标量约束_28_22_3],0.0
cons[火电机组分段中标量约束_28_22_4],0.0
cons[火电机组分段中标量约束_28_22_5],0.0
cons[火电机组分段中标量约束_28_22_6],0.0
cons[火电机组分段中标量约束_28_22_7],0.0
cons[火电机组分段中标量约束_28_22_8],0.0
cons[火电机组分段中标量约束_28_22_9],0.0
cons[火电机组出力之和约束_28_22],0.0
cons[火电机组分段中标量约束_28_23_0],0.0
cons[火电机组分段中标量约束_28_23_1],0.0
cons[火电机组分段中标量约束_28_23_2],0.0
cons[火电机组分段中标量约束_28_23_3],0.0
cons[火电机组分段中标量约束_28_23_4],0.0
cons[火电机组分段中标量约束_28_23_5],0.0
cons[火电机组分段中标量约束_28_23_6],0.0
cons[火电机组分段中标量约束_28_23_7],0.0
cons[火电机组分段中标量约束_28_23_8],0.0
cons[火电机组分段中标量约束_28_23_9],0.0
cons[火电机组出力之和约束_28_23],0.0
cons[火电机组分段中标量约束_28_24_0],0.0
cons[火电机组分段中标量约束_28_24_1],0.0
cons[火电机组分段中标量约束_28_24_2],0.0
cons[火电机组分段中标量约束_28_24_3],0.0
cons[火电机组分段中标量约束_28_24_4],0.0
cons[火电机组分段中标量约束_28_24_5],0.0
cons[火电机组分段中标量约束_28_24_6],0.0
cons[火电机组分段中标量约束_28_24_7],0.0
cons[火电机组分段中标量约束_28_24_8],0.0
cons[火电机组分段中标量约束_28_24_9],0.0
cons[火电机组出力之和约束_28_24],0.0
cons[火电机组分段中标量约束_28_25_0],0.0
cons[火电机组分段中标量约束_28_25_1],0.0
cons[火电机组分段中标量约束_28_25_2],0.0
cons[火电机组分段中标量约束_28_25_3],0.0
cons[火电机组分段中标量约束_28_25_4],0.0
cons[火电机组分段中标量约束_28_25_5],0.0
cons[火电机组分段中标量约束_28_25_6],0.0
cons[火电机组分段中标量约束_28_25_7],0.0
cons[火电机组分段中标量约束_28_25_8],0.0
cons[火电机组分段中标量约束_28_25_9],0.0
cons[火电机组出力之和约束_28_25],0.0
cons[火电机组分段中标量约束_28_26_0],0.0
cons[火电机组分段中标量约束_28_26_1],0.0
cons[火电机组分段中标量约束_28_26_2],0.0
cons[火电机组分段中标量约束_28_26_3],0.0
cons[火电机组分段中标量约束_28_26_4],0.0
cons[火电机组分段中标量约束_28_26_5],0.0
cons[火电机组分段中标量约束_28_26_6],0.0
cons[火电机组分段中标量约束_28_26_7],0.0
cons[火电机组分段中标量约束_28_26_8],0.0
cons[火电机组分段中标量约束_28_26_9],0.0
cons[火电机组出力之和约束_28_26],0.0
cons[火电机组分段中标量约束_28_27_0],0.0
cons[火电机组分段中标量约束_28_27_1],0.0
cons[火电机组分段中标量约束_28_27_2],0.0
cons[火电机组分段中标量约束_28_27_3],0.0
cons[火电机组分段中标量约束_28_27_4],0.0
cons[火电机组分段中标量约束_28_27_5],0.0
cons[火电机组分段中标量约束_28_27_6],0.0
cons[火电机组分段中标量约束_28_27_7],0.0
cons[火电机组分段中标量约束_28_27_8],0.0
cons[火电机组分段中标量约束_28_27_9],0.0
cons[火电机组出力之和约束_28_27],0.0
cons[火电机组分段中标量约束_28_28_0],0.0
cons[火电机组分段中标量约束_28_28_1],0.0
cons[火电机组分段中标量约束_28_28_2],0.0
cons[火电机组分段中标量约束_28_28_3],0.0
cons[火电机组分段中标量约束_28_28_4],0.0
cons[火电机组分段中标量约束_28_28_5],0.0
cons[火电机组分段中标量约束_28_28_6],0.0
cons[火电机组分段中标量约束_28_28_7],0.0
cons[火电机组分段中标量约束_28_28_8],0.0
cons[火电机组分段中标量约束_28_28_9],0.0
cons[火电机组出力之和约束_28_28],0.0
cons[火电机组分段中标量约束_28_29_0],0.0
cons[火电机组分段中标量约束_28_29_1],0.0
cons[火电机组分段中标量约束_28_29_2],0.0
cons[火电机组分段中标量约束_28_29_3],0.0
cons[火电机组分段中标量约束_28_29_4],0.0
cons[火电机组分段中标量约束_28_29_5],0.0
cons[火电机组分段中标量约束_28_29_6],0.0
cons[火电机组分段中标量约束_28_29_7],0.0
cons[火电机组分段中标量约束_28_29_8],0.0
cons[火电机组分段中标量约束_28_29_9],0.0
cons[火电机组出力之和约束_28_29],0.0
cons[火电机组分段中标量约束_28_30_0],0.0
cons[火电机组分段中标量约束_28_30_1],0.0
cons[火电机组分段中标量约束_28_30_2],0.0
cons[火电机组分段中标量约束_28_30_3],0.0
cons[火电机组分段中标量约束_28_30_4],0.0
cons[火电机组分段中标量约束_28_30_5],0.0
cons[火电机组分段中标量约束_28_30_6],0.0
cons[火电机组分段中标量约束_28_30_7],0.0
cons[火电机组分段中标量约束_28_30_8],0.0
cons[火电机组分段中标量约束_28_30_9],0.0
cons[火电机组出力之和约束_28_30],0.0
cons[火电机组分段中标量约束_28_31_0],0.0
cons[火电机组分段中标量约束_28_31_1],0.0
cons[火电机组分段中标量约束_28_31_2],0.0
cons[火电机组分段中标量约束_28_31_3],0.0
cons[火电机组分段中标量约束_28_31_4],0.0
cons[火电机组分段中标量约束_28_31_5],0.0
cons[火电机组分段中标量约束_28_31_6],0.0
cons[火电机组分段中标量约束_28_31_7],0.0
cons[火电机组分段中标量约束_28_31_8],0.0
cons[火电机组分段中标量约束_28_31_9],0.0
cons[火电机组出力之和约束_28_31],0.0
cons[火电机组分段中标量约束_28_32_0],0.0
cons[火电机组分段中标量约束_28_32_1],0.0
cons[火电机组分段中标量约束_28_32_2],0.0
cons[火电机组分段中标量约束_28_32_3],0.0
cons[火电机组分段中标量约束_28_32_4],0.0
cons[火电机组分段中标量约束_28_32_5],0.0
cons[火电机组分段中标量约束_28_32_6],0.0
cons[火电机组分段中标量约束_28_32_7],0.0
cons[火电机组分段中标量约束_28_32_8],0.0
cons[火电机组分段中标量约束_28_32_9],0.0
cons[火电机组出力之和约束_28_32],0.0
cons[火电机组分段中标量约束_28_33_0],0.0
cons[火电机组分段中标量约束_28_33_1],0.0
cons[火电机组分段中标量约束_28_33_2],0.0
cons[火电机组分段中标量约束_28_33_3],0.0
cons[火电机组分段中标量约束_28_33_4],0.0
cons[火电机组分段中标量约束_28_33_5],0.0
cons[火电机组分段中标量约束_28_33_6],0.0
cons[火电机组分段中标量约束_28_33_7],0.0
cons[火电机组分段中标量约束_28_33_8],0.0
cons[火电机组分段中标量约束_28_33_9],0.0
cons[火电机组出力之和约束_28_33],0.0
cons[火电机组分段中标量约束_28_34_0],0.0
cons[火电机组分段中标量约束_28_34_1],0.0
cons[火电机组分段中标量约束_28_34_2],0.0
cons[火电机组分段中标量约束_28_34_3],0.0
cons[火电机组分段中标量约束_28_34_4],0.0
cons[火电机组分段中标量约束_28_34_5],0.0
cons[火电机组分段中标量约束_28_34_6],0.0
cons[火电机组分段中标量约束_28_34_7],0.0
cons[火电机组分段中标量约束_28_34_8],0.0
cons[火电机组分段中标量约束_28_34_9],0.0
cons[火电机组出力之和约束_28_34],0.0
cons[火电机组分段中标量约束_28_35_0],0.0
cons[火电机组分段中标量约束_28_35_1],0.0
cons[火电机组分段中标量约束_28_35_2],0.0
cons[火电机组分段中标量约束_28_35_3],0.0
cons[火电机组分段中标量约束_28_35_4],0.0
cons[火电机组分段中标量约束_28_35_5],0.0
cons[火电机组分段中标量约束_28_35_6],0.0
cons[火电机组分段中标量约束_28_35_7],0.0
cons[火电机组分段中标量约束_28_35_8],0.0
cons[火电机组分段中标量约束_28_35_9],0.0
cons[火电机组出力之和约束_28_35],0.0
cons[火电机组分段中标量约束_28_36_0],0.0
cons[火电机组分段中标量约束_28_36_1],0.0
cons[火电机组分段中标量约束_28_36_2],0.0
cons[火电机组分段中标量约束_28_36_3],0.0
cons[火电机组分段中标量约束_28_36_4],0.0
cons[火电机组分段中标量约束_28_36_5],0.0
cons[火电机组分段中标量约束_28_36_6],0.0
cons[火电机组分段中标量约束_28_36_7],0.0
cons[火电机组分段中标量约束_28_36_8],0.0
cons[火电机组分段中标量约束_28_36_9],0.0
cons[火电机组出力之和约束_28_36],0.0
cons[火电机组分段中标量约束_28_37_0],0.0
cons[火电机组分段中标量约束_28_37_1],0.0
cons[火电机组分段中标量约束_28_37_2],0.0
cons[火电机组分段中标量约束_28_37_3],0.0
cons[火电机组分段中标量约束_28_37_4],0.0
cons[火电机组分段中标量约束_28_37_5],0.0
cons[火电机组分段中标量约束_28_37_6],0.0
cons[火电机组分段中标量约束_28_37_7],0.0
cons[火电机组分段中标量约束_28_37_8],0.0
cons[火电机组分段中标量约束_28_37_9],0.0
cons[火电机组出力之和约束_28_37],0.0
cons[火电机组分段中标量约束_28_38_0],0.0
cons[火电机组分段中标量约束_28_38_1],0.0
cons[火电机组分段中标量约束_28_38_2],0.0
cons[火电机组分段中标量约束_28_38_3],0.0
cons[火电机组分段中标量约束_28_38_4],0.0
cons[火电机组分段中标量约束_28_38_5],0.0
cons[火电机组分段中标量约束_28_38_6],0.0
cons[火电机组分段中标量约束_28_38_7],0.0
cons[火电机组分段中标量约束_28_38_8],0.0
cons[火电机组分段中标量约束_28_38_9],0.0
cons[火电机组出力之和约束_28_38],0.0
cons[火电机组分段中标量约束_28_39_0],0.0
cons[火电机组分段中标量约束_28_39_1],0.0
cons[火电机组分段中标量约束_28_39_2],0.0
cons[火电机组分段中标量约束_28_39_3],0.0
cons[火电机组分段中标量约束_28_39_4],0.0
cons[火电机组分段中标量约束_28_39_5],0.0
cons[火电机组分段中标量约束_28_39_6],0.0
cons[火电机组分段中标量约束_28_39_7],0.0
cons[火电机组分段中标量约束_28_39_8],0.0
cons[火电机组分段中标量约束_28_39_9],0.0
cons[火电机组出力之和约束_28_39],0.0
cons[火电机组分段中标量约束_28_40_0],0.0
cons[火电机组分段中标量约束_28_40_1],0.0
cons[火电机组分段中标量约束_28_40_2],0.0
cons[火电机组分段中标量约束_28_40_3],0.0
cons[火电机组分段中标量约束_28_40_4],0.0
cons[火电机组分段中标量约束_28_40_5],0.0
cons[火电机组分段中标量约束_28_40_6],0.0
cons[火电机组分段中标量约束_28_40_7],0.0
cons[火电机组分段中标量约束_28_40_8],0.0
cons[火电机组分段中标量约束_28_40_9],0.0
cons[火电机组出力之和约束_28_40],0.0
cons[火电机组分段中标量约束_28_41_0],0.0
cons[火电机组分段中标量约束_28_41_1],0.0
cons[火电机组分段中标量约束_28_41_2],0.0
cons[火电机组分段中标量约束_28_41_3],0.0
cons[火电机组分段中标量约束_28_41_4],0.0
cons[火电机组分段中标量约束_28_41_5],0.0
cons[火电机组分段中标量约束_28_41_6],0.0
cons[火电机组分段中标量约束_28_41_7],0.0
cons[火电机组分段中标量约束_28_41_8],0.0
cons[火电机组分段中标量约束_28_41_9],0.0
cons[火电机组出力之和约束_28_41],0.0
cons[火电机组分段中标量约束_28_42_0],0.0
cons[火电机组分段中标量约束_28_42_1],0.0
cons[火电机组分段中标量约束_28_42_2],0.0
cons[火电机组分段中标量约束_28_42_3],0.0
cons[火电机组分段中标量约束_28_42_4],0.0
cons[火电机组分段中标量约束_28_42_5],0.0
cons[火电机组分段中标量约束_28_42_6],0.0
cons[火电机组分段中标量约束_28_42_7],0.0
cons[火电机组分段中标量约束_28_42_8],0.0
cons[火电机组分段中标量约束_28_42_9],0.0
cons[火电机组出力之和约束_28_42],0.0
cons[火电机组分段中标量约束_28_43_0],0.0
cons[火电机组分段中标量约束_28_43_1],0.0
cons[火电机组分段中标量约束_28_43_2],0.0
cons[火电机组分段中标量约束_28_43_3],0.0
cons[火电机组分段中标量约束_28_43_4],0.0
cons[火电机组分段中标量约束_28_43_5],0.0
cons[火电机组分段中标量约束_28_43_6],0.0
cons[火电机组分段中标量约束_28_43_7],0.0
cons[火电机组分段中标量约束_28_43_8],0.0
cons[火电机组分段中标量约束_28_43_9],0.0
cons[火电机组出力之和约束_28_43],0.0
cons[火电机组分段中标量约束_28_44_0],0.0
cons[火电机组分段中标量约束_28_44_1],0.0
cons[火电机组分段中标量约束_28_44_2],0.0
cons[火电机组分段中标量约束_28_44_3],0.0
cons[火电机组分段中标量约束_28_44_4],0.0
cons[火电机组分段中标量约束_28_44_5],0.0
cons[火电机组分段中标量约束_28_44_6],0.0
cons[火电机组分段中标量约束_28_44_7],0.0
cons[火电机组分段中标量约束_28_44_8],0.0
cons[火电机组分段中标量约束_28_44_9],0.0
cons[火电机组出力之和约束_28_44],0.0
cons[火电机组分段中标量约束_28_45_0],0.0
cons[火电机组分段中标量约束_28_45_1],0.0
cons[火电机组分段中标量约束_28_45_2],0.0
cons[火电机组分段中标量约束_28_45_3],0.0
cons[火电机组分段中标量约束_28_45_4],0.0
cons[火电机组分段中标量约束_28_45_5],0.0
cons[火电机组分段中标量约束_28_45_6],0.0
cons[火电机组分段中标量约束_28_45_7],0.0
cons[火电机组分段中标量约束_28_45_8],0.0
cons[火电机组分段中标量约束_28_45_9],0.0
cons[火电机组出力之和约束_28_45],0.0
cons[火电机组分段中标量约束_28_46_0],0.0
cons[火电机组分段中标量约束_28_46_1],0.0
cons[火电机组分段中标量约束_28_46_2],0.0
cons[火电机组分段中标量约束_28_46_3],0.0
cons[火电机组分段中标量约束_28_46_4],0.0
cons[火电机组分段中标量约束_28_46_5],0.0
cons[火电机组分段中标量约束_28_46_6],0.0
cons[火电机组分段中标量约束_28_46_7],0.0
cons[火电机组分段中标量约束_28_46_8],0.0
cons[火电机组分段中标量约束_28_46_9],0.0
cons[火电机组出力之和约束_28_46],0.0
cons[火电机组分段中标量约束_28_47_0],0.0
cons[火电机组分段中标量约束_28_47_1],0.0
cons[火电机组分段中标量约束_28_47_2],0.0
cons[火电机组分段中标量约束_28_47_3],0.0
cons[火电机组分段中标量约束_28_47_4],0.0
cons[火电机组分段中标量约束_28_47_5],0.0
cons[火电机组分段中标量约束_28_47_6],0.0
cons[火电机组分段中标量约束_28_47_7],0.0
cons[火电机组分段中标量约束_28_47_8],0.0
cons[火电机组分段中标量约束_28_47_9],0.0
cons[火电机组出力之和约束_28_47],0.0
cons[火电机组分段中标量约束_28_48_0],0.0
cons[火电机组分段中标量约束_28_48_1],0.0
cons[火电机组分段中标量约束_28_48_2],0.0
cons[火电机组分段中标量约束_28_48_3],0.0
cons[火电机组分段中标量约束_28_48_4],0.0
cons[火电机组分段中标量约束_28_48_5],0.0
cons[火电机组分段中标量约束_28_48_6],0.0
cons[火电机组分段中标量约束_28_48_7],0.0
cons[火电机组分段中标量约束_28_48_8],0.0
cons[火电机组分段中标量约束_28_48_9],0.0
cons[火电机组出力之和约束_28_48],0.0
cons[火电机组分段中标量约束_28_49_0],0.0
cons[火电机组分段中标量约束_28_49_1],0.0
cons[火电机组分段中标量约束_28_49_2],0.0
cons[火电机组分段中标量约束_28_49_3],0.0
cons[火电机组分段中标量约束_28_49_4],0.0
cons[火电机组分段中标量约束_28_49_5],0.0
cons[火电机组分段中标量约束_28_49_6],0.0
cons[火电机组分段中标量约束_28_49_7],0.0
cons[火电机组分段中标量约束_28_49_8],0.0
cons[火电机组分段中标量约束_28_49_9],0.0
cons[火电机组出力之和约束_28_49],0.0
cons[火电机组分段中标量约束_28_50_0],0.0
cons[火电机组分段中标量约束_28_50_1],0.0
cons[火电机组分段中标量约束_28_50_2],0.0
cons[火电机组分段中标量约束_28_50_3],0.0
cons[火电机组分段中标量约束_28_50_4],0.0
cons[火电机组分段中标量约束_28_50_5],0.0
cons[火电机组分段中标量约束_28_50_6],0.0
cons[火电机组分段中标量约束_28_50_7],0.0
cons[火电机组分段中标量约束_28_50_8],0.0
cons[火电机组分段中标量约束_28_50_9],0.0
cons[火电机组出力之和约束_28_50],0.0
cons[火电机组分段中标量约束_28_51_0],0.0
cons[火电机组分段中标量约束_28_51_1],0.0
cons[火电机组分段中标量约束_28_51_2],0.0
cons[火电机组分段中标量约束_28_51_3],0.0
cons[火电机组分段中标量约束_28_51_4],0.0
cons[火电机组分段中标量约束_28_51_5],0.0
cons[火电机组分段中标量约束_28_51_6],0.0
cons[火电机组分段中标量约束_28_51_7],0.0
cons[火电机组分段中标量约束_28_51_8],0.0
cons[火电机组分段中标量约束_28_51_9],0.0
cons[火电机组出力之和约束_28_51],0.0
cons[火电机组分段中标量约束_28_52_0],0.0
cons[火电机组分段中标量约束_28_52_1],0.0
cons[火电机组分段中标量约束_28_52_2],0.0
cons[火电机组分段中标量约束_28_52_3],0.0
cons[火电机组分段中标量约束_28_52_4],0.0
cons[火电机组分段中标量约束_28_52_5],0.0
cons[火电机组分段中标量约束_28_52_6],0.0
cons[火电机组分段中标量约束_28_52_7],0.0
cons[火电机组分段中标量约束_28_52_8],0.0
cons[火电机组分段中标量约束_28_52_9],0.0
cons[火电机组出力之和约束_28_52],0.0
cons[火电机组分段中标量约束_28_53_0],0.0
cons[火电机组分段中标量约束_28_53_1],0.0
cons[火电机组分段中标量约束_28_53_2],0.0
cons[火电机组分段中标量约束_28_53_3],0.0
cons[火电机组分段中标量约束_28_53_4],0.0
cons[火电机组分段中标量约束_28_53_5],0.0
cons[火电机组分段中标量约束_28_53_6],0.0
cons[火电机组分段中标量约束_28_53_7],0.0
cons[火电机组分段中标量约束_28_53_8],0.0
cons[火电机组分段中标量约束_28_53_9],0.0
cons[火电机组出力之和约束_28_53],0.0
cons[火电机组分段中标量约束_28_54_0],0.0
cons[火电机组分段中标量约束_28_54_1],0.0
cons[火电机组分段中标量约束_28_54_2],0.0
cons[火电机组分段中标量约束_28_54_3],0.0
cons[火电机组分段中标量约束_28_54_4],0.0
cons[火电机组分段中标量约束_28_54_5],0.0
cons[火电机组分段中标量约束_28_54_6],0.0
cons[火电机组分段中标量约束_28_54_7],0.0
cons[火电机组分段中标量约束_28_54_8],0.0
cons[火电机组分段中标量约束_28_54_9],0.0
cons[火电机组出力之和约束_28_54],0.0
cons[火电机组分段中标量约束_28_55_0],0.0
cons[火电机组分段中标量约束_28_55_1],0.0
cons[火电机组分段中标量约束_28_55_2],0.0
cons[火电机组分段中标量约束_28_55_3],0.0
cons[火电机组分段中标量约束_28_55_4],0.0
cons[火电机组分段中标量约束_28_55_5],0.0
cons[火电机组分段中标量约束_28_55_6],0.0
cons[火电机组分段中标量约束_28_55_7],0.0
cons[火电机组分段中标量约束_28_55_8],0.0
cons[火电机组分段中标量约束_28_55_9],0.0
cons[火电机组出力之和约束_28_55],0.0
cons[火电机组分段中标量约束_28_56_0],0.0
cons[火电机组分段中标量约束_28_56_1],0.0
cons[火电机组分段中标量约束_28_56_2],0.0
cons[火电机组分段中标量约束_28_56_3],0.0
cons[火电机组分段中标量约束_28_56_4],0.0
cons[火电机组分段中标量约束_28_56_5],0.0
cons[火电机组分段中标量约束_28_56_6],0.0
cons[火电机组分段中标量约束_28_56_7],0.0
cons[火电机组分段中标量约束_28_56_8],0.0
cons[火电机组分段中标量约束_28_56_9],0.0
cons[火电机组出力之和约束_28_56],0.0
cons[火电机组分段中标量约束_28_57_0],0.0
cons[火电机组分段中标量约束_28_57_1],0.0
cons[火电机组分段中标量约束_28_57_2],0.0
cons[火电机组分段中标量约束_28_57_3],0.0
cons[火电机组分段中标量约束_28_57_4],0.0
cons[火电机组分段中标量约束_28_57_5],0.0
cons[火电机组分段中标量约束_28_57_6],0.0
cons[火电机组分段中标量约束_28_57_7],0.0
cons[火电机组分段中标量约束_28_57_8],0.0
cons[火电机组分段中标量约束_28_57_9],0.0
cons[火电机组出力之和约束_28_57],0.0
cons[火电机组分段中标量约束_28_58_0],0.0
cons[火电机组分段中标量约束_28_58_1],0.0
cons[火电机组分段中标量约束_28_58_2],0.0
cons[火电机组分段中标量约束_28_58_3],0.0
cons[火电机组分段中标量约束_28_58_4],0.0
cons[火电机组分段中标量约束_28_58_5],0.0
cons[火电机组分段中标量约束_28_58_6],0.0
cons[火电机组分段中标量约束_28_58_7],0.0
cons[火电机组分段中标量约束_28_58_8],0.0
cons[火电机组分段中标量约束_28_58_9],0.0
cons[火电机组出力之和约束_28_58],0.0
cons[火电机组分段中标量约束_28_59_0],0.0
cons[火电机组分段中标量约束_28_59_1],0.0
cons[火电机组分段中标量约束_28_59_2],0.0
cons[火电机组分段中标量约束_28_59_3],0.0
cons[火电机组分段中标量约束_28_59_4],0.0
cons[火电机组分段中标量约束_28_59_5],0.0
cons[火电机组分段中标量约束_28_59_6],0.0
cons[火电机组分段中标量约束_28_59_7],0.0
cons[火电机组分段中标量约束_28_59_8],0.0
cons[火电机组分段中标量约束_28_59_9],0.0
cons[火电机组出力之和约束_28_59],0.0
cons[火电机组分段中标量约束_28_60_0],0.0
cons[火电机组分段中标量约束_28_60_1],0.0
cons[火电机组分段中标量约束_28_60_2],0.0
cons[火电机组分段中标量约束_28_60_3],0.0
cons[火电机组分段中标量约束_28_60_4],0.0
cons[火电机组分段中标量约束_28_60_5],0.0
cons[火电机组分段中标量约束_28_60_6],0.0
cons[火电机组分段中标量约束_28_60_7],0.0
cons[火电机组分段中标量约束_28_60_8],0.0
cons[火电机组分段中标量约束_28_60_9],0.0
cons[火电机组出力之和约束_28_60],0.0
cons[火电机组分段中标量约束_28_61_0],0.0
cons[火电机组分段中标量约束_28_61_1],0.0
cons[火电机组分段中标量约束_28_61_2],0.0
cons[火电机组分段中标量约束_28_61_3],0.0
cons[火电机组分段中标量约束_28_61_4],0.0
cons[火电机组分段中标量约束_28_61_5],0.0
cons[火电机组分段中标量约束_28_61_6],0.0
cons[火电机组分段中标量约束_28_61_7],0.0
cons[火电机组分段中标量约束_28_61_8],0.0
cons[火电机组分段中标量约束_28_61_9],0.0
cons[火电机组出力之和约束_28_61],0.0
cons[火电机组分段中标量约束_28_62_0],0.0
cons[火电机组分段中标量约束_28_62_1],0.0
cons[火电机组分段中标量约束_28_62_2],0.0
cons[火电机组分段中标量约束_28_62_3],0.0
cons[火电机组分段中标量约束_28_62_4],0.0
cons[火电机组分段中标量约束_28_62_5],0.0
cons[火电机组分段中标量约束_28_62_6],0.0
cons[火电机组分段中标量约束_28_62_7],0.0
cons[火电机组分段中标量约束_28_62_8],0.0
cons[火电机组分段中标量约束_28_62_9],0.0
cons[火电机组出力之和约束_28_62],0.0
cons[火电机组分段中标量约束_28_63_0],0.0
cons[火电机组分段中标量约束_28_63_1],0.0
cons[火电机组分段中标量约束_28_63_2],0.0
cons[火电机组分段中标量约束_28_63_3],0.0
cons[火电机组分段中标量约束_28_63_4],0.0
cons[火电机组分段中标量约束_28_63_5],0.0
cons[火电机组分段中标量约束_28_63_6],0.0
cons[火电机组分段中标量约束_28_63_7],0.0
cons[火电机组分段中标量约束_28_63_8],0.0
cons[火电机组分段中标量约束_28_63_9],0.0
cons[火电机组出力之和约束_28_63],0.0
cons[火电机组分段中标量约束_28_64_0],0.0
cons[火电机组分段中标量约束_28_64_1],0.0
cons[火电机组分段中标量约束_28_64_2],0.0
cons[火电机组分段中标量约束_28_64_3],0.0
cons[火电机组分段中标量约束_28_64_4],0.0
cons[火电机组分段中标量约束_28_64_5],0.0
cons[火电机组分段中标量约束_28_64_6],0.0
cons[火电机组分段中标量约束_28_64_7],0.0
cons[火电机组分段中标量约束_28_64_8],0.0
cons[火电机组分段中标量约束_28_64_9],0.0
cons[火电机组出力之和约束_28_64],0.0
cons[火电机组分段中标量约束_28_65_0],0.0
cons[火电机组分段中标量约束_28_65_1],0.0
cons[火电机组分段中标量约束_28_65_2],0.0
cons[火电机组分段中标量约束_28_65_3],0.0
cons[火电机组分段中标量约束_28_65_4],0.0
cons[火电机组分段中标量约束_28_65_5],0.0
cons[火电机组分段中标量约束_28_65_6],0.0
cons[火电机组分段中标量约束_28_65_7],0.0
cons[火电机组分段中标量约束_28_65_8],0.0
cons[火电机组分段中标量约束_28_65_9],0.0
cons[火电机组出力之和约束_28_65],0.0
cons[火电机组分段中标量约束_28_66_0],0.0
cons[火电机组分段中标量约束_28_66_1],0.0
cons[火电机组分段中标量约束_28_66_2],0.0
cons[火电机组分段中标量约束_28_66_3],0.0
cons[火电机组分段中标量约束_28_66_4],0.0
cons[火电机组分段中标量约束_28_66_5],0.0
cons[火电机组分段中标量约束_28_66_6],0.0
cons[火电机组分段中标量约束_28_66_7],0.0
cons[火电机组分段中标量约束_28_66_8],0.0
cons[火电机组分段中标量约束_28_66_9],0.0
cons[火电机组出力之和约束_28_66],0.0
cons[火电机组分段中标量约束_28_67_0],0.0
cons[火电机组分段中标量约束_28_67_1],0.0
cons[火电机组分段中标量约束_28_67_2],0.0
cons[火电机组分段中标量约束_28_67_3],0.0
cons[火电机组分段中标量约束_28_67_4],0.0
cons[火电机组分段中标量约束_28_67_5],0.0
cons[火电机组分段中标量约束_28_67_6],0.0
cons[火电机组分段中标量约束_28_67_7],0.0
cons[火电机组分段中标量约束_28_67_8],0.0
cons[火电机组分段中标量约束_28_67_9],0.0
cons[火电机组出力之和约束_28_67],0.0
cons[火电机组分段中标量约束_28_68_0],0.0
cons[火电机组分段中标量约束_28_68_1],0.0
cons[火电机组分段中标量约束_28_68_2],0.0
cons[火电机组分段中标量约束_28_68_3],0.0
cons[火电机组分段中标量约束_28_68_4],0.0
cons[火电机组分段中标量约束_28_68_5],0.0
cons[火电机组分段中标量约束_28_68_6],0.0
cons[火电机组分段中标量约束_28_68_7],0.0
cons[火电机组分段中标量约束_28_68_8],0.0
cons[火电机组分段中标量约束_28_68_9],0.0
cons[火电机组出力之和约束_28_68],0.0
cons[火电机组分段中标量约束_28_69_0],0.0
cons[火电机组分段中标量约束_28_69_1],0.0
cons[火电机组分段中标量约束_28_69_2],0.0
cons[火电机组分段中标量约束_28_69_3],0.0
cons[火电机组分段中标量约束_28_69_4],0.0
cons[火电机组分段中标量约束_28_69_5],0.0
cons[火电机组分段中标量约束_28_69_6],0.0
cons[火电机组分段中标量约束_28_69_7],0.0
cons[火电机组分段中标量约束_28_69_8],0.0
cons[火电机组分段中标量约束_28_69_9],0.0
cons[火电机组出力之和约束_28_69],0.0
cons[火电机组分段中标量约束_28_70_0],0.0
cons[火电机组分段中标量约束_28_70_1],0.0
cons[火电机组分段中标量约束_28_70_2],0.0
cons[火电机组分段中标量约束_28_70_3],0.0
cons[火电机组分段中标量约束_28_70_4],0.0
cons[火电机组分段中标量约束_28_70_5],0.0
cons[火电机组分段中标量约束_28_70_6],0.0
cons[火电机组分段中标量约束_28_70_7],0.0
cons[火电机组分段中标量约束_28_70_8],0.0
cons[火电机组分段中标量约束_28_70_9],0.0
cons[火电机组出力之和约束_28_70],0.0
cons[火电机组分段中标量约束_28_71_0],0.0
cons[火电机组分段中标量约束_28_71_1],0.0
cons[火电机组分段中标量约束_28_71_2],0.0
cons[火电机组分段中标量约束_28_71_3],0.0
cons[火电机组分段中标量约束_28_71_4],0.0
cons[火电机组分段中标量约束_28_71_5],0.0
cons[火电机组分段中标量约束_28_71_6],0.0
cons[火电机组分段中标量约束_28_71_7],0.0
cons[火电机组分段中标量约束_28_71_8],0.0
cons[火电机组分段中标量约束_28_71_9],0.0
cons[火电机组出力之和约束_28_71],0.0
cons[火电机组分段中标量约束_28_72_0],0.0
cons[火电机组分段中标量约束_28_72_1],0.0
cons[火电机组分段中标量约束_28_72_2],0.0
cons[火电机组分段中标量约束_28_72_3],0.0
cons[火电机组分段中标量约束_28_72_4],0.0
cons[火电机组分段中标量约束_28_72_5],0.0
cons[火电机组分段中标量约束_28_72_6],0.0
cons[火电机组分段中标量约束_28_72_7],0.0
cons[火电机组分段中标量约束_28_72_8],0.0
cons[火电机组分段中标量约束_28_72_9],0.0
cons[火电机组出力之和约束_28_72],0.0
cons[火电机组分段中标量约束_28_73_0],0.0
cons[火电机组分段中标量约束_28_73_1],0.0
cons[火电机组分段中标量约束_28_73_2],0.0
cons[火电机组分段中标量约束_28_73_3],0.0
cons[火电机组分段中标量约束_28_73_4],0.0
cons[火电机组分段中标量约束_28_73_5],0.0
cons[火电机组分段中标量约束_28_73_6],0.0
cons[火电机组分段中标量约束_28_73_7],0.0
cons[火电机组分段中标量约束_28_73_8],0.0
cons[火电机组分段中标量约束_28_73_9],0.0
cons[火电机组出力之和约束_28_73],0.0
cons[火电机组分段中标量约束_28_74_0],0.0
cons[火电机组分段中标量约束_28_74_1],0.0
cons[火电机组分段中标量约束_28_74_2],0.0
cons[火电机组分段中标量约束_28_74_3],0.0
cons[火电机组分段中标量约束_28_74_4],0.0
cons[火电机组分段中标量约束_28_74_5],0.0
cons[火电机组分段中标量约束_28_74_6],0.0
cons[火电机组分段中标量约束_28_74_7],0.0
cons[火电机组分段中标量约束_28_74_8],0.0
cons[火电机组分段中标量约束_28_74_9],0.0
cons[火电机组出力之和约束_28_74],0.0
cons[火电机组分段中标量约束_28_75_0],0.0
cons[火电机组分段中标量约束_28_75_1],0.0
cons[火电机组分段中标量约束_28_75_2],0.0
cons[火电机组分段中标量约束_28_75_3],0.0
cons[火电机组分段中标量约束_28_75_4],0.0
cons[火电机组分段中标量约束_28_75_5],0.0
cons[火电机组分段中标量约束_28_75_6],0.0
cons[火电机组分段中标量约束_28_75_7],0.0
cons[火电机组分段中标量约束_28_75_8],0.0
cons[火电机组分段中标量约束_28_75_9],0.0
cons[火电机组出力之和约束_28_75],0.0
cons[火电机组分段中标量约束_28_76_0],0.0
cons[火电机组分段中标量约束_28_76_1],0.0
cons[火电机组分段中标量约束_28_76_2],0.0
cons[火电机组分段中标量约束_28_76_3],0.0
cons[火电机组分段中标量约束_28_76_4],0.0
cons[火电机组分段中标量约束_28_76_5],0.0
cons[火电机组分段中标量约束_28_76_6],0.0
cons[火电机组分段中标量约束_28_76_7],0.0
cons[火电机组分段中标量约束_28_76_8],0.0
cons[火电机组分段中标量约束_28_76_9],0.0
cons[火电机组出力之和约束_28_76],0.0
cons[火电机组分段中标量约束_28_77_0],0.0
cons[火电机组分段中标量约束_28_77_1],0.0
cons[火电机组分段中标量约束_28_77_2],0.0
cons[火电机组分段中标量约束_28_77_3],0.0
cons[火电机组分段中标量约束_28_77_4],0.0
cons[火电机组分段中标量约束_28_77_5],0.0
cons[火电机组分段中标量约束_28_77_6],0.0
cons[火电机组分段中标量约束_28_77_7],0.0
cons[火电机组分段中标量约束_28_77_8],0.0
cons[火电机组分段中标量约束_28_77_9],0.0
cons[火电机组出力之和约束_28_77],0.0
cons[火电机组分段中标量约束_28_78_0],0.0
cons[火电机组分段中标量约束_28_78_1],0.0
cons[火电机组分段中标量约束_28_78_2],0.0
cons[火电机组分段中标量约束_28_78_3],0.0
cons[火电机组分段中标量约束_28_78_4],0.0
cons[火电机组分段中标量约束_28_78_5],0.0
cons[火电机组分段中标量约束_28_78_6],0.0
cons[火电机组分段中标量约束_28_78_7],0.0
cons[火电机组分段中标量约束_28_78_8],0.0
cons[火电机组分段中标量约束_28_78_9],0.0
cons[火电机组出力之和约束_28_78],0.0
cons[火电机组分段中标量约束_28_79_0],0.0
cons[火电机组分段中标量约束_28_79_1],0.0
cons[火电机组分段中标量约束_28_79_2],0.0
cons[火电机组分段中标量约束_28_79_3],0.0
cons[火电机组分段中标量约束_28_79_4],0.0
cons[火电机组分段中标量约束_28_79_5],0.0
cons[火电机组分段中标量约束_28_79_6],0.0
cons[火电机组分段中标量约束_28_79_7],0.0
cons[火电机组分段中标量约束_28_79_8],0.0
cons[火电机组分段中标量约束_28_79_9],0.0
cons[火电机组出力之和约束_28_79],0.0
cons[火电机组分段中标量约束_28_80_0],0.0
cons[火电机组分段中标量约束_28_80_1],0.0
cons[火电机组分段中标量约束_28_80_2],0.0
cons[火电机组分段中标量约束_28_80_3],0.0
cons[火电机组分段中标量约束_28_80_4],0.0
cons[火电机组分段中标量约束_28_80_5],0.0
cons[火电机组分段中标量约束_28_80_6],0.0
cons[火电机组分段中标量约束_28_80_7],0.0
cons[火电机组分段中标量约束_28_80_8],0.0
cons[火电机组分段中标量约束_28_80_9],0.0
cons[火电机组出力之和约束_28_80],0.0
cons[火电机组分段中标量约束_28_81_0],0.0
cons[火电机组分段中标量约束_28_81_1],0.0
cons[火电机组分段中标量约束_28_81_2],0.0
cons[火电机组分段中标量约束_28_81_3],0.0
cons[火电机组分段中标量约束_28_81_4],0.0
cons[火电机组分段中标量约束_28_81_5],0.0
cons[火电机组分段中标量约束_28_81_6],0.0
cons[火电机组分段中标量约束_28_81_7],0.0
cons[火电机组分段中标量约束_28_81_8],0.0
cons[火电机组分段中标量约束_28_81_9],0.0
cons[火电机组出力之和约束_28_81],0.0
cons[火电机组分段中标量约束_28_82_0],0.0
cons[火电机组分段中标量约束_28_82_1],0.0
cons[火电机组分段中标量约束_28_82_2],0.0
cons[火电机组分段中标量约束_28_82_3],0.0
cons[火电机组分段中标量约束_28_82_4],0.0
cons[火电机组分段中标量约束_28_82_5],0.0
cons[火电机组分段中标量约束_28_82_6],0.0
cons[火电机组分段中标量约束_28_82_7],0.0
cons[火电机组分段中标量约束_28_82_8],0.0
cons[火电机组分段中标量约束_28_82_9],0.0
cons[火电机组出力之和约束_28_82],0.0
cons[火电机组分段中标量约束_28_83_0],0.0
cons[火电机组分段中标量约束_28_83_1],0.0
cons[火电机组分段中标量约束_28_83_2],0.0
cons[火电机组分段中标量约束_28_83_3],0.0
cons[火电机组分段中标量约束_28_83_4],0.0
cons[火电机组分段中标量约束_28_83_5],0.0
cons[火电机组分段中标量约束_28_83_6],0.0
cons[火电机组分段中标量约束_28_83_7],0.0
cons[火电机组分段中标量约束_28_83_8],0.0
cons[火电机组分段中标量约束_28_83_9],0.0
cons[火电机组出力之和约束_28_83],0.0
cons[火电机组分段中标量约束_28_84_0],0.0
cons[火电机组分段中标量约束_28_84_1],0.0
cons[火电机组分段中标量约束_28_84_2],0.0
cons[火电机组分段中标量约束_28_84_3],0.0
cons[火电机组分段中标量约束_28_84_4],0.0
cons[火电机组分段中标量约束_28_84_5],0.0
cons[火电机组分段中标量约束_28_84_6],0.0
cons[火电机组分段中标量约束_28_84_7],0.0
cons[火电机组分段中标量约束_28_84_8],0.0
cons[火电机组分段中标量约束_28_84_9],0.0
cons[火电机组出力之和约束_28_84],0.0
cons[火电机组分段中标量约束_28_85_0],0.0
cons[火电机组分段中标量约束_28_85_1],0.0
cons[火电机组分段中标量约束_28_85_2],0.0
cons[火电机组分段中标量约束_28_85_3],0.0
cons[火电机组分段中标量约束_28_85_4],0.0
cons[火电机组分段中标量约束_28_85_5],0.0
cons[火电机组分段中标量约束_28_85_6],0.0
cons[火电机组分段中标量约束_28_85_7],0.0
cons[火电机组分段中标量约束_28_85_8],0.0
cons[火电机组分段中标量约束_28_85_9],0.0
cons[火电机组出力之和约束_28_85],0.0
cons[火电机组分段中标量约束_28_86_0],0.0
cons[火电机组分段中标量约束_28_86_1],0.0
cons[火电机组分段中标量约束_28_86_2],0.0
cons[火电机组分段中标量约束_28_86_3],0.0
cons[火电机组分段中标量约束_28_86_4],0.0
cons[火电机组分段中标量约束_28_86_5],0.0
cons[火电机组分段中标量约束_28_86_6],0.0
cons[火电机组分段中标量约束_28_86_7],0.0
cons[火电机组分段中标量约束_28_86_8],0.0
cons[火电机组分段中标量约束_28_86_9],0.0
cons[火电机组出力之和约束_28_86],0.0
cons[火电机组分段中标量约束_28_87_0],0.0
cons[火电机组分段中标量约束_28_87_1],0.0
cons[火电机组分段中标量约束_28_87_2],0.0
cons[火电机组分段中标量约束_28_87_3],0.0
cons[火电机组分段中标量约束_28_87_4],0.0
cons[火电机组分段中标量约束_28_87_5],0.0
cons[火电机组分段中标量约束_28_87_6],0.0
cons[火电机组分段中标量约束_28_87_7],0.0
cons[火电机组分段中标量约束_28_87_8],0.0
cons[火电机组分段中标量约束_28_87_9],0.0
cons[火电机组出力之和约束_28_87],0.0
cons[火电机组分段中标量约束_28_88_0],0.0
cons[火电机组分段中标量约束_28_88_1],0.0
cons[火电机组分段中标量约束_28_88_2],0.0
cons[火电机组分段中标量约束_28_88_3],0.0
cons[火电机组分段中标量约束_28_88_4],0.0
cons[火电机组分段中标量约束_28_88_5],0.0
cons[火电机组分段中标量约束_28_88_6],0.0
cons[火电机组分段中标量约束_28_88_7],0.0
cons[火电机组分段中标量约束_28_88_8],0.0
cons[火电机组分段中标量约束_28_88_9],0.0
cons[火电机组出力之和约束_28_88],0.0
cons[火电机组分段中标量约束_28_89_0],0.0
cons[火电机组分段中标量约束_28_89_1],0.0
cons[火电机组分段中标量约束_28_89_2],0.0
cons[火电机组分段中标量约束_28_89_3],0.0
cons[火电机组分段中标量约束_28_89_4],0.0
cons[火电机组分段中标量约束_28_89_5],0.0
cons[火电机组分段中标量约束_28_89_6],0.0
cons[火电机组分段中标量约束_28_89_7],0.0
cons[火电机组分段中标量约束_28_89_8],0.0
cons[火电机组分段中标量约束_28_89_9],0.0
cons[火电机组出力之和约束_28_89],0.0
cons[火电机组分段中标量约束_28_90_0],0.0
cons[火电机组分段中标量约束_28_90_1],0.0
cons[火电机组分段中标量约束_28_90_2],0.0
cons[火电机组分段中标量约束_28_90_3],0.0
cons[火电机组分段中标量约束_28_90_4],0.0
cons[火电机组分段中标量约束_28_90_5],0.0
cons[火电机组分段中标量约束_28_90_6],0.0
cons[火电机组分段中标量约束_28_90_7],0.0
cons[火电机组分段中标量约束_28_90_8],0.0
cons[火电机组分段中标量约束_28_90_9],0.0
cons[火电机组出力之和约束_28_90],0.0
cons[火电机组分段中标量约束_28_91_0],0.0
cons[火电机组分段中标量约束_28_91_1],0.0
cons[火电机组分段中标量约束_28_91_2],0.0
cons[火电机组分段中标量约束_28_91_3],0.0
cons[火电机组分段中标量约束_28_91_4],0.0
cons[火电机组分段中标量约束_28_91_5],0.0
cons[火电机组分段中标量约束_28_91_6],0.0
cons[火电机组分段中标量约束_28_91_7],0.0
cons[火电机组分段中标量约束_28_91_8],0.0
cons[火电机组分段中标量约束_28_91_9],0.0
cons[火电机组出力之和约束_28_91],0.0
cons[火电机组分段中标量约束_28_92_0],0.0
cons[火电机组分段中标量约束_28_92_1],0.0
cons[火电机组分段中标量约束_28_92_2],0.0
cons[火电机组分段中标量约束_28_92_3],0.0
cons[火电机组分段中标量约束_28_92_4],0.0
cons[火电机组分段中标量约束_28_92_5],0.0
cons[火电机组分段中标量约束_28_92_6],0.0
cons[火电机组分段中标量约束_28_92_7],0.0
cons[火电机组分段中标量约束_28_92_8],0.0
cons[火电机组分段中标量约束_28_92_9],0.0
cons[火电机组出力之和约束_28_92],0.0
cons[火电机组分段中标量约束_28_93_0],0.0
cons[火电机组分段中标量约束_28_93_1],0.0
cons[火电机组分段中标量约束_28_93_2],0.0
cons[火电机组分段中标量约束_28_93_3],0.0
cons[火电机组分段中标量约束_28_93_4],0.0
cons[火电机组分段中标量约束_28_93_5],0.0
cons[火电机组分段中标量约束_28_93_6],0.0
cons[火电机组分段中标量约束_28_93_7],0.0
cons[火电机组分段中标量约束_28_93_8],0.0
cons[火电机组分段中标量约束_28_93_9],0.0
cons[火电机组出力之和约束_28_93],0.0
cons[火电机组分段中标量约束_28_94_0],0.0
cons[火电机组分段中标量约束_28_94_1],0.0
cons[火电机组分段中标量约束_28_94_2],0.0
cons[火电机组分段中标量约束_28_94_3],0.0
cons[火电机组分段中标量约束_28_94_4],0.0
cons[火电机组分段中标量约束_28_94_5],0.0
cons[火电机组分段中标量约束_28_94_6],0.0
cons[火电机组分段中标量约束_28_94_7],0.0
cons[火电机组分段中标量约束_28_94_8],0.0
cons[火电机组分段中标量约束_28_94_9],0.0
cons[火电机组出力之和约束_28_94],0.0
cons[火电机组分段中标量约束_28_95_0],0.0
cons[火电机组分段中标量约束_28_95_1],0.0
cons[火电机组分段中标量约束_28_95_2],0.0
cons[火电机组分段中标量约束_28_95_3],0.0
cons[火电机组分段中标量约束_28_95_4],0.0
cons[火电机组分段中标量约束_28_95_5],0.0
cons[火电机组分段中标量约束_28_95_6],0.0
cons[火电机组分段中标量约束_28_95_7],0.0
cons[火电机组分段中标量约束_28_95_8],0.0
cons[火电机组分段中标量约束_28_95_9],0.0
cons[火电机组出力之和约束_28_95],0.0
cons[火电机组分段中标量约束_29_0_0],0.0
cons[火电机组分段中标量约束_29_0_1],0.0
cons[火电机组分段中标量约束_29_0_2],0.0
cons[火电机组分段中标量约束_29_0_3],0.0
cons[火电机组分段中标量约束_29_0_4],0.0
cons[火电机组分段中标量约束_29_0_5],0.0
cons[火电机组分段中标量约束_29_0_6],0.0
cons[火电机组分段中标量约束_29_0_7],0.0
cons[火电机组分段中标量约束_29_0_8],0.0
cons[火电机组分段中标量约束_29_0_9],0.0
cons[火电机组出力之和约束_29_0],0.0
cons[火电机组分段中标量约束_29_1_0],0.0
cons[火电机组分段中标量约束_29_1_1],0.0
cons[火电机组分段中标量约束_29_1_2],0.0
cons[火电机组分段中标量约束_29_1_3],0.0
cons[火电机组分段中标量约束_29_1_4],0.0
cons[火电机组分段中标量约束_29_1_5],0.0
cons[火电机组分段中标量约束_29_1_6],0.0
cons[火电机组分段中标量约束_29_1_7],0.0
cons[火电机组分段中标量约束_29_1_8],0.0
cons[火电机组分段中标量约束_29_1_9],0.0
cons[火电机组出力之和约束_29_1],0.0
cons[火电机组分段中标量约束_29_2_0],0.0
cons[火电机组分段中标量约束_29_2_1],0.0
cons[火电机组分段中标量约束_29_2_2],0.0
cons[火电机组分段中标量约束_29_2_3],0.0
cons[火电机组分段中标量约束_29_2_4],0.0
cons[火电机组分段中标量约束_29_2_5],0.0
cons[火电机组分段中标量约束_29_2_6],0.0
cons[火电机组分段中标量约束_29_2_7],0.0
cons[火电机组分段中标量约束_29_2_8],0.0
cons[火电机组分段中标量约束_29_2_9],0.0
cons[火电机组出力之和约束_29_2],0.0
cons[火电机组分段中标量约束_29_3_0],0.0
cons[火电机组分段中标量约束_29_3_1],0.0
cons[火电机组分段中标量约束_29_3_2],0.0
cons[火电机组分段中标量约束_29_3_3],0.0
cons[火电机组分段中标量约束_29_3_4],0.0
cons[火电机组分段中标量约束_29_3_5],0.0
cons[火电机组分段中标量约束_29_3_6],0.0
cons[火电机组分段中标量约束_29_3_7],0.0
cons[火电机组分段中标量约束_29_3_8],0.0
cons[火电机组分段中标量约束_29_3_9],0.0
cons[火电机组出力之和约束_29_3],0.0
cons[火电机组分段中标量约束_29_4_0],0.0
cons[火电机组分段中标量约束_29_4_1],0.0
cons[火电机组分段中标量约束_29_4_2],0.0
cons[火电机组分段中标量约束_29_4_3],0.0
cons[火电机组分段中标量约束_29_4_4],0.0
cons[火电机组分段中标量约束_29_4_5],0.0
cons[火电机组分段中标量约束_29_4_6],0.0
cons[火电机组分段中标量约束_29_4_7],0.0
cons[火电机组分段中标量约束_29_4_8],0.0
cons[火电机组分段中标量约束_29_4_9],0.0
cons[火电机组出力之和约束_29_4],0.0
cons[火电机组分段中标量约束_29_5_0],0.0
cons[火电机组分段中标量约束_29_5_1],0.0
cons[火电机组分段中标量约束_29_5_2],0.0
cons[火电机组分段中标量约束_29_5_3],0.0
cons[火电机组分段中标量约束_29_5_4],0.0
cons[火电机组分段中标量约束_29_5_5],0.0
cons[火电机组分段中标量约束_29_5_6],0.0
cons[火电机组分段中标量约束_29_5_7],0.0
cons[火电机组分段中标量约束_29_5_8],0.0
cons[火电机组分段中标量约束_29_5_9],0.0
cons[火电机组出力之和约束_29_5],0.0
cons[火电机组分段中标量约束_29_6_0],0.0
cons[火电机组分段中标量约束_29_6_1],0.0
cons[火电机组分段中标量约束_29_6_2],0.0
cons[火电机组分段中标量约束_29_6_3],0.0
cons[火电机组分段中标量约束_29_6_4],0.0
cons[火电机组分段中标量约束_29_6_5],0.0
cons[火电机组分段中标量约束_29_6_6],0.0
cons[火电机组分段中标量约束_29_6_7],0.0
cons[火电机组分段中标量约束_29_6_8],0.0
cons[火电机组分段中标量约束_29_6_9],0.0
cons[火电机组出力之和约束_29_6],0.0
cons[火电机组分段中标量约束_29_7_0],0.0
cons[火电机组分段中标量约束_29_7_1],0.0
cons[火电机组分段中标量约束_29_7_2],0.0
cons[火电机组分段中标量约束_29_7_3],0.0
cons[火电机组分段中标量约束_29_7_4],0.0
cons[火电机组分段中标量约束_29_7_5],0.0
cons[火电机组分段中标量约束_29_7_6],0.0
cons[火电机组分段中标量约束_29_7_7],0.0
cons[火电机组分段中标量约束_29_7_8],0.0
cons[火电机组分段中标量约束_29_7_9],0.0
cons[火电机组出力之和约束_29_7],0.0
cons[火电机组分段中标量约束_29_8_0],0.0
cons[火电机组分段中标量约束_29_8_1],0.0
cons[火电机组分段中标量约束_29_8_2],0.0
cons[火电机组分段中标量约束_29_8_3],0.0
cons[火电机组分段中标量约束_29_8_4],0.0
cons[火电机组分段中标量约束_29_8_5],0.0
cons[火电机组分段中标量约束_29_8_6],0.0
cons[火电机组分段中标量约束_29_8_7],0.0
cons[火电机组分段中标量约束_29_8_8],0.0
cons[火电机组分段中标量约束_29_8_9],0.0
cons[火电机组出力之和约束_29_8],0.0
cons[火电机组分段中标量约束_29_9_0],0.0
cons[火电机组分段中标量约束_29_9_1],0.0
cons[火电机组分段中标量约束_29_9_2],0.0
cons[火电机组分段中标量约束_29_9_3],0.0
cons[火电机组分段中标量约束_29_9_4],0.0
cons[火电机组分段中标量约束_29_9_5],0.0
cons[火电机组分段中标量约束_29_9_6],0.0
cons[火电机组分段中标量约束_29_9_7],0.0
cons[火电机组分段中标量约束_29_9_8],0.0
cons[火电机组分段中标量约束_29_9_9],0.0
cons[火电机组出力之和约束_29_9],0.0
cons[火电机组分段中标量约束_29_10_0],0.0
cons[火电机组分段中标量约束_29_10_1],0.0
cons[火电机组分段中标量约束_29_10_2],0.0
cons[火电机组分段中标量约束_29_10_3],0.0
cons[火电机组分段中标量约束_29_10_4],0.0
cons[火电机组分段中标量约束_29_10_5],0.0
cons[火电机组分段中标量约束_29_10_6],0.0
cons[火电机组分段中标量约束_29_10_7],0.0
cons[火电机组分段中标量约束_29_10_8],0.0
cons[火电机组分段中标量约束_29_10_9],0.0
cons[火电机组出力之和约束_29_10],0.0
cons[火电机组分段中标量约束_29_11_0],0.0
cons[火电机组分段中标量约束_29_11_1],0.0
cons[火电机组分段中标量约束_29_11_2],0.0
cons[火电机组分段中标量约束_29_11_3],0.0
cons[火电机组分段中标量约束_29_11_4],0.0
cons[火电机组分段中标量约束_29_11_5],0.0
cons[火电机组分段中标量约束_29_11_6],0.0
cons[火电机组分段中标量约束_29_11_7],0.0
cons[火电机组分段中标量约束_29_11_8],0.0
cons[火电机组分段中标量约束_29_11_9],0.0
cons[火电机组出力之和约束_29_11],0.0
cons[火电机组分段中标量约束_29_12_0],0.0
cons[火电机组分段中标量约束_29_12_1],0.0
cons[火电机组分段中标量约束_29_12_2],0.0
cons[火电机组分段中标量约束_29_12_3],0.0
cons[火电机组分段中标量约束_29_12_4],0.0
cons[火电机组分段中标量约束_29_12_5],0.0
cons[火电机组分段中标量约束_29_12_6],0.0
cons[火电机组分段中标量约束_29_12_7],0.0
cons[火电机组分段中标量约束_29_12_8],0.0
cons[火电机组分段中标量约束_29_12_9],0.0
cons[火电机组出力之和约束_29_12],0.0
cons[火电机组分段中标量约束_29_13_0],0.0
cons[火电机组分段中标量约束_29_13_1],0.0
cons[火电机组分段中标量约束_29_13_2],0.0
cons[火电机组分段中标量约束_29_13_3],0.0
cons[火电机组分段中标量约束_29_13_4],0.0
cons[火电机组分段中标量约束_29_13_5],0.0
cons[火电机组分段中标量约束_29_13_6],0.0
cons[火电机组分段中标量约束_29_13_7],0.0
cons[火电机组分段中标量约束_29_13_8],0.0
cons[火电机组分段中标量约束_29_13_9],0.0
cons[火电机组出力之和约束_29_13],0.0
cons[火电机组分段中标量约束_29_14_0],0.0
cons[火电机组分段中标量约束_29_14_1],0.0
cons[火电机组分段中标量约束_29_14_2],0.0
cons[火电机组分段中标量约束_29_14_3],0.0
cons[火电机组分段中标量约束_29_14_4],0.0
cons[火电机组分段中标量约束_29_14_5],0.0
cons[火电机组分段中标量约束_29_14_6],0.0
cons[火电机组分段中标量约束_29_14_7],0.0
cons[火电机组分段中标量约束_29_14_8],0.0
cons[火电机组分段中标量约束_29_14_9],0.0
cons[火电机组出力之和约束_29_14],0.0
cons[火电机组分段中标量约束_29_15_0],0.0
cons[火电机组分段中标量约束_29_15_1],0.0
cons[火电机组分段中标量约束_29_15_2],0.0
cons[火电机组分段中标量约束_29_15_3],0.0
cons[火电机组分段中标量约束_29_15_4],0.0
cons[火电机组分段中标量约束_29_15_5],0.0
cons[火电机组分段中标量约束_29_15_6],0.0
cons[火电机组分段中标量约束_29_15_7],0.0
cons[火电机组分段中标量约束_29_15_8],0.0
cons[火电机组分段中标量约束_29_15_9],0.0
cons[火电机组出力之和约束_29_15],0.0
cons[火电机组分段中标量约束_29_16_0],0.0
cons[火电机组分段中标量约束_29_16_1],0.0
cons[火电机组分段中标量约束_29_16_2],0.0
cons[火电机组分段中标量约束_29_16_3],0.0
cons[火电机组分段中标量约束_29_16_4],0.0
cons[火电机组分段中标量约束_29_16_5],0.0
cons[火电机组分段中标量约束_29_16_6],0.0
cons[火电机组分段中标量约束_29_16_7],0.0
cons[火电机组分段中标量约束_29_16_8],0.0
cons[火电机组分段中标量约束_29_16_9],0.0
cons[火电机组出力之和约束_29_16],0.0
cons[火电机组分段中标量约束_29_17_0],0.0
cons[火电机组分段中标量约束_29_17_1],0.0
cons[火电机组分段中标量约束_29_17_2],0.0
cons[火电机组分段中标量约束_29_17_3],0.0
cons[火电机组分段中标量约束_29_17_4],0.0
cons[火电机组分段中标量约束_29_17_5],0.0
cons[火电机组分段中标量约束_29_17_6],0.0
cons[火电机组分段中标量约束_29_17_7],0.0
cons[火电机组分段中标量约束_29_17_8],0.0
cons[火电机组分段中标量约束_29_17_9],0.0
cons[火电机组出力之和约束_29_17],0.0
cons[火电机组分段中标量约束_29_18_0],0.0
cons[火电机组分段中标量约束_29_18_1],0.0
cons[火电机组分段中标量约束_29_18_2],0.0
cons[火电机组分段中标量约束_29_18_3],0.0
cons[火电机组分段中标量约束_29_18_4],0.0
cons[火电机组分段中标量约束_29_18_5],0.0
cons[火电机组分段中标量约束_29_18_6],0.0
cons[火电机组分段中标量约束_29_18_7],0.0
cons[火电机组分段中标量约束_29_18_8],0.0
cons[火电机组分段中标量约束_29_18_9],0.0
cons[火电机组出力之和约束_29_18],0.0
cons[火电机组分段中标量约束_29_19_0],0.0
cons[火电机组分段中标量约束_29_19_1],0.0
cons[火电机组分段中标量约束_29_19_2],0.0
cons[火电机组分段中标量约束_29_19_3],0.0
cons[火电机组分段中标量约束_29_19_4],0.0
cons[火电机组分段中标量约束_29_19_5],0.0
cons[火电机组分段中标量约束_29_19_6],0.0
cons[火电机组分段中标量约束_29_19_7],0.0
cons[火电机组分段中标量约束_29_19_8],0.0
cons[火电机组分段中标量约束_29_19_9],0.0
cons[火电机组出力之和约束_29_19],0.0
cons[火电机组分段中标量约束_29_20_0],0.0
cons[火电机组分段中标量约束_29_20_1],0.0
cons[火电机组分段中标量约束_29_20_2],0.0
cons[火电机组分段中标量约束_29_20_3],0.0
cons[火电机组分段中标量约束_29_20_4],0.0
cons[火电机组分段中标量约束_29_20_5],0.0
cons[火电机组分段中标量约束_29_20_6],0.0
cons[火电机组分段中标量约束_29_20_7],0.0
cons[火电机组分段中标量约束_29_20_8],0.0
cons[火电机组分段中标量约束_29_20_9],0.0
cons[火电机组出力之和约束_29_20],0.0
cons[火电机组分段中标量约束_29_21_0],0.0
cons[火电机组分段中标量约束_29_21_1],0.0
cons[火电机组分段中标量约束_29_21_2],0.0
cons[火电机组分段中标量约束_29_21_3],0.0
cons[火电机组分段中标量约束_29_21_4],0.0
cons[火电机组分段中标量约束_29_21_5],0.0
cons[火电机组分段中标量约束_29_21_6],0.0
cons[火电机组分段中标量约束_29_21_7],0.0
cons[火电机组分段中标量约束_29_21_8],0.0
cons[火电机组分段中标量约束_29_21_9],0.0
cons[火电机组出力之和约束_29_21],0.0
cons[火电机组分段中标量约束_29_22_0],0.0
cons[火电机组分段中标量约束_29_22_1],0.0
cons[火电机组分段中标量约束_29_22_2],0.0
cons[火电机组分段中标量约束_29_22_3],0.0
cons[火电机组分段中标量约束_29_22_4],0.0
cons[火电机组分段中标量约束_29_22_5],0.0
cons[火电机组分段中标量约束_29_22_6],0.0
cons[火电机组分段中标量约束_29_22_7],0.0
cons[火电机组分段中标量约束_29_22_8],0.0
cons[火电机组分段中标量约束_29_22_9],0.0
cons[火电机组出力之和约束_29_22],0.0
cons[火电机组分段中标量约束_29_23_0],0.0
cons[火电机组分段中标量约束_29_23_1],0.0
cons[火电机组分段中标量约束_29_23_2],0.0
cons[火电机组分段中标量约束_29_23_3],0.0
cons[火电机组分段中标量约束_29_23_4],0.0
cons[火电机组分段中标量约束_29_23_5],0.0
cons[火电机组分段中标量约束_29_23_6],0.0
cons[火电机组分段中标量约束_29_23_7],0.0
cons[火电机组分段中标量约束_29_23_8],0.0
cons[火电机组分段中标量约束_29_23_9],0.0
cons[火电机组出力之和约束_29_23],0.0
cons[火电机组分段中标量约束_29_24_0],0.0
cons[火电机组分段中标量约束_29_24_1],0.0
cons[火电机组分段中标量约束_29_24_2],0.0
cons[火电机组分段中标量约束_29_24_3],0.0
cons[火电机组分段中标量约束_29_24_4],0.0
cons[火电机组分段中标量约束_29_24_5],0.0
cons[火电机组分段中标量约束_29_24_6],0.0
cons[火电机组分段中标量约束_29_24_7],0.0
cons[火电机组分段中标量约束_29_24_8],0.0
cons[火电机组分段中标量约束_29_24_9],0.0
cons[火电机组出力之和约束_29_24],0.0
cons[火电机组分段中标量约束_29_25_0],0.0
cons[火电机组分段中标量约束_29_25_1],0.0
cons[火电机组分段中标量约束_29_25_2],0.0
cons[火电机组分段中标量约束_29_25_3],0.0
cons[火电机组分段中标量约束_29_25_4],0.0
cons[火电机组分段中标量约束_29_25_5],0.0
cons[火电机组分段中标量约束_29_25_6],0.0
cons[火电机组分段中标量约束_29_25_7],0.0
cons[火电机组分段中标量约束_29_25_8],0.0
cons[火电机组分段中标量约束_29_25_9],0.0
cons[火电机组出力之和约束_29_25],0.0
cons[火电机组分段中标量约束_29_26_0],0.0
cons[火电机组分段中标量约束_29_26_1],0.0
cons[火电机组分段中标量约束_29_26_2],0.0
cons[火电机组分段中标量约束_29_26_3],0.0
cons[火电机组分段中标量约束_29_26_4],0.0
cons[火电机组分段中标量约束_29_26_5],0.0
cons[火电机组分段中标量约束_29_26_6],0.0
cons[火电机组分段中标量约束_29_26_7],0.0
cons[火电机组分段中标量约束_29_26_8],0.0
cons[火电机组分段中标量约束_29_26_9],0.0
cons[火电机组出力之和约束_29_26],0.0
cons[火电机组分段中标量约束_29_27_0],0.0
cons[火电机组分段中标量约束_29_27_1],0.0
cons[火电机组分段中标量约束_29_27_2],0.0
cons[火电机组分段中标量约束_29_27_3],0.0
cons[火电机组分段中标量约束_29_27_4],0.0
cons[火电机组分段中标量约束_29_27_5],0.0
cons[火电机组分段中标量约束_29_27_6],0.0
cons[火电机组分段中标量约束_29_27_7],0.0
cons[火电机组分段中标量约束_29_27_8],0.0
cons[火电机组分段中标量约束_29_27_9],0.0
cons[火电机组出力之和约束_29_27],0.0
cons[火电机组分段中标量约束_29_28_0],0.0
cons[火电机组分段中标量约束_29_28_1],0.0
cons[火电机组分段中标量约束_29_28_2],0.0
cons[火电机组分段中标量约束_29_28_3],0.0
cons[火电机组分段中标量约束_29_28_4],0.0
cons[火电机组分段中标量约束_29_28_5],0.0
cons[火电机组分段中标量约束_29_28_6],0.0
cons[火电机组分段中标量约束_29_28_7],0.0
cons[火电机组分段中标量约束_29_28_8],0.0
cons[火电机组分段中标量约束_29_28_9],0.0
cons[火电机组出力之和约束_29_28],0.0
cons[火电机组分段中标量约束_29_29_0],0.0
cons[火电机组分段中标量约束_29_29_1],0.0
cons[火电机组分段中标量约束_29_29_2],0.0
cons[火电机组分段中标量约束_29_29_3],0.0
cons[火电机组分段中标量约束_29_29_4],0.0
cons[火电机组分段中标量约束_29_29_5],0.0
cons[火电机组分段中标量约束_29_29_6],0.0
cons[火电机组分段中标量约束_29_29_7],0.0
cons[火电机组分段中标量约束_29_29_8],0.0
cons[火电机组分段中标量约束_29_29_9],0.0
cons[火电机组出力之和约束_29_29],0.0
cons[火电机组分段中标量约束_29_30_0],0.0
cons[火电机组分段中标量约束_29_30_1],0.0
cons[火电机组分段中标量约束_29_30_2],0.0
cons[火电机组分段中标量约束_29_30_3],0.0
cons[火电机组分段中标量约束_29_30_4],0.0
cons[火电机组分段中标量约束_29_30_5],0.0
cons[火电机组分段中标量约束_29_30_6],0.0
cons[火电机组分段中标量约束_29_30_7],0.0
cons[火电机组分段中标量约束_29_30_8],0.0
cons[火电机组分段中标量约束_29_30_9],0.0
cons[火电机组出力之和约束_29_30],0.0
cons[火电机组分段中标量约束_29_31_0],0.0
cons[火电机组分段中标量约束_29_31_1],0.0
cons[火电机组分段中标量约束_29_31_2],0.0
cons[火电机组分段中标量约束_29_31_3],0.0
cons[火电机组分段中标量约束_29_31_4],0.0
cons[火电机组分段中标量约束_29_31_5],0.0
cons[火电机组分段中标量约束_29_31_6],0.0
cons[火电机组分段中标量约束_29_31_7],0.0
cons[火电机组分段中标量约束_29_31_8],0.0
cons[火电机组分段中标量约束_29_31_9],0.0
cons[火电机组出力之和约束_29_31],0.0
cons[火电机组分段中标量约束_29_32_0],0.0
cons[火电机组分段中标量约束_29_32_1],0.0
cons[火电机组分段中标量约束_29_32_2],0.0
cons[火电机组分段中标量约束_29_32_3],0.0
cons[火电机组分段中标量约束_29_32_4],0.0
cons[火电机组分段中标量约束_29_32_5],0.0
cons[火电机组分段中标量约束_29_32_6],0.0
cons[火电机组分段中标量约束_29_32_7],0.0
cons[火电机组分段中标量约束_29_32_8],0.0
cons[火电机组分段中标量约束_29_32_9],0.0
cons[火电机组出力之和约束_29_32],0.0
cons[火电机组分段中标量约束_29_33_0],0.0
cons[火电机组分段中标量约束_29_33_1],0.0
cons[火电机组分段中标量约束_29_33_2],0.0
cons[火电机组分段中标量约束_29_33_3],0.0
cons[火电机组分段中标量约束_29_33_4],0.0
cons[火电机组分段中标量约束_29_33_5],0.0
cons[火电机组分段中标量约束_29_33_6],0.0
cons[火电机组分段中标量约束_29_33_7],0.0
cons[火电机组分段中标量约束_29_33_8],0.0
cons[火电机组分段中标量约束_29_33_9],0.0
cons[火电机组出力之和约束_29_33],0.0
cons[火电机组分段中标量约束_29_34_0],0.0
cons[火电机组分段中标量约束_29_34_1],0.0
cons[火电机组分段中标量约束_29_34_2],0.0
cons[火电机组分段中标量约束_29_34_3],0.0
cons[火电机组分段中标量约束_29_34_4],0.0
cons[火电机组分段中标量约束_29_34_5],0.0
cons[火电机组分段中标量约束_29_34_6],0.0
cons[火电机组分段中标量约束_29_34_7],0.0
cons[火电机组分段中标量约束_29_34_8],0.0
cons[火电机组分段中标量约束_29_34_9],0.0
cons[火电机组出力之和约束_29_34],0.0
cons[火电机组分段中标量约束_29_35_0],0.0
cons[火电机组分段中标量约束_29_35_1],0.0
cons[火电机组分段中标量约束_29_35_2],0.0
cons[火电机组分段中标量约束_29_35_3],0.0
cons[火电机组分段中标量约束_29_35_4],0.0
cons[火电机组分段中标量约束_29_35_5],0.0
cons[火电机组分段中标量约束_29_35_6],0.0
cons[火电机组分段中标量约束_29_35_7],0.0
cons[火电机组分段中标量约束_29_35_8],0.0
cons[火电机组分段中标量约束_29_35_9],0.0
cons[火电机组出力之和约束_29_35],0.0
cons[火电机组分段中标量约束_29_36_0],0.0
cons[火电机组分段中标量约束_29_36_1],0.0
cons[火电机组分段中标量约束_29_36_2],0.0
cons[火电机组分段中标量约束_29_36_3],0.0
cons[火电机组分段中标量约束_29_36_4],0.0
cons[火电机组分段中标量约束_29_36_5],0.0
cons[火电机组分段中标量约束_29_36_6],0.0
cons[火电机组分段中标量约束_29_36_7],0.0
cons[火电机组分段中标量约束_29_36_8],0.0
cons[火电机组分段中标量约束_29_36_9],0.0
cons[火电机组出力之和约束_29_36],0.0
cons[火电机组分段中标量约束_29_37_0],0.0
cons[火电机组分段中标量约束_29_37_1],0.0
cons[火电机组分段中标量约束_29_37_2],0.0
cons[火电机组分段中标量约束_29_37_3],0.0
cons[火电机组分段中标量约束_29_37_4],0.0
cons[火电机组分段中标量约束_29_37_5],0.0
cons[火电机组分段中标量约束_29_37_6],0.0
cons[火电机组分段中标量约束_29_37_7],0.0
cons[火电机组分段中标量约束_29_37_8],0.0
cons[火电机组分段中标量约束_29_37_9],0.0
cons[火电机组出力之和约束_29_37],0.0
cons[火电机组分段中标量约束_29_38_0],0.0
cons[火电机组分段中标量约束_29_38_1],0.0
cons[火电机组分段中标量约束_29_38_2],0.0
cons[火电机组分段中标量约束_29_38_3],0.0
cons[火电机组分段中标量约束_29_38_4],0.0
cons[火电机组分段中标量约束_29_38_5],0.0
cons[火电机组分段中标量约束_29_38_6],0.0
cons[火电机组分段中标量约束_29_38_7],0.0
cons[火电机组分段中标量约束_29_38_8],0.0
cons[火电机组分段中标量约束_29_38_9],0.0
cons[火电机组出力之和约束_29_38],0.0
cons[火电机组分段中标量约束_29_39_0],0.0
cons[火电机组分段中标量约束_29_39_1],0.0
cons[火电机组分段中标量约束_29_39_2],0.0
cons[火电机组分段中标量约束_29_39_3],0.0
cons[火电机组分段中标量约束_29_39_4],0.0
cons[火电机组分段中标量约束_29_39_5],0.0
cons[火电机组分段中标量约束_29_39_6],0.0
cons[火电机组分段中标量约束_29_39_7],0.0
cons[火电机组分段中标量约束_29_39_8],0.0
cons[火电机组分段中标量约束_29_39_9],0.0
cons[火电机组出力之和约束_29_39],0.0
cons[火电机组分段中标量约束_29_40_0],0.0
cons[火电机组分段中标量约束_29_40_1],0.0
cons[火电机组分段中标量约束_29_40_2],0.0
cons[火电机组分段中标量约束_29_40_3],0.0
cons[火电机组分段中标量约束_29_40_4],0.0
cons[火电机组分段中标量约束_29_40_5],0.0
cons[火电机组分段中标量约束_29_40_6],0.0
cons[火电机组分段中标量约束_29_40_7],0.0
cons[火电机组分段中标量约束_29_40_8],0.0
cons[火电机组分段中标量约束_29_40_9],0.0
cons[火电机组出力之和约束_29_40],0.0
cons[火电机组分段中标量约束_29_41_0],0.0
cons[火电机组分段中标量约束_29_41_1],0.0
cons[火电机组分段中标量约束_29_41_2],0.0
cons[火电机组分段中标量约束_29_41_3],0.0
cons[火电机组分段中标量约束_29_41_4],0.0
cons[火电机组分段中标量约束_29_41_5],0.0
cons[火电机组分段中标量约束_29_41_6],0.0
cons[火电机组分段中标量约束_29_41_7],0.0
cons[火电机组分段中标量约束_29_41_8],0.0
cons[火电机组分段中标量约束_29_41_9],0.0
cons[火电机组出力之和约束_29_41],0.0
cons[火电机组分段中标量约束_29_42_0],0.0
cons[火电机组分段中标量约束_29_42_1],0.0
cons[火电机组分段中标量约束_29_42_2],0.0
cons[火电机组分段中标量约束_29_42_3],0.0
cons[火电机组分段中标量约束_29_42_4],0.0
cons[火电机组分段中标量约束_29_42_5],0.0
cons[火电机组分段中标量约束_29_42_6],0.0
cons[火电机组分段中标量约束_29_42_7],0.0
cons[火电机组分段中标量约束_29_42_8],0.0
cons[火电机组分段中标量约束_29_42_9],0.0
cons[火电机组出力之和约束_29_42],0.0
cons[火电机组分段中标量约束_29_43_0],0.0
cons[火电机组分段中标量约束_29_43_1],0.0
cons[火电机组分段中标量约束_29_43_2],0.0
cons[火电机组分段中标量约束_29_43_3],0.0
cons[火电机组分段中标量约束_29_43_4],0.0
cons[火电机组分段中标量约束_29_43_5],0.0
cons[火电机组分段中标量约束_29_43_6],0.0
cons[火电机组分段中标量约束_29_43_7],0.0
cons[火电机组分段中标量约束_29_43_8],0.0
cons[火电机组分段中标量约束_29_43_9],0.0
cons[火电机组出力之和约束_29_43],0.0
cons[火电机组分段中标量约束_29_44_0],0.0
cons[火电机组分段中标量约束_29_44_1],0.0
cons[火电机组分段中标量约束_29_44_2],0.0
cons[火电机组分段中标量约束_29_44_3],0.0
cons[火电机组分段中标量约束_29_44_4],0.0
cons[火电机组分段中标量约束_29_44_5],0.0
cons[火电机组分段中标量约束_29_44_6],0.0
cons[火电机组分段中标量约束_29_44_7],0.0
cons[火电机组分段中标量约束_29_44_8],0.0
cons[火电机组分段中标量约束_29_44_9],0.0
cons[火电机组出力之和约束_29_44],0.0
cons[火电机组分段中标量约束_29_45_0],0.0
cons[火电机组分段中标量约束_29_45_1],0.0
cons[火电机组分段中标量约束_29_45_2],0.0
cons[火电机组分段中标量约束_29_45_3],0.0
cons[火电机组分段中标量约束_29_45_4],0.0
cons[火电机组分段中标量约束_29_45_5],0.0
cons[火电机组分段中标量约束_29_45_6],0.0
cons[火电机组分段中标量约束_29_45_7],0.0
cons[火电机组分段中标量约束_29_45_8],0.0
cons[火电机组分段中标量约束_29_45_9],0.0
cons[火电机组出力之和约束_29_45],0.0
cons[火电机组分段中标量约束_29_46_0],0.0
cons[火电机组分段中标量约束_29_46_1],0.0
cons[火电机组分段中标量约束_29_46_2],0.0
cons[火电机组分段中标量约束_29_46_3],0.0
cons[火电机组分段中标量约束_29_46_4],0.0
cons[火电机组分段中标量约束_29_46_5],0.0
cons[火电机组分段中标量约束_29_46_6],0.0
cons[火电机组分段中标量约束_29_46_7],0.0
cons[火电机组分段中标量约束_29_46_8],0.0
cons[火电机组分段中标量约束_29_46_9],0.0
cons[火电机组出力之和约束_29_46],0.0
cons[火电机组分段中标量约束_29_47_0],0.0
cons[火电机组分段中标量约束_29_47_1],0.0
cons[火电机组分段中标量约束_29_47_2],0.0
cons[火电机组分段中标量约束_29_47_3],0.0
cons[火电机组分段中标量约束_29_47_4],0.0
cons[火电机组分段中标量约束_29_47_5],0.0
cons[火电机组分段中标量约束_29_47_6],0.0
cons[火电机组分段中标量约束_29_47_7],0.0
cons[火电机组分段中标量约束_29_47_8],0.0
cons[火电机组分段中标量约束_29_47_9],0.0
cons[火电机组出力之和约束_29_47],0.0
cons[火电机组分段中标量约束_29_48_0],0.0
cons[火电机组分段中标量约束_29_48_1],0.0
cons[火电机组分段中标量约束_29_48_2],0.0
cons[火电机组分段中标量约束_29_48_3],0.0
cons[火电机组分段中标量约束_29_48_4],0.0
cons[火电机组分段中标量约束_29_48_5],0.0
cons[火电机组分段中标量约束_29_48_6],0.0
cons[火电机组分段中标量约束_29_48_7],0.0
cons[火电机组分段中标量约束_29_48_8],0.0
cons[火电机组分段中标量约束_29_48_9],0.0
cons[火电机组出力之和约束_29_48],0.0
cons[火电机组分段中标量约束_29_49_0],0.0
cons[火电机组分段中标量约束_29_49_1],0.0
cons[火电机组分段中标量约束_29_49_2],0.0
cons[火电机组分段中标量约束_29_49_3],0.0
cons[火电机组分段中标量约束_29_49_4],0.0
cons[火电机组分段中标量约束_29_49_5],0.0
cons[火电机组分段中标量约束_29_49_6],0.0
cons[火电机组分段中标量约束_29_49_7],0.0
cons[火电机组分段中标量约束_29_49_8],0.0
cons[火电机组分段中标量约束_29_49_9],0.0
cons[火电机组出力之和约束_29_49],0.0
cons[火电机组分段中标量约束_29_50_0],0.0
cons[火电机组分段中标量约束_29_50_1],0.0
cons[火电机组分段中标量约束_29_50_2],0.0
cons[火电机组分段中标量约束_29_50_3],0.0
cons[火电机组分段中标量约束_29_50_4],0.0
cons[火电机组分段中标量约束_29_50_5],0.0
cons[火电机组分段中标量约束_29_50_6],0.0
cons[火电机组分段中标量约束_29_50_7],0.0
cons[火电机组分段中标量约束_29_50_8],0.0
cons[火电机组分段中标量约束_29_50_9],0.0
cons[火电机组出力之和约束_29_50],0.0
cons[火电机组分段中标量约束_29_51_0],0.0
cons[火电机组分段中标量约束_29_51_1],0.0
cons[火电机组分段中标量约束_29_51_2],0.0
cons[火电机组分段中标量约束_29_51_3],0.0
cons[火电机组分段中标量约束_29_51_4],0.0
cons[火电机组分段中标量约束_29_51_5],0.0
cons[火电机组分段中标量约束_29_51_6],0.0
cons[火电机组分段中标量约束_29_51_7],0.0
cons[火电机组分段中标量约束_29_51_8],0.0
cons[火电机组分段中标量约束_29_51_9],0.0
cons[火电机组出力之和约束_29_51],0.0
cons[火电机组分段中标量约束_29_52_0],0.0
cons[火电机组分段中标量约束_29_52_1],0.0
cons[火电机组分段中标量约束_29_52_2],0.0
cons[火电机组分段中标量约束_29_52_3],0.0
cons[火电机组分段中标量约束_29_52_4],0.0
cons[火电机组分段中标量约束_29_52_5],0.0
cons[火电机组分段中标量约束_29_52_6],0.0
cons[火电机组分段中标量约束_29_52_7],0.0
cons[火电机组分段中标量约束_29_52_8],0.0
cons[火电机组分段中标量约束_29_52_9],0.0
cons[火电机组出力之和约束_29_52],0.0
cons[火电机组分段中标量约束_29_53_0],0.0
cons[火电机组分段中标量约束_29_53_1],0.0
cons[火电机组分段中标量约束_29_53_2],0.0
cons[火电机组分段中标量约束_29_53_3],0.0
cons[火电机组分段中标量约束_29_53_4],0.0
cons[火电机组分段中标量约束_29_53_5],0.0
cons[火电机组分段中标量约束_29_53_6],0.0
cons[火电机组分段中标量约束_29_53_7],0.0
cons[火电机组分段中标量约束_29_53_8],0.0
cons[火电机组分段中标量约束_29_53_9],0.0
cons[火电机组出力之和约束_29_53],0.0
cons[火电机组分段中标量约束_29_54_0],0.0
cons[火电机组分段中标量约束_29_54_1],0.0
cons[火电机组分段中标量约束_29_54_2],0.0
cons[火电机组分段中标量约束_29_54_3],0.0
cons[火电机组分段中标量约束_29_54_4],0.0
cons[火电机组分段中标量约束_29_54_5],0.0
cons[火电机组分段中标量约束_29_54_6],0.0
cons[火电机组分段中标量约束_29_54_7],0.0
cons[火电机组分段中标量约束_29_54_8],0.0
cons[火电机组分段中标量约束_29_54_9],0.0
cons[火电机组出力之和约束_29_54],0.0
cons[火电机组分段中标量约束_29_55_0],0.0
cons[火电机组分段中标量约束_29_55_1],0.0
cons[火电机组分段中标量约束_29_55_2],0.0
cons[火电机组分段中标量约束_29_55_3],0.0
cons[火电机组分段中标量约束_29_55_4],0.0
cons[火电机组分段中标量约束_29_55_5],0.0
cons[火电机组分段中标量约束_29_55_6],0.0
cons[火电机组分段中标量约束_29_55_7],0.0
cons[火电机组分段中标量约束_29_55_8],0.0
cons[火电机组分段中标量约束_29_55_9],0.0
cons[火电机组出力之和约束_29_55],0.0
cons[火电机组分段中标量约束_29_56_0],0.0
cons[火电机组分段中标量约束_29_56_1],0.0
cons[火电机组分段中标量约束_29_56_2],0.0
cons[火电机组分段中标量约束_29_56_3],0.0
cons[火电机组分段中标量约束_29_56_4],0.0
cons[火电机组分段中标量约束_29_56_5],0.0
cons[火电机组分段中标量约束_29_56_6],0.0
cons[火电机组分段中标量约束_29_56_7],0.0
cons[火电机组分段中标量约束_29_56_8],0.0
cons[火电机组分段中标量约束_29_56_9],0.0
cons[火电机组出力之和约束_29_56],0.0
cons[火电机组分段中标量约束_29_57_0],0.0
cons[火电机组分段中标量约束_29_57_1],0.0
cons[火电机组分段中标量约束_29_57_2],0.0
cons[火电机组分段中标量约束_29_57_3],0.0
cons[火电机组分段中标量约束_29_57_4],0.0
cons[火电机组分段中标量约束_29_57_5],0.0
cons[火电机组分段中标量约束_29_57_6],0.0
cons[火电机组分段中标量约束_29_57_7],0.0
cons[火电机组分段中标量约束_29_57_8],0.0
cons[火电机组分段中标量约束_29_57_9],0.0
cons[火电机组出力之和约束_29_57],0.0
cons[火电机组分段中标量约束_29_58_0],0.0
cons[火电机组分段中标量约束_29_58_1],0.0
cons[火电机组分段中标量约束_29_58_2],0.0
cons[火电机组分段中标量约束_29_58_3],0.0
cons[火电机组分段中标量约束_29_58_4],0.0
cons[火电机组分段中标量约束_29_58_5],0.0
cons[火电机组分段中标量约束_29_58_6],0.0
cons[火电机组分段中标量约束_29_58_7],0.0
cons[火电机组分段中标量约束_29_58_8],0.0
cons[火电机组分段中标量约束_29_58_9],0.0
cons[火电机组出力之和约束_29_58],0.0
cons[火电机组分段中标量约束_29_59_0],0.0
cons[火电机组分段中标量约束_29_59_1],0.0
cons[火电机组分段中标量约束_29_59_2],0.0
cons[火电机组分段中标量约束_29_59_3],0.0
cons[火电机组分段中标量约束_29_59_4],0.0
cons[火电机组分段中标量约束_29_59_5],0.0
cons[火电机组分段中标量约束_29_59_6],0.0
cons[火电机组分段中标量约束_29_59_7],0.0
cons[火电机组分段中标量约束_29_59_8],0.0
cons[火电机组分段中标量约束_29_59_9],0.0
cons[火电机组出力之和约束_29_59],0.0
cons[火电机组分段中标量约束_29_60_0],0.0
cons[火电机组分段中标量约束_29_60_1],0.0
cons[火电机组分段中标量约束_29_60_2],0.0
cons[火电机组分段中标量约束_29_60_3],0.0
cons[火电机组分段中标量约束_29_60_4],0.0
cons[火电机组分段中标量约束_29_60_5],0.0
cons[火电机组分段中标量约束_29_60_6],0.0
cons[火电机组分段中标量约束_29_60_7],0.0
cons[火电机组分段中标量约束_29_60_8],0.0
cons[火电机组分段中标量约束_29_60_9],0.0
cons[火电机组出力之和约束_29_60],0.0
cons[火电机组分段中标量约束_29_61_0],0.0
cons[火电机组分段中标量约束_29_61_1],0.0
cons[火电机组分段中标量约束_29_61_2],0.0
cons[火电机组分段中标量约束_29_61_3],0.0
cons[火电机组分段中标量约束_29_61_4],0.0
cons[火电机组分段中标量约束_29_61_5],0.0
cons[火电机组分段中标量约束_29_61_6],0.0
cons[火电机组分段中标量约束_29_61_7],0.0
cons[火电机组分段中标量约束_29_61_8],0.0
cons[火电机组分段中标量约束_29_61_9],0.0
cons[火电机组出力之和约束_29_61],0.0
cons[火电机组分段中标量约束_29_62_0],0.0
cons[火电机组分段中标量约束_29_62_1],0.0
cons[火电机组分段中标量约束_29_62_2],0.0
cons[火电机组分段中标量约束_29_62_3],0.0
cons[火电机组分段中标量约束_29_62_4],0.0
cons[火电机组分段中标量约束_29_62_5],0.0
cons[火电机组分段中标量约束_29_62_6],0.0
cons[火电机组分段中标量约束_29_62_7],0.0
cons[火电机组分段中标量约束_29_62_8],0.0
cons[火电机组分段中标量约束_29_62_9],0.0
cons[火电机组出力之和约束_29_62],0.0
cons[火电机组分段中标量约束_29_63_0],0.0
cons[火电机组分段中标量约束_29_63_1],0.0
cons[火电机组分段中标量约束_29_63_2],0.0
cons[火电机组分段中标量约束_29_63_3],0.0
cons[火电机组分段中标量约束_29_63_4],0.0
cons[火电机组分段中标量约束_29_63_5],0.0
cons[火电机组分段中标量约束_29_63_6],0.0
cons[火电机组分段中标量约束_29_63_7],0.0
cons[火电机组分段中标量约束_29_63_8],0.0
cons[火电机组分段中标量约束_29_63_9],0.0
cons[火电机组出力之和约束_29_63],0.0
cons[火电机组分段中标量约束_29_64_0],0.0
cons[火电机组分段中标量约束_29_64_1],0.0
cons[火电机组分段中标量约束_29_64_2],0.0
cons[火电机组分段中标量约束_29_64_3],0.0
cons[火电机组分段中标量约束_29_64_4],0.0
cons[火电机组分段中标量约束_29_64_5],0.0
cons[火电机组分段中标量约束_29_64_6],0.0
cons[火电机组分段中标量约束_29_64_7],0.0
cons[火电机组分段中标量约束_29_64_8],0.0
cons[火电机组分段中标量约束_29_64_9],0.0
cons[火电机组出力之和约束_29_64],0.0
cons[火电机组分段中标量约束_29_65_0],0.0
cons[火电机组分段中标量约束_29_65_1],0.0
cons[火电机组分段中标量约束_29_65_2],0.0
cons[火电机组分段中标量约束_29_65_3],0.0
cons[火电机组分段中标量约束_29_65_4],0.0
cons[火电机组分段中标量约束_29_65_5],0.0
cons[火电机组分段中标量约束_29_65_6],0.0
cons[火电机组分段中标量约束_29_65_7],0.0
cons[火电机组分段中标量约束_29_65_8],0.0
cons[火电机组分段中标量约束_29_65_9],0.0
cons[火电机组出力之和约束_29_65],0.0
cons[火电机组分段中标量约束_29_66_0],0.0
cons[火电机组分段中标量约束_29_66_1],0.0
cons[火电机组分段中标量约束_29_66_2],0.0
cons[火电机组分段中标量约束_29_66_3],0.0
cons[火电机组分段中标量约束_29_66_4],0.0
cons[火电机组分段中标量约束_29_66_5],0.0
cons[火电机组分段中标量约束_29_66_6],0.0
cons[火电机组分段中标量约束_29_66_7],0.0
cons[火电机组分段中标量约束_29_66_8],0.0
cons[火电机组分段中标量约束_29_66_9],0.0
cons[火电机组出力之和约束_29_66],0.0
cons[火电机组分段中标量约束_29_67_0],0.0
cons[火电机组分段中标量约束_29_67_1],0.0
cons[火电机组分段中标量约束_29_67_2],0.0
cons[火电机组分段中标量约束_29_67_3],0.0
cons[火电机组分段中标量约束_29_67_4],0.0
cons[火电机组分段中标量约束_29_67_5],0.0
cons[火电机组分段中标量约束_29_67_6],0.0
cons[火电机组分段中标量约束_29_67_7],0.0
cons[火电机组分段中标量约束_29_67_8],0.0
cons[火电机组分段中标量约束_29_67_9],0.0
cons[火电机组出力之和约束_29_67],0.0
cons[火电机组分段中标量约束_29_68_0],0.0
cons[火电机组分段中标量约束_29_68_1],0.0
cons[火电机组分段中标量约束_29_68_2],0.0
cons[火电机组分段中标量约束_29_68_3],0.0
cons[火电机组分段中标量约束_29_68_4],0.0
cons[火电机组分段中标量约束_29_68_5],0.0
cons[火电机组分段中标量约束_29_68_6],0.0
cons[火电机组分段中标量约束_29_68_7],0.0
cons[火电机组分段中标量约束_29_68_8],0.0
cons[火电机组分段中标量约束_29_68_9],0.0
cons[火电机组出力之和约束_29_68],0.0
cons[火电机组分段中标量约束_29_69_0],0.0
cons[火电机组分段中标量约束_29_69_1],0.0
cons[火电机组分段中标量约束_29_69_2],0.0
cons[火电机组分段中标量约束_29_69_3],0.0
cons[火电机组分段中标量约束_29_69_4],0.0
cons[火电机组分段中标量约束_29_69_5],0.0
cons[火电机组分段中标量约束_29_69_6],0.0
cons[火电机组分段中标量约束_29_69_7],0.0
cons[火电机组分段中标量约束_29_69_8],0.0
cons[火电机组分段中标量约束_29_69_9],0.0
cons[火电机组出力之和约束_29_69],0.0
cons[火电机组分段中标量约束_29_70_0],0.0
cons[火电机组分段中标量约束_29_70_1],0.0
cons[火电机组分段中标量约束_29_70_2],0.0
cons[火电机组分段中标量约束_29_70_3],0.0
cons[火电机组分段中标量约束_29_70_4],0.0
cons[火电机组分段中标量约束_29_70_5],0.0
cons[火电机组分段中标量约束_29_70_6],0.0
cons[火电机组分段中标量约束_29_70_7],0.0
cons[火电机组分段中标量约束_29_70_8],0.0
cons[火电机组分段中标量约束_29_70_9],0.0
cons[火电机组出力之和约束_29_70],0.0
cons[火电机组分段中标量约束_29_71_0],0.0
cons[火电机组分段中标量约束_29_71_1],0.0
cons[火电机组分段中标量约束_29_71_2],0.0
cons[火电机组分段中标量约束_29_71_3],0.0
cons[火电机组分段中标量约束_29_71_4],0.0
cons[火电机组分段中标量约束_29_71_5],0.0
cons[火电机组分段中标量约束_29_71_6],0.0
cons[火电机组分段中标量约束_29_71_7],0.0
cons[火电机组分段中标量约束_29_71_8],0.0
cons[火电机组分段中标量约束_29_71_9],0.0
cons[火电机组出力之和约束_29_71],0.0
cons[火电机组分段中标量约束_29_72_0],0.0
cons[火电机组分段中标量约束_29_72_1],0.0
cons[火电机组分段中标量约束_29_72_2],0.0
cons[火电机组分段中标量约束_29_72_3],0.0
cons[火电机组分段中标量约束_29_72_4],0.0
cons[火电机组分段中标量约束_29_72_5],0.0
cons[火电机组分段中标量约束_29_72_6],0.0
cons[火电机组分段中标量约束_29_72_7],0.0
cons[火电机组分段中标量约束_29_72_8],0.0
cons[火电机组分段中标量约束_29_72_9],0.0
cons[火电机组出力之和约束_29_72],0.0
cons[火电机组分段中标量约束_29_73_0],0.0
cons[火电机组分段中标量约束_29_73_1],0.0
cons[火电机组分段中标量约束_29_73_2],0.0
cons[火电机组分段中标量约束_29_73_3],0.0
cons[火电机组分段中标量约束_29_73_4],0.0
cons[火电机组分段中标量约束_29_73_5],0.0
cons[火电机组分段中标量约束_29_73_6],0.0
cons[火电机组分段中标量约束_29_73_7],0.0
cons[火电机组分段中标量约束_29_73_8],0.0
cons[火电机组分段中标量约束_29_73_9],0.0
cons[火电机组出力之和约束_29_73],0.0
cons[火电机组分段中标量约束_29_74_0],0.0
cons[火电机组分段中标量约束_29_74_1],0.0
cons[火电机组分段中标量约束_29_74_2],0.0
cons[火电机组分段中标量约束_29_74_3],0.0
cons[火电机组分段中标量约束_29_74_4],0.0
cons[火电机组分段中标量约束_29_74_5],0.0
cons[火电机组分段中标量约束_29_74_6],0.0
cons[火电机组分段中标量约束_29_74_7],0.0
cons[火电机组分段中标量约束_29_74_8],0.0
cons[火电机组分段中标量约束_29_74_9],0.0
cons[火电机组出力之和约束_29_74],0.0
cons[火电机组分段中标量约束_29_75_0],0.0
cons[火电机组分段中标量约束_29_75_1],0.0
cons[火电机组分段中标量约束_29_75_2],0.0
cons[火电机组分段中标量约束_29_75_3],0.0
cons[火电机组分段中标量约束_29_75_4],0.0
cons[火电机组分段中标量约束_29_75_5],0.0
cons[火电机组分段中标量约束_29_75_6],0.0
cons[火电机组分段中标量约束_29_75_7],0.0
cons[火电机组分段中标量约束_29_75_8],0.0
cons[火电机组分段中标量约束_29_75_9],0.0
cons[火电机组出力之和约束_29_75],0.0
cons[火电机组分段中标量约束_29_76_0],0.0
cons[火电机组分段中标量约束_29_76_1],0.0
cons[火电机组分段中标量约束_29_76_2],0.0
cons[火电机组分段中标量约束_29_76_3],0.0
cons[火电机组分段中标量约束_29_76_4],0.0
cons[火电机组分段中标量约束_29_76_5],0.0
cons[火电机组分段中标量约束_29_76_6],0.0
cons[火电机组分段中标量约束_29_76_7],0.0
cons[火电机组分段中标量约束_29_76_8],0.0
cons[火电机组分段中标量约束_29_76_9],0.0
cons[火电机组出力之和约束_29_76],0.0
cons[火电机组分段中标量约束_29_77_0],0.0
cons[火电机组分段中标量约束_29_77_1],0.0
cons[火电机组分段中标量约束_29_77_2],0.0
cons[火电机组分段中标量约束_29_77_3],0.0
cons[火电机组分段中标量约束_29_77_4],0.0
cons[火电机组分段中标量约束_29_77_5],0.0
cons[火电机组分段中标量约束_29_77_6],0.0
cons[火电机组分段中标量约束_29_77_7],0.0
cons[火电机组分段中标量约束_29_77_8],0.0
cons[火电机组分段中标量约束_29_77_9],0.0
cons[火电机组出力之和约束_29_77],0.0
cons[火电机组分段中标量约束_29_78_0],0.0
cons[火电机组分段中标量约束_29_78_1],0.0
cons[火电机组分段中标量约束_29_78_2],0.0
cons[火电机组分段中标量约束_29_78_3],0.0
cons[火电机组分段中标量约束_29_78_4],0.0
cons[火电机组分段中标量约束_29_78_5],0.0
cons[火电机组分段中标量约束_29_78_6],0.0
cons[火电机组分段中标量约束_29_78_7],0.0
cons[火电机组分段中标量约束_29_78_8],0.0
cons[火电机组分段中标量约束_29_78_9],0.0
cons[火电机组出力之和约束_29_78],0.0
cons[火电机组分段中标量约束_29_79_0],0.0
cons[火电机组分段中标量约束_29_79_1],0.0
cons[火电机组分段中标量约束_29_79_2],0.0
cons[火电机组分段中标量约束_29_79_3],0.0
cons[火电机组分段中标量约束_29_79_4],0.0
cons[火电机组分段中标量约束_29_79_5],0.0
cons[火电机组分段中标量约束_29_79_6],0.0
cons[火电机组分段中标量约束_29_79_7],0.0
cons[火电机组分段中标量约束_29_79_8],0.0
cons[火电机组分段中标量约束_29_79_9],0.0
cons[火电机组出力之和约束_29_79],0.0
cons[火电机组分段中标量约束_29_80_0],0.0
cons[火电机组分段中标量约束_29_80_1],0.0
cons[火电机组分段中标量约束_29_80_2],0.0
cons[火电机组分段中标量约束_29_80_3],0.0
cons[火电机组分段中标量约束_29_80_4],0.0
cons[火电机组分段中标量约束_29_80_5],0.0
cons[火电机组分段中标量约束_29_80_6],0.0
cons[火电机组分段中标量约束_29_80_7],0.0
cons[火电机组分段中标量约束_29_80_8],0.0
cons[火电机组分段中标量约束_29_80_9],0.0
cons[火电机组出力之和约束_29_80],0.0
cons[火电机组分段中标量约束_29_81_0],0.0
cons[火电机组分段中标量约束_29_81_1],0.0
cons[火电机组分段中标量约束_29_81_2],0.0
cons[火电机组分段中标量约束_29_81_3],0.0
cons[火电机组分段中标量约束_29_81_4],0.0
cons[火电机组分段中标量约束_29_81_5],0.0
cons[火电机组分段中标量约束_29_81_6],0.0
cons[火电机组分段中标量约束_29_81_7],0.0
cons[火电机组分段中标量约束_29_81_8],0.0
cons[火电机组分段中标量约束_29_81_9],0.0
cons[火电机组出力之和约束_29_81],0.0
cons[火电机组分段中标量约束_29_82_0],0.0
cons[火电机组分段中标量约束_29_82_1],0.0
cons[火电机组分段中标量约束_29_82_2],0.0
cons[火电机组分段中标量约束_29_82_3],0.0
cons[火电机组分段中标量约束_29_82_4],0.0
cons[火电机组分段中标量约束_29_82_5],0.0
cons[火电机组分段中标量约束_29_82_6],0.0
cons[火电机组分段中标量约束_29_82_7],0.0
cons[火电机组分段中标量约束_29_82_8],0.0
cons[火电机组分段中标量约束_29_82_9],0.0
cons[火电机组出力之和约束_29_82],0.0
cons[火电机组分段中标量约束_29_83_0],0.0
cons[火电机组分段中标量约束_29_83_1],0.0
cons[火电机组分段中标量约束_29_83_2],0.0
cons[火电机组分段中标量约束_29_83_3],0.0
cons[火电机组分段中标量约束_29_83_4],0.0
cons[火电机组分段中标量约束_29_83_5],0.0
cons[火电机组分段中标量约束_29_83_6],0.0
cons[火电机组分段中标量约束_29_83_7],0.0
cons[火电机组分段中标量约束_29_83_8],0.0
cons[火电机组分段中标量约束_29_83_9],0.0
cons[火电机组出力之和约束_29_83],0.0
cons[火电机组分段中标量约束_29_84_0],0.0
cons[火电机组分段中标量约束_29_84_1],0.0
cons[火电机组分段中标量约束_29_84_2],0.0
cons[火电机组分段中标量约束_29_84_3],0.0
cons[火电机组分段中标量约束_29_84_4],0.0
cons[火电机组分段中标量约束_29_84_5],0.0
cons[火电机组分段中标量约束_29_84_6],0.0
cons[火电机组分段中标量约束_29_84_7],0.0
cons[火电机组分段中标量约束_29_84_8],0.0
cons[火电机组分段中标量约束_29_84_9],0.0
cons[火电机组出力之和约束_29_84],0.0
cons[火电机组分段中标量约束_29_85_0],0.0
cons[火电机组分段中标量约束_29_85_1],0.0
cons[火电机组分段中标量约束_29_85_2],0.0
cons[火电机组分段中标量约束_29_85_3],0.0
cons[火电机组分段中标量约束_29_85_4],0.0
cons[火电机组分段中标量约束_29_85_5],0.0
cons[火电机组分段中标量约束_29_85_6],0.0
cons[火电机组分段中标量约束_29_85_7],0.0
cons[火电机组分段中标量约束_29_85_8],0.0
cons[火电机组分段中标量约束_29_85_9],0.0
cons[火电机组出力之和约束_29_85],0.0
cons[火电机组分段中标量约束_29_86_0],0.0
cons[火电机组分段中标量约束_29_86_1],0.0
cons[火电机组分段中标量约束_29_86_2],0.0
cons[火电机组分段中标量约束_29_86_3],0.0
cons[火电机组分段中标量约束_29_86_4],0.0
cons[火电机组分段中标量约束_29_86_5],0.0
cons[火电机组分段中标量约束_29_86_6],0.0
cons[火电机组分段中标量约束_29_86_7],0.0
cons[火电机组分段中标量约束_29_86_8],0.0
cons[火电机组分段中标量约束_29_86_9],0.0
cons[火电机组出力之和约束_29_86],0.0
cons[火电机组分段中标量约束_29_87_0],0.0
cons[火电机组分段中标量约束_29_87_1],0.0
cons[火电机组分段中标量约束_29_87_2],0.0
cons[火电机组分段中标量约束_29_87_3],0.0
cons[火电机组分段中标量约束_29_87_4],0.0
cons[火电机组分段中标量约束_29_87_5],0.0
cons[火电机组分段中标量约束_29_87_6],0.0
cons[火电机组分段中标量约束_29_87_7],0.0
cons[火电机组分段中标量约束_29_87_8],0.0
cons[火电机组分段中标量约束_29_87_9],0.0
cons[火电机组出力之和约束_29_87],0.0
cons[火电机组分段中标量约束_29_88_0],0.0
cons[火电机组分段中标量约束_29_88_1],0.0
cons[火电机组分段中标量约束_29_88_2],0.0
cons[火电机组分段中标量约束_29_88_3],0.0
cons[火电机组分段中标量约束_29_88_4],0.0
cons[火电机组分段中标量约束_29_88_5],0.0
cons[火电机组分段中标量约束_29_88_6],0.0
cons[火电机组分段中标量约束_29_88_7],0.0
cons[火电机组分段中标量约束_29_88_8],0.0
cons[火电机组分段中标量约束_29_88_9],0.0
cons[火电机组出力之和约束_29_88],0.0
cons[火电机组分段中标量约束_29_89_0],0.0
cons[火电机组分段中标量约束_29_89_1],0.0
cons[火电机组分段中标量约束_29_89_2],0.0
cons[火电机组分段中标量约束_29_89_3],0.0
cons[火电机组分段中标量约束_29_89_4],0.0
cons[火电机组分段中标量约束_29_89_5],0.0
cons[火电机组分段中标量约束_29_89_6],0.0
cons[火电机组分段中标量约束_29_89_7],0.0
cons[火电机组分段中标量约束_29_89_8],0.0
cons[火电机组分段中标量约束_29_89_9],0.0
cons[火电机组出力之和约束_29_89],0.0
cons[火电机组分段中标量约束_29_90_0],0.0
cons[火电机组分段中标量约束_29_90_1],0.0
cons[火电机组分段中标量约束_29_90_2],0.0
cons[火电机组分段中标量约束_29_90_3],0.0
cons[火电机组分段中标量约束_29_90_4],0.0
cons[火电机组分段中标量约束_29_90_5],0.0
cons[火电机组分段中标量约束_29_90_6],0.0
cons[火电机组分段中标量约束_29_90_7],0.0
cons[火电机组分段中标量约束_29_90_8],0.0
cons[火电机组分段中标量约束_29_90_9],0.0
cons[火电机组出力之和约束_29_90],0.0
cons[火电机组分段中标量约束_29_91_0],0.0
cons[火电机组分段中标量约束_29_91_1],0.0
cons[火电机组分段中标量约束_29_91_2],0.0
cons[火电机组分段中标量约束_29_91_3],0.0
cons[火电机组分段中标量约束_29_91_4],0.0
cons[火电机组分段中标量约束_29_91_5],0.0
cons[火电机组分段中标量约束_29_91_6],0.0
cons[火电机组分段中标量约束_29_91_7],0.0
cons[火电机组分段中标量约束_29_91_8],0.0
cons[火电机组分段中标量约束_29_91_9],0.0
cons[火电机组出力之和约束_29_91],0.0
cons[火电机组分段中标量约束_29_92_0],0.0
cons[火电机组分段中标量约束_29_92_1],0.0
cons[火电机组分段中标量约束_29_92_2],0.0
cons[火电机组分段中标量约束_29_92_3],0.0
cons[火电机组分段中标量约束_29_92_4],0.0
cons[火电机组分段中标量约束_29_92_5],0.0
cons[火电机组分段中标量约束_29_92_6],0.0
cons[火电机组分段中标量约束_29_92_7],0.0
cons[火电机组分段中标量约束_29_92_8],0.0
cons[火电机组分段中标量约束_29_92_9],0.0
cons[火电机组出力之和约束_29_92],0.0
cons[火电机组分段中标量约束_29_93_0],0.0
cons[火电机组分段中标量约束_29_93_1],0.0
cons[火电机组分段中标量约束_29_93_2],0.0
cons[火电机组分段中标量约束_29_93_3],0.0
cons[火电机组分段中标量约束_29_93_4],0.0
cons[火电机组分段中标量约束_29_93_5],0.0
cons[火电机组分段中标量约束_29_93_6],0.0
cons[火电机组分段中标量约束_29_93_7],0.0
cons[火电机组分段中标量约束_29_93_8],0.0
cons[火电机组分段中标量约束_29_93_9],0.0
cons[火电机组出力之和约束_29_93],0.0
cons[火电机组分段中标量约束_29_94_0],0.0
cons[火电机组分段中标量约束_29_94_1],0.0
cons[火电机组分段中标量约束_29_94_2],0.0
cons[火电机组分段中标量约束_29_94_3],0.0
cons[火电机组分段中标量约束_29_94_4],0.0
cons[火电机组分段中标量约束_29_94_5],0.0
cons[火电机组分段中标量约束_29_94_6],0.0
cons[火电机组分段中标量约束_29_94_7],0.0
cons[火电机组分段中标量约束_29_94_8],0.0
cons[火电机组分段中标量约束_29_94_9],0.0
cons[火电机组出力之和约束_29_94],0.0
cons[火电机组分段中标量约束_29_95_0],0.0
cons[火电机组分段中标量约束_29_95_1],0.0
cons[火电机组分段中标量约束_29_95_2],0.0
cons[火电机组分段中标量约束_29_95_3],0.0
cons[火电机组分段中标量约束_29_95_4],0.0
cons[火电机组分段中标量约束_29_95_5],0.0
cons[火电机组分段中标量约束_29_95_6],0.0
cons[火电机组分段中标量约束_29_95_7],0.0
cons[火电机组分段中标量约束_29_95_8],0.0
cons[火电机组分段中标量约束_29_95_9],0.0
cons[火电机组出力之和约束_29_95],0.0
cons[火电机组分段中标量约束_30_0_0],0.0
cons[火电机组分段中标量约束_30_0_1],0.0
cons[火电机组分段中标量约束_30_0_2],0.0
cons[火电机组分段中标量约束_30_0_3],0.0
cons[火电机组分段中标量约束_30_0_4],0.0
cons[火电机组分段中标量约束_30_0_5],0.0
cons[火电机组分段中标量约束_30_0_6],0.0
cons[火电机组分段中标量约束_30_0_7],0.0
cons[火电机组分段中标量约束_30_0_8],0.0
cons[火电机组分段中标量约束_30_0_9],0.0
cons[火电机组出力之和约束_30_0],0.0
cons[火电机组分段中标量约束_30_1_0],0.0
cons[火电机组分段中标量约束_30_1_1],0.0
cons[火电机组分段中标量约束_30_1_2],0.0
cons[火电机组分段中标量约束_30_1_3],0.0
cons[火电机组分段中标量约束_30_1_4],0.0
cons[火电机组分段中标量约束_30_1_5],0.0
cons[火电机组分段中标量约束_30_1_6],0.0
cons[火电机组分段中标量约束_30_1_7],0.0
cons[火电机组分段中标量约束_30_1_8],0.0
cons[火电机组分段中标量约束_30_1_9],0.0
cons[火电机组出力之和约束_30_1],0.0
cons[火电机组分段中标量约束_30_2_0],0.0
cons[火电机组分段中标量约束_30_2_1],0.0
cons[火电机组分段中标量约束_30_2_2],0.0
cons[火电机组分段中标量约束_30_2_3],0.0
cons[火电机组分段中标量约束_30_2_4],0.0
cons[火电机组分段中标量约束_30_2_5],0.0
cons[火电机组分段中标量约束_30_2_6],0.0
cons[火电机组分段中标量约束_30_2_7],0.0
cons[火电机组分段中标量约束_30_2_8],0.0
cons[火电机组分段中标量约束_30_2_9],0.0
cons[火电机组出力之和约束_30_2],0.0
cons[火电机组分段中标量约束_30_3_0],0.0
cons[火电机组分段中标量约束_30_3_1],0.0
cons[火电机组分段中标量约束_30_3_2],0.0
cons[火电机组分段中标量约束_30_3_3],0.0
cons[火电机组分段中标量约束_30_3_4],0.0
cons[火电机组分段中标量约束_30_3_5],0.0
cons[火电机组分段中标量约束_30_3_6],0.0
cons[火电机组分段中标量约束_30_3_7],0.0
cons[火电机组分段中标量约束_30_3_8],0.0
cons[火电机组分段中标量约束_30_3_9],0.0
cons[火电机组出力之和约束_30_3],0.0
cons[火电机组分段中标量约束_30_4_0],0.0
cons[火电机组分段中标量约束_30_4_1],0.0
cons[火电机组分段中标量约束_30_4_2],0.0
cons[火电机组分段中标量约束_30_4_3],0.0
cons[火电机组分段中标量约束_30_4_4],0.0
cons[火电机组分段中标量约束_30_4_5],0.0
cons[火电机组分段中标量约束_30_4_6],0.0
cons[火电机组分段中标量约束_30_4_7],0.0
cons[火电机组分段中标量约束_30_4_8],0.0
cons[火电机组分段中标量约束_30_4_9],0.0
cons[火电机组出力之和约束_30_4],0.0
cons[火电机组分段中标量约束_30_5_0],0.0
cons[火电机组分段中标量约束_30_5_1],0.0
cons[火电机组分段中标量约束_30_5_2],0.0
cons[火电机组分段中标量约束_30_5_3],0.0
cons[火电机组分段中标量约束_30_5_4],0.0
cons[火电机组分段中标量约束_30_5_5],0.0
cons[火电机组分段中标量约束_30_5_6],0.0
cons[火电机组分段中标量约束_30_5_7],0.0
cons[火电机组分段中标量约束_30_5_8],0.0
cons[火电机组分段中标量约束_30_5_9],0.0
cons[火电机组出力之和约束_30_5],0.0
cons[火电机组分段中标量约束_30_6_0],0.0
cons[火电机组分段中标量约束_30_6_1],0.0
cons[火电机组分段中标量约束_30_6_2],0.0
cons[火电机组分段中标量约束_30_6_3],0.0
cons[火电机组分段中标量约束_30_6_4],0.0
cons[火电机组分段中标量约束_30_6_5],0.0
cons[火电机组分段中标量约束_30_6_6],0.0
cons[火电机组分段中标量约束_30_6_7],0.0
cons[火电机组分段中标量约束_30_6_8],0.0
cons[火电机组分段中标量约束_30_6_9],0.0
cons[火电机组出力之和约束_30_6],0.0
cons[火电机组分段中标量约束_30_7_0],0.0
cons[火电机组分段中标量约束_30_7_1],0.0
cons[火电机组分段中标量约束_30_7_2],0.0
cons[火电机组分段中标量约束_30_7_3],0.0
cons[火电机组分段中标量约束_30_7_4],0.0
cons[火电机组分段中标量约束_30_7_5],0.0
cons[火电机组分段中标量约束_30_7_6],0.0
cons[火电机组分段中标量约束_30_7_7],0.0
cons[火电机组分段中标量约束_30_7_8],0.0
cons[火电机组分段中标量约束_30_7_9],0.0
cons[火电机组出力之和约束_30_7],0.0
cons[火电机组分段中标量约束_30_8_0],0.0
cons[火电机组分段中标量约束_30_8_1],0.0
cons[火电机组分段中标量约束_30_8_2],0.0
cons[火电机组分段中标量约束_30_8_3],0.0
cons[火电机组分段中标量约束_30_8_4],0.0
cons[火电机组分段中标量约束_30_8_5],0.0
cons[火电机组分段中标量约束_30_8_6],0.0
cons[火电机组分段中标量约束_30_8_7],0.0
cons[火电机组分段中标量约束_30_8_8],0.0
cons[火电机组分段中标量约束_30_8_9],0.0
cons[火电机组出力之和约束_30_8],0.0
cons[火电机组分段中标量约束_30_9_0],0.0
cons[火电机组分段中标量约束_30_9_1],0.0
cons[火电机组分段中标量约束_30_9_2],0.0
cons[火电机组分段中标量约束_30_9_3],0.0
cons[火电机组分段中标量约束_30_9_4],0.0
cons[火电机组分段中标量约束_30_9_5],0.0
cons[火电机组分段中标量约束_30_9_6],0.0
cons[火电机组分段中标量约束_30_9_7],0.0
cons[火电机组分段中标量约束_30_9_8],0.0
cons[火电机组分段中标量约束_30_9_9],0.0
cons[火电机组出力之和约束_30_9],0.0
cons[火电机组分段中标量约束_30_10_0],0.0
cons[火电机组分段中标量约束_30_10_1],0.0
cons[火电机组分段中标量约束_30_10_2],0.0
cons[火电机组分段中标量约束_30_10_3],0.0
cons[火电机组分段中标量约束_30_10_4],0.0
cons[火电机组分段中标量约束_30_10_5],0.0
cons[火电机组分段中标量约束_30_10_6],0.0
cons[火电机组分段中标量约束_30_10_7],0.0
cons[火电机组分段中标量约束_30_10_8],0.0
cons[火电机组分段中标量约束_30_10_9],0.0
cons[火电机组出力之和约束_30_10],0.0
cons[火电机组分段中标量约束_30_11_0],0.0
cons[火电机组分段中标量约束_30_11_1],0.0
cons[火电机组分段中标量约束_30_11_2],0.0
cons[火电机组分段中标量约束_30_11_3],0.0
cons[火电机组分段中标量约束_30_11_4],0.0
cons[火电机组分段中标量约束_30_11_5],0.0
cons[火电机组分段中标量约束_30_11_6],0.0
cons[火电机组分段中标量约束_30_11_7],0.0
cons[火电机组分段中标量约束_30_11_8],0.0
cons[火电机组分段中标量约束_30_11_9],0.0
cons[火电机组出力之和约束_30_11],0.0
cons[火电机组分段中标量约束_30_12_0],0.0
cons[火电机组分段中标量约束_30_12_1],0.0
cons[火电机组分段中标量约束_30_12_2],0.0
cons[火电机组分段中标量约束_30_12_3],0.0
cons[火电机组分段中标量约束_30_12_4],0.0
cons[火电机组分段中标量约束_30_12_5],0.0
cons[火电机组分段中标量约束_30_12_6],0.0
cons[火电机组分段中标量约束_30_12_7],0.0
cons[火电机组分段中标量约束_30_12_8],0.0
cons[火电机组分段中标量约束_30_12_9],0.0
cons[火电机组出力之和约束_30_12],0.0
cons[火电机组分段中标量约束_30_13_0],0.0
cons[火电机组分段中标量约束_30_13_1],0.0
cons[火电机组分段中标量约束_30_13_2],0.0
cons[火电机组分段中标量约束_30_13_3],0.0
cons[火电机组分段中标量约束_30_13_4],0.0
cons[火电机组分段中标量约束_30_13_5],0.0
cons[火电机组分段中标量约束_30_13_6],0.0
cons[火电机组分段中标量约束_30_13_7],0.0
cons[火电机组分段中标量约束_30_13_8],0.0
cons[火电机组分段中标量约束_30_13_9],0.0
cons[火电机组出力之和约束_30_13],0.0
cons[火电机组分段中标量约束_30_14_0],0.0
cons[火电机组分段中标量约束_30_14_1],0.0
cons[火电机组分段中标量约束_30_14_2],0.0
cons[火电机组分段中标量约束_30_14_3],0.0
cons[火电机组分段中标量约束_30_14_4],0.0
cons[火电机组分段中标量约束_30_14_5],0.0
cons[火电机组分段中标量约束_30_14_6],0.0
cons[火电机组分段中标量约束_30_14_7],0.0
cons[火电机组分段中标量约束_30_14_8],0.0
cons[火电机组分段中标量约束_30_14_9],0.0
cons[火电机组出力之和约束_30_14],0.0
cons[火电机组分段中标量约束_30_15_0],0.0
cons[火电机组分段中标量约束_30_15_1],0.0
cons[火电机组分段中标量约束_30_15_2],0.0
cons[火电机组分段中标量约束_30_15_3],0.0
cons[火电机组分段中标量约束_30_15_4],0.0
cons[火电机组分段中标量约束_30_15_5],0.0
cons[火电机组分段中标量约束_30_15_6],0.0
cons[火电机组分段中标量约束_30_15_7],0.0
cons[火电机组分段中标量约束_30_15_8],0.0
cons[火电机组分段中标量约束_30_15_9],0.0
cons[火电机组出力之和约束_30_15],0.0
cons[火电机组分段中标量约束_30_16_0],0.0
cons[火电机组分段中标量约束_30_16_1],0.0
cons[火电机组分段中标量约束_30_16_2],0.0
cons[火电机组分段中标量约束_30_16_3],0.0
cons[火电机组分段中标量约束_30_16_4],0.0
cons[火电机组分段中标量约束_30_16_5],0.0
cons[火电机组分段中标量约束_30_16_6],0.0
cons[火电机组分段中标量约束_30_16_7],0.0
cons[火电机组分段中标量约束_30_16_8],0.0
cons[火电机组分段中标量约束_30_16_9],0.0
cons[火电机组出力之和约束_30_16],0.0
cons[火电机组分段中标量约束_30_17_0],0.0
cons[火电机组分段中标量约束_30_17_1],0.0
cons[火电机组分段中标量约束_30_17_2],0.0
cons[火电机组分段中标量约束_30_17_3],0.0
cons[火电机组分段中标量约束_30_17_4],0.0
cons[火电机组分段中标量约束_30_17_5],0.0
cons[火电机组分段中标量约束_30_17_6],0.0
cons[火电机组分段中标量约束_30_17_7],0.0
cons[火电机组分段中标量约束_30_17_8],0.0
cons[火电机组分段中标量约束_30_17_9],0.0
cons[火电机组出力之和约束_30_17],0.0
cons[火电机组分段中标量约束_30_18_0],0.0
cons[火电机组分段中标量约束_30_18_1],0.0
cons[火电机组分段中标量约束_30_18_2],0.0
cons[火电机组分段中标量约束_30_18_3],0.0
cons[火电机组分段中标量约束_30_18_4],0.0
cons[火电机组分段中标量约束_30_18_5],0.0
cons[火电机组分段中标量约束_30_18_6],0.0
cons[火电机组分段中标量约束_30_18_7],0.0
cons[火电机组分段中标量约束_30_18_8],0.0
cons[火电机组分段中标量约束_30_18_9],0.0
cons[火电机组出力之和约束_30_18],0.0
cons[火电机组分段中标量约束_30_19_0],0.0
cons[火电机组分段中标量约束_30_19_1],0.0
cons[火电机组分段中标量约束_30_19_2],0.0
cons[火电机组分段中标量约束_30_19_3],0.0
cons[火电机组分段中标量约束_30_19_4],0.0
cons[火电机组分段中标量约束_30_19_5],0.0
cons[火电机组分段中标量约束_30_19_6],0.0
cons[火电机组分段中标量约束_30_19_7],0.0
cons[火电机组分段中标量约束_30_19_8],0.0
cons[火电机组分段中标量约束_30_19_9],0.0
cons[火电机组出力之和约束_30_19],0.0
cons[火电机组分段中标量约束_30_20_0],0.0
cons[火电机组分段中标量约束_30_20_1],0.0
cons[火电机组分段中标量约束_30_20_2],0.0
cons[火电机组分段中标量约束_30_20_3],0.0
cons[火电机组分段中标量约束_30_20_4],0.0
cons[火电机组分段中标量约束_30_20_5],0.0
cons[火电机组分段中标量约束_30_20_6],0.0
cons[火电机组分段中标量约束_30_20_7],0.0
cons[火电机组分段中标量约束_30_20_8],0.0
cons[火电机组分段中标量约束_30_20_9],0.0
cons[火电机组出力之和约束_30_20],0.0
cons[火电机组分段中标量约束_30_21_0],0.0
cons[火电机组分段中标量约束_30_21_1],0.0
cons[火电机组分段中标量约束_30_21_2],0.0
cons[火电机组分段中标量约束_30_21_3],0.0
cons[火电机组分段中标量约束_30_21_4],0.0
cons[火电机组分段中标量约束_30_21_5],0.0
cons[火电机组分段中标量约束_30_21_6],0.0
cons[火电机组分段中标量约束_30_21_7],0.0
cons[火电机组分段中标量约束_30_21_8],0.0
cons[火电机组分段中标量约束_30_21_9],0.0
cons[火电机组出力之和约束_30_21],0.0
cons[火电机组分段中标量约束_30_22_0],0.0
cons[火电机组分段中标量约束_30_22_1],0.0
cons[火电机组分段中标量约束_30_22_2],0.0
cons[火电机组分段中标量约束_30_22_3],0.0
cons[火电机组分段中标量约束_30_22_4],0.0
cons[火电机组分段中标量约束_30_22_5],0.0
cons[火电机组分段中标量约束_30_22_6],0.0
cons[火电机组分段中标量约束_30_22_7],0.0
cons[火电机组分段中标量约束_30_22_8],0.0
cons[火电机组分段中标量约束_30_22_9],0.0
cons[火电机组出力之和约束_30_22],0.0
cons[火电机组分段中标量约束_30_23_0],0.0
cons[火电机组分段中标量约束_30_23_1],0.0
cons[火电机组分段中标量约束_30_23_2],0.0
cons[火电机组分段中标量约束_30_23_3],0.0
cons[火电机组分段中标量约束_30_23_4],0.0
cons[火电机组分段中标量约束_30_23_5],0.0
cons[火电机组分段中标量约束_30_23_6],0.0
cons[火电机组分段中标量约束_30_23_7],0.0
cons[火电机组分段中标量约束_30_23_8],0.0
cons[火电机组分段中标量约束_30_23_9],0.0
cons[火电机组出力之和约束_30_23],0.0
cons[火电机组分段中标量约束_30_24_0],0.0
cons[火电机组分段中标量约束_30_24_1],0.0
cons[火电机组分段中标量约束_30_24_2],0.0
cons[火电机组分段中标量约束_30_24_3],0.0
cons[火电机组分段中标量约束_30_24_4],0.0
cons[火电机组分段中标量约束_30_24_5],0.0
cons[火电机组分段中标量约束_30_24_6],0.0
cons[火电机组分段中标量约束_30_24_7],0.0
cons[火电机组分段中标量约束_30_24_8],0.0
cons[火电机组分段中标量约束_30_24_9],0.0
cons[火电机组出力之和约束_30_24],0.0
cons[火电机组分段中标量约束_30_25_0],0.0
cons[火电机组分段中标量约束_30_25_1],0.0
cons[火电机组分段中标量约束_30_25_2],0.0
cons[火电机组分段中标量约束_30_25_3],0.0
cons[火电机组分段中标量约束_30_25_4],0.0
cons[火电机组分段中标量约束_30_25_5],0.0
cons[火电机组分段中标量约束_30_25_6],0.0
cons[火电机组分段中标量约束_30_25_7],0.0
cons[火电机组分段中标量约束_30_25_8],0.0
cons[火电机组分段中标量约束_30_25_9],0.0
cons[火电机组出力之和约束_30_25],0.0
cons[火电机组分段中标量约束_30_26_0],0.0
cons[火电机组分段中标量约束_30_26_1],0.0
cons[火电机组分段中标量约束_30_26_2],0.0
cons[火电机组分段中标量约束_30_26_3],0.0
cons[火电机组分段中标量约束_30_26_4],0.0
cons[火电机组分段中标量约束_30_26_5],0.0
cons[火电机组分段中标量约束_30_26_6],0.0
cons[火电机组分段中标量约束_30_26_7],0.0
cons[火电机组分段中标量约束_30_26_8],0.0
cons[火电机组分段中标量约束_30_26_9],0.0
cons[火电机组出力之和约束_30_26],0.0
cons[火电机组分段中标量约束_30_27_0],0.0
cons[火电机组分段中标量约束_30_27_1],0.0
cons[火电机组分段中标量约束_30_27_2],0.0
cons[火电机组分段中标量约束_30_27_3],0.0
cons[火电机组分段中标量约束_30_27_4],0.0
cons[火电机组分段中标量约束_30_27_5],0.0
cons[火电机组分段中标量约束_30_27_6],0.0
cons[火电机组分段中标量约束_30_27_7],0.0
cons[火电机组分段中标量约束_30_27_8],0.0
cons[火电机组分段中标量约束_30_27_9],0.0
cons[火电机组出力之和约束_30_27],0.0
cons[火电机组分段中标量约束_30_28_0],0.0
cons[火电机组分段中标量约束_30_28_1],0.0
cons[火电机组分段中标量约束_30_28_2],0.0
cons[火电机组分段中标量约束_30_28_3],0.0
cons[火电机组分段中标量约束_30_28_4],0.0
cons[火电机组分段中标量约束_30_28_5],0.0
cons[火电机组分段中标量约束_30_28_6],0.0
cons[火电机组分段中标量约束_30_28_7],0.0
cons[火电机组分段中标量约束_30_28_8],0.0
cons[火电机组分段中标量约束_30_28_9],0.0
cons[火电机组出力之和约束_30_28],0.0
cons[火电机组分段中标量约束_30_29_0],0.0
cons[火电机组分段中标量约束_30_29_1],0.0
cons[火电机组分段中标量约束_30_29_2],0.0
cons[火电机组分段中标量约束_30_29_3],0.0
cons[火电机组分段中标量约束_30_29_4],0.0
cons[火电机组分段中标量约束_30_29_5],0.0
cons[火电机组分段中标量约束_30_29_6],0.0
cons[火电机组分段中标量约束_30_29_7],0.0
cons[火电机组分段中标量约束_30_29_8],0.0
cons[火电机组分段中标量约束_30_29_9],0.0
cons[火电机组出力之和约束_30_29],0.0
cons[火电机组分段中标量约束_30_30_0],0.0
cons[火电机组分段中标量约束_30_30_1],0.0
cons[火电机组分段中标量约束_30_30_2],0.0
cons[火电机组分段中标量约束_30_30_3],0.0
cons[火电机组分段中标量约束_30_30_4],0.0
cons[火电机组分段中标量约束_30_30_5],0.0
cons[火电机组分段中标量约束_30_30_6],0.0
cons[火电机组分段中标量约束_30_30_7],0.0
cons[火电机组分段中标量约束_30_30_8],0.0
cons[火电机组分段中标量约束_30_30_9],0.0
cons[火电机组出力之和约束_30_30],0.0
cons[火电机组分段中标量约束_30_31_0],0.0
cons[火电机组分段中标量约束_30_31_1],0.0
cons[火电机组分段中标量约束_30_31_2],0.0
cons[火电机组分段中标量约束_30_31_3],0.0
cons[火电机组分段中标量约束_30_31_4],0.0
cons[火电机组分段中标量约束_30_31_5],0.0
cons[火电机组分段中标量约束_30_31_6],0.0
cons[火电机组分段中标量约束_30_31_7],0.0
cons[火电机组分段中标量约束_30_31_8],0.0
cons[火电机组分段中标量约束_30_31_9],0.0
cons[火电机组出力之和约束_30_31],0.0
cons[火电机组分段中标量约束_30_32_0],0.0
cons[火电机组分段中标量约束_30_32_1],0.0
cons[火电机组分段中标量约束_30_32_2],0.0
cons[火电机组分段中标量约束_30_32_3],0.0
cons[火电机组分段中标量约束_30_32_4],0.0
cons[火电机组分段中标量约束_30_32_5],0.0
cons[火电机组分段中标量约束_30_32_6],0.0
cons[火电机组分段中标量约束_30_32_7],0.0
cons[火电机组分段中标量约束_30_32_8],0.0
cons[火电机组分段中标量约束_30_32_9],0.0
cons[火电机组出力之和约束_30_32],0.0
cons[火电机组分段中标量约束_30_33_0],0.0
cons[火电机组分段中标量约束_30_33_1],0.0
cons[火电机组分段中标量约束_30_33_2],0.0
cons[火电机组分段中标量约束_30_33_3],0.0
cons[火电机组分段中标量约束_30_33_4],0.0
cons[火电机组分段中标量约束_30_33_5],0.0
cons[火电机组分段中标量约束_30_33_6],0.0
cons[火电机组分段中标量约束_30_33_7],0.0
cons[火电机组分段中标量约束_30_33_8],0.0
cons[火电机组分段中标量约束_30_33_9],0.0
cons[火电机组出力之和约束_30_33],0.0
cons[火电机组分段中标量约束_30_34_0],0.0
cons[火电机组分段中标量约束_30_34_1],0.0
cons[火电机组分段中标量约束_30_34_2],0.0
cons[火电机组分段中标量约束_30_34_3],0.0
cons[火电机组分段中标量约束_30_34_4],0.0
cons[火电机组分段中标量约束_30_34_5],0.0
cons[火电机组分段中标量约束_30_34_6],0.0
cons[火电机组分段中标量约束_30_34_7],0.0
cons[火电机组分段中标量约束_30_34_8],0.0
cons[火电机组分段中标量约束_30_34_9],0.0
cons[火电机组出力之和约束_30_34],0.0
cons[火电机组分段中标量约束_30_35_0],0.0
cons[火电机组分段中标量约束_30_35_1],0.0
cons[火电机组分段中标量约束_30_35_2],0.0
cons[火电机组分段中标量约束_30_35_3],0.0
cons[火电机组分段中标量约束_30_35_4],0.0
cons[火电机组分段中标量约束_30_35_5],0.0
cons[火电机组分段中标量约束_30_35_6],0.0
cons[火电机组分段中标量约束_30_35_7],0.0
cons[火电机组分段中标量约束_30_35_8],0.0
cons[火电机组分段中标量约束_30_35_9],0.0
cons[火电机组出力之和约束_30_35],0.0
cons[火电机组分段中标量约束_30_36_0],0.0
cons[火电机组分段中标量约束_30_36_1],0.0
cons[火电机组分段中标量约束_30_36_2],0.0
cons[火电机组分段中标量约束_30_36_3],0.0
cons[火电机组分段中标量约束_30_36_4],0.0
cons[火电机组分段中标量约束_30_36_5],0.0
cons[火电机组分段中标量约束_30_36_6],0.0
cons[火电机组分段中标量约束_30_36_7],0.0
cons[火电机组分段中标量约束_30_36_8],0.0
cons[火电机组分段中标量约束_30_36_9],0.0
cons[火电机组出力之和约束_30_36],0.0
cons[火电机组分段中标量约束_30_37_0],0.0
cons[火电机组分段中标量约束_30_37_1],0.0
cons[火电机组分段中标量约束_30_37_2],0.0
cons[火电机组分段中标量约束_30_37_3],0.0
cons[火电机组分段中标量约束_30_37_4],0.0
cons[火电机组分段中标量约束_30_37_5],0.0
cons[火电机组分段中标量约束_30_37_6],0.0
cons[火电机组分段中标量约束_30_37_7],0.0
cons[火电机组分段中标量约束_30_37_8],0.0
cons[火电机组分段中标量约束_30_37_9],0.0
cons[火电机组出力之和约束_30_37],0.0
cons[火电机组分段中标量约束_30_38_0],0.0
cons[火电机组分段中标量约束_30_38_1],0.0
cons[火电机组分段中标量约束_30_38_2],0.0
cons[火电机组分段中标量约束_30_38_3],0.0
cons[火电机组分段中标量约束_30_38_4],0.0
cons[火电机组分段中标量约束_30_38_5],0.0
cons[火电机组分段中标量约束_30_38_6],0.0
cons[火电机组分段中标量约束_30_38_7],0.0
cons[火电机组分段中标量约束_30_38_8],0.0
cons[火电机组分段中标量约束_30_38_9],0.0
cons[火电机组出力之和约束_30_38],0.0
cons[火电机组分段中标量约束_30_39_0],0.0
cons[火电机组分段中标量约束_30_39_1],0.0
cons[火电机组分段中标量约束_30_39_2],0.0
cons[火电机组分段中标量约束_30_39_3],0.0
cons[火电机组分段中标量约束_30_39_4],0.0
cons[火电机组分段中标量约束_30_39_5],0.0
cons[火电机组分段中标量约束_30_39_6],0.0
cons[火电机组分段中标量约束_30_39_7],0.0
cons[火电机组分段中标量约束_30_39_8],0.0
cons[火电机组分段中标量约束_30_39_9],0.0
cons[火电机组出力之和约束_30_39],0.0
cons[火电机组分段中标量约束_30_40_0],0.0
cons[火电机组分段中标量约束_30_40_1],0.0
cons[火电机组分段中标量约束_30_40_2],0.0
cons[火电机组分段中标量约束_30_40_3],0.0
cons[火电机组分段中标量约束_30_40_4],0.0
cons[火电机组分段中标量约束_30_40_5],0.0
cons[火电机组分段中标量约束_30_40_6],0.0
cons[火电机组分段中标量约束_30_40_7],0.0
cons[火电机组分段中标量约束_30_40_8],0.0
cons[火电机组分段中标量约束_30_40_9],0.0
cons[火电机组出力之和约束_30_40],0.0
cons[火电机组分段中标量约束_30_41_0],0.0
cons[火电机组分段中标量约束_30_41_1],0.0
cons[火电机组分段中标量约束_30_41_2],0.0
cons[火电机组分段中标量约束_30_41_3],0.0
cons[火电机组分段中标量约束_30_41_4],0.0
cons[火电机组分段中标量约束_30_41_5],0.0
cons[火电机组分段中标量约束_30_41_6],0.0
cons[火电机组分段中标量约束_30_41_7],0.0
cons[火电机组分段中标量约束_30_41_8],0.0
cons[火电机组分段中标量约束_30_41_9],0.0
cons[火电机组出力之和约束_30_41],0.0
cons[火电机组分段中标量约束_30_42_0],0.0
cons[火电机组分段中标量约束_30_42_1],0.0
cons[火电机组分段中标量约束_30_42_2],0.0
cons[火电机组分段中标量约束_30_42_3],0.0
cons[火电机组分段中标量约束_30_42_4],0.0
cons[火电机组分段中标量约束_30_42_5],0.0
cons[火电机组分段中标量约束_30_42_6],0.0
cons[火电机组分段中标量约束_30_42_7],0.0
cons[火电机组分段中标量约束_30_42_8],0.0
cons[火电机组分段中标量约束_30_42_9],0.0
cons[火电机组出力之和约束_30_42],0.0
cons[火电机组分段中标量约束_30_43_0],0.0
cons[火电机组分段中标量约束_30_43_1],0.0
cons[火电机组分段中标量约束_30_43_2],0.0
cons[火电机组分段中标量约束_30_43_3],0.0
cons[火电机组分段中标量约束_30_43_4],0.0
cons[火电机组分段中标量约束_30_43_5],0.0
cons[火电机组分段中标量约束_30_43_6],0.0
cons[火电机组分段中标量约束_30_43_7],0.0
cons[火电机组分段中标量约束_30_43_8],0.0
cons[火电机组分段中标量约束_30_43_9],0.0
cons[火电机组出力之和约束_30_43],0.0
cons[火电机组分段中标量约束_30_44_0],0.0
cons[火电机组分段中标量约束_30_44_1],0.0
cons[火电机组分段中标量约束_30_44_2],0.0
cons[火电机组分段中标量约束_30_44_3],0.0
cons[火电机组分段中标量约束_30_44_4],0.0
cons[火电机组分段中标量约束_30_44_5],0.0
cons[火电机组分段中标量约束_30_44_6],0.0
cons[火电机组分段中标量约束_30_44_7],0.0
cons[火电机组分段中标量约束_30_44_8],0.0
cons[火电机组分段中标量约束_30_44_9],0.0
cons[火电机组出力之和约束_30_44],0.0
cons[火电机组分段中标量约束_30_45_0],0.0
cons[火电机组分段中标量约束_30_45_1],0.0
cons[火电机组分段中标量约束_30_45_2],0.0
cons[火电机组分段中标量约束_30_45_3],0.0
cons[火电机组分段中标量约束_30_45_4],0.0
cons[火电机组分段中标量约束_30_45_5],0.0
cons[火电机组分段中标量约束_30_45_6],0.0
cons[火电机组分段中标量约束_30_45_7],0.0
cons[火电机组分段中标量约束_30_45_8],0.0
cons[火电机组分段中标量约束_30_45_9],0.0
cons[火电机组出力之和约束_30_45],0.0
cons[火电机组分段中标量约束_30_46_0],0.0
cons[火电机组分段中标量约束_30_46_1],0.0
cons[火电机组分段中标量约束_30_46_2],0.0
cons[火电机组分段中标量约束_30_46_3],0.0
cons[火电机组分段中标量约束_30_46_4],0.0
cons[火电机组分段中标量约束_30_46_5],0.0
cons[火电机组分段中标量约束_30_46_6],0.0
cons[火电机组分段中标量约束_30_46_7],0.0
cons[火电机组分段中标量约束_30_46_8],0.0
cons[火电机组分段中标量约束_30_46_9],0.0
cons[火电机组出力之和约束_30_46],0.0
cons[火电机组分段中标量约束_30_47_0],0.0
cons[火电机组分段中标量约束_30_47_1],0.0
cons[火电机组分段中标量约束_30_47_2],0.0
cons[火电机组分段中标量约束_30_47_3],0.0
cons[火电机组分段中标量约束_30_47_4],0.0
cons[火电机组分段中标量约束_30_47_5],0.0
cons[火电机组分段中标量约束_30_47_6],0.0
cons[火电机组分段中标量约束_30_47_7],0.0
cons[火电机组分段中标量约束_30_47_8],0.0
cons[火电机组分段中标量约束_30_47_9],0.0
cons[火电机组出力之和约束_30_47],0.0
cons[火电机组分段中标量约束_30_48_0],0.0
cons[火电机组分段中标量约束_30_48_1],0.0
cons[火电机组分段中标量约束_30_48_2],0.0
cons[火电机组分段中标量约束_30_48_3],0.0
cons[火电机组分段中标量约束_30_48_4],0.0
cons[火电机组分段中标量约束_30_48_5],0.0
cons[火电机组分段中标量约束_30_48_6],0.0
cons[火电机组分段中标量约束_30_48_7],0.0
cons[火电机组分段中标量约束_30_48_8],0.0
cons[火电机组分段中标量约束_30_48_9],0.0
cons[火电机组出力之和约束_30_48],0.0
cons[火电机组分段中标量约束_30_49_0],0.0
cons[火电机组分段中标量约束_30_49_1],0.0
cons[火电机组分段中标量约束_30_49_2],0.0
cons[火电机组分段中标量约束_30_49_3],0.0
cons[火电机组分段中标量约束_30_49_4],0.0
cons[火电机组分段中标量约束_30_49_5],0.0
cons[火电机组分段中标量约束_30_49_6],0.0
cons[火电机组分段中标量约束_30_49_7],0.0
cons[火电机组分段中标量约束_30_49_8],0.0
cons[火电机组分段中标量约束_30_49_9],0.0
cons[火电机组出力之和约束_30_49],0.0
cons[火电机组分段中标量约束_30_50_0],0.0
cons[火电机组分段中标量约束_30_50_1],0.0
cons[火电机组分段中标量约束_30_50_2],0.0
cons[火电机组分段中标量约束_30_50_3],0.0
cons[火电机组分段中标量约束_30_50_4],0.0
cons[火电机组分段中标量约束_30_50_5],0.0
cons[火电机组分段中标量约束_30_50_6],0.0
cons[火电机组分段中标量约束_30_50_7],0.0
cons[火电机组分段中标量约束_30_50_8],0.0
cons[火电机组分段中标量约束_30_50_9],0.0
cons[火电机组出力之和约束_30_50],0.0
cons[火电机组分段中标量约束_30_51_0],0.0
cons[火电机组分段中标量约束_30_51_1],0.0
cons[火电机组分段中标量约束_30_51_2],0.0
cons[火电机组分段中标量约束_30_51_3],0.0
cons[火电机组分段中标量约束_30_51_4],0.0
cons[火电机组分段中标量约束_30_51_5],0.0
cons[火电机组分段中标量约束_30_51_6],0.0
cons[火电机组分段中标量约束_30_51_7],0.0
cons[火电机组分段中标量约束_30_51_8],0.0
cons[火电机组分段中标量约束_30_51_9],0.0
cons[火电机组出力之和约束_30_51],0.0
cons[火电机组分段中标量约束_30_52_0],0.0
cons[火电机组分段中标量约束_30_52_1],0.0
cons[火电机组分段中标量约束_30_52_2],0.0
cons[火电机组分段中标量约束_30_52_3],0.0
cons[火电机组分段中标量约束_30_52_4],0.0
cons[火电机组分段中标量约束_30_52_5],0.0
cons[火电机组分段中标量约束_30_52_6],0.0
cons[火电机组分段中标量约束_30_52_7],0.0
cons[火电机组分段中标量约束_30_52_8],0.0
cons[火电机组分段中标量约束_30_52_9],0.0
cons[火电机组出力之和约束_30_52],0.0
cons[火电机组分段中标量约束_30_53_0],0.0
cons[火电机组分段中标量约束_30_53_1],0.0
cons[火电机组分段中标量约束_30_53_2],0.0
cons[火电机组分段中标量约束_30_53_3],0.0
cons[火电机组分段中标量约束_30_53_4],0.0
cons[火电机组分段中标量约束_30_53_5],0.0
cons[火电机组分段中标量约束_30_53_6],0.0
cons[火电机组分段中标量约束_30_53_7],0.0
cons[火电机组分段中标量约束_30_53_8],0.0
cons[火电机组分段中标量约束_30_53_9],0.0
cons[火电机组出力之和约束_30_53],0.0
cons[火电机组分段中标量约束_30_54_0],0.0
cons[火电机组分段中标量约束_30_54_1],0.0
cons[火电机组分段中标量约束_30_54_2],0.0
cons[火电机组分段中标量约束_30_54_3],0.0
cons[火电机组分段中标量约束_30_54_4],0.0
cons[火电机组分段中标量约束_30_54_5],0.0
cons[火电机组分段中标量约束_30_54_6],0.0
cons[火电机组分段中标量约束_30_54_7],0.0
cons[火电机组分段中标量约束_30_54_8],0.0
cons[火电机组分段中标量约束_30_54_9],0.0
cons[火电机组出力之和约束_30_54],0.0
cons[火电机组分段中标量约束_30_55_0],0.0
cons[火电机组分段中标量约束_30_55_1],0.0
cons[火电机组分段中标量约束_30_55_2],0.0
cons[火电机组分段中标量约束_30_55_3],0.0
cons[火电机组分段中标量约束_30_55_4],0.0
cons[火电机组分段中标量约束_30_55_5],0.0
cons[火电机组分段中标量约束_30_55_6],0.0
cons[火电机组分段中标量约束_30_55_7],0.0
cons[火电机组分段中标量约束_30_55_8],0.0
cons[火电机组分段中标量约束_30_55_9],0.0
cons[火电机组出力之和约束_30_55],0.0
cons[火电机组分段中标量约束_30_56_0],0.0
cons[火电机组分段中标量约束_30_56_1],0.0
cons[火电机组分段中标量约束_30_56_2],0.0
cons[火电机组分段中标量约束_30_56_3],0.0
cons[火电机组分段中标量约束_30_56_4],0.0
cons[火电机组分段中标量约束_30_56_5],0.0
cons[火电机组分段中标量约束_30_56_6],0.0
cons[火电机组分段中标量约束_30_56_7],0.0
cons[火电机组分段中标量约束_30_56_8],0.0
cons[火电机组分段中标量约束_30_56_9],0.0
cons[火电机组出力之和约束_30_56],0.0
cons[火电机组分段中标量约束_30_57_0],0.0
cons[火电机组分段中标量约束_30_57_1],0.0
cons[火电机组分段中标量约束_30_57_2],0.0
cons[火电机组分段中标量约束_30_57_3],0.0
cons[火电机组分段中标量约束_30_57_4],0.0
cons[火电机组分段中标量约束_30_57_5],0.0
cons[火电机组分段中标量约束_30_57_6],0.0
cons[火电机组分段中标量约束_30_57_7],0.0
cons[火电机组分段中标量约束_30_57_8],0.0
cons[火电机组分段中标量约束_30_57_9],0.0
cons[火电机组出力之和约束_30_57],0.0
cons[火电机组分段中标量约束_30_58_0],0.0
cons[火电机组分段中标量约束_30_58_1],0.0
cons[火电机组分段中标量约束_30_58_2],0.0
cons[火电机组分段中标量约束_30_58_3],0.0
cons[火电机组分段中标量约束_30_58_4],0.0
cons[火电机组分段中标量约束_30_58_5],0.0
cons[火电机组分段中标量约束_30_58_6],0.0
cons[火电机组分段中标量约束_30_58_7],0.0
cons[火电机组分段中标量约束_30_58_8],0.0
cons[火电机组分段中标量约束_30_58_9],0.0
cons[火电机组出力之和约束_30_58],0.0
cons[火电机组分段中标量约束_30_59_0],0.0
cons[火电机组分段中标量约束_30_59_1],0.0
cons[火电机组分段中标量约束_30_59_2],0.0
cons[火电机组分段中标量约束_30_59_3],0.0
cons[火电机组分段中标量约束_30_59_4],0.0
cons[火电机组分段中标量约束_30_59_5],0.0
cons[火电机组分段中标量约束_30_59_6],0.0
cons[火电机组分段中标量约束_30_59_7],0.0
cons[火电机组分段中标量约束_30_59_8],0.0
cons[火电机组分段中标量约束_30_59_9],0.0
cons[火电机组出力之和约束_30_59],0.0
cons[火电机组分段中标量约束_30_60_0],0.0
cons[火电机组分段中标量约束_30_60_1],0.0
cons[火电机组分段中标量约束_30_60_2],0.0
cons[火电机组分段中标量约束_30_60_3],0.0
cons[火电机组分段中标量约束_30_60_4],0.0
cons[火电机组分段中标量约束_30_60_5],0.0
cons[火电机组分段中标量约束_30_60_6],0.0
cons[火电机组分段中标量约束_30_60_7],0.0
cons[火电机组分段中标量约束_30_60_8],0.0
cons[火电机组分段中标量约束_30_60_9],0.0
cons[火电机组出力之和约束_30_60],0.0
cons[火电机组分段中标量约束_30_61_0],0.0
cons[火电机组分段中标量约束_30_61_1],0.0
cons[火电机组分段中标量约束_30_61_2],0.0
cons[火电机组分段中标量约束_30_61_3],0.0
cons[火电机组分段中标量约束_30_61_4],0.0
cons[火电机组分段中标量约束_30_61_5],0.0
cons[火电机组分段中标量约束_30_61_6],0.0
cons[火电机组分段中标量约束_30_61_7],0.0
cons[火电机组分段中标量约束_30_61_8],0.0
cons[火电机组分段中标量约束_30_61_9],0.0
cons[火电机组出力之和约束_30_61],0.0
cons[火电机组分段中标量约束_30_62_0],0.0
cons[火电机组分段中标量约束_30_62_1],0.0
cons[火电机组分段中标量约束_30_62_2],0.0
cons[火电机组分段中标量约束_30_62_3],0.0
cons[火电机组分段中标量约束_30_62_4],0.0
cons[火电机组分段中标量约束_30_62_5],0.0
cons[火电机组分段中标量约束_30_62_6],0.0
cons[火电机组分段中标量约束_30_62_7],0.0
cons[火电机组分段中标量约束_30_62_8],0.0
cons[火电机组分段中标量约束_30_62_9],0.0
cons[火电机组出力之和约束_30_62],0.0
cons[火电机组分段中标量约束_30_63_0],0.0
cons[火电机组分段中标量约束_30_63_1],0.0
cons[火电机组分段中标量约束_30_63_2],0.0
cons[火电机组分段中标量约束_30_63_3],0.0
cons[火电机组分段中标量约束_30_63_4],0.0
cons[火电机组分段中标量约束_30_63_5],0.0
cons[火电机组分段中标量约束_30_63_6],0.0
cons[火电机组分段中标量约束_30_63_7],0.0
cons[火电机组分段中标量约束_30_63_8],0.0
cons[火电机组分段中标量约束_30_63_9],0.0
cons[火电机组出力之和约束_30_63],0.0
cons[火电机组分段中标量约束_30_64_0],0.0
cons[火电机组分段中标量约束_30_64_1],0.0
cons[火电机组分段中标量约束_30_64_2],0.0
cons[火电机组分段中标量约束_30_64_3],0.0
cons[火电机组分段中标量约束_30_64_4],0.0
cons[火电机组分段中标量约束_30_64_5],0.0
cons[火电机组分段中标量约束_30_64_6],0.0
cons[火电机组分段中标量约束_30_64_7],0.0
cons[火电机组分段中标量约束_30_64_8],0.0
cons[火电机组分段中标量约束_30_64_9],0.0
cons[火电机组出力之和约束_30_64],0.0
cons[火电机组分段中标量约束_30_65_0],0.0
cons[火电机组分段中标量约束_30_65_1],0.0
cons[火电机组分段中标量约束_30_65_2],0.0
cons[火电机组分段中标量约束_30_65_3],0.0
cons[火电机组分段中标量约束_30_65_4],0.0
cons[火电机组分段中标量约束_30_65_5],0.0
cons[火电机组分段中标量约束_30_65_6],0.0
cons[火电机组分段中标量约束_30_65_7],0.0
cons[火电机组分段中标量约束_30_65_8],0.0
cons[火电机组分段中标量约束_30_65_9],0.0
cons[火电机组出力之和约束_30_65],0.0
cons[火电机组分段中标量约束_30_66_0],0.0
cons[火电机组分段中标量约束_30_66_1],0.0
cons[火电机组分段中标量约束_30_66_2],0.0
cons[火电机组分段中标量约束_30_66_3],0.0
cons[火电机组分段中标量约束_30_66_4],0.0
cons[火电机组分段中标量约束_30_66_5],0.0
cons[火电机组分段中标量约束_30_66_6],0.0
cons[火电机组分段中标量约束_30_66_7],0.0
cons[火电机组分段中标量约束_30_66_8],0.0
cons[火电机组分段中标量约束_30_66_9],0.0
cons[火电机组出力之和约束_30_66],0.0
cons[火电机组分段中标量约束_30_67_0],0.0
cons[火电机组分段中标量约束_30_67_1],0.0
cons[火电机组分段中标量约束_30_67_2],0.0
cons[火电机组分段中标量约束_30_67_3],0.0
cons[火电机组分段中标量约束_30_67_4],0.0
cons[火电机组分段中标量约束_30_67_5],0.0
cons[火电机组分段中标量约束_30_67_6],0.0
cons[火电机组分段中标量约束_30_67_7],0.0
cons[火电机组分段中标量约束_30_67_8],0.0
cons[火电机组分段中标量约束_30_67_9],0.0
cons[火电机组出力之和约束_30_67],0.0
cons[火电机组分段中标量约束_30_68_0],0.0
cons[火电机组分段中标量约束_30_68_1],0.0
cons[火电机组分段中标量约束_30_68_2],0.0
cons[火电机组分段中标量约束_30_68_3],0.0
cons[火电机组分段中标量约束_30_68_4],0.0
cons[火电机组分段中标量约束_30_68_5],0.0
cons[火电机组分段中标量约束_30_68_6],0.0
cons[火电机组分段中标量约束_30_68_7],0.0
cons[火电机组分段中标量约束_30_68_8],0.0
cons[火电机组分段中标量约束_30_68_9],0.0
cons[火电机组出力之和约束_30_68],0.0
cons[火电机组分段中标量约束_30_69_0],0.0
cons[火电机组分段中标量约束_30_69_1],0.0
cons[火电机组分段中标量约束_30_69_2],0.0
cons[火电机组分段中标量约束_30_69_3],0.0
cons[火电机组分段中标量约束_30_69_4],0.0
cons[火电机组分段中标量约束_30_69_5],0.0
cons[火电机组分段中标量约束_30_69_6],0.0
cons[火电机组分段中标量约束_30_69_7],0.0
cons[火电机组分段中标量约束_30_69_8],0.0
cons[火电机组分段中标量约束_30_69_9],0.0
cons[火电机组出力之和约束_30_69],0.0
cons[火电机组分段中标量约束_30_70_0],0.0
cons[火电机组分段中标量约束_30_70_1],0.0
cons[火电机组分段中标量约束_30_70_2],0.0
cons[火电机组分段中标量约束_30_70_3],0.0
cons[火电机组分段中标量约束_30_70_4],0.0
cons[火电机组分段中标量约束_30_70_5],0.0
cons[火电机组分段中标量约束_30_70_6],0.0
cons[火电机组分段中标量约束_30_70_7],0.0
cons[火电机组分段中标量约束_30_70_8],0.0
cons[火电机组分段中标量约束_30_70_9],0.0
cons[火电机组出力之和约束_30_70],0.0
cons[火电机组分段中标量约束_30_71_0],0.0
cons[火电机组分段中标量约束_30_71_1],0.0
cons[火电机组分段中标量约束_30_71_2],0.0
cons[火电机组分段中标量约束_30_71_3],0.0
cons[火电机组分段中标量约束_30_71_4],0.0
cons[火电机组分段中标量约束_30_71_5],0.0
cons[火电机组分段中标量约束_30_71_6],0.0
cons[火电机组分段中标量约束_30_71_7],0.0
cons[火电机组分段中标量约束_30_71_8],0.0
cons[火电机组分段中标量约束_30_71_9],0.0
cons[火电机组出力之和约束_30_71],0.0
cons[火电机组分段中标量约束_30_72_0],0.0
cons[火电机组分段中标量约束_30_72_1],0.0
cons[火电机组分段中标量约束_30_72_2],0.0
cons[火电机组分段中标量约束_30_72_3],0.0
cons[火电机组分段中标量约束_30_72_4],0.0
cons[火电机组分段中标量约束_30_72_5],0.0
cons[火电机组分段中标量约束_30_72_6],0.0
cons[火电机组分段中标量约束_30_72_7],0.0
cons[火电机组分段中标量约束_30_72_8],0.0
cons[火电机组分段中标量约束_30_72_9],0.0
cons[火电机组出力之和约束_30_72],0.0
cons[火电机组分段中标量约束_30_73_0],0.0
cons[火电机组分段中标量约束_30_73_1],0.0
cons[火电机组分段中标量约束_30_73_2],0.0
cons[火电机组分段中标量约束_30_73_3],0.0
cons[火电机组分段中标量约束_30_73_4],0.0
cons[火电机组分段中标量约束_30_73_5],0.0
cons[火电机组分段中标量约束_30_73_6],0.0
cons[火电机组分段中标量约束_30_73_7],0.0
cons[火电机组分段中标量约束_30_73_8],0.0
cons[火电机组分段中标量约束_30_73_9],0.0
cons[火电机组出力之和约束_30_73],0.0
cons[火电机组分段中标量约束_30_74_0],0.0
cons[火电机组分段中标量约束_30_74_1],0.0
cons[火电机组分段中标量约束_30_74_2],0.0
cons[火电机组分段中标量约束_30_74_3],0.0
cons[火电机组分段中标量约束_30_74_4],0.0
cons[火电机组分段中标量约束_30_74_5],0.0
cons[火电机组分段中标量约束_30_74_6],0.0
cons[火电机组分段中标量约束_30_74_7],0.0
cons[火电机组分段中标量约束_30_74_8],0.0
cons[火电机组分段中标量约束_30_74_9],0.0
cons[火电机组出力之和约束_30_74],0.0
cons[火电机组分段中标量约束_30_75_0],0.0
cons[火电机组分段中标量约束_30_75_1],0.0
cons[火电机组分段中标量约束_30_75_2],0.0
cons[火电机组分段中标量约束_30_75_3],0.0
cons[火电机组分段中标量约束_30_75_4],0.0
cons[火电机组分段中标量约束_30_75_5],0.0
cons[火电机组分段中标量约束_30_75_6],0.0
cons[火电机组分段中标量约束_30_75_7],0.0
cons[火电机组分段中标量约束_30_75_8],0.0
cons[火电机组分段中标量约束_30_75_9],0.0
cons[火电机组出力之和约束_30_75],0.0
cons[火电机组分段中标量约束_30_76_0],0.0
cons[火电机组分段中标量约束_30_76_1],0.0
cons[火电机组分段中标量约束_30_76_2],0.0
cons[火电机组分段中标量约束_30_76_3],0.0
cons[火电机组分段中标量约束_30_76_4],0.0
cons[火电机组分段中标量约束_30_76_5],0.0
cons[火电机组分段中标量约束_30_76_6],0.0
cons[火电机组分段中标量约束_30_76_7],0.0
cons[火电机组分段中标量约束_30_76_8],0.0
cons[火电机组分段中标量约束_30_76_9],0.0
cons[火电机组出力之和约束_30_76],0.0
cons[火电机组分段中标量约束_30_77_0],0.0
cons[火电机组分段中标量约束_30_77_1],0.0
cons[火电机组分段中标量约束_30_77_2],0.0
cons[火电机组分段中标量约束_30_77_3],0.0
cons[火电机组分段中标量约束_30_77_4],0.0
cons[火电机组分段中标量约束_30_77_5],0.0
cons[火电机组分段中标量约束_30_77_6],0.0
cons[火电机组分段中标量约束_30_77_7],0.0
cons[火电机组分段中标量约束_30_77_8],0.0
cons[火电机组分段中标量约束_30_77_9],0.0
cons[火电机组出力之和约束_30_77],0.0
cons[火电机组分段中标量约束_30_78_0],0.0
cons[火电机组分段中标量约束_30_78_1],0.0
cons[火电机组分段中标量约束_30_78_2],0.0
cons[火电机组分段中标量约束_30_78_3],0.0
cons[火电机组分段中标量约束_30_78_4],0.0
cons[火电机组分段中标量约束_30_78_5],0.0
cons[火电机组分段中标量约束_30_78_6],0.0
cons[火电机组分段中标量约束_30_78_7],0.0
cons[火电机组分段中标量约束_30_78_8],0.0
cons[火电机组分段中标量约束_30_78_9],0.0
cons[火电机组出力之和约束_30_78],0.0
cons[火电机组分段中标量约束_30_79_0],0.0
cons[火电机组分段中标量约束_30_79_1],0.0
cons[火电机组分段中标量约束_30_79_2],0.0
cons[火电机组分段中标量约束_30_79_3],0.0
cons[火电机组分段中标量约束_30_79_4],0.0
cons[火电机组分段中标量约束_30_79_5],0.0
cons[火电机组分段中标量约束_30_79_6],0.0
cons[火电机组分段中标量约束_30_79_7],0.0
cons[火电机组分段中标量约束_30_79_8],0.0
cons[火电机组分段中标量约束_30_79_9],0.0
cons[火电机组出力之和约束_30_79],0.0
cons[火电机组分段中标量约束_30_80_0],0.0
cons[火电机组分段中标量约束_30_80_1],0.0
cons[火电机组分段中标量约束_30_80_2],0.0
cons[火电机组分段中标量约束_30_80_3],0.0
cons[火电机组分段中标量约束_30_80_4],0.0
cons[火电机组分段中标量约束_30_80_5],0.0
cons[火电机组分段中标量约束_30_80_6],0.0
cons[火电机组分段中标量约束_30_80_7],0.0
cons[火电机组分段中标量约束_30_80_8],0.0
cons[火电机组分段中标量约束_30_80_9],0.0
cons[火电机组出力之和约束_30_80],0.0
cons[火电机组分段中标量约束_30_81_0],0.0
cons[火电机组分段中标量约束_30_81_1],0.0
cons[火电机组分段中标量约束_30_81_2],0.0
cons[火电机组分段中标量约束_30_81_3],0.0
cons[火电机组分段中标量约束_30_81_4],0.0
cons[火电机组分段中标量约束_30_81_5],0.0
cons[火电机组分段中标量约束_30_81_6],0.0
cons[火电机组分段中标量约束_30_81_7],0.0
cons[火电机组分段中标量约束_30_81_8],0.0
cons[火电机组分段中标量约束_30_81_9],0.0
cons[火电机组出力之和约束_30_81],0.0
cons[火电机组分段中标量约束_30_82_0],0.0
cons[火电机组分段中标量约束_30_82_1],0.0
cons[火电机组分段中标量约束_30_82_2],0.0
cons[火电机组分段中标量约束_30_82_3],0.0
cons[火电机组分段中标量约束_30_82_4],0.0
cons[火电机组分段中标量约束_30_82_5],0.0
cons[火电机组分段中标量约束_30_82_6],0.0
cons[火电机组分段中标量约束_30_82_7],0.0
cons[火电机组分段中标量约束_30_82_8],0.0
cons[火电机组分段中标量约束_30_82_9],0.0
cons[火电机组出力之和约束_30_82],0.0
cons[火电机组分段中标量约束_30_83_0],0.0
cons[火电机组分段中标量约束_30_83_1],0.0
cons[火电机组分段中标量约束_30_83_2],0.0
cons[火电机组分段中标量约束_30_83_3],0.0
cons[火电机组分段中标量约束_30_83_4],0.0
cons[火电机组分段中标量约束_30_83_5],0.0
cons[火电机组分段中标量约束_30_83_6],0.0
cons[火电机组分段中标量约束_30_83_7],0.0
cons[火电机组分段中标量约束_30_83_8],0.0
cons[火电机组分段中标量约束_30_83_9],0.0
cons[火电机组出力之和约束_30_83],0.0
cons[火电机组分段中标量约束_30_84_0],0.0
cons[火电机组分段中标量约束_30_84_1],0.0
cons[火电机组分段中标量约束_30_84_2],0.0
cons[火电机组分段中标量约束_30_84_3],0.0
cons[火电机组分段中标量约束_30_84_4],0.0
cons[火电机组分段中标量约束_30_84_5],0.0
cons[火电机组分段中标量约束_30_84_6],0.0
cons[火电机组分段中标量约束_30_84_7],0.0
cons[火电机组分段中标量约束_30_84_8],0.0
cons[火电机组分段中标量约束_30_84_9],0.0
cons[火电机组出力之和约束_30_84],0.0
cons[火电机组分段中标量约束_30_85_0],0.0
cons[火电机组分段中标量约束_30_85_1],0.0
cons[火电机组分段中标量约束_30_85_2],0.0
cons[火电机组分段中标量约束_30_85_3],0.0
cons[火电机组分段中标量约束_30_85_4],0.0
cons[火电机组分段中标量约束_30_85_5],0.0
cons[火电机组分段中标量约束_30_85_6],0.0
cons[火电机组分段中标量约束_30_85_7],0.0
cons[火电机组分段中标量约束_30_85_8],0.0
cons[火电机组分段中标量约束_30_85_9],0.0
cons[火电机组出力之和约束_30_85],0.0
cons[火电机组分段中标量约束_30_86_0],0.0
cons[火电机组分段中标量约束_30_86_1],0.0
cons[火电机组分段中标量约束_30_86_2],0.0
cons[火电机组分段中标量约束_30_86_3],0.0
cons[火电机组分段中标量约束_30_86_4],0.0
cons[火电机组分段中标量约束_30_86_5],0.0
cons[火电机组分段中标量约束_30_86_6],0.0
cons[火电机组分段中标量约束_30_86_7],0.0
cons[火电机组分段中标量约束_30_86_8],0.0
cons[火电机组分段中标量约束_30_86_9],0.0
cons[火电机组出力之和约束_30_86],0.0
cons[火电机组分段中标量约束_30_87_0],0.0
cons[火电机组分段中标量约束_30_87_1],0.0
cons[火电机组分段中标量约束_30_87_2],0.0
cons[火电机组分段中标量约束_30_87_3],0.0
cons[火电机组分段中标量约束_30_87_4],0.0
cons[火电机组分段中标量约束_30_87_5],0.0
cons[火电机组分段中标量约束_30_87_6],0.0
cons[火电机组分段中标量约束_30_87_7],0.0
cons[火电机组分段中标量约束_30_87_8],0.0
cons[火电机组分段中标量约束_30_87_9],0.0
cons[火电机组出力之和约束_30_87],0.0
cons[火电机组分段中标量约束_30_88_0],0.0
cons[火电机组分段中标量约束_30_88_1],0.0
cons[火电机组分段中标量约束_30_88_2],0.0
cons[火电机组分段中标量约束_30_88_3],0.0
cons[火电机组分段中标量约束_30_88_4],0.0
cons[火电机组分段中标量约束_30_88_5],0.0
cons[火电机组分段中标量约束_30_88_6],0.0
cons[火电机组分段中标量约束_30_88_7],0.0
cons[火电机组分段中标量约束_30_88_8],0.0
cons[火电机组分段中标量约束_30_88_9],0.0
cons[火电机组出力之和约束_30_88],0.0
cons[火电机组分段中标量约束_30_89_0],0.0
cons[火电机组分段中标量约束_30_89_1],0.0
cons[火电机组分段中标量约束_30_89_2],0.0
cons[火电机组分段中标量约束_30_89_3],0.0
cons[火电机组分段中标量约束_30_89_4],0.0
cons[火电机组分段中标量约束_30_89_5],0.0
cons[火电机组分段中标量约束_30_89_6],0.0
cons[火电机组分段中标量约束_30_89_7],0.0
cons[火电机组分段中标量约束_30_89_8],0.0
cons[火电机组分段中标量约束_30_89_9],0.0
cons[火电机组出力之和约束_30_89],0.0
cons[火电机组分段中标量约束_30_90_0],0.0
cons[火电机组分段中标量约束_30_90_1],0.0
cons[火电机组分段中标量约束_30_90_2],0.0
cons[火电机组分段中标量约束_30_90_3],0.0
cons[火电机组分段中标量约束_30_90_4],0.0
cons[火电机组分段中标量约束_30_90_5],0.0
cons[火电机组分段中标量约束_30_90_6],0.0
cons[火电机组分段中标量约束_30_90_7],0.0
cons[火电机组分段中标量约束_30_90_8],0.0
cons[火电机组分段中标量约束_30_90_9],0.0
cons[火电机组出力之和约束_30_90],0.0
cons[火电机组分段中标量约束_30_91_0],0.0
cons[火电机组分段中标量约束_30_91_1],0.0
cons[火电机组分段中标量约束_30_91_2],0.0
cons[火电机组分段中标量约束_30_91_3],0.0
cons[火电机组分段中标量约束_30_91_4],0.0
cons[火电机组分段中标量约束_30_91_5],0.0
cons[火电机组分段中标量约束_30_91_6],0.0
cons[火电机组分段中标量约束_30_91_7],0.0
cons[火电机组分段中标量约束_30_91_8],0.0
cons[火电机组分段中标量约束_30_91_9],0.0
cons[火电机组出力之和约束_30_91],0.0
cons[火电机组分段中标量约束_30_92_0],0.0
cons[火电机组分段中标量约束_30_92_1],0.0
cons[火电机组分段中标量约束_30_92_2],0.0
cons[火电机组分段中标量约束_30_92_3],0.0
cons[火电机组分段中标量约束_30_92_4],0.0
cons[火电机组分段中标量约束_30_92_5],0.0
cons[火电机组分段中标量约束_30_92_6],0.0
cons[火电机组分段中标量约束_30_92_7],0.0
cons[火电机组分段中标量约束_30_92_8],0.0
cons[火电机组分段中标量约束_30_92_9],0.0
cons[火电机组出力之和约束_30_92],0.0
cons[火电机组分段中标量约束_30_93_0],0.0
cons[火电机组分段中标量约束_30_93_1],0.0
cons[火电机组分段中标量约束_30_93_2],0.0
cons[火电机组分段中标量约束_30_93_3],0.0
cons[火电机组分段中标量约束_30_93_4],0.0
cons[火电机组分段中标量约束_30_93_5],0.0
cons[火电机组分段中标量约束_30_93_6],0.0
cons[火电机组分段中标量约束_30_93_7],0.0
cons[火电机组分段中标量约束_30_93_8],0.0
cons[火电机组分段中标量约束_30_93_9],0.0
cons[火电机组出力之和约束_30_93],0.0
cons[火电机组分段中标量约束_30_94_0],0.0
cons[火电机组分段中标量约束_30_94_1],0.0
cons[火电机组分段中标量约束_30_94_2],0.0
cons[火电机组分段中标量约束_30_94_3],0.0
cons[火电机组分段中标量约束_30_94_4],0.0
cons[火电机组分段中标量约束_30_94_5],0.0
cons[火电机组分段中标量约束_30_94_6],0.0
cons[火电机组分段中标量约束_30_94_7],0.0
cons[火电机组分段中标量约束_30_94_8],0.0
cons[火电机组分段中标量约束_30_94_9],0.0
cons[火电机组出力之和约束_30_94],0.0
cons[火电机组分段中标量约束_30_95_0],0.0
cons[火电机组分段中标量约束_30_95_1],0.0
cons[火电机组分段中标量约束_30_95_2],0.0
cons[火电机组分段中标量约束_30_95_3],0.0
cons[火电机组分段中标量约束_30_95_4],0.0
cons[火电机组分段中标量约束_30_95_5],0.0
cons[火电机组分段中标量约束_30_95_6],0.0
cons[火电机组分段中标量约束_30_95_7],0.0
cons[火电机组分段中标量约束_30_95_8],0.0
cons[火电机组分段中标量约束_30_95_9],0.0
cons[火电机组出力之和约束_30_95],0.0
cons[火电机组分段中标量约束_31_0_0],0.0
cons[火电机组分段中标量约束_31_0_1],0.0
cons[火电机组分段中标量约束_31_0_2],0.0
cons[火电机组分段中标量约束_31_0_3],0.0
cons[火电机组分段中标量约束_31_0_4],0.0
cons[火电机组分段中标量约束_31_0_5],0.0
cons[火电机组分段中标量约束_31_0_6],0.0
cons[火电机组分段中标量约束_31_0_7],0.0
cons[火电机组分段中标量约束_31_0_8],0.0
cons[火电机组分段中标量约束_31_0_9],0.0
cons[火电机组出力之和约束_31_0],0.0
cons[火电机组分段中标量约束_31_1_0],0.0
cons[火电机组分段中标量约束_31_1_1],0.0
cons[火电机组分段中标量约束_31_1_2],0.0
cons[火电机组分段中标量约束_31_1_3],0.0
cons[火电机组分段中标量约束_31_1_4],0.0
cons[火电机组分段中标量约束_31_1_5],0.0
cons[火电机组分段中标量约束_31_1_6],0.0
cons[火电机组分段中标量约束_31_1_7],0.0
cons[火电机组分段中标量约束_31_1_8],0.0
cons[火电机组分段中标量约束_31_1_9],0.0
cons[火电机组出力之和约束_31_1],0.0
cons[火电机组分段中标量约束_31_2_0],0.0
cons[火电机组分段中标量约束_31_2_1],0.0
cons[火电机组分段中标量约束_31_2_2],0.0
cons[火电机组分段中标量约束_31_2_3],0.0
cons[火电机组分段中标量约束_31_2_4],0.0
cons[火电机组分段中标量约束_31_2_5],0.0
cons[火电机组分段中标量约束_31_2_6],0.0
cons[火电机组分段中标量约束_31_2_7],0.0
cons[火电机组分段中标量约束_31_2_8],0.0
cons[火电机组分段中标量约束_31_2_9],0.0
cons[火电机组出力之和约束_31_2],0.0
cons[火电机组分段中标量约束_31_3_0],0.0
cons[火电机组分段中标量约束_31_3_1],0.0
cons[火电机组分段中标量约束_31_3_2],0.0
cons[火电机组分段中标量约束_31_3_3],0.0
cons[火电机组分段中标量约束_31_3_4],0.0
cons[火电机组分段中标量约束_31_3_5],0.0
cons[火电机组分段中标量约束_31_3_6],0.0
cons[火电机组分段中标量约束_31_3_7],0.0
cons[火电机组分段中标量约束_31_3_8],0.0
cons[火电机组分段中标量约束_31_3_9],0.0
cons[火电机组出力之和约束_31_3],0.0
cons[火电机组分段中标量约束_31_4_0],0.0
cons[火电机组分段中标量约束_31_4_1],0.0
cons[火电机组分段中标量约束_31_4_2],0.0
cons[火电机组分段中标量约束_31_4_3],0.0
cons[火电机组分段中标量约束_31_4_4],0.0
cons[火电机组分段中标量约束_31_4_5],0.0
cons[火电机组分段中标量约束_31_4_6],0.0
cons[火电机组分段中标量约束_31_4_7],0.0
cons[火电机组分段中标量约束_31_4_8],0.0
cons[火电机组分段中标量约束_31_4_9],0.0
cons[火电机组出力之和约束_31_4],0.0
cons[火电机组分段中标量约束_31_5_0],0.0
cons[火电机组分段中标量约束_31_5_1],0.0
cons[火电机组分段中标量约束_31_5_2],0.0
cons[火电机组分段中标量约束_31_5_3],0.0
cons[火电机组分段中标量约束_31_5_4],0.0
cons[火电机组分段中标量约束_31_5_5],0.0
cons[火电机组分段中标量约束_31_5_6],0.0
cons[火电机组分段中标量约束_31_5_7],0.0
cons[火电机组分段中标量约束_31_5_8],0.0
cons[火电机组分段中标量约束_31_5_9],0.0
cons[火电机组出力之和约束_31_5],0.0
cons[火电机组分段中标量约束_31_6_0],0.0
cons[火电机组分段中标量约束_31_6_1],0.0
cons[火电机组分段中标量约束_31_6_2],0.0
cons[火电机组分段中标量约束_31_6_3],0.0
cons[火电机组分段中标量约束_31_6_4],0.0
cons[火电机组分段中标量约束_31_6_5],0.0
cons[火电机组分段中标量约束_31_6_6],0.0
cons[火电机组分段中标量约束_31_6_7],0.0
cons[火电机组分段中标量约束_31_6_8],0.0
cons[火电机组分段中标量约束_31_6_9],0.0
cons[火电机组出力之和约束_31_6],0.0
cons[火电机组分段中标量约束_31_7_0],0.0
cons[火电机组分段中标量约束_31_7_1],0.0
cons[火电机组分段中标量约束_31_7_2],0.0
cons[火电机组分段中标量约束_31_7_3],0.0
cons[火电机组分段中标量约束_31_7_4],0.0
cons[火电机组分段中标量约束_31_7_5],0.0
cons[火电机组分段中标量约束_31_7_6],0.0
cons[火电机组分段中标量约束_31_7_7],0.0
cons[火电机组分段中标量约束_31_7_8],0.0
cons[火电机组分段中标量约束_31_7_9],0.0
cons[火电机组出力之和约束_31_7],0.0
cons[火电机组分段中标量约束_31_8_0],0.0
cons[火电机组分段中标量约束_31_8_1],0.0
cons[火电机组分段中标量约束_31_8_2],0.0
cons[火电机组分段中标量约束_31_8_3],0.0
cons[火电机组分段中标量约束_31_8_4],0.0
cons[火电机组分段中标量约束_31_8_5],0.0
cons[火电机组分段中标量约束_31_8_6],0.0
cons[火电机组分段中标量约束_31_8_7],0.0
cons[火电机组分段中标量约束_31_8_8],0.0
cons[火电机组分段中标量约束_31_8_9],0.0
cons[火电机组出力之和约束_31_8],0.0
cons[火电机组分段中标量约束_31_9_0],0.0
cons[火电机组分段中标量约束_31_9_1],0.0
cons[火电机组分段中标量约束_31_9_2],0.0
cons[火电机组分段中标量约束_31_9_3],0.0
cons[火电机组分段中标量约束_31_9_4],0.0
cons[火电机组分段中标量约束_31_9_5],0.0
cons[火电机组分段中标量约束_31_9_6],0.0
cons[火电机组分段中标量约束_31_9_7],0.0
cons[火电机组分段中标量约束_31_9_8],0.0
cons[火电机组分段中标量约束_31_9_9],0.0
cons[火电机组出力之和约束_31_9],0.0
cons[火电机组分段中标量约束_31_10_0],0.0
cons[火电机组分段中标量约束_31_10_1],0.0
cons[火电机组分段中标量约束_31_10_2],0.0
cons[火电机组分段中标量约束_31_10_3],0.0
cons[火电机组分段中标量约束_31_10_4],0.0
cons[火电机组分段中标量约束_31_10_5],0.0
cons[火电机组分段中标量约束_31_10_6],0.0
cons[火电机组分段中标量约束_31_10_7],0.0
cons[火电机组分段中标量约束_31_10_8],0.0
cons[火电机组分段中标量约束_31_10_9],0.0
cons[火电机组出力之和约束_31_10],0.0
cons[火电机组分段中标量约束_31_11_0],0.0
cons[火电机组分段中标量约束_31_11_1],0.0
cons[火电机组分段中标量约束_31_11_2],0.0
cons[火电机组分段中标量约束_31_11_3],0.0
cons[火电机组分段中标量约束_31_11_4],0.0
cons[火电机组分段中标量约束_31_11_5],0.0
cons[火电机组分段中标量约束_31_11_6],0.0
cons[火电机组分段中标量约束_31_11_7],0.0
cons[火电机组分段中标量约束_31_11_8],0.0
cons[火电机组分段中标量约束_31_11_9],0.0
cons[火电机组出力之和约束_31_11],0.0
cons[火电机组分段中标量约束_31_12_0],0.0
cons[火电机组分段中标量约束_31_12_1],0.0
cons[火电机组分段中标量约束_31_12_2],0.0
cons[火电机组分段中标量约束_31_12_3],0.0
cons[火电机组分段中标量约束_31_12_4],0.0
cons[火电机组分段中标量约束_31_12_5],0.0
cons[火电机组分段中标量约束_31_12_6],0.0
cons[火电机组分段中标量约束_31_12_7],0.0
cons[火电机组分段中标量约束_31_12_8],0.0
cons[火电机组分段中标量约束_31_12_9],0.0
cons[火电机组出力之和约束_31_12],0.0
cons[火电机组分段中标量约束_31_13_0],0.0
cons[火电机组分段中标量约束_31_13_1],0.0
cons[火电机组分段中标量约束_31_13_2],0.0
cons[火电机组分段中标量约束_31_13_3],0.0
cons[火电机组分段中标量约束_31_13_4],0.0
cons[火电机组分段中标量约束_31_13_5],0.0
cons[火电机组分段中标量约束_31_13_6],0.0
cons[火电机组分段中标量约束_31_13_7],0.0
cons[火电机组分段中标量约束_31_13_8],0.0
cons[火电机组分段中标量约束_31_13_9],0.0
cons[火电机组出力之和约束_31_13],0.0
cons[火电机组分段中标量约束_31_14_0],0.0
cons[火电机组分段中标量约束_31_14_1],0.0
cons[火电机组分段中标量约束_31_14_2],0.0
cons[火电机组分段中标量约束_31_14_3],0.0
cons[火电机组分段中标量约束_31_14_4],0.0
cons[火电机组分段中标量约束_31_14_5],0.0
cons[火电机组分段中标量约束_31_14_6],0.0
cons[火电机组分段中标量约束_31_14_7],0.0
cons[火电机组分段中标量约束_31_14_8],0.0
cons[火电机组分段中标量约束_31_14_9],0.0
cons[火电机组出力之和约束_31_14],0.0
cons[火电机组分段中标量约束_31_15_0],0.0
cons[火电机组分段中标量约束_31_15_1],0.0
cons[火电机组分段中标量约束_31_15_2],0.0
cons[火电机组分段中标量约束_31_15_3],0.0
cons[火电机组分段中标量约束_31_15_4],0.0
cons[火电机组分段中标量约束_31_15_5],0.0
cons[火电机组分段中标量约束_31_15_6],0.0
cons[火电机组分段中标量约束_31_15_7],0.0
cons[火电机组分段中标量约束_31_15_8],0.0
cons[火电机组分段中标量约束_31_15_9],0.0
cons[火电机组出力之和约束_31_15],0.0
cons[火电机组分段中标量约束_31_16_0],0.0
cons[火电机组分段中标量约束_31_16_1],0.0
cons[火电机组分段中标量约束_31_16_2],0.0
cons[火电机组分段中标量约束_31_16_3],0.0
cons[火电机组分段中标量约束_31_16_4],0.0
cons[火电机组分段中标量约束_31_16_5],0.0
cons[火电机组分段中标量约束_31_16_6],0.0
cons[火电机组分段中标量约束_31_16_7],0.0
cons[火电机组分段中标量约束_31_16_8],0.0
cons[火电机组分段中标量约束_31_16_9],0.0
cons[火电机组出力之和约束_31_16],0.0
cons[火电机组分段中标量约束_31_17_0],0.0
cons[火电机组分段中标量约束_31_17_1],0.0
cons[火电机组分段中标量约束_31_17_2],0.0
cons[火电机组分段中标量约束_31_17_3],0.0
cons[火电机组分段中标量约束_31_17_4],0.0
cons[火电机组分段中标量约束_31_17_5],0.0
cons[火电机组分段中标量约束_31_17_6],0.0
cons[火电机组分段中标量约束_31_17_7],0.0
cons[火电机组分段中标量约束_31_17_8],0.0
cons[火电机组分段中标量约束_31_17_9],0.0
cons[火电机组出力之和约束_31_17],0.0
cons[火电机组分段中标量约束_31_18_0],0.0
cons[火电机组分段中标量约束_31_18_1],0.0
cons[火电机组分段中标量约束_31_18_2],0.0
cons[火电机组分段中标量约束_31_18_3],0.0
cons[火电机组分段中标量约束_31_18_4],0.0
cons[火电机组分段中标量约束_31_18_5],0.0
cons[火电机组分段中标量约束_31_18_6],0.0
cons[火电机组分段中标量约束_31_18_7],0.0
cons[火电机组分段中标量约束_31_18_8],0.0
cons[火电机组分段中标量约束_31_18_9],0.0
cons[火电机组出力之和约束_31_18],0.0
cons[火电机组分段中标量约束_31_19_0],0.0
cons[火电机组分段中标量约束_31_19_1],0.0
cons[火电机组分段中标量约束_31_19_2],0.0
cons[火电机组分段中标量约束_31_19_3],0.0
cons[火电机组分段中标量约束_31_19_4],0.0
cons[火电机组分段中标量约束_31_19_5],0.0
cons[火电机组分段中标量约束_31_19_6],0.0
cons[火电机组分段中标量约束_31_19_7],0.0
cons[火电机组分段中标量约束_31_19_8],0.0
cons[火电机组分段中标量约束_31_19_9],0.0
cons[火电机组出力之和约束_31_19],0.0
cons[火电机组分段中标量约束_31_20_0],0.0
cons[火电机组分段中标量约束_31_20_1],0.0
cons[火电机组分段中标量约束_31_20_2],0.0
cons[火电机组分段中标量约束_31_20_3],0.0
cons[火电机组分段中标量约束_31_20_4],0.0
cons[火电机组分段中标量约束_31_20_5],0.0
cons[火电机组分段中标量约束_31_20_6],0.0
cons[火电机组分段中标量约束_31_20_7],0.0
cons[火电机组分段中标量约束_31_20_8],0.0
cons[火电机组分段中标量约束_31_20_9],0.0
cons[火电机组出力之和约束_31_20],0.0
cons[火电机组分段中标量约束_31_21_0],0.0
cons[火电机组分段中标量约束_31_21_1],0.0
cons[火电机组分段中标量约束_31_21_2],0.0
cons[火电机组分段中标量约束_31_21_3],0.0
cons[火电机组分段中标量约束_31_21_4],0.0
cons[火电机组分段中标量约束_31_21_5],0.0
cons[火电机组分段中标量约束_31_21_6],0.0
cons[火电机组分段中标量约束_31_21_7],0.0
cons[火电机组分段中标量约束_31_21_8],0.0
cons[火电机组分段中标量约束_31_21_9],0.0
cons[火电机组出力之和约束_31_21],0.0
cons[火电机组分段中标量约束_31_22_0],0.0
cons[火电机组分段中标量约束_31_22_1],0.0
cons[火电机组分段中标量约束_31_22_2],0.0
cons[火电机组分段中标量约束_31_22_3],0.0
cons[火电机组分段中标量约束_31_22_4],0.0
cons[火电机组分段中标量约束_31_22_5],0.0
cons[火电机组分段中标量约束_31_22_6],0.0
cons[火电机组分段中标量约束_31_22_7],0.0
cons[火电机组分段中标量约束_31_22_8],0.0
cons[火电机组分段中标量约束_31_22_9],0.0
cons[火电机组出力之和约束_31_22],0.0
cons[火电机组分段中标量约束_31_23_0],0.0
cons[火电机组分段中标量约束_31_23_1],0.0
cons[火电机组分段中标量约束_31_23_2],0.0
cons[火电机组分段中标量约束_31_23_3],0.0
cons[火电机组分段中标量约束_31_23_4],0.0
cons[火电机组分段中标量约束_31_23_5],0.0
cons[火电机组分段中标量约束_31_23_6],0.0
cons[火电机组分段中标量约束_31_23_7],0.0
cons[火电机组分段中标量约束_31_23_8],0.0
cons[火电机组分段中标量约束_31_23_9],0.0
cons[火电机组出力之和约束_31_23],0.0
cons[火电机组分段中标量约束_31_24_0],0.0
cons[火电机组分段中标量约束_31_24_1],0.0
cons[火电机组分段中标量约束_31_24_2],0.0
cons[火电机组分段中标量约束_31_24_3],0.0
cons[火电机组分段中标量约束_31_24_4],0.0
cons[火电机组分段中标量约束_31_24_5],0.0
cons[火电机组分段中标量约束_31_24_6],0.0
cons[火电机组分段中标量约束_31_24_7],0.0
cons[火电机组分段中标量约束_31_24_8],0.0
cons[火电机组分段中标量约束_31_24_9],0.0
cons[火电机组出力之和约束_31_24],0.0
cons[火电机组分段中标量约束_31_25_0],0.0
cons[火电机组分段中标量约束_31_25_1],0.0
cons[火电机组分段中标量约束_31_25_2],0.0
cons[火电机组分段中标量约束_31_25_3],0.0
cons[火电机组分段中标量约束_31_25_4],0.0
cons[火电机组分段中标量约束_31_25_5],0.0
cons[火电机组分段中标量约束_31_25_6],0.0
cons[火电机组分段中标量约束_31_25_7],0.0
cons[火电机组分段中标量约束_31_25_8],0.0
cons[火电机组分段中标量约束_31_25_9],0.0
cons[火电机组出力之和约束_31_25],0.0
cons[火电机组分段中标量约束_31_26_0],0.0
cons[火电机组分段中标量约束_31_26_1],0.0
cons[火电机组分段中标量约束_31_26_2],0.0
cons[火电机组分段中标量约束_31_26_3],0.0
cons[火电机组分段中标量约束_31_26_4],0.0
cons[火电机组分段中标量约束_31_26_5],0.0
cons[火电机组分段中标量约束_31_26_6],0.0
cons[火电机组分段中标量约束_31_26_7],0.0
cons[火电机组分段中标量约束_31_26_8],0.0
cons[火电机组分段中标量约束_31_26_9],0.0
cons[火电机组出力之和约束_31_26],0.0
cons[火电机组分段中标量约束_31_27_0],0.0
cons[火电机组分段中标量约束_31_27_1],0.0
cons[火电机组分段中标量约束_31_27_2],0.0
cons[火电机组分段中标量约束_31_27_3],0.0
cons[火电机组分段中标量约束_31_27_4],0.0
cons[火电机组分段中标量约束_31_27_5],0.0
cons[火电机组分段中标量约束_31_27_6],0.0
cons[火电机组分段中标量约束_31_27_7],0.0
cons[火电机组分段中标量约束_31_27_8],0.0
cons[火电机组分段中标量约束_31_27_9],0.0
cons[火电机组出力之和约束_31_27],0.0
cons[火电机组分段中标量约束_31_28_0],0.0
cons[火电机组分段中标量约束_31_28_1],0.0
cons[火电机组分段中标量约束_31_28_2],0.0
cons[火电机组分段中标量约束_31_28_3],0.0
cons[火电机组分段中标量约束_31_28_4],0.0
cons[火电机组分段中标量约束_31_28_5],0.0
cons[火电机组分段中标量约束_31_28_6],0.0
cons[火电机组分段中标量约束_31_28_7],0.0
cons[火电机组分段中标量约束_31_28_8],0.0
cons[火电机组分段中标量约束_31_28_9],0.0
cons[火电机组出力之和约束_31_28],0.0
cons[火电机组分段中标量约束_31_29_0],0.0
cons[火电机组分段中标量约束_31_29_1],0.0
cons[火电机组分段中标量约束_31_29_2],0.0
cons[火电机组分段中标量约束_31_29_3],0.0
cons[火电机组分段中标量约束_31_29_4],0.0
cons[火电机组分段中标量约束_31_29_5],0.0
cons[火电机组分段中标量约束_31_29_6],0.0
cons[火电机组分段中标量约束_31_29_7],0.0
cons[火电机组分段中标量约束_31_29_8],0.0
cons[火电机组分段中标量约束_31_29_9],0.0
cons[火电机组出力之和约束_31_29],0.0
cons[火电机组分段中标量约束_31_30_0],0.0
cons[火电机组分段中标量约束_31_30_1],0.0
cons[火电机组分段中标量约束_31_30_2],0.0
cons[火电机组分段中标量约束_31_30_3],0.0
cons[火电机组分段中标量约束_31_30_4],0.0
cons[火电机组分段中标量约束_31_30_5],0.0
cons[火电机组分段中标量约束_31_30_6],0.0
cons[火电机组分段中标量约束_31_30_7],0.0
cons[火电机组分段中标量约束_31_30_8],0.0
cons[火电机组分段中标量约束_31_30_9],0.0
cons[火电机组出力之和约束_31_30],0.0
cons[火电机组分段中标量约束_31_31_0],0.0
cons[火电机组分段中标量约束_31_31_1],0.0
cons[火电机组分段中标量约束_31_31_2],0.0
cons[火电机组分段中标量约束_31_31_3],0.0
cons[火电机组分段中标量约束_31_31_4],0.0
cons[火电机组分段中标量约束_31_31_5],0.0
cons[火电机组分段中标量约束_31_31_6],0.0
cons[火电机组分段中标量约束_31_31_7],0.0
cons[火电机组分段中标量约束_31_31_8],0.0
cons[火电机组分段中标量约束_31_31_9],0.0
cons[火电机组出力之和约束_31_31],0.0
cons[火电机组分段中标量约束_31_32_0],0.0
cons[火电机组分段中标量约束_31_32_1],0.0
cons[火电机组分段中标量约束_31_32_2],0.0
cons[火电机组分段中标量约束_31_32_3],0.0
cons[火电机组分段中标量约束_31_32_4],0.0
cons[火电机组分段中标量约束_31_32_5],0.0
cons[火电机组分段中标量约束_31_32_6],0.0
cons[火电机组分段中标量约束_31_32_7],0.0
cons[火电机组分段中标量约束_31_32_8],0.0
cons[火电机组分段中标量约束_31_32_9],0.0
cons[火电机组出力之和约束_31_32],0.0
cons[火电机组分段中标量约束_31_33_0],0.0
cons[火电机组分段中标量约束_31_33_1],0.0
cons[火电机组分段中标量约束_31_33_2],0.0
cons[火电机组分段中标量约束_31_33_3],0.0
cons[火电机组分段中标量约束_31_33_4],0.0
cons[火电机组分段中标量约束_31_33_5],0.0
cons[火电机组分段中标量约束_31_33_6],0.0
cons[火电机组分段中标量约束_31_33_7],0.0
cons[火电机组分段中标量约束_31_33_8],0.0
cons[火电机组分段中标量约束_31_33_9],0.0
cons[火电机组出力之和约束_31_33],0.0
cons[火电机组分段中标量约束_31_34_0],0.0
cons[火电机组分段中标量约束_31_34_1],0.0
cons[火电机组分段中标量约束_31_34_2],0.0
cons[火电机组分段中标量约束_31_34_3],0.0
cons[火电机组分段中标量约束_31_34_4],0.0
cons[火电机组分段中标量约束_31_34_5],0.0
cons[火电机组分段中标量约束_31_34_6],0.0
cons[火电机组分段中标量约束_31_34_7],0.0
cons[火电机组分段中标量约束_31_34_8],0.0
cons[火电机组分段中标量约束_31_34_9],0.0
cons[火电机组出力之和约束_31_34],0.0
cons[火电机组分段中标量约束_31_35_0],0.0
cons[火电机组分段中标量约束_31_35_1],0.0
cons[火电机组分段中标量约束_31_35_2],0.0
cons[火电机组分段中标量约束_31_35_3],0.0
cons[火电机组分段中标量约束_31_35_4],0.0
cons[火电机组分段中标量约束_31_35_5],0.0
cons[火电机组分段中标量约束_31_35_6],0.0
cons[火电机组分段中标量约束_31_35_7],0.0
cons[火电机组分段中标量约束_31_35_8],0.0
cons[火电机组分段中标量约束_31_35_9],0.0
cons[火电机组出力之和约束_31_35],0.0
cons[火电机组分段中标量约束_31_36_0],0.0
cons[火电机组分段中标量约束_31_36_1],0.0
cons[火电机组分段中标量约束_31_36_2],0.0
cons[火电机组分段中标量约束_31_36_3],0.0
cons[火电机组分段中标量约束_31_36_4],0.0
cons[火电机组分段中标量约束_31_36_5],0.0
cons[火电机组分段中标量约束_31_36_6],0.0
cons[火电机组分段中标量约束_31_36_7],0.0
cons[火电机组分段中标量约束_31_36_8],0.0
cons[火电机组分段中标量约束_31_36_9],0.0
cons[火电机组出力之和约束_31_36],0.0
cons[火电机组分段中标量约束_31_37_0],0.0
cons[火电机组分段中标量约束_31_37_1],0.0
cons[火电机组分段中标量约束_31_37_2],0.0
cons[火电机组分段中标量约束_31_37_3],0.0
cons[火电机组分段中标量约束_31_37_4],0.0
cons[火电机组分段中标量约束_31_37_5],0.0
cons[火电机组分段中标量约束_31_37_6],0.0
cons[火电机组分段中标量约束_31_37_7],0.0
cons[火电机组分段中标量约束_31_37_8],0.0
cons[火电机组分段中标量约束_31_37_9],0.0
cons[火电机组出力之和约束_31_37],0.0
cons[火电机组分段中标量约束_31_38_0],0.0
cons[火电机组分段中标量约束_31_38_1],0.0
cons[火电机组分段中标量约束_31_38_2],0.0
cons[火电机组分段中标量约束_31_38_3],0.0
cons[火电机组分段中标量约束_31_38_4],0.0
cons[火电机组分段中标量约束_31_38_5],0.0
cons[火电机组分段中标量约束_31_38_6],0.0
cons[火电机组分段中标量约束_31_38_7],0.0
cons[火电机组分段中标量约束_31_38_8],0.0
cons[火电机组分段中标量约束_31_38_9],0.0
cons[火电机组出力之和约束_31_38],0.0
cons[火电机组分段中标量约束_31_39_0],0.0
cons[火电机组分段中标量约束_31_39_1],0.0
cons[火电机组分段中标量约束_31_39_2],0.0
cons[火电机组分段中标量约束_31_39_3],0.0
cons[火电机组分段中标量约束_31_39_4],0.0
cons[火电机组分段中标量约束_31_39_5],0.0
cons[火电机组分段中标量约束_31_39_6],0.0
cons[火电机组分段中标量约束_31_39_7],0.0
cons[火电机组分段中标量约束_31_39_8],0.0
cons[火电机组分段中标量约束_31_39_9],0.0
cons[火电机组出力之和约束_31_39],0.0
cons[火电机组分段中标量约束_31_40_0],0.0
cons[火电机组分段中标量约束_31_40_1],0.0
cons[火电机组分段中标量约束_31_40_2],0.0
cons[火电机组分段中标量约束_31_40_3],0.0
cons[火电机组分段中标量约束_31_40_4],0.0
cons[火电机组分段中标量约束_31_40_5],0.0
cons[火电机组分段中标量约束_31_40_6],0.0
cons[火电机组分段中标量约束_31_40_7],0.0
cons[火电机组分段中标量约束_31_40_8],0.0
cons[火电机组分段中标量约束_31_40_9],0.0
cons[火电机组出力之和约束_31_40],0.0
cons[火电机组分段中标量约束_31_41_0],0.0
cons[火电机组分段中标量约束_31_41_1],0.0
cons[火电机组分段中标量约束_31_41_2],0.0
cons[火电机组分段中标量约束_31_41_3],0.0
cons[火电机组分段中标量约束_31_41_4],0.0
cons[火电机组分段中标量约束_31_41_5],0.0
cons[火电机组分段中标量约束_31_41_6],0.0
cons[火电机组分段中标量约束_31_41_7],0.0
cons[火电机组分段中标量约束_31_41_8],0.0
cons[火电机组分段中标量约束_31_41_9],0.0
cons[火电机组出力之和约束_31_41],0.0
cons[火电机组分段中标量约束_31_42_0],0.0
cons[火电机组分段中标量约束_31_42_1],0.0
cons[火电机组分段中标量约束_31_42_2],0.0
cons[火电机组分段中标量约束_31_42_3],0.0
cons[火电机组分段中标量约束_31_42_4],0.0
cons[火电机组分段中标量约束_31_42_5],0.0
cons[火电机组分段中标量约束_31_42_6],0.0
cons[火电机组分段中标量约束_31_42_7],0.0
cons[火电机组分段中标量约束_31_42_8],0.0
cons[火电机组分段中标量约束_31_42_9],0.0
cons[火电机组出力之和约束_31_42],0.0
cons[火电机组分段中标量约束_31_43_0],0.0
cons[火电机组分段中标量约束_31_43_1],0.0
cons[火电机组分段中标量约束_31_43_2],0.0
cons[火电机组分段中标量约束_31_43_3],0.0
cons[火电机组分段中标量约束_31_43_4],0.0
cons[火电机组分段中标量约束_31_43_5],0.0
cons[火电机组分段中标量约束_31_43_6],0.0
cons[火电机组分段中标量约束_31_43_7],0.0
cons[火电机组分段中标量约束_31_43_8],0.0
cons[火电机组分段中标量约束_31_43_9],0.0
cons[火电机组出力之和约束_31_43],0.0
cons[火电机组分段中标量约束_31_44_0],0.0
cons[火电机组分段中标量约束_31_44_1],0.0
cons[火电机组分段中标量约束_31_44_2],0.0
cons[火电机组分段中标量约束_31_44_3],0.0
cons[火电机组分段中标量约束_31_44_4],0.0
cons[火电机组分段中标量约束_31_44_5],0.0
cons[火电机组分段中标量约束_31_44_6],0.0
cons[火电机组分段中标量约束_31_44_7],0.0
cons[火电机组分段中标量约束_31_44_8],0.0
cons[火电机组分段中标量约束_31_44_9],0.0
cons[火电机组出力之和约束_31_44],0.0
cons[火电机组分段中标量约束_31_45_0],0.0
cons[火电机组分段中标量约束_31_45_1],0.0
cons[火电机组分段中标量约束_31_45_2],0.0
cons[火电机组分段中标量约束_31_45_3],0.0
cons[火电机组分段中标量约束_31_45_4],0.0
cons[火电机组分段中标量约束_31_45_5],0.0
cons[火电机组分段中标量约束_31_45_6],0.0
cons[火电机组分段中标量约束_31_45_7],0.0
cons[火电机组分段中标量约束_31_45_8],0.0
cons[火电机组分段中标量约束_31_45_9],0.0
cons[火电机组出力之和约束_31_45],0.0
cons[火电机组分段中标量约束_31_46_0],0.0
cons[火电机组分段中标量约束_31_46_1],0.0
cons[火电机组分段中标量约束_31_46_2],0.0
cons[火电机组分段中标量约束_31_46_3],0.0
cons[火电机组分段中标量约束_31_46_4],0.0
cons[火电机组分段中标量约束_31_46_5],0.0
cons[火电机组分段中标量约束_31_46_6],0.0
cons[火电机组分段中标量约束_31_46_7],0.0
cons[火电机组分段中标量约束_31_46_8],0.0
cons[火电机组分段中标量约束_31_46_9],0.0
cons[火电机组出力之和约束_31_46],0.0
cons[火电机组分段中标量约束_31_47_0],0.0
cons[火电机组分段中标量约束_31_47_1],0.0
cons[火电机组分段中标量约束_31_47_2],0.0
cons[火电机组分段中标量约束_31_47_3],0.0
cons[火电机组分段中标量约束_31_47_4],0.0
cons[火电机组分段中标量约束_31_47_5],0.0
cons[火电机组分段中标量约束_31_47_6],0.0
cons[火电机组分段中标量约束_31_47_7],0.0
cons[火电机组分段中标量约束_31_47_8],0.0
cons[火电机组分段中标量约束_31_47_9],0.0
cons[火电机组出力之和约束_31_47],0.0
cons[火电机组分段中标量约束_31_48_0],0.0
cons[火电机组分段中标量约束_31_48_1],0.0
cons[火电机组分段中标量约束_31_48_2],0.0
cons[火电机组分段中标量约束_31_48_3],0.0
cons[火电机组分段中标量约束_31_48_4],0.0
cons[火电机组分段中标量约束_31_48_5],0.0
cons[火电机组分段中标量约束_31_48_6],0.0
cons[火电机组分段中标量约束_31_48_7],0.0
cons[火电机组分段中标量约束_31_48_8],0.0
cons[火电机组分段中标量约束_31_48_9],0.0
cons[火电机组出力之和约束_31_48],0.0
cons[火电机组分段中标量约束_31_49_0],0.0
cons[火电机组分段中标量约束_31_49_1],0.0
cons[火电机组分段中标量约束_31_49_2],0.0
cons[火电机组分段中标量约束_31_49_3],0.0
cons[火电机组分段中标量约束_31_49_4],0.0
cons[火电机组分段中标量约束_31_49_5],0.0
cons[火电机组分段中标量约束_31_49_6],0.0
cons[火电机组分段中标量约束_31_49_7],0.0
cons[火电机组分段中标量约束_31_49_8],0.0
cons[火电机组分段中标量约束_31_49_9],0.0
cons[火电机组出力之和约束_31_49],0.0
cons[火电机组分段中标量约束_31_50_0],0.0
cons[火电机组分段中标量约束_31_50_1],0.0
cons[火电机组分段中标量约束_31_50_2],0.0
cons[火电机组分段中标量约束_31_50_3],0.0
cons[火电机组分段中标量约束_31_50_4],0.0
cons[火电机组分段中标量约束_31_50_5],0.0
cons[火电机组分段中标量约束_31_50_6],0.0
cons[火电机组分段中标量约束_31_50_7],0.0
cons[火电机组分段中标量约束_31_50_8],0.0
cons[火电机组分段中标量约束_31_50_9],0.0
cons[火电机组出力之和约束_31_50],0.0
cons[火电机组分段中标量约束_31_51_0],0.0
cons[火电机组分段中标量约束_31_51_1],0.0
cons[火电机组分段中标量约束_31_51_2],0.0
cons[火电机组分段中标量约束_31_51_3],0.0
cons[火电机组分段中标量约束_31_51_4],0.0
cons[火电机组分段中标量约束_31_51_5],0.0
cons[火电机组分段中标量约束_31_51_6],0.0
cons[火电机组分段中标量约束_31_51_7],0.0
cons[火电机组分段中标量约束_31_51_8],0.0
cons[火电机组分段中标量约束_31_51_9],0.0
cons[火电机组出力之和约束_31_51],0.0
cons[火电机组分段中标量约束_31_52_0],0.0
cons[火电机组分段中标量约束_31_52_1],0.0
cons[火电机组分段中标量约束_31_52_2],0.0
cons[火电机组分段中标量约束_31_52_3],0.0
cons[火电机组分段中标量约束_31_52_4],0.0
cons[火电机组分段中标量约束_31_52_5],0.0
cons[火电机组分段中标量约束_31_52_6],0.0
cons[火电机组分段中标量约束_31_52_7],0.0
cons[火电机组分段中标量约束_31_52_8],0.0
cons[火电机组分段中标量约束_31_52_9],0.0
cons[火电机组出力之和约束_31_52],0.0
cons[火电机组分段中标量约束_31_53_0],0.0
cons[火电机组分段中标量约束_31_53_1],0.0
cons[火电机组分段中标量约束_31_53_2],0.0
cons[火电机组分段中标量约束_31_53_3],0.0
cons[火电机组分段中标量约束_31_53_4],0.0
cons[火电机组分段中标量约束_31_53_5],0.0
cons[火电机组分段中标量约束_31_53_6],0.0
cons[火电机组分段中标量约束_31_53_7],0.0
cons[火电机组分段中标量约束_31_53_8],0.0
cons[火电机组分段中标量约束_31_53_9],0.0
cons[火电机组出力之和约束_31_53],0.0
cons[火电机组分段中标量约束_31_54_0],0.0
cons[火电机组分段中标量约束_31_54_1],0.0
cons[火电机组分段中标量约束_31_54_2],0.0
cons[火电机组分段中标量约束_31_54_3],0.0
cons[火电机组分段中标量约束_31_54_4],0.0
cons[火电机组分段中标量约束_31_54_5],0.0
cons[火电机组分段中标量约束_31_54_6],0.0
cons[火电机组分段中标量约束_31_54_7],0.0
cons[火电机组分段中标量约束_31_54_8],0.0
cons[火电机组分段中标量约束_31_54_9],0.0
cons[火电机组出力之和约束_31_54],0.0
cons[火电机组分段中标量约束_31_55_0],0.0
cons[火电机组分段中标量约束_31_55_1],0.0
cons[火电机组分段中标量约束_31_55_2],0.0
cons[火电机组分段中标量约束_31_55_3],0.0
cons[火电机组分段中标量约束_31_55_4],0.0
cons[火电机组分段中标量约束_31_55_5],0.0
cons[火电机组分段中标量约束_31_55_6],0.0
cons[火电机组分段中标量约束_31_55_7],0.0
cons[火电机组分段中标量约束_31_55_8],0.0
cons[火电机组分段中标量约束_31_55_9],0.0
cons[火电机组出力之和约束_31_55],0.0
cons[火电机组分段中标量约束_31_56_0],0.0
cons[火电机组分段中标量约束_31_56_1],0.0
cons[火电机组分段中标量约束_31_56_2],0.0
cons[火电机组分段中标量约束_31_56_3],0.0
cons[火电机组分段中标量约束_31_56_4],0.0
cons[火电机组分段中标量约束_31_56_5],0.0
cons[火电机组分段中标量约束_31_56_6],0.0
cons[火电机组分段中标量约束_31_56_7],0.0
cons[火电机组分段中标量约束_31_56_8],0.0
cons[火电机组分段中标量约束_31_56_9],0.0
cons[火电机组出力之和约束_31_56],0.0
cons[火电机组分段中标量约束_31_57_0],0.0
cons[火电机组分段中标量约束_31_57_1],0.0
cons[火电机组分段中标量约束_31_57_2],0.0
cons[火电机组分段中标量约束_31_57_3],0.0
cons[火电机组分段中标量约束_31_57_4],0.0
cons[火电机组分段中标量约束_31_57_5],0.0
cons[火电机组分段中标量约束_31_57_6],0.0
cons[火电机组分段中标量约束_31_57_7],0.0
cons[火电机组分段中标量约束_31_57_8],0.0
cons[火电机组分段中标量约束_31_57_9],0.0
cons[火电机组出力之和约束_31_57],0.0
cons[火电机组分段中标量约束_31_58_0],0.0
cons[火电机组分段中标量约束_31_58_1],0.0
cons[火电机组分段中标量约束_31_58_2],0.0
cons[火电机组分段中标量约束_31_58_3],0.0
cons[火电机组分段中标量约束_31_58_4],0.0
cons[火电机组分段中标量约束_31_58_5],0.0
cons[火电机组分段中标量约束_31_58_6],0.0
cons[火电机组分段中标量约束_31_58_7],0.0
cons[火电机组分段中标量约束_31_58_8],0.0
cons[火电机组分段中标量约束_31_58_9],0.0
cons[火电机组出力之和约束_31_58],0.0
cons[火电机组分段中标量约束_31_59_0],0.0
cons[火电机组分段中标量约束_31_59_1],0.0
cons[火电机组分段中标量约束_31_59_2],0.0
cons[火电机组分段中标量约束_31_59_3],0.0
cons[火电机组分段中标量约束_31_59_4],0.0
cons[火电机组分段中标量约束_31_59_5],0.0
cons[火电机组分段中标量约束_31_59_6],0.0
cons[火电机组分段中标量约束_31_59_7],0.0
cons[火电机组分段中标量约束_31_59_8],0.0
cons[火电机组分段中标量约束_31_59_9],0.0
cons[火电机组出力之和约束_31_59],0.0
cons[火电机组分段中标量约束_31_60_0],0.0
cons[火电机组分段中标量约束_31_60_1],0.0
cons[火电机组分段中标量约束_31_60_2],0.0
cons[火电机组分段中标量约束_31_60_3],0.0
cons[火电机组分段中标量约束_31_60_4],0.0
cons[火电机组分段中标量约束_31_60_5],0.0
cons[火电机组分段中标量约束_31_60_6],0.0
cons[火电机组分段中标量约束_31_60_7],0.0
cons[火电机组分段中标量约束_31_60_8],0.0
cons[火电机组分段中标量约束_31_60_9],0.0
cons[火电机组出力之和约束_31_60],0.0
cons[火电机组分段中标量约束_31_61_0],0.0
cons[火电机组分段中标量约束_31_61_1],0.0
cons[火电机组分段中标量约束_31_61_2],0.0
cons[火电机组分段中标量约束_31_61_3],0.0
cons[火电机组分段中标量约束_31_61_4],0.0
cons[火电机组分段中标量约束_31_61_5],0.0
cons[火电机组分段中标量约束_31_61_6],0.0
cons[火电机组分段中标量约束_31_61_7],0.0
cons[火电机组分段中标量约束_31_61_8],0.0
cons[火电机组分段中标量约束_31_61_9],0.0
cons[火电机组出力之和约束_31_61],0.0
cons[火电机组分段中标量约束_31_62_0],0.0
cons[火电机组分段中标量约束_31_62_1],0.0
cons[火电机组分段中标量约束_31_62_2],0.0
cons[火电机组分段中标量约束_31_62_3],0.0
cons[火电机组分段中标量约束_31_62_4],0.0
cons[火电机组分段中标量约束_31_62_5],0.0
cons[火电机组分段中标量约束_31_62_6],0.0
cons[火电机组分段中标量约束_31_62_7],0.0
cons[火电机组分段中标量约束_31_62_8],0.0
cons[火电机组分段中标量约束_31_62_9],0.0
cons[火电机组出力之和约束_31_62],0.0
cons[火电机组分段中标量约束_31_63_0],0.0
cons[火电机组分段中标量约束_31_63_1],0.0
cons[火电机组分段中标量约束_31_63_2],0.0
cons[火电机组分段中标量约束_31_63_3],0.0
cons[火电机组分段中标量约束_31_63_4],0.0
cons[火电机组分段中标量约束_31_63_5],0.0
cons[火电机组分段中标量约束_31_63_6],0.0
cons[火电机组分段中标量约束_31_63_7],0.0
cons[火电机组分段中标量约束_31_63_8],0.0
cons[火电机组分段中标量约束_31_63_9],0.0
cons[火电机组出力之和约束_31_63],0.0
cons[火电机组分段中标量约束_31_64_0],0.0
cons[火电机组分段中标量约束_31_64_1],0.0
cons[火电机组分段中标量约束_31_64_2],0.0
cons[火电机组分段中标量约束_31_64_3],0.0
cons[火电机组分段中标量约束_31_64_4],0.0
cons[火电机组分段中标量约束_31_64_5],0.0
cons[火电机组分段中标量约束_31_64_6],0.0
cons[火电机组分段中标量约束_31_64_7],0.0
cons[火电机组分段中标量约束_31_64_8],0.0
cons[火电机组分段中标量约束_31_64_9],0.0
cons[火电机组出力之和约束_31_64],0.0
cons[火电机组分段中标量约束_31_65_0],0.0
cons[火电机组分段中标量约束_31_65_1],0.0
cons[火电机组分段中标量约束_31_65_2],0.0
cons[火电机组分段中标量约束_31_65_3],0.0
cons[火电机组分段中标量约束_31_65_4],0.0
cons[火电机组分段中标量约束_31_65_5],0.0
cons[火电机组分段中标量约束_31_65_6],0.0
cons[火电机组分段中标量约束_31_65_7],0.0
cons[火电机组分段中标量约束_31_65_8],0.0
cons[火电机组分段中标量约束_31_65_9],0.0
cons[火电机组出力之和约束_31_65],0.0
cons[火电机组分段中标量约束_31_66_0],0.0
cons[火电机组分段中标量约束_31_66_1],0.0
cons[火电机组分段中标量约束_31_66_2],0.0
cons[火电机组分段中标量约束_31_66_3],0.0
cons[火电机组分段中标量约束_31_66_4],0.0
cons[火电机组分段中标量约束_31_66_5],0.0
cons[火电机组分段中标量约束_31_66_6],0.0
cons[火电机组分段中标量约束_31_66_7],0.0
cons[火电机组分段中标量约束_31_66_8],0.0
cons[火电机组分段中标量约束_31_66_9],0.0
cons[火电机组出力之和约束_31_66],0.0
cons[火电机组分段中标量约束_31_67_0],0.0
cons[火电机组分段中标量约束_31_67_1],0.0
cons[火电机组分段中标量约束_31_67_2],0.0
cons[火电机组分段中标量约束_31_67_3],0.0
cons[火电机组分段中标量约束_31_67_4],0.0
cons[火电机组分段中标量约束_31_67_5],0.0
cons[火电机组分段中标量约束_31_67_6],0.0
cons[火电机组分段中标量约束_31_67_7],0.0
cons[火电机组分段中标量约束_31_67_8],0.0
cons[火电机组分段中标量约束_31_67_9],0.0
cons[火电机组出力之和约束_31_67],0.0
cons[火电机组分段中标量约束_31_68_0],0.0
cons[火电机组分段中标量约束_31_68_1],0.0
cons[火电机组分段中标量约束_31_68_2],0.0
cons[火电机组分段中标量约束_31_68_3],0.0
cons[火电机组分段中标量约束_31_68_4],0.0
cons[火电机组分段中标量约束_31_68_5],0.0
cons[火电机组分段中标量约束_31_68_6],0.0
cons[火电机组分段中标量约束_31_68_7],0.0
cons[火电机组分段中标量约束_31_68_8],0.0
cons[火电机组分段中标量约束_31_68_9],0.0
cons[火电机组出力之和约束_31_68],0.0
cons[火电机组分段中标量约束_31_69_0],0.0
cons[火电机组分段中标量约束_31_69_1],0.0
cons[火电机组分段中标量约束_31_69_2],0.0
cons[火电机组分段中标量约束_31_69_3],0.0
cons[火电机组分段中标量约束_31_69_4],0.0
cons[火电机组分段中标量约束_31_69_5],0.0
cons[火电机组分段中标量约束_31_69_6],0.0
cons[火电机组分段中标量约束_31_69_7],0.0
cons[火电机组分段中标量约束_31_69_8],0.0
cons[火电机组分段中标量约束_31_69_9],0.0
cons[火电机组出力之和约束_31_69],0.0
cons[火电机组分段中标量约束_31_70_0],0.0
cons[火电机组分段中标量约束_31_70_1],0.0
cons[火电机组分段中标量约束_31_70_2],0.0
cons[火电机组分段中标量约束_31_70_3],0.0
cons[火电机组分段中标量约束_31_70_4],0.0
cons[火电机组分段中标量约束_31_70_5],0.0
cons[火电机组分段中标量约束_31_70_6],0.0
cons[火电机组分段中标量约束_31_70_7],0.0
cons[火电机组分段中标量约束_31_70_8],0.0
cons[火电机组分段中标量约束_31_70_9],0.0
cons[火电机组出力之和约束_31_70],0.0
cons[火电机组分段中标量约束_31_71_0],0.0
cons[火电机组分段中标量约束_31_71_1],0.0
cons[火电机组分段中标量约束_31_71_2],0.0
cons[火电机组分段中标量约束_31_71_3],0.0
cons[火电机组分段中标量约束_31_71_4],0.0
cons[火电机组分段中标量约束_31_71_5],0.0
cons[火电机组分段中标量约束_31_71_6],0.0
cons[火电机组分段中标量约束_31_71_7],0.0
cons[火电机组分段中标量约束_31_71_8],0.0
cons[火电机组分段中标量约束_31_71_9],0.0
cons[火电机组出力之和约束_31_71],0.0
cons[火电机组分段中标量约束_31_72_0],0.0
cons[火电机组分段中标量约束_31_72_1],0.0
cons[火电机组分段中标量约束_31_72_2],0.0
cons[火电机组分段中标量约束_31_72_3],0.0
cons[火电机组分段中标量约束_31_72_4],0.0
cons[火电机组分段中标量约束_31_72_5],0.0
cons[火电机组分段中标量约束_31_72_6],0.0
cons[火电机组分段中标量约束_31_72_7],0.0
cons[火电机组分段中标量约束_31_72_8],0.0
cons[火电机组分段中标量约束_31_72_9],0.0
cons[火电机组出力之和约束_31_72],0.0
cons[火电机组分段中标量约束_31_73_0],0.0
cons[火电机组分段中标量约束_31_73_1],0.0
cons[火电机组分段中标量约束_31_73_2],0.0
cons[火电机组分段中标量约束_31_73_3],0.0
cons[火电机组分段中标量约束_31_73_4],0.0
cons[火电机组分段中标量约束_31_73_5],0.0
cons[火电机组分段中标量约束_31_73_6],0.0
cons[火电机组分段中标量约束_31_73_7],0.0
cons[火电机组分段中标量约束_31_73_8],0.0
cons[火电机组分段中标量约束_31_73_9],0.0
cons[火电机组出力之和约束_31_73],0.0
cons[火电机组分段中标量约束_31_74_0],0.0
cons[火电机组分段中标量约束_31_74_1],0.0
cons[火电机组分段中标量约束_31_74_2],0.0
cons[火电机组分段中标量约束_31_74_3],0.0
cons[火电机组分段中标量约束_31_74_4],0.0
cons[火电机组分段中标量约束_31_74_5],0.0
cons[火电机组分段中标量约束_31_74_6],0.0
cons[火电机组分段中标量约束_31_74_7],0.0
cons[火电机组分段中标量约束_31_74_8],0.0
cons[火电机组分段中标量约束_31_74_9],0.0
cons[火电机组出力之和约束_31_74],0.0
cons[火电机组分段中标量约束_31_75_0],0.0
cons[火电机组分段中标量约束_31_75_1],0.0
cons[火电机组分段中标量约束_31_75_2],0.0
cons[火电机组分段中标量约束_31_75_3],0.0
cons[火电机组分段中标量约束_31_75_4],0.0
cons[火电机组分段中标量约束_31_75_5],0.0
cons[火电机组分段中标量约束_31_75_6],0.0
cons[火电机组分段中标量约束_31_75_7],0.0
cons[火电机组分段中标量约束_31_75_8],0.0
cons[火电机组分段中标量约束_31_75_9],0.0
cons[火电机组出力之和约束_31_75],0.0
cons[火电机组分段中标量约束_31_76_0],0.0
cons[火电机组分段中标量约束_31_76_1],0.0
cons[火电机组分段中标量约束_31_76_2],0.0
cons[火电机组分段中标量约束_31_76_3],0.0
cons[火电机组分段中标量约束_31_76_4],0.0
cons[火电机组分段中标量约束_31_76_5],0.0
cons[火电机组分段中标量约束_31_76_6],0.0
cons[火电机组分段中标量约束_31_76_7],0.0
cons[火电机组分段中标量约束_31_76_8],0.0
cons[火电机组分段中标量约束_31_76_9],0.0
cons[火电机组出力之和约束_31_76],0.0
cons[火电机组分段中标量约束_31_77_0],0.0
cons[火电机组分段中标量约束_31_77_1],0.0
cons[火电机组分段中标量约束_31_77_2],0.0
cons[火电机组分段中标量约束_31_77_3],0.0
cons[火电机组分段中标量约束_31_77_4],0.0
cons[火电机组分段中标量约束_31_77_5],0.0
cons[火电机组分段中标量约束_31_77_6],0.0
cons[火电机组分段中标量约束_31_77_7],0.0
cons[火电机组分段中标量约束_31_77_8],0.0
cons[火电机组分段中标量约束_31_77_9],0.0
cons[火电机组出力之和约束_31_77],0.0
cons[火电机组分段中标量约束_31_78_0],0.0
cons[火电机组分段中标量约束_31_78_1],0.0
cons[火电机组分段中标量约束_31_78_2],0.0
cons[火电机组分段中标量约束_31_78_3],0.0
cons[火电机组分段中标量约束_31_78_4],0.0
cons[火电机组分段中标量约束_31_78_5],0.0
cons[火电机组分段中标量约束_31_78_6],0.0
cons[火电机组分段中标量约束_31_78_7],0.0
cons[火电机组分段中标量约束_31_78_8],0.0
cons[火电机组分段中标量约束_31_78_9],0.0
cons[火电机组出力之和约束_31_78],0.0
cons[火电机组分段中标量约束_31_79_0],0.0
cons[火电机组分段中标量约束_31_79_1],0.0
cons[火电机组分段中标量约束_31_79_2],0.0
cons[火电机组分段中标量约束_31_79_3],0.0
cons[火电机组分段中标量约束_31_79_4],0.0
cons[火电机组分段中标量约束_31_79_5],0.0
cons[火电机组分段中标量约束_31_79_6],0.0
cons[火电机组分段中标量约束_31_79_7],0.0
cons[火电机组分段中标量约束_31_79_8],0.0
cons[火电机组分段中标量约束_31_79_9],0.0
cons[火电机组出力之和约束_31_79],0.0
cons[火电机组分段中标量约束_31_80_0],0.0
cons[火电机组分段中标量约束_31_80_1],0.0
cons[火电机组分段中标量约束_31_80_2],0.0
cons[火电机组分段中标量约束_31_80_3],0.0
cons[火电机组分段中标量约束_31_80_4],0.0
cons[火电机组分段中标量约束_31_80_5],0.0
cons[火电机组分段中标量约束_31_80_6],0.0
cons[火电机组分段中标量约束_31_80_7],0.0
cons[火电机组分段中标量约束_31_80_8],0.0
cons[火电机组分段中标量约束_31_80_9],0.0
cons[火电机组出力之和约束_31_80],0.0
cons[火电机组分段中标量约束_31_81_0],0.0
cons[火电机组分段中标量约束_31_81_1],0.0
cons[火电机组分段中标量约束_31_81_2],0.0
cons[火电机组分段中标量约束_31_81_3],0.0
cons[火电机组分段中标量约束_31_81_4],0.0
cons[火电机组分段中标量约束_31_81_5],0.0
cons[火电机组分段中标量约束_31_81_6],0.0
cons[火电机组分段中标量约束_31_81_7],0.0
cons[火电机组分段中标量约束_31_81_8],0.0
cons[火电机组分段中标量约束_31_81_9],0.0
cons[火电机组出力之和约束_31_81],0.0
cons[火电机组分段中标量约束_31_82_0],0.0
cons[火电机组分段中标量约束_31_82_1],0.0
cons[火电机组分段中标量约束_31_82_2],0.0
cons[火电机组分段中标量约束_31_82_3],0.0
cons[火电机组分段中标量约束_31_82_4],0.0
cons[火电机组分段中标量约束_31_82_5],0.0
cons[火电机组分段中标量约束_31_82_6],0.0
cons[火电机组分段中标量约束_31_82_7],0.0
cons[火电机组分段中标量约束_31_82_8],0.0
cons[火电机组分段中标量约束_31_82_9],0.0
cons[火电机组出力之和约束_31_82],0.0
cons[火电机组分段中标量约束_31_83_0],0.0
cons[火电机组分段中标量约束_31_83_1],0.0
cons[火电机组分段中标量约束_31_83_2],0.0
cons[火电机组分段中标量约束_31_83_3],0.0
cons[火电机组分段中标量约束_31_83_4],0.0
cons[火电机组分段中标量约束_31_83_5],0.0
cons[火电机组分段中标量约束_31_83_6],0.0
cons[火电机组分段中标量约束_31_83_7],0.0
cons[火电机组分段中标量约束_31_83_8],0.0
cons[火电机组分段中标量约束_31_83_9],0.0
cons[火电机组出力之和约束_31_83],0.0
cons[火电机组分段中标量约束_31_84_0],0.0
cons[火电机组分段中标量约束_31_84_1],0.0
cons[火电机组分段中标量约束_31_84_2],0.0
cons[火电机组分段中标量约束_31_84_3],0.0
cons[火电机组分段中标量约束_31_84_4],0.0
cons[火电机组分段中标量约束_31_84_5],0.0
cons[火电机组分段中标量约束_31_84_6],0.0
cons[火电机组分段中标量约束_31_84_7],0.0
cons[火电机组分段中标量约束_31_84_8],0.0
cons[火电机组分段中标量约束_31_84_9],0.0
cons[火电机组出力之和约束_31_84],0.0
cons[火电机组分段中标量约束_31_85_0],0.0
cons[火电机组分段中标量约束_31_85_1],0.0
cons[火电机组分段中标量约束_31_85_2],0.0
cons[火电机组分段中标量约束_31_85_3],0.0
cons[火电机组分段中标量约束_31_85_4],0.0
cons[火电机组分段中标量约束_31_85_5],0.0
cons[火电机组分段中标量约束_31_85_6],0.0
cons[火电机组分段中标量约束_31_85_7],0.0
cons[火电机组分段中标量约束_31_85_8],0.0
cons[火电机组分段中标量约束_31_85_9],0.0
cons[火电机组出力之和约束_31_85],0.0
cons[火电机组分段中标量约束_31_86_0],0.0
cons[火电机组分段中标量约束_31_86_1],0.0
cons[火电机组分段中标量约束_31_86_2],0.0
cons[火电机组分段中标量约束_31_86_3],0.0
cons[火电机组分段中标量约束_31_86_4],0.0
cons[火电机组分段中标量约束_31_86_5],0.0
cons[火电机组分段中标量约束_31_86_6],0.0
cons[火电机组分段中标量约束_31_86_7],0.0
cons[火电机组分段中标量约束_31_86_8],0.0
cons[火电机组分段中标量约束_31_86_9],0.0
cons[火电机组出力之和约束_31_86],0.0
cons[火电机组分段中标量约束_31_87_0],0.0
cons[火电机组分段中标量约束_31_87_1],0.0
cons[火电机组分段中标量约束_31_87_2],0.0
cons[火电机组分段中标量约束_31_87_3],0.0
cons[火电机组分段中标量约束_31_87_4],0.0
cons[火电机组分段中标量约束_31_87_5],0.0
cons[火电机组分段中标量约束_31_87_6],0.0
cons[火电机组分段中标量约束_31_87_7],0.0
cons[火电机组分段中标量约束_31_87_8],0.0
cons[火电机组分段中标量约束_31_87_9],0.0
cons[火电机组出力之和约束_31_87],0.0
cons[火电机组分段中标量约束_31_88_0],0.0
cons[火电机组分段中标量约束_31_88_1],0.0
cons[火电机组分段中标量约束_31_88_2],0.0
cons[火电机组分段中标量约束_31_88_3],0.0
cons[火电机组分段中标量约束_31_88_4],0.0
cons[火电机组分段中标量约束_31_88_5],0.0
cons[火电机组分段中标量约束_31_88_6],0.0
cons[火电机组分段中标量约束_31_88_7],0.0
cons[火电机组分段中标量约束_31_88_8],0.0
cons[火电机组分段中标量约束_31_88_9],0.0
cons[火电机组出力之和约束_31_88],0.0
cons[火电机组分段中标量约束_31_89_0],0.0
cons[火电机组分段中标量约束_31_89_1],0.0
cons[火电机组分段中标量约束_31_89_2],0.0
cons[火电机组分段中标量约束_31_89_3],0.0
cons[火电机组分段中标量约束_31_89_4],0.0
cons[火电机组分段中标量约束_31_89_5],0.0
cons[火电机组分段中标量约束_31_89_6],0.0
cons[火电机组分段中标量约束_31_89_7],0.0
cons[火电机组分段中标量约束_31_89_8],0.0
cons[火电机组分段中标量约束_31_89_9],0.0
cons[火电机组出力之和约束_31_89],0.0
cons[火电机组分段中标量约束_31_90_0],0.0
cons[火电机组分段中标量约束_31_90_1],0.0
cons[火电机组分段中标量约束_31_90_2],0.0
cons[火电机组分段中标量约束_31_90_3],0.0
cons[火电机组分段中标量约束_31_90_4],0.0
cons[火电机组分段中标量约束_31_90_5],0.0
cons[火电机组分段中标量约束_31_90_6],0.0
cons[火电机组分段中标量约束_31_90_7],0.0
cons[火电机组分段中标量约束_31_90_8],0.0
cons[火电机组分段中标量约束_31_90_9],0.0
cons[火电机组出力之和约束_31_90],0.0
cons[火电机组分段中标量约束_31_91_0],0.0
cons[火电机组分段中标量约束_31_91_1],0.0
cons[火电机组分段中标量约束_31_91_2],0.0
cons[火电机组分段中标量约束_31_91_3],0.0
cons[火电机组分段中标量约束_31_91_4],0.0
cons[火电机组分段中标量约束_31_91_5],0.0
cons[火电机组分段中标量约束_31_91_6],0.0
cons[火电机组分段中标量约束_31_91_7],0.0
cons[火电机组分段中标量约束_31_91_8],0.0
cons[火电机组分段中标量约束_31_91_9],0.0
cons[火电机组出力之和约束_31_91],0.0
cons[火电机组分段中标量约束_31_92_0],0.0
cons[火电机组分段中标量约束_31_92_1],0.0
cons[火电机组分段中标量约束_31_92_2],0.0
cons[火电机组分段中标量约束_31_92_3],0.0
cons[火电机组分段中标量约束_31_92_4],0.0
cons[火电机组分段中标量约束_31_92_5],0.0
cons[火电机组分段中标量约束_31_92_6],0.0
cons[火电机组分段中标量约束_31_92_7],0.0
cons[火电机组分段中标量约束_31_92_8],0.0
cons[火电机组分段中标量约束_31_92_9],0.0
cons[火电机组出力之和约束_31_92],0.0
cons[火电机组分段中标量约束_31_93_0],0.0
cons[火电机组分段中标量约束_31_93_1],0.0
cons[火电机组分段中标量约束_31_93_2],0.0
cons[火电机组分段中标量约束_31_93_3],0.0
cons[火电机组分段中标量约束_31_93_4],0.0
cons[火电机组分段中标量约束_31_93_5],0.0
cons[火电机组分段中标量约束_31_93_6],0.0
cons[火电机组分段中标量约束_31_93_7],0.0
cons[火电机组分段中标量约束_31_93_8],0.0
cons[火电机组分段中标量约束_31_93_9],0.0
cons[火电机组出力之和约束_31_93],0.0
cons[火电机组分段中标量约束_31_94_0],0.0
cons[火电机组分段中标量约束_31_94_1],0.0
cons[火电机组分段中标量约束_31_94_2],0.0
cons[火电机组分段中标量约束_31_94_3],0.0
cons[火电机组分段中标量约束_31_94_4],0.0
cons[火电机组分段中标量约束_31_94_5],0.0
cons[火电机组分段中标量约束_31_94_6],0.0
cons[火电机组分段中标量约束_31_94_7],0.0
cons[火电机组分段中标量约束_31_94_8],0.0
cons[火电机组分段中标量约束_31_94_9],0.0
cons[火电机组出力之和约束_31_94],0.0
cons[火电机组分段中标量约束_31_95_0],0.0
cons[火电机组分段中标量约束_31_95_1],0.0
cons[火电机组分段中标量约束_31_95_2],0.0
cons[火电机组分段中标量约束_31_95_3],0.0
cons[火电机组分段中标量约束_31_95_4],0.0
cons[火电机组分段中标量约束_31_95_5],0.0
cons[火电机组分段中标量约束_31_95_6],0.0
cons[火电机组分段中标量约束_31_95_7],0.0
cons[火电机组分段中标量约束_31_95_8],0.0
cons[火电机组分段中标量约束_31_95_9],0.0
cons[火电机组出力之和约束_31_95],0.0
cons[火电机组初始启停状态约束_0],0.0
cons[火电机组初始启停状态约束_1],0.0
cons[火电机组初始启停状态约束_2],0.0
cons[火电机组初始启停状态约束_3],0.0
cons[火电机组初始启停状态约束_4],0.0
cons[火电机组初始启停状态约束_5],0.0
cons[火电机组初始启停状态约束_6],0.0
cons[火电机组初始启停状态约束_7],0.0
cons[火电机组初始启停状态约束_8],0.0
cons[火电机组初始启停状态约束_9],0.0
cons[火电机组初始启停状态约束_10],0.0
cons[火电机组初始启停状态约束_11],0.0
cons[火电机组初始启停状态约束_12],0.0
cons[火电机组初始启停状态约束_13],0.0
cons[火电机组初始启停状态约束_14],0.0
cons[火电机组初始启停状态约束_15],0.0
cons[火电机组初始启停状态约束_16],0.0
cons[火电机组初始启停状态约束_17],0.0
cons[火电机组初始启停状态约束_18],0.0
cons[火电机组初始启停状态约束_19],0.0
cons[火电机组初始启停状态约束_20],0.0
cons[火电机组初始启停状态约束_21],0.0
cons[火电机组初始启停状态约束_22],0.0
cons[火电机组初始启停状态约束_23],0.0
cons[火电机组初始启停状态约束_24],0.0
cons[火电机组初始启停状态约束_25],0.0
cons[火电机组初始启停状态约束_26],0.0
cons[火电机组初始启停状态约束_27],0.0
cons[火电机组初始启停状态约束_28],0.0
cons[火电机组初始启停状态约束_29],0.0
cons[火电机组初始启停状态约束_30],0.0
cons[火电机组初始启停状态约束_31],0.0
cons[火电机组启停状态约束_0_1],0.0
cons[火电机组启停状态约束_0_2],0.0
cons[火电机组启停状态约束_0_3],0.0
cons[火电机组启停状态约束_0_4],0.0
cons[火电机组启停状态约束_0_5],0.0
cons[火电机组启停状态约束_0_6],0.0
cons[火电机组启停状态约束_0_7],0.0
cons[火电机组启停状态约束_0_8],0.0
cons[火电机组启停状态约束_0_9],0.0
cons[火电机组启停状态约束_0_10],0.0
cons[火电机组启停状态约束_0_11],0.0
cons[火电机组启停状态约束_0_12],0.0
cons[火电机组启停状态约束_0_13],0.0
cons[火电机组启停状态约束_0_14],0.0
cons[火电机组启停状态约束_0_15],0.0
cons[火电机组启停状态约束_0_16],0.0
cons[火电机组启停状态约束_0_17],0.0
cons[火电机组启停状态约束_0_18],0.0
cons[火电机组启停状态约束_0_19],0.0
cons[火电机组启停状态约束_0_20],0.0
cons[火电机组启停状态约束_0_21],0.0
cons[火电机组启停状态约束_0_22],0.0
cons[火电机组启停状态约束_0_23],0.0
cons[火电机组启停状态约束_0_24],0.0
cons[火电机组启停状态约束_0_25],0.0
cons[火电机组启停状态约束_0_26],0.0
cons[火电机组启停状态约束_0_27],0.0
cons[火电机组启停状态约束_0_28],0.0
cons[火电机组启停状态约束_0_29],0.0
cons[火电机组启停状态约束_0_30],0.0
cons[火电机组启停状态约束_0_31],0.0
cons[火电机组启停状态约束_0_32],0.0
cons[火电机组启停状态约束_0_33],0.0
cons[火电机组启停状态约束_0_34],0.0
cons[火电机组启停状态约束_0_35],0.0
cons[火电机组启停状态约束_0_36],0.0
cons[火电机组启停状态约束_0_37],0.0
cons[火电机组启停状态约束_0_38],0.0
cons[火电机组启停状态约束_0_39],0.0
cons[火电机组启停状态约束_0_40],0.0
cons[火电机组启停状态约束_0_41],0.0
cons[火电机组启停状态约束_0_42],0.0
cons[火电机组启停状态约束_0_43],0.0
cons[火电机组启停状态约束_0_44],0.0
cons[火电机组启停状态约束_0_45],0.0
cons[火电机组启停状态约束_0_46],0.0
cons[火电机组启停状态约束_0_47],0.0
cons[火电机组启停状态约束_0_48],0.0
cons[火电机组启停状态约束_0_49],0.0
cons[火电机组启停状态约束_0_50],0.0
cons[火电机组启停状态约束_0_51],0.0
cons[火电机组启停状态约束_0_52],0.0
cons[火电机组启停状态约束_0_53],0.0
cons[火电机组启停状态约束_0_54],0.0
cons[火电机组启停状态约束_0_55],0.0
cons[火电机组启停状态约束_0_56],0.0
cons[火电机组启停状态约束_0_57],0.0
cons[火电机组启停状态约束_0_58],0.0
cons[火电机组启停状态约束_0_59],0.0
cons[火电机组启停状态约束_0_60],0.0
cons[火电机组启停状态约束_0_61],0.0
cons[火电机组启停状态约束_0_62],0.0
cons[火电机组启停状态约束_0_63],0.0
cons[火电机组启停状态约束_0_64],0.0
cons[火电机组启停状态约束_0_65],0.0
cons[火电机组启停状态约束_0_66],0.0
cons[火电机组启停状态约束_0_67],0.0
cons[火电机组启停状态约束_0_68],0.0
cons[火电机组启停状态约束_0_69],0.0
cons[火电机组启停状态约束_0_70],0.0
cons[火电机组启停状态约束_0_71],0.0
cons[火电机组启停状态约束_0_72],0.0
cons[火电机组启停状态约束_0_73],0.0
cons[火电机组启停状态约束_0_74],0.0
cons[火电机组启停状态约束_0_75],0.0
cons[火电机组启停状态约束_0_76],0.0
cons[火电机组启停状态约束_0_77],0.0
cons[火电机组启停状态约束_0_78],0.0
cons[火电机组启停状态约束_0_79],0.0
cons[火电机组启停状态约束_0_80],0.0
cons[火电机组启停状态约束_0_81],0.0
cons[火电机组启停状态约束_0_82],0.0
cons[火电机组启停状态约束_0_83],0.0
cons[火电机组启停状态约束_0_84],0.0
cons[火电机组启停状态约束_0_85],0.0
cons[火电机组启停状态约束_0_86],0.0
cons[火电机组启停状态约束_0_87],0.0
cons[火电机组启停状态约束_0_88],0.0
cons[火电机组启停状态约束_0_89],0.0
cons[火电机组启停状态约束_0_90],0.0
cons[火电机组启停状态约束_0_91],0.0
cons[火电机组启停状态约束_0_92],0.0
cons[火电机组启停状态约束_0_93],0.0
cons[火电机组启停状态约束_0_94],0.0
cons[火电机组启停状态约束_0_95],0.0
cons[火电机组启停状态约束_1_1],0.0
cons[火电机组启停状态约束_1_2],0.0
cons[火电机组启停状态约束_1_3],0.0
cons[火电机组启停状态约束_1_4],0.0
cons[火电机组启停状态约束_1_5],0.0
cons[火电机组启停状态约束_1_6],0.0
cons[火电机组启停状态约束_1_7],0.0
cons[火电机组启停状态约束_1_8],0.0
cons[火电机组启停状态约束_1_9],0.0
cons[火电机组启停状态约束_1_10],0.0
cons[火电机组启停状态约束_1_11],0.0
cons[火电机组启停状态约束_1_12],0.0
cons[火电机组启停状态约束_1_13],0.0
cons[火电机组启停状态约束_1_14],0.0
cons[火电机组启停状态约束_1_15],0.0
cons[火电机组启停状态约束_1_16],0.0
cons[火电机组启停状态约束_1_17],0.0
cons[火电机组启停状态约束_1_18],0.0
cons[火电机组启停状态约束_1_19],0.0
cons[火电机组启停状态约束_1_20],0.0
cons[火电机组启停状态约束_1_21],0.0
cons[火电机组启停状态约束_1_22],0.0
cons[火电机组启停状态约束_1_23],0.0
cons[火电机组启停状态约束_1_24],0.0
cons[火电机组启停状态约束_1_25],0.0
cons[火电机组启停状态约束_1_26],0.0
cons[火电机组启停状态约束_1_27],0.0
cons[火电机组启停状态约束_1_28],0.0
cons[火电机组启停状态约束_1_29],0.0
cons[火电机组启停状态约束_1_30],0.0
cons[火电机组启停状态约束_1_31],0.0
cons[火电机组启停状态约束_1_32],0.0
cons[火电机组启停状态约束_1_33],0.0
cons[火电机组启停状态约束_1_34],0.0
cons[火电机组启停状态约束_1_35],0.0
cons[火电机组启停状态约束_1_36],0.0
cons[火电机组启停状态约束_1_37],0.0
cons[火电机组启停状态约束_1_38],0.0
cons[火电机组启停状态约束_1_39],0.0
cons[火电机组启停状态约束_1_40],0.0
cons[火电机组启停状态约束_1_41],0.0
cons[火电机组启停状态约束_1_42],0.0
cons[火电机组启停状态约束_1_43],0.0
cons[火电机组启停状态约束_1_44],0.0
cons[火电机组启停状态约束_1_45],0.0
cons[火电机组启停状态约束_1_46],0.0
cons[火电机组启停状态约束_1_47],0.0
cons[火电机组启停状态约束_1_48],0.0
cons[火电机组启停状态约束_1_49],0.0
cons[火电机组启停状态约束_1_50],0.0
cons[火电机组启停状态约束_1_51],0.0
cons[火电机组启停状态约束_1_52],0.0
cons[火电机组启停状态约束_1_53],0.0
cons[火电机组启停状态约束_1_54],0.0
cons[火电机组启停状态约束_1_55],0.0
cons[火电机组启停状态约束_1_56],0.0
cons[火电机组启停状态约束_1_57],0.0
cons[火电机组启停状态约束_1_58],0.0
cons[火电机组启停状态约束_1_59],0.0
cons[火电机组启停状态约束_1_60],0.0
cons[火电机组启停状态约束_1_61],0.0
cons[火电机组启停状态约束_1_62],0.0
cons[火电机组启停状态约束_1_63],0.0
cons[火电机组启停状态约束_1_64],0.0
cons[火电机组启停状态约束_1_65],0.0
cons[火电机组启停状态约束_1_66],0.0
cons[火电机组启停状态约束_1_67],0.0
cons[火电机组启停状态约束_1_68],0.0
cons[火电机组启停状态约束_1_69],0.0
cons[火电机组启停状态约束_1_70],0.0
cons[火电机组启停状态约束_1_71],0.0
cons[火电机组启停状态约束_1_72],0.0
cons[火电机组启停状态约束_1_73],0.0
cons[火电机组启停状态约束_1_74],0.0
cons[火电机组启停状态约束_1_75],0.0
cons[火电机组启停状态约束_1_76],0.0
cons[火电机组启停状态约束_1_77],0.0
cons[火电机组启停状态约束_1_78],0.0
cons[火电机组启停状态约束_1_79],0.0
cons[火电机组启停状态约束_1_80],0.0
cons[火电机组启停状态约束_1_81],0.0
cons[火电机组启停状态约束_1_82],0.0
cons[火电机组启停状态约束_1_83],0.0
cons[火电机组启停状态约束_1_84],0.0
cons[火电机组启停状态约束_1_85],0.0
cons[火电机组启停状态约束_1_86],0.0
cons[火电机组启停状态约束_1_87],0.0
cons[火电机组启停状态约束_1_88],0.0
cons[火电机组启停状态约束_1_89],0.0
cons[火电机组启停状态约束_1_90],0.0
cons[火电机组启停状态约束_1_91],0.0
cons[火电机组启停状态约束_1_92],0.0
cons[火电机组启停状态约束_1_93],0.0
cons[火电机组启停状态约束_1_94],0.0
cons[火电机组启停状态约束_1_95],0.0
cons[火电机组启停状态约束_2_1],0.0
cons[火电机组启停状态约束_2_2],0.0
cons[火电机组启停状态约束_2_3],0.0
cons[火电机组启停状态约束_2_4],0.0
cons[火电机组启停状态约束_2_5],0.0
cons[火电机组启停状态约束_2_6],0.0
cons[火电机组启停状态约束_2_7],0.0
cons[火电机组启停状态约束_2_8],0.0
cons[火电机组启停状态约束_2_9],0.0
cons[火电机组启停状态约束_2_10],0.0
cons[火电机组启停状态约束_2_11],0.0
cons[火电机组启停状态约束_2_12],0.0
cons[火电机组启停状态约束_2_13],0.0
cons[火电机组启停状态约束_2_14],0.0
cons[火电机组启停状态约束_2_15],0.0
cons[火电机组启停状态约束_2_16],0.0
cons[火电机组启停状态约束_2_17],0.0
cons[火电机组启停状态约束_2_18],0.0
cons[火电机组启停状态约束_2_19],0.0
cons[火电机组启停状态约束_2_20],0.0
cons[火电机组启停状态约束_2_21],0.0
cons[火电机组启停状态约束_2_22],0.0
cons[火电机组启停状态约束_2_23],0.0
cons[火电机组启停状态约束_2_24],0.0
cons[火电机组启停状态约束_2_25],0.0
cons[火电机组启停状态约束_2_26],0.0
cons[火电机组启停状态约束_2_27],0.0
cons[火电机组启停状态约束_2_28],0.0
cons[火电机组启停状态约束_2_29],0.0
cons[火电机组启停状态约束_2_30],0.0
cons[火电机组启停状态约束_2_31],0.0
cons[火电机组启停状态约束_2_32],0.0
cons[火电机组启停状态约束_2_33],0.0
cons[火电机组启停状态约束_2_34],0.0
cons[火电机组启停状态约束_2_35],0.0
cons[火电机组启停状态约束_2_36],0.0
cons[火电机组启停状态约束_2_37],0.0
cons[火电机组启停状态约束_2_38],0.0
cons[火电机组启停状态约束_2_39],0.0
cons[火电机组启停状态约束_2_40],0.0
cons[火电机组启停状态约束_2_41],0.0
cons[火电机组启停状态约束_2_42],0.0
cons[火电机组启停状态约束_2_43],0.0
cons[火电机组启停状态约束_2_44],0.0
cons[火电机组启停状态约束_2_45],0.0
cons[火电机组启停状态约束_2_46],0.0
cons[火电机组启停状态约束_2_47],0.0
cons[火电机组启停状态约束_2_48],0.0
cons[火电机组启停状态约束_2_49],0.0
cons[火电机组启停状态约束_2_50],0.0
cons[火电机组启停状态约束_2_51],0.0
cons[火电机组启停状态约束_2_52],0.0
cons[火电机组启停状态约束_2_53],0.0
cons[火电机组启停状态约束_2_54],0.0
cons[火电机组启停状态约束_2_55],0.0
cons[火电机组启停状态约束_2_56],0.0
cons[火电机组启停状态约束_2_57],0.0
cons[火电机组启停状态约束_2_58],0.0
cons[火电机组启停状态约束_2_59],0.0
cons[火电机组启停状态约束_2_60],0.0
cons[火电机组启停状态约束_2_61],0.0
cons[火电机组启停状态约束_2_62],0.0
cons[火电机组启停状态约束_2_63],0.0
cons[火电机组启停状态约束_2_64],0.0
cons[火电机组启停状态约束_2_65],0.0
cons[火电机组启停状态约束_2_66],0.0
cons[火电机组启停状态约束_2_67],0.0
cons[火电机组启停状态约束_2_68],0.0
cons[火电机组启停状态约束_2_69],0.0
cons[火电机组启停状态约束_2_70],0.0
cons[火电机组启停状态约束_2_71],0.0
cons[火电机组启停状态约束_2_72],0.0
cons[火电机组启停状态约束_2_73],0.0
cons[火电机组启停状态约束_2_74],0.0
cons[火电机组启停状态约束_2_75],0.0
cons[火电机组启停状态约束_2_76],0.0
cons[火电机组启停状态约束_2_77],0.0
cons[火电机组启停状态约束_2_78],0.0
cons[火电机组启停状态约束_2_79],0.0
cons[火电机组启停状态约束_2_80],0.0
cons[火电机组启停状态约束_2_81],0.0
cons[火电机组启停状态约束_2_82],0.0
cons[火电机组启停状态约束_2_83],0.0
cons[火电机组启停状态约束_2_84],0.0
cons[火电机组启停状态约束_2_85],0.0
cons[火电机组启停状态约束_2_86],0.0
cons[火电机组启停状态约束_2_87],0.0
cons[火电机组启停状态约束_2_88],0.0
cons[火电机组启停状态约束_2_89],0.0
cons[火电机组启停状态约束_2_90],0.0
cons[火电机组启停状态约束_2_91],0.0
cons[火电机组启停状态约束_2_92],0.0
cons[火电机组启停状态约束_2_93],0.0
cons[火电机组启停状态约束_2_94],0.0
cons[火电机组启停状态约束_2_95],0.0
cons[火电机组启停状态约束_3_1],0.0
cons[火电机组启停状态约束_3_2],0.0
cons[火电机组启停状态约束_3_3],0.0
cons[火电机组启停状态约束_3_4],0.0
cons[火电机组启停状态约束_3_5],0.0
cons[火电机组启停状态约束_3_6],0.0
cons[火电机组启停状态约束_3_7],0.0
cons[火电机组启停状态约束_3_8],0.0
cons[火电机组启停状态约束_3_9],0.0
cons[火电机组启停状态约束_3_10],0.0
cons[火电机组启停状态约束_3_11],0.0
cons[火电机组启停状态约束_3_12],0.0
cons[火电机组启停状态约束_3_13],0.0
cons[火电机组启停状态约束_3_14],0.0
cons[火电机组启停状态约束_3_15],0.0
cons[火电机组启停状态约束_3_16],0.0
cons[火电机组启停状态约束_3_17],0.0
cons[火电机组启停状态约束_3_18],0.0
cons[火电机组启停状态约束_3_19],0.0
cons[火电机组启停状态约束_3_20],0.0
cons[火电机组启停状态约束_3_21],0.0
cons[火电机组启停状态约束_3_22],0.0
cons[火电机组启停状态约束_3_23],0.0
cons[火电机组启停状态约束_3_24],0.0
cons[火电机组启停状态约束_3_25],0.0
cons[火电机组启停状态约束_3_26],0.0
cons[火电机组启停状态约束_3_27],0.0
cons[火电机组启停状态约束_3_28],0.0
cons[火电机组启停状态约束_3_29],0.0
cons[火电机组启停状态约束_3_30],0.0
cons[火电机组启停状态约束_3_31],0.0
cons[火电机组启停状态约束_3_32],0.0
cons[火电机组启停状态约束_3_33],0.0
cons[火电机组启停状态约束_3_34],0.0
cons[火电机组启停状态约束_3_35],0.0
cons[火电机组启停状态约束_3_36],0.0
cons[火电机组启停状态约束_3_37],0.0
cons[火电机组启停状态约束_3_38],0.0
cons[火电机组启停状态约束_3_39],0.0
cons[火电机组启停状态约束_3_40],0.0
cons[火电机组启停状态约束_3_41],0.0
cons[火电机组启停状态约束_3_42],0.0
cons[火电机组启停状态约束_3_43],0.0
cons[火电机组启停状态约束_3_44],0.0
cons[火电机组启停状态约束_3_45],0.0
cons[火电机组启停状态约束_3_46],0.0
cons[火电机组启停状态约束_3_47],0.0
cons[火电机组启停状态约束_3_48],0.0
cons[火电机组启停状态约束_3_49],0.0
cons[火电机组启停状态约束_3_50],0.0
cons[火电机组启停状态约束_3_51],0.0
cons[火电机组启停状态约束_3_52],0.0
cons[火电机组启停状态约束_3_53],0.0
cons[火电机组启停状态约束_3_54],0.0
cons[火电机组启停状态约束_3_55],0.0
cons[火电机组启停状态约束_3_56],0.0
cons[火电机组启停状态约束_3_57],0.0
cons[火电机组启停状态约束_3_58],0.0
cons[火电机组启停状态约束_3_59],0.0
cons[火电机组启停状态约束_3_60],0.0
cons[火电机组启停状态约束_3_61],0.0
cons[火电机组启停状态约束_3_62],0.0
cons[火电机组启停状态约束_3_63],0.0
cons[火电机组启停状态约束_3_64],0.0
cons[火电机组启停状态约束_3_65],0.0
cons[火电机组启停状态约束_3_66],0.0
cons[火电机组启停状态约束_3_67],0.0
cons[火电机组启停状态约束_3_68],0.0
cons[火电机组启停状态约束_3_69],0.0
cons[火电机组启停状态约束_3_70],0.0
cons[火电机组启停状态约束_3_71],0.0
cons[火电机组启停状态约束_3_72],0.0
cons[火电机组启停状态约束_3_73],0.0
cons[火电机组启停状态约束_3_74],0.0
cons[火电机组启停状态约束_3_75],0.0
cons[火电机组启停状态约束_3_76],0.0
cons[火电机组启停状态约束_3_77],0.0
cons[火电机组启停状态约束_3_78],0.0
cons[火电机组启停状态约束_3_79],0.0
cons[火电机组启停状态约束_3_80],0.0
cons[火电机组启停状态约束_3_81],0.0
cons[火电机组启停状态约束_3_82],0.0
cons[火电机组启停状态约束_3_83],0.0
cons[火电机组启停状态约束_3_84],0.0
cons[火电机组启停状态约束_3_85],0.0
cons[火电机组启停状态约束_3_86],0.0
cons[火电机组启停状态约束_3_87],0.0
cons[火电机组启停状态约束_3_88],0.0
cons[火电机组启停状态约束_3_89],0.0
cons[火电机组启停状态约束_3_90],0.0
cons[火电机组启停状态约束_3_91],0.0
cons[火电机组启停状态约束_3_92],0.0
cons[火电机组启停状态约束_3_93],0.0
cons[火电机组启停状态约束_3_94],0.0
cons[火电机组启停状态约束_3_95],0.0
cons[火电机组启停状态约束_4_1],0.0
cons[火电机组启停状态约束_4_2],0.0
cons[火电机组启停状态约束_4_3],0.0
cons[火电机组启停状态约束_4_4],0.0
cons[火电机组启停状态约束_4_5],0.0
cons[火电机组启停状态约束_4_6],0.0
cons[火电机组启停状态约束_4_7],0.0
cons[火电机组启停状态约束_4_8],0.0
cons[火电机组启停状态约束_4_9],0.0
cons[火电机组启停状态约束_4_10],0.0
cons[火电机组启停状态约束_4_11],0.0
cons[火电机组启停状态约束_4_12],0.0
cons[火电机组启停状态约束_4_13],0.0
cons[火电机组启停状态约束_4_14],0.0
cons[火电机组启停状态约束_4_15],0.0
cons[火电机组启停状态约束_4_16],0.0
cons[火电机组启停状态约束_4_17],0.0
cons[火电机组启停状态约束_4_18],0.0
cons[火电机组启停状态约束_4_19],0.0
cons[火电机组启停状态约束_4_20],0.0
cons[火电机组启停状态约束_4_21],0.0
cons[火电机组启停状态约束_4_22],0.0
cons[火电机组启停状态约束_4_23],0.0
cons[火电机组启停状态约束_4_24],0.0
cons[火电机组启停状态约束_4_25],0.0
cons[火电机组启停状态约束_4_26],0.0
cons[火电机组启停状态约束_4_27],0.0
cons[火电机组启停状态约束_4_28],0.0
cons[火电机组启停状态约束_4_29],0.0
cons[火电机组启停状态约束_4_30],0.0
cons[火电机组启停状态约束_4_31],0.0
cons[火电机组启停状态约束_4_32],0.0
cons[火电机组启停状态约束_4_33],0.0
cons[火电机组启停状态约束_4_34],0.0
cons[火电机组启停状态约束_4_35],0.0
cons[火电机组启停状态约束_4_36],0.0
cons[火电机组启停状态约束_4_37],0.0
cons[火电机组启停状态约束_4_38],0.0
cons[火电机组启停状态约束_4_39],0.0
cons[火电机组启停状态约束_4_40],0.0
cons[火电机组启停状态约束_4_41],0.0
cons[火电机组启停状态约束_4_42],0.0
cons[火电机组启停状态约束_4_43],0.0
cons[火电机组启停状态约束_4_44],0.0
cons[火电机组启停状态约束_4_45],0.0
cons[火电机组启停状态约束_4_46],0.0
cons[火电机组启停状态约束_4_47],0.0
cons[火电机组启停状态约束_4_48],0.0
cons[火电机组启停状态约束_4_49],0.0
cons[火电机组启停状态约束_4_50],0.0
cons[火电机组启停状态约束_4_51],0.0
cons[火电机组启停状态约束_4_52],0.0
cons[火电机组启停状态约束_4_53],0.0
cons[火电机组启停状态约束_4_54],0.0
cons[火电机组启停状态约束_4_55],0.0
cons[火电机组启停状态约束_4_56],0.0
cons[火电机组启停状态约束_4_57],0.0
cons[火电机组启停状态约束_4_58],0.0
cons[火电机组启停状态约束_4_59],0.0
cons[火电机组启停状态约束_4_60],0.0
cons[火电机组启停状态约束_4_61],0.0
cons[火电机组启停状态约束_4_62],0.0
cons[火电机组启停状态约束_4_63],0.0
cons[火电机组启停状态约束_4_64],0.0
cons[火电机组启停状态约束_4_65],0.0
cons[火电机组启停状态约束_4_66],0.0
cons[火电机组启停状态约束_4_67],0.0
cons[火电机组启停状态约束_4_68],0.0
cons[火电机组启停状态约束_4_69],0.0
cons[火电机组启停状态约束_4_70],0.0
cons[火电机组启停状态约束_4_71],0.0
cons[火电机组启停状态约束_4_72],0.0
cons[火电机组启停状态约束_4_73],0.0
cons[火电机组启停状态约束_4_74],0.0
cons[火电机组启停状态约束_4_75],0.0
cons[火电机组启停状态约束_4_76],0.0
cons[火电机组启停状态约束_4_77],0.0
cons[火电机组启停状态约束_4_78],0.0
cons[火电机组启停状态约束_4_79],0.0
cons[火电机组启停状态约束_4_80],0.0
cons[火电机组启停状态约束_4_81],0.0
cons[火电机组启停状态约束_4_82],0.0
cons[火电机组启停状态约束_4_83],0.0
cons[火电机组启停状态约束_4_84],0.0
cons[火电机组启停状态约束_4_85],0.0
cons[火电机组启停状态约束_4_86],0.0
cons[火电机组启停状态约束_4_87],0.0
cons[火电机组启停状态约束_4_88],0.0
cons[火电机组启停状态约束_4_89],0.0
cons[火电机组启停状态约束_4_90],0.0
cons[火电机组启停状态约束_4_91],0.0
cons[火电机组启停状态约束_4_92],0.0
cons[火电机组启停状态约束_4_93],0.0
cons[火电机组启停状态约束_4_94],0.0
cons[火电机组启停状态约束_4_95],0.0
cons[火电机组启停状态约束_5_1],0.0
cons[火电机组启停状态约束_5_2],0.0
cons[火电机组启停状态约束_5_3],0.0
cons[火电机组启停状态约束_5_4],0.0
cons[火电机组启停状态约束_5_5],0.0
cons[火电机组启停状态约束_5_6],0.0
cons[火电机组启停状态约束_5_7],0.0
cons[火电机组启停状态约束_5_8],0.0
cons[火电机组启停状态约束_5_9],0.0
cons[火电机组启停状态约束_5_10],0.0
cons[火电机组启停状态约束_5_11],0.0
cons[火电机组启停状态约束_5_12],0.0
cons[火电机组启停状态约束_5_13],0.0
cons[火电机组启停状态约束_5_14],0.0
cons[火电机组启停状态约束_5_15],0.0
cons[火电机组启停状态约束_5_16],0.0
cons[火电机组启停状态约束_5_17],0.0
cons[火电机组启停状态约束_5_18],0.0
cons[火电机组启停状态约束_5_19],0.0
cons[火电机组启停状态约束_5_20],0.0
cons[火电机组启停状态约束_5_21],0.0
cons[火电机组启停状态约束_5_22],0.0
cons[火电机组启停状态约束_5_23],0.0
cons[火电机组启停状态约束_5_24],0.0
cons[火电机组启停状态约束_5_25],0.0
cons[火电机组启停状态约束_5_26],0.0
cons[火电机组启停状态约束_5_27],0.0
cons[火电机组启停状态约束_5_28],0.0
cons[火电机组启停状态约束_5_29],0.0
cons[火电机组启停状态约束_5_30],0.0
cons[火电机组启停状态约束_5_31],0.0
cons[火电机组启停状态约束_5_32],0.0
cons[火电机组启停状态约束_5_33],0.0
cons[火电机组启停状态约束_5_34],0.0
cons[火电机组启停状态约束_5_35],0.0
cons[火电机组启停状态约束_5_36],0.0
cons[火电机组启停状态约束_5_37],0.0
cons[火电机组启停状态约束_5_38],0.0
cons[火电机组启停状态约束_5_39],0.0
cons[火电机组启停状态约束_5_40],0.0
cons[火电机组启停状态约束_5_41],0.0
cons[火电机组启停状态约束_5_42],0.0
cons[火电机组启停状态约束_5_43],0.0
cons[火电机组启停状态约束_5_44],0.0
cons[火电机组启停状态约束_5_45],0.0
cons[火电机组启停状态约束_5_46],0.0
cons[火电机组启停状态约束_5_47],0.0
cons[火电机组启停状态约束_5_48],0.0
cons[火电机组启停状态约束_5_49],0.0
cons[火电机组启停状态约束_5_50],0.0
cons[火电机组启停状态约束_5_51],0.0
cons[火电机组启停状态约束_5_52],0.0
cons[火电机组启停状态约束_5_53],0.0
cons[火电机组启停状态约束_5_54],0.0
cons[火电机组启停状态约束_5_55],0.0
cons[火电机组启停状态约束_5_56],0.0
cons[火电机组启停状态约束_5_57],0.0
cons[火电机组启停状态约束_5_58],0.0
cons[火电机组启停状态约束_5_59],0.0
cons[火电机组启停状态约束_5_60],0.0
cons[火电机组启停状态约束_5_61],0.0
cons[火电机组启停状态约束_5_62],0.0
cons[火电机组启停状态约束_5_63],0.0
cons[火电机组启停状态约束_5_64],0.0
cons[火电机组启停状态约束_5_65],0.0
cons[火电机组启停状态约束_5_66],0.0
cons[火电机组启停状态约束_5_67],0.0
cons[火电机组启停状态约束_5_68],0.0
cons[火电机组启停状态约束_5_69],0.0
cons[火电机组启停状态约束_5_70],0.0
cons[火电机组启停状态约束_5_71],0.0
cons[火电机组启停状态约束_5_72],0.0
cons[火电机组启停状态约束_5_73],0.0
cons[火电机组启停状态约束_5_74],0.0
cons[火电机组启停状态约束_5_75],0.0
cons[火电机组启停状态约束_5_76],0.0
cons[火电机组启停状态约束_5_77],0.0
cons[火电机组启停状态约束_5_78],0.0
cons[火电机组启停状态约束_5_79],0.0
cons[火电机组启停状态约束_5_80],0.0
cons[火电机组启停状态约束_5_81],0.0
cons[火电机组启停状态约束_5_82],0.0
cons[火电机组启停状态约束_5_83],0.0
cons[火电机组启停状态约束_5_84],0.0
cons[火电机组启停状态约束_5_85],0.0
cons[火电机组启停状态约束_5_86],0.0
cons[火电机组启停状态约束_5_87],0.0
cons[火电机组启停状态约束_5_88],0.0
cons[火电机组启停状态约束_5_89],0.0
cons[火电机组启停状态约束_5_90],0.0
cons[火电机组启停状态约束_5_91],0.0
cons[火电机组启停状态约束_5_92],0.0
cons[火电机组启停状态约束_5_93],0.0
cons[火电机组启停状态约束_5_94],0.0
cons[火电机组启停状态约束_5_95],0.0
cons[火电机组启停状态约束_6_1],0.0
cons[火电机组启停状态约束_6_2],0.0
cons[火电机组启停状态约束_6_3],0.0
cons[火电机组启停状态约束_6_4],0.0
cons[火电机组启停状态约束_6_5],0.0
cons[火电机组启停状态约束_6_6],0.0
cons[火电机组启停状态约束_6_7],0.0
cons[火电机组启停状态约束_6_8],0.0
cons[火电机组启停状态约束_6_9],0.0
cons[火电机组启停状态约束_6_10],0.0
cons[火电机组启停状态约束_6_11],0.0
cons[火电机组启停状态约束_6_12],0.0
cons[火电机组启停状态约束_6_13],0.0
cons[火电机组启停状态约束_6_14],0.0
cons[火电机组启停状态约束_6_15],0.0
cons[火电机组启停状态约束_6_16],0.0
cons[火电机组启停状态约束_6_17],0.0
cons[火电机组启停状态约束_6_18],0.0
cons[火电机组启停状态约束_6_19],0.0
cons[火电机组启停状态约束_6_20],0.0
cons[火电机组启停状态约束_6_21],0.0
cons[火电机组启停状态约束_6_22],0.0
cons[火电机组启停状态约束_6_23],0.0
cons[火电机组启停状态约束_6_24],0.0
cons[火电机组启停状态约束_6_25],0.0
cons[火电机组启停状态约束_6_26],0.0
cons[火电机组启停状态约束_6_27],0.0
cons[火电机组启停状态约束_6_28],0.0
cons[火电机组启停状态约束_6_29],0.0
cons[火电机组启停状态约束_6_30],0.0
cons[火电机组启停状态约束_6_31],0.0
cons[火电机组启停状态约束_6_32],0.0
cons[火电机组启停状态约束_6_33],0.0
cons[火电机组启停状态约束_6_34],0.0
cons[火电机组启停状态约束_6_35],0.0
cons[火电机组启停状态约束_6_36],0.0
cons[火电机组启停状态约束_6_37],0.0
cons[火电机组启停状态约束_6_38],0.0
cons[火电机组启停状态约束_6_39],0.0
cons[火电机组启停状态约束_6_40],0.0
cons[火电机组启停状态约束_6_41],0.0
cons[火电机组启停状态约束_6_42],0.0
cons[火电机组启停状态约束_6_43],0.0
cons[火电机组启停状态约束_6_44],0.0
cons[火电机组启停状态约束_6_45],0.0
cons[火电机组启停状态约束_6_46],0.0
cons[火电机组启停状态约束_6_47],0.0
cons[火电机组启停状态约束_6_48],0.0
cons[火电机组启停状态约束_6_49],0.0
cons[火电机组启停状态约束_6_50],0.0
cons[火电机组启停状态约束_6_51],0.0
cons[火电机组启停状态约束_6_52],0.0
cons[火电机组启停状态约束_6_53],0.0
cons[火电机组启停状态约束_6_54],0.0
cons[火电机组启停状态约束_6_55],0.0
cons[火电机组启停状态约束_6_56],0.0
cons[火电机组启停状态约束_6_57],0.0
cons[火电机组启停状态约束_6_58],0.0
cons[火电机组启停状态约束_6_59],0.0
cons[火电机组启停状态约束_6_60],0.0
cons[火电机组启停状态约束_6_61],0.0
cons[火电机组启停状态约束_6_62],0.0
cons[火电机组启停状态约束_6_63],0.0
cons[火电机组启停状态约束_6_64],0.0
cons[火电机组启停状态约束_6_65],0.0
cons[火电机组启停状态约束_6_66],0.0
cons[火电机组启停状态约束_6_67],0.0
cons[火电机组启停状态约束_6_68],0.0
cons[火电机组启停状态约束_6_69],0.0
cons[火电机组启停状态约束_6_70],0.0
cons[火电机组启停状态约束_6_71],0.0
cons[火电机组启停状态约束_6_72],0.0
cons[火电机组启停状态约束_6_73],0.0
cons[火电机组启停状态约束_6_74],0.0
cons[火电机组启停状态约束_6_75],0.0
cons[火电机组启停状态约束_6_76],0.0
cons[火电机组启停状态约束_6_77],0.0
cons[火电机组启停状态约束_6_78],0.0
cons[火电机组启停状态约束_6_79],0.0
cons[火电机组启停状态约束_6_80],0.0
cons[火电机组启停状态约束_6_81],0.0
cons[火电机组启停状态约束_6_82],0.0
cons[火电机组启停状态约束_6_83],0.0
cons[火电机组启停状态约束_6_84],0.0
cons[火电机组启停状态约束_6_85],0.0
cons[火电机组启停状态约束_6_86],0.0
cons[火电机组启停状态约束_6_87],0.0
cons[火电机组启停状态约束_6_88],0.0
cons[火电机组启停状态约束_6_89],0.0
cons[火电机组启停状态约束_6_90],0.0
cons[火电机组启停状态约束_6_91],0.0
cons[火电机组启停状态约束_6_92],0.0
cons[火电机组启停状态约束_6_93],0.0
cons[火电机组启停状态约束_6_94],0.0
cons[火电机组启停状态约束_6_95],0.0
cons[火电机组启停状态约束_7_1],0.0
cons[火电机组启停状态约束_7_2],0.0
cons[火电机组启停状态约束_7_3],0.0
cons[火电机组启停状态约束_7_4],0.0
cons[火电机组启停状态约束_7_5],0.0
cons[火电机组启停状态约束_7_6],0.0
cons[火电机组启停状态约束_7_7],0.0
cons[火电机组启停状态约束_7_8],0.0
cons[火电机组启停状态约束_7_9],0.0
cons[火电机组启停状态约束_7_10],0.0
cons[火电机组启停状态约束_7_11],0.0
cons[火电机组启停状态约束_7_12],0.0
cons[火电机组启停状态约束_7_13],0.0
cons[火电机组启停状态约束_7_14],0.0
cons[火电机组启停状态约束_7_15],0.0
cons[火电机组启停状态约束_7_16],0.0
cons[火电机组启停状态约束_7_17],0.0
cons[火电机组启停状态约束_7_18],0.0
cons[火电机组启停状态约束_7_19],0.0
cons[火电机组启停状态约束_7_20],0.0
cons[火电机组启停状态约束_7_21],0.0
cons[火电机组启停状态约束_7_22],0.0
cons[火电机组启停状态约束_7_23],0.0
cons[火电机组启停状态约束_7_24],0.0
cons[火电机组启停状态约束_7_25],0.0
cons[火电机组启停状态约束_7_26],0.0
cons[火电机组启停状态约束_7_27],0.0
cons[火电机组启停状态约束_7_28],0.0
cons[火电机组启停状态约束_7_29],0.0
cons[火电机组启停状态约束_7_30],0.0
cons[火电机组启停状态约束_7_31],0.0
cons[火电机组启停状态约束_7_32],0.0
cons[火电机组启停状态约束_7_33],0.0
cons[火电机组启停状态约束_7_34],0.0
cons[火电机组启停状态约束_7_35],0.0
cons[火电机组启停状态约束_7_36],0.0
cons[火电机组启停状态约束_7_37],0.0
cons[火电机组启停状态约束_7_38],0.0
cons[火电机组启停状态约束_7_39],0.0
cons[火电机组启停状态约束_7_40],0.0
cons[火电机组启停状态约束_7_41],0.0
cons[火电机组启停状态约束_7_42],0.0
cons[火电机组启停状态约束_7_43],0.0
cons[火电机组启停状态约束_7_44],0.0
cons[火电机组启停状态约束_7_45],0.0
cons[火电机组启停状态约束_7_46],0.0
cons[火电机组启停状态约束_7_47],0.0
cons[火电机组启停状态约束_7_48],0.0
cons[火电机组启停状态约束_7_49],0.0
cons[火电机组启停状态约束_7_50],0.0
cons[火电机组启停状态约束_7_51],0.0
cons[火电机组启停状态约束_7_52],0.0
cons[火电机组启停状态约束_7_53],0.0
cons[火电机组启停状态约束_7_54],0.0
cons[火电机组启停状态约束_7_55],0.0
cons[火电机组启停状态约束_7_56],0.0
cons[火电机组启停状态约束_7_57],0.0
cons[火电机组启停状态约束_7_58],0.0
cons[火电机组启停状态约束_7_59],0.0
cons[火电机组启停状态约束_7_60],0.0
cons[火电机组启停状态约束_7_61],0.0
cons[火电机组启停状态约束_7_62],0.0
cons[火电机组启停状态约束_7_63],0.0
cons[火电机组启停状态约束_7_64],0.0
cons[火电机组启停状态约束_7_65],0.0
cons[火电机组启停状态约束_7_66],0.0
cons[火电机组启停状态约束_7_67],0.0
cons[火电机组启停状态约束_7_68],0.0
cons[火电机组启停状态约束_7_69],0.0
cons[火电机组启停状态约束_7_70],0.0
cons[火电机组启停状态约束_7_71],0.0
cons[火电机组启停状态约束_7_72],0.0
cons[火电机组启停状态约束_7_73],0.0
cons[火电机组启停状态约束_7_74],0.0
cons[火电机组启停状态约束_7_75],0.0
cons[火电机组启停状态约束_7_76],0.0
cons[火电机组启停状态约束_7_77],0.0
cons[火电机组启停状态约束_7_78],0.0
cons[火电机组启停状态约束_7_79],0.0
cons[火电机组启停状态约束_7_80],0.0
cons[火电机组启停状态约束_7_81],0.0
cons[火电机组启停状态约束_7_82],0.0
cons[火电机组启停状态约束_7_83],0.0
cons[火电机组启停状态约束_7_84],0.0
cons[火电机组启停状态约束_7_85],0.0
cons[火电机组启停状态约束_7_86],0.0
cons[火电机组启停状态约束_7_87],0.0
cons[火电机组启停状态约束_7_88],0.0
cons[火电机组启停状态约束_7_89],0.0
cons[火电机组启停状态约束_7_90],0.0
cons[火电机组启停状态约束_7_91],0.0
cons[火电机组启停状态约束_7_92],0.0
cons[火电机组启停状态约束_7_93],0.0
cons[火电机组启停状态约束_7_94],0.0
cons[火电机组启停状态约束_7_95],0.0
cons[火电机组启停状态约束_8_1],0.0
cons[火电机组启停状态约束_8_2],0.0
cons[火电机组启停状态约束_8_3],0.0
cons[火电机组启停状态约束_8_4],0.0
cons[火电机组启停状态约束_8_5],0.0
cons[火电机组启停状态约束_8_6],0.0
cons[火电机组启停状态约束_8_7],0.0
cons[火电机组启停状态约束_8_8],0.0
cons[火电机组启停状态约束_8_9],0.0
cons[火电机组启停状态约束_8_10],0.0
cons[火电机组启停状态约束_8_11],0.0
cons[火电机组启停状态约束_8_12],0.0
cons[火电机组启停状态约束_8_13],0.0
cons[火电机组启停状态约束_8_14],0.0
cons[火电机组启停状态约束_8_15],0.0
cons[火电机组启停状态约束_8_16],0.0
cons[火电机组启停状态约束_8_17],0.0
cons[火电机组启停状态约束_8_18],0.0
cons[火电机组启停状态约束_8_19],0.0
cons[火电机组启停状态约束_8_20],0.0
cons[火电机组启停状态约束_8_21],0.0
cons[火电机组启停状态约束_8_22],0.0
cons[火电机组启停状态约束_8_23],0.0
cons[火电机组启停状态约束_8_24],0.0
cons[火电机组启停状态约束_8_25],0.0
cons[火电机组启停状态约束_8_26],0.0
cons[火电机组启停状态约束_8_27],0.0
cons[火电机组启停状态约束_8_28],0.0
cons[火电机组启停状态约束_8_29],0.0
cons[火电机组启停状态约束_8_30],0.0
cons[火电机组启停状态约束_8_31],0.0
cons[火电机组启停状态约束_8_32],0.0
cons[火电机组启停状态约束_8_33],0.0
cons[火电机组启停状态约束_8_34],0.0
cons[火电机组启停状态约束_8_35],0.0
cons[火电机组启停状态约束_8_36],0.0
cons[火电机组启停状态约束_8_37],0.0
cons[火电机组启停状态约束_8_38],0.0
cons[火电机组启停状态约束_8_39],0.0
cons[火电机组启停状态约束_8_40],0.0
cons[火电机组启停状态约束_8_41],0.0
cons[火电机组启停状态约束_8_42],0.0
cons[火电机组启停状态约束_8_43],0.0
cons[火电机组启停状态约束_8_44],0.0
cons[火电机组启停状态约束_8_45],0.0
cons[火电机组启停状态约束_8_46],0.0
cons[火电机组启停状态约束_8_47],0.0
cons[火电机组启停状态约束_8_48],0.0
cons[火电机组启停状态约束_8_49],0.0
cons[火电机组启停状态约束_8_50],0.0
cons[火电机组启停状态约束_8_51],0.0
cons[火电机组启停状态约束_8_52],0.0
cons[火电机组启停状态约束_8_53],0.0
cons[火电机组启停状态约束_8_54],0.0
cons[火电机组启停状态约束_8_55],0.0
cons[火电机组启停状态约束_8_56],0.0
cons[火电机组启停状态约束_8_57],0.0
cons[火电机组启停状态约束_8_58],0.0
cons[火电机组启停状态约束_8_59],0.0
cons[火电机组启停状态约束_8_60],0.0
cons[火电机组启停状态约束_8_61],0.0
cons[火电机组启停状态约束_8_62],0.0
cons[火电机组启停状态约束_8_63],0.0
cons[火电机组启停状态约束_8_64],0.0
cons[火电机组启停状态约束_8_65],0.0
cons[火电机组启停状态约束_8_66],0.0
cons[火电机组启停状态约束_8_67],0.0
cons[火电机组启停状态约束_8_68],0.0
cons[火电机组启停状态约束_8_69],0.0
cons[火电机组启停状态约束_8_70],0.0
cons[火电机组启停状态约束_8_71],0.0
cons[火电机组启停状态约束_8_72],0.0
cons[火电机组启停状态约束_8_73],0.0
cons[火电机组启停状态约束_8_74],0.0
cons[火电机组启停状态约束_8_75],0.0
cons[火电机组启停状态约束_8_76],0.0
cons[火电机组启停状态约束_8_77],0.0
cons[火电机组启停状态约束_8_78],0.0
cons[火电机组启停状态约束_8_79],0.0
cons[火电机组启停状态约束_8_80],0.0
cons[火电机组启停状态约束_8_81],0.0
cons[火电机组启停状态约束_8_82],0.0
cons[火电机组启停状态约束_8_83],0.0
cons[火电机组启停状态约束_8_84],0.0
cons[火电机组启停状态约束_8_85],0.0
cons[火电机组启停状态约束_8_86],0.0
cons[火电机组启停状态约束_8_87],0.0
cons[火电机组启停状态约束_8_88],0.0
cons[火电机组启停状态约束_8_89],0.0
cons[火电机组启停状态约束_8_90],0.0
cons[火电机组启停状态约束_8_91],0.0
cons[火电机组启停状态约束_8_92],0.0
cons[火电机组启停状态约束_8_93],0.0
cons[火电机组启停状态约束_8_94],0.0
cons[火电机组启停状态约束_8_95],0.0
cons[火电机组启停状态约束_9_1],0.0
cons[火电机组启停状态约束_9_2],0.0
cons[火电机组启停状态约束_9_3],0.0
cons[火电机组启停状态约束_9_4],0.0
cons[火电机组启停状态约束_9_5],0.0
cons[火电机组启停状态约束_9_6],0.0
cons[火电机组启停状态约束_9_7],0.0
cons[火电机组启停状态约束_9_8],0.0
cons[火电机组启停状态约束_9_9],0.0
cons[火电机组启停状态约束_9_10],0.0
cons[火电机组启停状态约束_9_11],0.0
cons[火电机组启停状态约束_9_12],0.0
cons[火电机组启停状态约束_9_13],0.0
cons[火电机组启停状态约束_9_14],0.0
cons[火电机组启停状态约束_9_15],0.0
cons[火电机组启停状态约束_9_16],0.0
cons[火电机组启停状态约束_9_17],0.0
cons[火电机组启停状态约束_9_18],0.0
cons[火电机组启停状态约束_9_19],0.0
cons[火电机组启停状态约束_9_20],0.0
cons[火电机组启停状态约束_9_21],0.0
cons[火电机组启停状态约束_9_22],0.0
cons[火电机组启停状态约束_9_23],0.0
cons[火电机组启停状态约束_9_24],0.0
cons[火电机组启停状态约束_9_25],0.0
cons[火电机组启停状态约束_9_26],0.0
cons[火电机组启停状态约束_9_27],0.0
cons[火电机组启停状态约束_9_28],0.0
cons[火电机组启停状态约束_9_29],0.0
cons[火电机组启停状态约束_9_30],0.0
cons[火电机组启停状态约束_9_31],0.0
cons[火电机组启停状态约束_9_32],0.0
cons[火电机组启停状态约束_9_33],0.0
cons[火电机组启停状态约束_9_34],0.0
cons[火电机组启停状态约束_9_35],0.0
cons[火电机组启停状态约束_9_36],0.0
cons[火电机组启停状态约束_9_37],0.0
cons[火电机组启停状态约束_9_38],0.0
cons[火电机组启停状态约束_9_39],0.0
cons[火电机组启停状态约束_9_40],0.0
cons[火电机组启停状态约束_9_41],0.0
cons[火电机组启停状态约束_9_42],0.0
cons[火电机组启停状态约束_9_43],0.0
cons[火电机组启停状态约束_9_44],0.0
cons[火电机组启停状态约束_9_45],0.0
cons[火电机组启停状态约束_9_46],0.0
cons[火电机组启停状态约束_9_47],0.0
cons[火电机组启停状态约束_9_48],0.0
cons[火电机组启停状态约束_9_49],0.0
cons[火电机组启停状态约束_9_50],0.0
cons[火电机组启停状态约束_9_51],0.0
cons[火电机组启停状态约束_9_52],0.0
cons[火电机组启停状态约束_9_53],0.0
cons[火电机组启停状态约束_9_54],0.0
cons[火电机组启停状态约束_9_55],0.0
cons[火电机组启停状态约束_9_56],0.0
cons[火电机组启停状态约束_9_57],0.0
cons[火电机组启停状态约束_9_58],0.0
cons[火电机组启停状态约束_9_59],0.0
cons[火电机组启停状态约束_9_60],0.0
cons[火电机组启停状态约束_9_61],0.0
cons[火电机组启停状态约束_9_62],0.0
cons[火电机组启停状态约束_9_63],0.0
cons[火电机组启停状态约束_9_64],0.0
cons[火电机组启停状态约束_9_65],0.0
cons[火电机组启停状态约束_9_66],0.0
cons[火电机组启停状态约束_9_67],0.0
cons[火电机组启停状态约束_9_68],0.0
cons[火电机组启停状态约束_9_69],0.0
cons[火电机组启停状态约束_9_70],0.0
cons[火电机组启停状态约束_9_71],0.0
cons[火电机组启停状态约束_9_72],0.0
cons[火电机组启停状态约束_9_73],0.0
cons[火电机组启停状态约束_9_74],0.0
cons[火电机组启停状态约束_9_75],0.0
cons[火电机组启停状态约束_9_76],0.0
cons[火电机组启停状态约束_9_77],0.0
cons[火电机组启停状态约束_9_78],0.0
cons[火电机组启停状态约束_9_79],0.0
cons[火电机组启停状态约束_9_80],0.0
cons[火电机组启停状态约束_9_81],0.0
cons[火电机组启停状态约束_9_82],0.0
cons[火电机组启停状态约束_9_83],0.0
cons[火电机组启停状态约束_9_84],0.0
cons[火电机组启停状态约束_9_85],0.0
cons[火电机组启停状态约束_9_86],0.0
cons[火电机组启停状态约束_9_87],0.0
cons[火电机组启停状态约束_9_88],0.0
cons[火电机组启停状态约束_9_89],0.0
cons[火电机组启停状态约束_9_90],0.0
cons[火电机组启停状态约束_9_91],0.0
cons[火电机组启停状态约束_9_92],0.0
cons[火电机组启停状态约束_9_93],0.0
cons[火电机组启停状态约束_9_94],0.0
cons[火电机组启停状态约束_9_95],0.0
cons[火电机组启停状态约束_10_1],0.0
cons[火电机组启停状态约束_10_2],0.0
cons[火电机组启停状态约束_10_3],0.0
cons[火电机组启停状态约束_10_4],0.0
cons[火电机组启停状态约束_10_5],0.0
cons[火电机组启停状态约束_10_6],0.0
cons[火电机组启停状态约束_10_7],0.0
cons[火电机组启停状态约束_10_8],0.0
cons[火电机组启停状态约束_10_9],0.0
cons[火电机组启停状态约束_10_10],0.0
cons[火电机组启停状态约束_10_11],0.0
cons[火电机组启停状态约束_10_12],0.0
cons[火电机组启停状态约束_10_13],0.0
cons[火电机组启停状态约束_10_14],0.0
cons[火电机组启停状态约束_10_15],0.0
cons[火电机组启停状态约束_10_16],0.0
cons[火电机组启停状态约束_10_17],0.0
cons[火电机组启停状态约束_10_18],0.0
cons[火电机组启停状态约束_10_19],0.0
cons[火电机组启停状态约束_10_20],0.0
cons[火电机组启停状态约束_10_21],0.0
cons[火电机组启停状态约束_10_22],0.0
cons[火电机组启停状态约束_10_23],0.0
cons[火电机组启停状态约束_10_24],0.0
cons[火电机组启停状态约束_10_25],0.0
cons[火电机组启停状态约束_10_26],0.0
cons[火电机组启停状态约束_10_27],0.0
cons[火电机组启停状态约束_10_28],0.0
cons[火电机组启停状态约束_10_29],0.0
cons[火电机组启停状态约束_10_30],0.0
cons[火电机组启停状态约束_10_31],0.0
cons[火电机组启停状态约束_10_32],0.0
cons[火电机组启停状态约束_10_33],0.0
cons[火电机组启停状态约束_10_34],0.0
cons[火电机组启停状态约束_10_35],0.0
cons[火电机组启停状态约束_10_36],0.0
cons[火电机组启停状态约束_10_37],0.0
cons[火电机组启停状态约束_10_38],0.0
cons[火电机组启停状态约束_10_39],0.0
cons[火电机组启停状态约束_10_40],0.0
cons[火电机组启停状态约束_10_41],0.0
cons[火电机组启停状态约束_10_42],0.0
cons[火电机组启停状态约束_10_43],0.0
cons[火电机组启停状态约束_10_44],0.0
cons[火电机组启停状态约束_10_45],0.0
cons[火电机组启停状态约束_10_46],0.0
cons[火电机组启停状态约束_10_47],0.0
cons[火电机组启停状态约束_10_48],0.0
cons[火电机组启停状态约束_10_49],0.0
cons[火电机组启停状态约束_10_50],0.0
cons[火电机组启停状态约束_10_51],0.0
cons[火电机组启停状态约束_10_52],0.0
cons[火电机组启停状态约束_10_53],0.0
cons[火电机组启停状态约束_10_54],0.0
cons[火电机组启停状态约束_10_55],0.0
cons[火电机组启停状态约束_10_56],0.0
cons[火电机组启停状态约束_10_57],0.0
cons[火电机组启停状态约束_10_58],0.0
cons[火电机组启停状态约束_10_59],0.0
cons[火电机组启停状态约束_10_60],0.0
cons[火电机组启停状态约束_10_61],0.0
cons[火电机组启停状态约束_10_62],0.0
cons[火电机组启停状态约束_10_63],0.0
cons[火电机组启停状态约束_10_64],0.0
cons[火电机组启停状态约束_10_65],0.0
cons[火电机组启停状态约束_10_66],0.0
cons[火电机组启停状态约束_10_67],0.0
cons[火电机组启停状态约束_10_68],0.0
cons[火电机组启停状态约束_10_69],0.0
cons[火电机组启停状态约束_10_70],0.0
cons[火电机组启停状态约束_10_71],0.0
cons[火电机组启停状态约束_10_72],0.0
cons[火电机组启停状态约束_10_73],0.0
cons[火电机组启停状态约束_10_74],0.0
cons[火电机组启停状态约束_10_75],0.0
cons[火电机组启停状态约束_10_76],0.0
cons[火电机组启停状态约束_10_77],0.0
cons[火电机组启停状态约束_10_78],0.0
cons[火电机组启停状态约束_10_79],0.0
cons[火电机组启停状态约束_10_80],0.0
cons[火电机组启停状态约束_10_81],0.0
cons[火电机组启停状态约束_10_82],0.0
cons[火电机组启停状态约束_10_83],0.0
cons[火电机组启停状态约束_10_84],0.0
cons[火电机组启停状态约束_10_85],0.0
cons[火电机组启停状态约束_10_86],0.0
cons[火电机组启停状态约束_10_87],0.0
cons[火电机组启停状态约束_10_88],0.0
cons[火电机组启停状态约束_10_89],0.0
cons[火电机组启停状态约束_10_90],0.0
cons[火电机组启停状态约束_10_91],0.0
cons[火电机组启停状态约束_10_92],0.0
cons[火电机组启停状态约束_10_93],0.0
cons[火电机组启停状态约束_10_94],0.0
cons[火电机组启停状态约束_10_95],0.0
cons[火电机组启停状态约束_11_1],0.0
cons[火电机组启停状态约束_11_2],0.0
cons[火电机组启停状态约束_11_3],0.0
cons[火电机组启停状态约束_11_4],0.0
cons[火电机组启停状态约束_11_5],0.0
cons[火电机组启停状态约束_11_6],0.0
cons[火电机组启停状态约束_11_7],0.0
cons[火电机组启停状态约束_11_8],0.0
cons[火电机组启停状态约束_11_9],0.0
cons[火电机组启停状态约束_11_10],0.0
cons[火电机组启停状态约束_11_11],0.0
cons[火电机组启停状态约束_11_12],0.0
cons[火电机组启停状态约束_11_13],0.0
cons[火电机组启停状态约束_11_14],0.0
cons[火电机组启停状态约束_11_15],0.0
cons[火电机组启停状态约束_11_16],0.0
cons[火电机组启停状态约束_11_17],0.0
cons[火电机组启停状态约束_11_18],0.0
cons[火电机组启停状态约束_11_19],0.0
cons[火电机组启停状态约束_11_20],0.0
cons[火电机组启停状态约束_11_21],0.0
cons[火电机组启停状态约束_11_22],0.0
cons[火电机组启停状态约束_11_23],0.0
cons[火电机组启停状态约束_11_24],0.0
cons[火电机组启停状态约束_11_25],0.0
cons[火电机组启停状态约束_11_26],0.0
cons[火电机组启停状态约束_11_27],0.0
cons[火电机组启停状态约束_11_28],0.0
cons[火电机组启停状态约束_11_29],0.0
cons[火电机组启停状态约束_11_30],0.0
cons[火电机组启停状态约束_11_31],0.0
cons[火电机组启停状态约束_11_32],0.0
cons[火电机组启停状态约束_11_33],0.0
cons[火电机组启停状态约束_11_34],0.0
cons[火电机组启停状态约束_11_35],0.0
cons[火电机组启停状态约束_11_36],0.0
cons[火电机组启停状态约束_11_37],0.0
cons[火电机组启停状态约束_11_38],0.0
cons[火电机组启停状态约束_11_39],0.0
cons[火电机组启停状态约束_11_40],0.0
cons[火电机组启停状态约束_11_41],0.0
cons[火电机组启停状态约束_11_42],0.0
cons[火电机组启停状态约束_11_43],0.0
cons[火电机组启停状态约束_11_44],0.0
cons[火电机组启停状态约束_11_45],0.0
cons[火电机组启停状态约束_11_46],0.0
cons[火电机组启停状态约束_11_47],0.0
cons[火电机组启停状态约束_11_48],0.0
cons[火电机组启停状态约束_11_49],0.0
cons[火电机组启停状态约束_11_50],0.0
cons[火电机组启停状态约束_11_51],0.0
cons[火电机组启停状态约束_11_52],0.0
cons[火电机组启停状态约束_11_53],0.0
cons[火电机组启停状态约束_11_54],0.0
cons[火电机组启停状态约束_11_55],0.0
cons[火电机组启停状态约束_11_56],0.0
cons[火电机组启停状态约束_11_57],0.0
cons[火电机组启停状态约束_11_58],0.0
cons[火电机组启停状态约束_11_59],0.0
cons[火电机组启停状态约束_11_60],0.0
cons[火电机组启停状态约束_11_61],0.0
cons[火电机组启停状态约束_11_62],0.0
cons[火电机组启停状态约束_11_63],0.0
cons[火电机组启停状态约束_11_64],0.0
cons[火电机组启停状态约束_11_65],0.0
cons[火电机组启停状态约束_11_66],0.0
cons[火电机组启停状态约束_11_67],0.0
cons[火电机组启停状态约束_11_68],0.0
cons[火电机组启停状态约束_11_69],0.0
cons[火电机组启停状态约束_11_70],0.0
cons[火电机组启停状态约束_11_71],0.0
cons[火电机组启停状态约束_11_72],0.0
cons[火电机组启停状态约束_11_73],0.0
cons[火电机组启停状态约束_11_74],0.0
cons[火电机组启停状态约束_11_75],0.0
cons[火电机组启停状态约束_11_76],0.0
cons[火电机组启停状态约束_11_77],0.0
cons[火电机组启停状态约束_11_78],0.0
cons[火电机组启停状态约束_11_79],0.0
cons[火电机组启停状态约束_11_80],0.0
cons[火电机组启停状态约束_11_81],0.0
cons[火电机组启停状态约束_11_82],0.0
cons[火电机组启停状态约束_11_83],0.0
cons[火电机组启停状态约束_11_84],0.0
cons[火电机组启停状态约束_11_85],0.0
cons[火电机组启停状态约束_11_86],0.0
cons[火电机组启停状态约束_11_87],0.0
cons[火电机组启停状态约束_11_88],0.0
cons[火电机组启停状态约束_11_89],0.0
cons[火电机组启停状态约束_11_90],0.0
cons[火电机组启停状态约束_11_91],0.0
cons[火电机组启停状态约束_11_92],0.0
cons[火电机组启停状态约束_11_93],0.0
cons[火电机组启停状态约束_11_94],0.0
cons[火电机组启停状态约束_11_95],0.0
cons[火电机组启停状态约束_12_1],0.0
cons[火电机组启停状态约束_12_2],0.0
cons[火电机组启停状态约束_12_3],0.0
cons[火电机组启停状态约束_12_4],0.0
cons[火电机组启停状态约束_12_5],0.0
cons[火电机组启停状态约束_12_6],0.0
cons[火电机组启停状态约束_12_7],0.0
cons[火电机组启停状态约束_12_8],0.0
cons[火电机组启停状态约束_12_9],0.0
cons[火电机组启停状态约束_12_10],0.0
cons[火电机组启停状态约束_12_11],0.0
cons[火电机组启停状态约束_12_12],0.0
cons[火电机组启停状态约束_12_13],0.0
cons[火电机组启停状态约束_12_14],0.0
cons[火电机组启停状态约束_12_15],0.0
cons[火电机组启停状态约束_12_16],0.0
cons[火电机组启停状态约束_12_17],0.0
cons[火电机组启停状态约束_12_18],0.0
cons[火电机组启停状态约束_12_19],0.0
cons[火电机组启停状态约束_12_20],0.0
cons[火电机组启停状态约束_12_21],0.0
cons[火电机组启停状态约束_12_22],0.0
cons[火电机组启停状态约束_12_23],0.0
cons[火电机组启停状态约束_12_24],0.0
cons[火电机组启停状态约束_12_25],0.0
cons[火电机组启停状态约束_12_26],0.0
cons[火电机组启停状态约束_12_27],0.0
cons[火电机组启停状态约束_12_28],0.0
cons[火电机组启停状态约束_12_29],0.0
cons[火电机组启停状态约束_12_30],0.0
cons[火电机组启停状态约束_12_31],0.0
cons[火电机组启停状态约束_12_32],0.0
cons[火电机组启停状态约束_12_33],0.0
cons[火电机组启停状态约束_12_34],0.0
cons[火电机组启停状态约束_12_35],0.0
cons[火电机组启停状态约束_12_36],0.0
cons[火电机组启停状态约束_12_37],0.0
cons[火电机组启停状态约束_12_38],0.0
cons[火电机组启停状态约束_12_39],0.0
cons[火电机组启停状态约束_12_40],0.0
cons[火电机组启停状态约束_12_41],0.0
cons[火电机组启停状态约束_12_42],0.0
cons[火电机组启停状态约束_12_43],0.0
cons[火电机组启停状态约束_12_44],0.0
cons[火电机组启停状态约束_12_45],0.0
cons[火电机组启停状态约束_12_46],0.0
cons[火电机组启停状态约束_12_47],0.0
cons[火电机组启停状态约束_12_48],0.0
cons[火电机组启停状态约束_12_49],0.0
cons[火电机组启停状态约束_12_50],0.0
cons[火电机组启停状态约束_12_51],0.0
cons[火电机组启停状态约束_12_52],0.0
cons[火电机组启停状态约束_12_53],0.0
cons[火电机组启停状态约束_12_54],0.0
cons[火电机组启停状态约束_12_55],0.0
cons[火电机组启停状态约束_12_56],0.0
cons[火电机组启停状态约束_12_57],0.0
cons[火电机组启停状态约束_12_58],0.0
cons[火电机组启停状态约束_12_59],0.0
cons[火电机组启停状态约束_12_60],0.0
cons[火电机组启停状态约束_12_61],0.0
cons[火电机组启停状态约束_12_62],0.0
cons[火电机组启停状态约束_12_63],0.0
cons[火电机组启停状态约束_12_64],0.0
cons[火电机组启停状态约束_12_65],0.0
cons[火电机组启停状态约束_12_66],0.0
cons[火电机组启停状态约束_12_67],0.0
cons[火电机组启停状态约束_12_68],0.0
cons[火电机组启停状态约束_12_69],0.0
cons[火电机组启停状态约束_12_70],0.0
cons[火电机组启停状态约束_12_71],0.0
cons[火电机组启停状态约束_12_72],0.0
cons[火电机组启停状态约束_12_73],0.0
cons[火电机组启停状态约束_12_74],0.0
cons[火电机组启停状态约束_12_75],0.0
cons[火电机组启停状态约束_12_76],0.0
cons[火电机组启停状态约束_12_77],0.0
cons[火电机组启停状态约束_12_78],0.0
cons[火电机组启停状态约束_12_79],0.0
cons[火电机组启停状态约束_12_80],0.0
cons[火电机组启停状态约束_12_81],0.0
cons[火电机组启停状态约束_12_82],0.0
cons[火电机组启停状态约束_12_83],0.0
cons[火电机组启停状态约束_12_84],0.0
cons[火电机组启停状态约束_12_85],0.0
cons[火电机组启停状态约束_12_86],0.0
cons[火电机组启停状态约束_12_87],0.0
cons[火电机组启停状态约束_12_88],0.0
cons[火电机组启停状态约束_12_89],0.0
cons[火电机组启停状态约束_12_90],0.0
cons[火电机组启停状态约束_12_91],0.0
cons[火电机组启停状态约束_12_92],0.0
cons[火电机组启停状态约束_12_93],0.0
cons[火电机组启停状态约束_12_94],0.0
cons[火电机组启停状态约束_12_95],0.0
cons[火电机组启停状态约束_13_1],0.0
cons[火电机组启停状态约束_13_2],0.0
cons[火电机组启停状态约束_13_3],0.0
cons[火电机组启停状态约束_13_4],0.0
cons[火电机组启停状态约束_13_5],0.0
cons[火电机组启停状态约束_13_6],0.0
cons[火电机组启停状态约束_13_7],0.0
cons[火电机组启停状态约束_13_8],0.0
cons[火电机组启停状态约束_13_9],0.0
cons[火电机组启停状态约束_13_10],0.0
cons[火电机组启停状态约束_13_11],0.0
cons[火电机组启停状态约束_13_12],0.0
cons[火电机组启停状态约束_13_13],0.0
cons[火电机组启停状态约束_13_14],0.0
cons[火电机组启停状态约束_13_15],0.0
cons[火电机组启停状态约束_13_16],0.0
cons[火电机组启停状态约束_13_17],0.0
cons[火电机组启停状态约束_13_18],0.0
cons[火电机组启停状态约束_13_19],0.0
cons[火电机组启停状态约束_13_20],0.0
cons[火电机组启停状态约束_13_21],0.0
cons[火电机组启停状态约束_13_22],0.0
cons[火电机组启停状态约束_13_23],0.0
cons[火电机组启停状态约束_13_24],0.0
cons[火电机组启停状态约束_13_25],0.0
cons[火电机组启停状态约束_13_26],0.0
cons[火电机组启停状态约束_13_27],0.0
cons[火电机组启停状态约束_13_28],0.0
cons[火电机组启停状态约束_13_29],0.0
cons[火电机组启停状态约束_13_30],0.0
cons[火电机组启停状态约束_13_31],0.0
cons[火电机组启停状态约束_13_32],0.0
cons[火电机组启停状态约束_13_33],0.0
cons[火电机组启停状态约束_13_34],0.0
cons[火电机组启停状态约束_13_35],0.0
cons[火电机组启停状态约束_13_36],0.0
cons[火电机组启停状态约束_13_37],0.0
cons[火电机组启停状态约束_13_38],0.0
cons[火电机组启停状态约束_13_39],0.0
cons[火电机组启停状态约束_13_40],0.0
cons[火电机组启停状态约束_13_41],0.0
cons[火电机组启停状态约束_13_42],0.0
cons[火电机组启停状态约束_13_43],0.0
cons[火电机组启停状态约束_13_44],0.0
cons[火电机组启停状态约束_13_45],0.0
cons[火电机组启停状态约束_13_46],0.0
cons[火电机组启停状态约束_13_47],0.0
cons[火电机组启停状态约束_13_48],0.0
cons[火电机组启停状态约束_13_49],0.0
cons[火电机组启停状态约束_13_50],0.0
cons[火电机组启停状态约束_13_51],0.0
cons[火电机组启停状态约束_13_52],0.0
cons[火电机组启停状态约束_13_53],0.0
cons[火电机组启停状态约束_13_54],0.0
cons[火电机组启停状态约束_13_55],0.0
cons[火电机组启停状态约束_13_56],0.0
cons[火电机组启停状态约束_13_57],0.0
cons[火电机组启停状态约束_13_58],0.0
cons[火电机组启停状态约束_13_59],0.0
cons[火电机组启停状态约束_13_60],0.0
cons[火电机组启停状态约束_13_61],0.0
cons[火电机组启停状态约束_13_62],0.0
cons[火电机组启停状态约束_13_63],0.0
cons[火电机组启停状态约束_13_64],0.0
cons[火电机组启停状态约束_13_65],0.0
cons[火电机组启停状态约束_13_66],0.0
cons[火电机组启停状态约束_13_67],0.0
cons[火电机组启停状态约束_13_68],0.0
cons[火电机组启停状态约束_13_69],0.0
cons[火电机组启停状态约束_13_70],0.0
cons[火电机组启停状态约束_13_71],0.0
cons[火电机组启停状态约束_13_72],0.0
cons[火电机组启停状态约束_13_73],0.0
cons[火电机组启停状态约束_13_74],0.0
cons[火电机组启停状态约束_13_75],0.0
cons[火电机组启停状态约束_13_76],0.0
cons[火电机组启停状态约束_13_77],0.0
cons[火电机组启停状态约束_13_78],0.0
cons[火电机组启停状态约束_13_79],0.0
cons[火电机组启停状态约束_13_80],0.0
cons[火电机组启停状态约束_13_81],0.0
cons[火电机组启停状态约束_13_82],0.0
cons[火电机组启停状态约束_13_83],0.0
cons[火电机组启停状态约束_13_84],0.0
cons[火电机组启停状态约束_13_85],0.0
cons[火电机组启停状态约束_13_86],0.0
cons[火电机组启停状态约束_13_87],0.0
cons[火电机组启停状态约束_13_88],0.0
cons[火电机组启停状态约束_13_89],0.0
cons[火电机组启停状态约束_13_90],0.0
cons[火电机组启停状态约束_13_91],0.0
cons[火电机组启停状态约束_13_92],0.0
cons[火电机组启停状态约束_13_93],0.0
cons[火电机组启停状态约束_13_94],0.0
cons[火电机组启停状态约束_13_95],0.0
cons[火电机组启停状态约束_14_1],0.0
cons[火电机组启停状态约束_14_2],0.0
cons[火电机组启停状态约束_14_3],0.0
cons[火电机组启停状态约束_14_4],0.0
cons[火电机组启停状态约束_14_5],0.0
cons[火电机组启停状态约束_14_6],0.0
cons[火电机组启停状态约束_14_7],0.0
cons[火电机组启停状态约束_14_8],0.0
cons[火电机组启停状态约束_14_9],0.0
cons[火电机组启停状态约束_14_10],0.0
cons[火电机组启停状态约束_14_11],0.0
cons[火电机组启停状态约束_14_12],0.0
cons[火电机组启停状态约束_14_13],0.0
cons[火电机组启停状态约束_14_14],0.0
cons[火电机组启停状态约束_14_15],0.0
cons[火电机组启停状态约束_14_16],0.0
cons[火电机组启停状态约束_14_17],0.0
cons[火电机组启停状态约束_14_18],0.0
cons[火电机组启停状态约束_14_19],0.0
cons[火电机组启停状态约束_14_20],0.0
cons[火电机组启停状态约束_14_21],0.0
cons[火电机组启停状态约束_14_22],0.0
cons[火电机组启停状态约束_14_23],0.0
cons[火电机组启停状态约束_14_24],0.0
cons[火电机组启停状态约束_14_25],0.0
cons[火电机组启停状态约束_14_26],0.0
cons[火电机组启停状态约束_14_27],0.0
cons[火电机组启停状态约束_14_28],0.0
cons[火电机组启停状态约束_14_29],0.0
cons[火电机组启停状态约束_14_30],0.0
cons[火电机组启停状态约束_14_31],0.0
cons[火电机组启停状态约束_14_32],0.0
cons[火电机组启停状态约束_14_33],0.0
cons[火电机组启停状态约束_14_34],0.0
cons[火电机组启停状态约束_14_35],0.0
cons[火电机组启停状态约束_14_36],0.0
cons[火电机组启停状态约束_14_37],0.0
cons[火电机组启停状态约束_14_38],0.0
cons[火电机组启停状态约束_14_39],0.0
cons[火电机组启停状态约束_14_40],0.0
cons[火电机组启停状态约束_14_41],0.0
cons[火电机组启停状态约束_14_42],0.0
cons[火电机组启停状态约束_14_43],0.0
cons[火电机组启停状态约束_14_44],0.0
cons[火电机组启停状态约束_14_45],0.0
cons[火电机组启停状态约束_14_46],0.0
cons[火电机组启停状态约束_14_47],0.0
cons[火电机组启停状态约束_14_48],0.0
cons[火电机组启停状态约束_14_49],0.0
cons[火电机组启停状态约束_14_50],0.0
cons[火电机组启停状态约束_14_51],0.0
cons[火电机组启停状态约束_14_52],0.0
cons[火电机组启停状态约束_14_53],0.0
cons[火电机组启停状态约束_14_54],0.0
cons[火电机组启停状态约束_14_55],0.0
cons[火电机组启停状态约束_14_56],0.0
cons[火电机组启停状态约束_14_57],0.0
cons[火电机组启停状态约束_14_58],0.0
cons[火电机组启停状态约束_14_59],0.0
cons[火电机组启停状态约束_14_60],0.0
cons[火电机组启停状态约束_14_61],0.0
cons[火电机组启停状态约束_14_62],0.0
cons[火电机组启停状态约束_14_63],0.0
cons[火电机组启停状态约束_14_64],0.0
cons[火电机组启停状态约束_14_65],0.0
cons[火电机组启停状态约束_14_66],0.0
cons[火电机组启停状态约束_14_67],0.0
cons[火电机组启停状态约束_14_68],0.0
cons[火电机组启停状态约束_14_69],0.0
cons[火电机组启停状态约束_14_70],0.0
cons[火电机组启停状态约束_14_71],0.0
cons[火电机组启停状态约束_14_72],0.0
cons[火电机组启停状态约束_14_73],0.0
cons[火电机组启停状态约束_14_74],0.0
cons[火电机组启停状态约束_14_75],0.0
cons[火电机组启停状态约束_14_76],0.0
cons[火电机组启停状态约束_14_77],0.0
cons[火电机组启停状态约束_14_78],0.0
cons[火电机组启停状态约束_14_79],0.0
cons[火电机组启停状态约束_14_80],0.0
cons[火电机组启停状态约束_14_81],0.0
cons[火电机组启停状态约束_14_82],0.0
cons[火电机组启停状态约束_14_83],0.0
cons[火电机组启停状态约束_14_84],0.0
cons[火电机组启停状态约束_14_85],0.0
cons[火电机组启停状态约束_14_86],0.0
cons[火电机组启停状态约束_14_87],0.0
cons[火电机组启停状态约束_14_88],0.0
cons[火电机组启停状态约束_14_89],0.0
cons[火电机组启停状态约束_14_90],0.0
cons[火电机组启停状态约束_14_91],0.0
cons[火电机组启停状态约束_14_92],0.0
cons[火电机组启停状态约束_14_93],0.0
cons[火电机组启停状态约束_14_94],0.0
cons[火电机组启停状态约束_14_95],0.0
cons[火电机组启停状态约束_15_1],0.0
cons[火电机组启停状态约束_15_2],0.0
cons[火电机组启停状态约束_15_3],0.0
cons[火电机组启停状态约束_15_4],0.0
cons[火电机组启停状态约束_15_5],0.0
cons[火电机组启停状态约束_15_6],0.0
cons[火电机组启停状态约束_15_7],0.0
cons[火电机组启停状态约束_15_8],0.0
cons[火电机组启停状态约束_15_9],0.0
cons[火电机组启停状态约束_15_10],0.0
cons[火电机组启停状态约束_15_11],0.0
cons[火电机组启停状态约束_15_12],0.0
cons[火电机组启停状态约束_15_13],0.0
cons[火电机组启停状态约束_15_14],0.0
cons[火电机组启停状态约束_15_15],0.0
cons[火电机组启停状态约束_15_16],0.0
cons[火电机组启停状态约束_15_17],0.0
cons[火电机组启停状态约束_15_18],0.0
cons[火电机组启停状态约束_15_19],0.0
cons[火电机组启停状态约束_15_20],0.0
cons[火电机组启停状态约束_15_21],0.0
cons[火电机组启停状态约束_15_22],0.0
cons[火电机组启停状态约束_15_23],0.0
cons[火电机组启停状态约束_15_24],0.0
cons[火电机组启停状态约束_15_25],0.0
cons[火电机组启停状态约束_15_26],0.0
cons[火电机组启停状态约束_15_27],0.0
cons[火电机组启停状态约束_15_28],0.0
cons[火电机组启停状态约束_15_29],0.0
cons[火电机组启停状态约束_15_30],0.0
cons[火电机组启停状态约束_15_31],0.0
cons[火电机组启停状态约束_15_32],0.0
cons[火电机组启停状态约束_15_33],0.0
cons[火电机组启停状态约束_15_34],0.0
cons[火电机组启停状态约束_15_35],0.0
cons[火电机组启停状态约束_15_36],0.0
cons[火电机组启停状态约束_15_37],0.0
cons[火电机组启停状态约束_15_38],0.0
cons[火电机组启停状态约束_15_39],0.0
cons[火电机组启停状态约束_15_40],0.0
cons[火电机组启停状态约束_15_41],0.0
cons[火电机组启停状态约束_15_42],0.0
cons[火电机组启停状态约束_15_43],0.0
cons[火电机组启停状态约束_15_44],0.0
cons[火电机组启停状态约束_15_45],0.0
cons[火电机组启停状态约束_15_46],0.0
cons[火电机组启停状态约束_15_47],0.0
cons[火电机组启停状态约束_15_48],0.0
cons[火电机组启停状态约束_15_49],0.0
cons[火电机组启停状态约束_15_50],0.0
cons[火电机组启停状态约束_15_51],0.0
cons[火电机组启停状态约束_15_52],0.0
cons[火电机组启停状态约束_15_53],0.0
cons[火电机组启停状态约束_15_54],0.0
cons[火电机组启停状态约束_15_55],0.0
cons[火电机组启停状态约束_15_56],0.0
cons[火电机组启停状态约束_15_57],0.0
cons[火电机组启停状态约束_15_58],0.0
cons[火电机组启停状态约束_15_59],0.0
cons[火电机组启停状态约束_15_60],0.0
cons[火电机组启停状态约束_15_61],0.0
cons[火电机组启停状态约束_15_62],0.0
cons[火电机组启停状态约束_15_63],0.0
cons[火电机组启停状态约束_15_64],0.0
cons[火电机组启停状态约束_15_65],0.0
cons[火电机组启停状态约束_15_66],0.0
cons[火电机组启停状态约束_15_67],0.0
cons[火电机组启停状态约束_15_68],0.0
cons[火电机组启停状态约束_15_69],0.0
cons[火电机组启停状态约束_15_70],0.0
cons[火电机组启停状态约束_15_71],0.0
cons[火电机组启停状态约束_15_72],0.0
cons[火电机组启停状态约束_15_73],0.0
cons[火电机组启停状态约束_15_74],0.0
cons[火电机组启停状态约束_15_75],0.0
cons[火电机组启停状态约束_15_76],0.0
cons[火电机组启停状态约束_15_77],0.0
cons[火电机组启停状态约束_15_78],0.0
cons[火电机组启停状态约束_15_79],0.0
cons[火电机组启停状态约束_15_80],0.0
cons[火电机组启停状态约束_15_81],0.0
cons[火电机组启停状态约束_15_82],0.0
cons[火电机组启停状态约束_15_83],0.0
cons[火电机组启停状态约束_15_84],0.0
cons[火电机组启停状态约束_15_85],0.0
cons[火电机组启停状态约束_15_86],0.0
cons[火电机组启停状态约束_15_87],0.0
cons[火电机组启停状态约束_15_88],0.0
cons[火电机组启停状态约束_15_89],0.0
cons[火电机组启停状态约束_15_90],0.0
cons[火电机组启停状态约束_15_91],0.0
cons[火电机组启停状态约束_15_92],0.0
cons[火电机组启停状态约束_15_93],0.0
cons[火电机组启停状态约束_15_94],0.0
cons[火电机组启停状态约束_15_95],0.0
cons[火电机组启停状态约束_16_1],0.0
cons[火电机组启停状态约束_16_2],0.0
cons[火电机组启停状态约束_16_3],0.0
cons[火电机组启停状态约束_16_4],0.0
cons[火电机组启停状态约束_16_5],0.0
cons[火电机组启停状态约束_16_6],0.0
cons[火电机组启停状态约束_16_7],0.0
cons[火电机组启停状态约束_16_8],0.0
cons[火电机组启停状态约束_16_9],0.0
cons[火电机组启停状态约束_16_10],0.0
cons[火电机组启停状态约束_16_11],0.0
cons[火电机组启停状态约束_16_12],0.0
cons[火电机组启停状态约束_16_13],0.0
cons[火电机组启停状态约束_16_14],0.0
cons[火电机组启停状态约束_16_15],0.0
cons[火电机组启停状态约束_16_16],0.0
cons[火电机组启停状态约束_16_17],0.0
cons[火电机组启停状态约束_16_18],0.0
cons[火电机组启停状态约束_16_19],0.0
cons[火电机组启停状态约束_16_20],0.0
cons[火电机组启停状态约束_16_21],0.0
cons[火电机组启停状态约束_16_22],0.0
cons[火电机组启停状态约束_16_23],0.0
cons[火电机组启停状态约束_16_24],0.0
cons[火电机组启停状态约束_16_25],0.0
cons[火电机组启停状态约束_16_26],0.0
cons[火电机组启停状态约束_16_27],0.0
cons[火电机组启停状态约束_16_28],0.0
cons[火电机组启停状态约束_16_29],0.0
cons[火电机组启停状态约束_16_30],0.0
cons[火电机组启停状态约束_16_31],0.0
cons[火电机组启停状态约束_16_32],0.0
cons[火电机组启停状态约束_16_33],0.0
cons[火电机组启停状态约束_16_34],0.0
cons[火电机组启停状态约束_16_35],0.0
cons[火电机组启停状态约束_16_36],0.0
cons[火电机组启停状态约束_16_37],0.0
cons[火电机组启停状态约束_16_38],0.0
cons[火电机组启停状态约束_16_39],0.0
cons[火电机组启停状态约束_16_40],0.0
cons[火电机组启停状态约束_16_41],0.0
cons[火电机组启停状态约束_16_42],0.0
cons[火电机组启停状态约束_16_43],0.0
cons[火电机组启停状态约束_16_44],0.0
cons[火电机组启停状态约束_16_45],0.0
cons[火电机组启停状态约束_16_46],0.0
cons[火电机组启停状态约束_16_47],0.0
cons[火电机组启停状态约束_16_48],0.0
cons[火电机组启停状态约束_16_49],0.0
cons[火电机组启停状态约束_16_50],0.0
cons[火电机组启停状态约束_16_51],0.0
cons[火电机组启停状态约束_16_52],0.0
cons[火电机组启停状态约束_16_53],0.0
cons[火电机组启停状态约束_16_54],0.0
cons[火电机组启停状态约束_16_55],0.0
cons[火电机组启停状态约束_16_56],0.0
cons[火电机组启停状态约束_16_57],0.0
cons[火电机组启停状态约束_16_58],0.0
cons[火电机组启停状态约束_16_59],0.0
cons[火电机组启停状态约束_16_60],0.0
cons[火电机组启停状态约束_16_61],0.0
cons[火电机组启停状态约束_16_62],0.0
cons[火电机组启停状态约束_16_63],0.0
cons[火电机组启停状态约束_16_64],0.0
cons[火电机组启停状态约束_16_65],0.0
cons[火电机组启停状态约束_16_66],0.0
cons[火电机组启停状态约束_16_67],0.0
cons[火电机组启停状态约束_16_68],0.0
cons[火电机组启停状态约束_16_69],0.0
cons[火电机组启停状态约束_16_70],0.0
cons[火电机组启停状态约束_16_71],0.0
cons[火电机组启停状态约束_16_72],0.0
cons[火电机组启停状态约束_16_73],0.0
cons[火电机组启停状态约束_16_74],0.0
cons[火电机组启停状态约束_16_75],0.0
cons[火电机组启停状态约束_16_76],0.0
cons[火电机组启停状态约束_16_77],0.0
cons[火电机组启停状态约束_16_78],0.0
cons[火电机组启停状态约束_16_79],0.0
cons[火电机组启停状态约束_16_80],0.0
cons[火电机组启停状态约束_16_81],0.0
cons[火电机组启停状态约束_16_82],0.0
cons[火电机组启停状态约束_16_83],0.0
cons[火电机组启停状态约束_16_84],0.0
cons[火电机组启停状态约束_16_85],0.0
cons[火电机组启停状态约束_16_86],0.0
cons[火电机组启停状态约束_16_87],0.0
cons[火电机组启停状态约束_16_88],0.0
cons[火电机组启停状态约束_16_89],0.0
cons[火电机组启停状态约束_16_90],0.0
cons[火电机组启停状态约束_16_91],0.0
cons[火电机组启停状态约束_16_92],0.0
cons[火电机组启停状态约束_16_93],0.0
cons[火电机组启停状态约束_16_94],0.0
cons[火电机组启停状态约束_16_95],0.0
cons[火电机组启停状态约束_17_1],0.0
cons[火电机组启停状态约束_17_2],0.0
cons[火电机组启停状态约束_17_3],0.0
cons[火电机组启停状态约束_17_4],0.0
cons[火电机组启停状态约束_17_5],0.0
cons[火电机组启停状态约束_17_6],0.0
cons[火电机组启停状态约束_17_7],0.0
cons[火电机组启停状态约束_17_8],0.0
cons[火电机组启停状态约束_17_9],0.0
cons[火电机组启停状态约束_17_10],0.0
cons[火电机组启停状态约束_17_11],0.0
cons[火电机组启停状态约束_17_12],0.0
cons[火电机组启停状态约束_17_13],0.0
cons[火电机组启停状态约束_17_14],0.0
cons[火电机组启停状态约束_17_15],0.0
cons[火电机组启停状态约束_17_16],0.0
cons[火电机组启停状态约束_17_17],0.0
cons[火电机组启停状态约束_17_18],0.0
cons[火电机组启停状态约束_17_19],0.0
cons[火电机组启停状态约束_17_20],0.0
cons[火电机组启停状态约束_17_21],0.0
cons[火电机组启停状态约束_17_22],0.0
cons[火电机组启停状态约束_17_23],0.0
cons[火电机组启停状态约束_17_24],0.0
cons[火电机组启停状态约束_17_25],0.0
cons[火电机组启停状态约束_17_26],0.0
cons[火电机组启停状态约束_17_27],0.0
cons[火电机组启停状态约束_17_28],0.0
cons[火电机组启停状态约束_17_29],0.0
cons[火电机组启停状态约束_17_30],0.0
cons[火电机组启停状态约束_17_31],0.0
cons[火电机组启停状态约束_17_32],0.0
cons[火电机组启停状态约束_17_33],0.0
cons[火电机组启停状态约束_17_34],0.0
cons[火电机组启停状态约束_17_35],0.0
cons[火电机组启停状态约束_17_36],0.0
cons[火电机组启停状态约束_17_37],0.0
cons[火电机组启停状态约束_17_38],0.0
cons[火电机组启停状态约束_17_39],0.0
cons[火电机组启停状态约束_17_40],0.0
cons[火电机组启停状态约束_17_41],0.0
cons[火电机组启停状态约束_17_42],0.0
cons[火电机组启停状态约束_17_43],0.0
cons[火电机组启停状态约束_17_44],0.0
cons[火电机组启停状态约束_17_45],0.0
cons[火电机组启停状态约束_17_46],0.0
cons[火电机组启停状态约束_17_47],0.0
cons[火电机组启停状态约束_17_48],0.0
cons[火电机组启停状态约束_17_49],0.0
cons[火电机组启停状态约束_17_50],0.0
cons[火电机组启停状态约束_17_51],0.0
cons[火电机组启停状态约束_17_52],0.0
cons[火电机组启停状态约束_17_53],0.0
cons[火电机组启停状态约束_17_54],0.0
cons[火电机组启停状态约束_17_55],0.0
cons[火电机组启停状态约束_17_56],0.0
cons[火电机组启停状态约束_17_57],0.0
cons[火电机组启停状态约束_17_58],0.0
cons[火电机组启停状态约束_17_59],0.0
cons[火电机组启停状态约束_17_60],0.0
cons[火电机组启停状态约束_17_61],0.0
cons[火电机组启停状态约束_17_62],0.0
cons[火电机组启停状态约束_17_63],0.0
cons[火电机组启停状态约束_17_64],0.0
cons[火电机组启停状态约束_17_65],0.0
cons[火电机组启停状态约束_17_66],0.0
cons[火电机组启停状态约束_17_67],0.0
cons[火电机组启停状态约束_17_68],0.0
cons[火电机组启停状态约束_17_69],0.0
cons[火电机组启停状态约束_17_70],0.0
cons[火电机组启停状态约束_17_71],0.0
cons[火电机组启停状态约束_17_72],0.0
cons[火电机组启停状态约束_17_73],0.0
cons[火电机组启停状态约束_17_74],0.0
cons[火电机组启停状态约束_17_75],0.0
cons[火电机组启停状态约束_17_76],0.0
cons[火电机组启停状态约束_17_77],0.0
cons[火电机组启停状态约束_17_78],0.0
cons[火电机组启停状态约束_17_79],0.0
cons[火电机组启停状态约束_17_80],0.0
cons[火电机组启停状态约束_17_81],0.0
cons[火电机组启停状态约束_17_82],0.0
cons[火电机组启停状态约束_17_83],0.0
cons[火电机组启停状态约束_17_84],0.0
cons[火电机组启停状态约束_17_85],0.0
cons[火电机组启停状态约束_17_86],0.0
cons[火电机组启停状态约束_17_87],0.0
cons[火电机组启停状态约束_17_88],0.0
cons[火电机组启停状态约束_17_89],0.0
cons[火电机组启停状态约束_17_90],0.0
cons[火电机组启停状态约束_17_91],0.0
cons[火电机组启停状态约束_17_92],0.0
cons[火电机组启停状态约束_17_93],0.0
cons[火电机组启停状态约束_17_94],0.0
cons[火电机组启停状态约束_17_95],0.0
cons[火电机组启停状态约束_18_1],0.0
cons[火电机组启停状态约束_18_2],0.0
cons[火电机组启停状态约束_18_3],0.0
cons[火电机组启停状态约束_18_4],0.0
cons[火电机组启停状态约束_18_5],0.0
cons[火电机组启停状态约束_18_6],0.0
cons[火电机组启停状态约束_18_7],0.0
cons[火电机组启停状态约束_18_8],0.0
cons[火电机组启停状态约束_18_9],0.0
cons[火电机组启停状态约束_18_10],0.0
cons[火电机组启停状态约束_18_11],0.0
cons[火电机组启停状态约束_18_12],0.0
cons[火电机组启停状态约束_18_13],0.0
cons[火电机组启停状态约束_18_14],0.0
cons[火电机组启停状态约束_18_15],0.0
cons[火电机组启停状态约束_18_16],0.0
cons[火电机组启停状态约束_18_17],0.0
cons[火电机组启停状态约束_18_18],0.0
cons[火电机组启停状态约束_18_19],0.0
cons[火电机组启停状态约束_18_20],0.0
cons[火电机组启停状态约束_18_21],0.0
cons[火电机组启停状态约束_18_22],0.0
cons[火电机组启停状态约束_18_23],0.0
cons[火电机组启停状态约束_18_24],0.0
cons[火电机组启停状态约束_18_25],0.0
cons[火电机组启停状态约束_18_26],0.0
cons[火电机组启停状态约束_18_27],0.0
cons[火电机组启停状态约束_18_28],0.0
cons[火电机组启停状态约束_18_29],0.0
cons[火电机组启停状态约束_18_30],0.0
cons[火电机组启停状态约束_18_31],0.0
cons[火电机组启停状态约束_18_32],0.0
cons[火电机组启停状态约束_18_33],0.0
cons[火电机组启停状态约束_18_34],0.0
cons[火电机组启停状态约束_18_35],0.0
cons[火电机组启停状态约束_18_36],0.0
cons[火电机组启停状态约束_18_37],0.0
cons[火电机组启停状态约束_18_38],0.0
cons[火电机组启停状态约束_18_39],0.0
cons[火电机组启停状态约束_18_40],0.0
cons[火电机组启停状态约束_18_41],0.0
cons[火电机组启停状态约束_18_42],0.0
cons[火电机组启停状态约束_18_43],0.0
cons[火电机组启停状态约束_18_44],0.0
cons[火电机组启停状态约束_18_45],0.0
cons[火电机组启停状态约束_18_46],0.0
cons[火电机组启停状态约束_18_47],0.0
cons[火电机组启停状态约束_18_48],0.0
cons[火电机组启停状态约束_18_49],0.0
cons[火电机组启停状态约束_18_50],0.0
cons[火电机组启停状态约束_18_51],0.0
cons[火电机组启停状态约束_18_52],0.0
cons[火电机组启停状态约束_18_53],0.0
cons[火电机组启停状态约束_18_54],0.0
cons[火电机组启停状态约束_18_55],0.0
cons[火电机组启停状态约束_18_56],0.0
cons[火电机组启停状态约束_18_57],0.0
cons[火电机组启停状态约束_18_58],0.0
cons[火电机组启停状态约束_18_59],0.0
cons[火电机组启停状态约束_18_60],0.0
cons[火电机组启停状态约束_18_61],0.0
cons[火电机组启停状态约束_18_62],0.0
cons[火电机组启停状态约束_18_63],0.0
cons[火电机组启停状态约束_18_64],0.0
cons[火电机组启停状态约束_18_65],0.0
cons[火电机组启停状态约束_18_66],0.0
cons[火电机组启停状态约束_18_67],0.0
cons[火电机组启停状态约束_18_68],0.0
cons[火电机组启停状态约束_18_69],0.0
cons[火电机组启停状态约束_18_70],0.0
cons[火电机组启停状态约束_18_71],0.0
cons[火电机组启停状态约束_18_72],0.0
cons[火电机组启停状态约束_18_73],0.0
cons[火电机组启停状态约束_18_74],0.0
cons[火电机组启停状态约束_18_75],0.0
cons[火电机组启停状态约束_18_76],0.0
cons[火电机组启停状态约束_18_77],0.0
cons[火电机组启停状态约束_18_78],0.0
cons[火电机组启停状态约束_18_79],0.0
cons[火电机组启停状态约束_18_80],0.0
cons[火电机组启停状态约束_18_81],0.0
cons[火电机组启停状态约束_18_82],0.0
cons[火电机组启停状态约束_18_83],0.0
cons[火电机组启停状态约束_18_84],0.0
cons[火电机组启停状态约束_18_85],0.0
cons[火电机组启停状态约束_18_86],0.0
cons[火电机组启停状态约束_18_87],0.0
cons[火电机组启停状态约束_18_88],0.0
cons[火电机组启停状态约束_18_89],0.0
cons[火电机组启停状态约束_18_90],0.0
cons[火电机组启停状态约束_18_91],0.0
cons[火电机组启停状态约束_18_92],0.0
cons[火电机组启停状态约束_18_93],0.0
cons[火电机组启停状态约束_18_94],0.0
cons[火电机组启停状态约束_18_95],0.0
cons[火电机组启停状态约束_19_1],0.0
cons[火电机组启停状态约束_19_2],0.0
cons[火电机组启停状态约束_19_3],0.0
cons[火电机组启停状态约束_19_4],0.0
cons[火电机组启停状态约束_19_5],0.0
cons[火电机组启停状态约束_19_6],0.0
cons[火电机组启停状态约束_19_7],0.0
cons[火电机组启停状态约束_19_8],0.0
cons[火电机组启停状态约束_19_9],0.0
cons[火电机组启停状态约束_19_10],0.0
cons[火电机组启停状态约束_19_11],0.0
cons[火电机组启停状态约束_19_12],0.0
cons[火电机组启停状态约束_19_13],0.0
cons[火电机组启停状态约束_19_14],0.0
cons[火电机组启停状态约束_19_15],0.0
cons[火电机组启停状态约束_19_16],0.0
cons[火电机组启停状态约束_19_17],0.0
cons[火电机组启停状态约束_19_18],0.0
cons[火电机组启停状态约束_19_19],0.0
cons[火电机组启停状态约束_19_20],0.0
cons[火电机组启停状态约束_19_21],0.0
cons[火电机组启停状态约束_19_22],0.0
cons[火电机组启停状态约束_19_23],0.0
cons[火电机组启停状态约束_19_24],0.0
cons[火电机组启停状态约束_19_25],0.0
cons[火电机组启停状态约束_19_26],0.0
cons[火电机组启停状态约束_19_27],0.0
cons[火电机组启停状态约束_19_28],0.0
cons[火电机组启停状态约束_19_29],0.0
cons[火电机组启停状态约束_19_30],0.0
cons[火电机组启停状态约束_19_31],0.0
cons[火电机组启停状态约束_19_32],0.0
cons[火电机组启停状态约束_19_33],0.0
cons[火电机组启停状态约束_19_34],0.0
cons[火电机组启停状态约束_19_35],0.0
cons[火电机组启停状态约束_19_36],0.0
cons[火电机组启停状态约束_19_37],0.0
cons[火电机组启停状态约束_19_38],0.0
cons[火电机组启停状态约束_19_39],0.0
cons[火电机组启停状态约束_19_40],0.0
cons[火电机组启停状态约束_19_41],0.0
cons[火电机组启停状态约束_19_42],0.0
cons[火电机组启停状态约束_19_43],0.0
cons[火电机组启停状态约束_19_44],0.0
cons[火电机组启停状态约束_19_45],0.0
cons[火电机组启停状态约束_19_46],0.0
cons[火电机组启停状态约束_19_47],0.0
cons[火电机组启停状态约束_19_48],0.0
cons[火电机组启停状态约束_19_49],0.0
cons[火电机组启停状态约束_19_50],0.0
cons[火电机组启停状态约束_19_51],0.0
cons[火电机组启停状态约束_19_52],0.0
cons[火电机组启停状态约束_19_53],0.0
cons[火电机组启停状态约束_19_54],0.0
cons[火电机组启停状态约束_19_55],0.0
cons[火电机组启停状态约束_19_56],0.0
cons[火电机组启停状态约束_19_57],0.0
cons[火电机组启停状态约束_19_58],0.0
cons[火电机组启停状态约束_19_59],0.0
cons[火电机组启停状态约束_19_60],0.0
cons[火电机组启停状态约束_19_61],0.0
cons[火电机组启停状态约束_19_62],0.0
cons[火电机组启停状态约束_19_63],0.0
cons[火电机组启停状态约束_19_64],0.0
cons[火电机组启停状态约束_19_65],0.0
cons[火电机组启停状态约束_19_66],0.0
cons[火电机组启停状态约束_19_67],0.0
cons[火电机组启停状态约束_19_68],0.0
cons[火电机组启停状态约束_19_69],0.0
cons[火电机组启停状态约束_19_70],0.0
cons[火电机组启停状态约束_19_71],0.0
cons[火电机组启停状态约束_19_72],0.0
cons[火电机组启停状态约束_19_73],0.0
cons[火电机组启停状态约束_19_74],0.0
cons[火电机组启停状态约束_19_75],0.0
cons[火电机组启停状态约束_19_76],0.0
cons[火电机组启停状态约束_19_77],0.0
cons[火电机组启停状态约束_19_78],0.0
cons[火电机组启停状态约束_19_79],0.0
cons[火电机组启停状态约束_19_80],0.0
cons[火电机组启停状态约束_19_81],0.0
cons[火电机组启停状态约束_19_82],0.0
cons[火电机组启停状态约束_19_83],0.0
cons[火电机组启停状态约束_19_84],0.0
cons[火电机组启停状态约束_19_85],0.0
cons[火电机组启停状态约束_19_86],0.0
cons[火电机组启停状态约束_19_87],0.0
cons[火电机组启停状态约束_19_88],0.0
cons[火电机组启停状态约束_19_89],0.0
cons[火电机组启停状态约束_19_90],0.0
cons[火电机组启停状态约束_19_91],0.0
cons[火电机组启停状态约束_19_92],0.0
cons[火电机组启停状态约束_19_93],0.0
cons[火电机组启停状态约束_19_94],0.0
cons[火电机组启停状态约束_19_95],0.0
cons[火电机组启停状态约束_20_1],0.0
cons[火电机组启停状态约束_20_2],0.0
cons[火电机组启停状态约束_20_3],0.0
cons[火电机组启停状态约束_20_4],0.0
cons[火电机组启停状态约束_20_5],0.0
cons[火电机组启停状态约束_20_6],0.0
cons[火电机组启停状态约束_20_7],0.0
cons[火电机组启停状态约束_20_8],0.0
cons[火电机组启停状态约束_20_9],0.0
cons[火电机组启停状态约束_20_10],0.0
cons[火电机组启停状态约束_20_11],0.0
cons[火电机组启停状态约束_20_12],0.0
cons[火电机组启停状态约束_20_13],0.0
cons[火电机组启停状态约束_20_14],0.0
cons[火电机组启停状态约束_20_15],0.0
cons[火电机组启停状态约束_20_16],0.0
cons[火电机组启停状态约束_20_17],0.0
cons[火电机组启停状态约束_20_18],0.0
cons[火电机组启停状态约束_20_19],0.0
cons[火电机组启停状态约束_20_20],0.0
cons[火电机组启停状态约束_20_21],0.0
cons[火电机组启停状态约束_20_22],0.0
cons[火电机组启停状态约束_20_23],0.0
cons[火电机组启停状态约束_20_24],0.0
cons[火电机组启停状态约束_20_25],0.0
cons[火电机组启停状态约束_20_26],0.0
cons[火电机组启停状态约束_20_27],0.0
cons[火电机组启停状态约束_20_28],0.0
cons[火电机组启停状态约束_20_29],0.0
cons[火电机组启停状态约束_20_30],0.0
cons[火电机组启停状态约束_20_31],0.0
cons[火电机组启停状态约束_20_32],0.0
cons[火电机组启停状态约束_20_33],0.0
cons[火电机组启停状态约束_20_34],0.0
cons[火电机组启停状态约束_20_35],0.0
cons[火电机组启停状态约束_20_36],0.0
cons[火电机组启停状态约束_20_37],0.0
cons[火电机组启停状态约束_20_38],0.0
cons[火电机组启停状态约束_20_39],0.0
cons[火电机组启停状态约束_20_40],0.0
cons[火电机组启停状态约束_20_41],0.0
cons[火电机组启停状态约束_20_42],0.0
cons[火电机组启停状态约束_20_43],0.0
cons[火电机组启停状态约束_20_44],0.0
cons[火电机组启停状态约束_20_45],0.0
cons[火电机组启停状态约束_20_46],0.0
cons[火电机组启停状态约束_20_47],0.0
cons[火电机组启停状态约束_20_48],0.0
cons[火电机组启停状态约束_20_49],0.0
cons[火电机组启停状态约束_20_50],0.0
cons[火电机组启停状态约束_20_51],0.0
cons[火电机组启停状态约束_20_52],0.0
cons[火电机组启停状态约束_20_53],0.0
cons[火电机组启停状态约束_20_54],0.0
cons[火电机组启停状态约束_20_55],0.0
cons[火电机组启停状态约束_20_56],0.0
cons[火电机组启停状态约束_20_57],0.0
cons[火电机组启停状态约束_20_58],0.0
cons[火电机组启停状态约束_20_59],0.0
cons[火电机组启停状态约束_20_60],0.0
cons[火电机组启停状态约束_20_61],0.0
cons[火电机组启停状态约束_20_62],0.0
cons[火电机组启停状态约束_20_63],0.0
cons[火电机组启停状态约束_20_64],0.0
cons[火电机组启停状态约束_20_65],0.0
cons[火电机组启停状态约束_20_66],0.0
cons[火电机组启停状态约束_20_67],0.0
cons[火电机组启停状态约束_20_68],0.0
cons[火电机组启停状态约束_20_69],0.0
cons[火电机组启停状态约束_20_70],0.0
cons[火电机组启停状态约束_20_71],0.0
cons[火电机组启停状态约束_20_72],0.0
cons[火电机组启停状态约束_20_73],0.0
cons[火电机组启停状态约束_20_74],0.0
cons[火电机组启停状态约束_20_75],0.0
cons[火电机组启停状态约束_20_76],0.0
cons[火电机组启停状态约束_20_77],0.0
cons[火电机组启停状态约束_20_78],0.0
cons[火电机组启停状态约束_20_79],0.0
cons[火电机组启停状态约束_20_80],0.0
cons[火电机组启停状态约束_20_81],0.0
cons[火电机组启停状态约束_20_82],0.0
cons[火电机组启停状态约束_20_83],0.0
cons[火电机组启停状态约束_20_84],0.0
cons[火电机组启停状态约束_20_85],0.0
cons[火电机组启停状态约束_20_86],0.0
cons[火电机组启停状态约束_20_87],0.0
cons[火电机组启停状态约束_20_88],0.0
cons[火电机组启停状态约束_20_89],0.0
cons[火电机组启停状态约束_20_90],0.0
cons[火电机组启停状态约束_20_91],0.0
cons[火电机组启停状态约束_20_92],0.0
cons[火电机组启停状态约束_20_93],0.0
cons[火电机组启停状态约束_20_94],0.0
cons[火电机组启停状态约束_20_95],0.0
cons[火电机组启停状态约束_21_1],0.0
cons[火电机组启停状态约束_21_2],0.0
cons[火电机组启停状态约束_21_3],0.0
cons[火电机组启停状态约束_21_4],0.0
cons[火电机组启停状态约束_21_5],0.0
cons[火电机组启停状态约束_21_6],0.0
cons[火电机组启停状态约束_21_7],0.0
cons[火电机组启停状态约束_21_8],0.0
cons[火电机组启停状态约束_21_9],0.0
cons[火电机组启停状态约束_21_10],0.0
cons[火电机组启停状态约束_21_11],0.0
cons[火电机组启停状态约束_21_12],0.0
cons[火电机组启停状态约束_21_13],0.0
cons[火电机组启停状态约束_21_14],0.0
cons[火电机组启停状态约束_21_15],0.0
cons[火电机组启停状态约束_21_16],0.0
cons[火电机组启停状态约束_21_17],0.0
cons[火电机组启停状态约束_21_18],0.0
cons[火电机组启停状态约束_21_19],0.0
cons[火电机组启停状态约束_21_20],0.0
cons[火电机组启停状态约束_21_21],0.0
cons[火电机组启停状态约束_21_22],0.0
cons[火电机组启停状态约束_21_23],0.0
cons[火电机组启停状态约束_21_24],0.0
cons[火电机组启停状态约束_21_25],0.0
cons[火电机组启停状态约束_21_26],0.0
cons[火电机组启停状态约束_21_27],0.0
cons[火电机组启停状态约束_21_28],0.0
cons[火电机组启停状态约束_21_29],0.0
cons[火电机组启停状态约束_21_30],0.0
cons[火电机组启停状态约束_21_31],0.0
cons[火电机组启停状态约束_21_32],0.0
cons[火电机组启停状态约束_21_33],0.0
cons[火电机组启停状态约束_21_34],0.0
cons[火电机组启停状态约束_21_35],0.0
cons[火电机组启停状态约束_21_36],0.0
cons[火电机组启停状态约束_21_37],0.0
cons[火电机组启停状态约束_21_38],0.0
cons[火电机组启停状态约束_21_39],0.0
cons[火电机组启停状态约束_21_40],0.0
cons[火电机组启停状态约束_21_41],0.0
cons[火电机组启停状态约束_21_42],0.0
cons[火电机组启停状态约束_21_43],0.0
cons[火电机组启停状态约束_21_44],0.0
cons[火电机组启停状态约束_21_45],0.0
cons[火电机组启停状态约束_21_46],0.0
cons[火电机组启停状态约束_21_47],0.0
cons[火电机组启停状态约束_21_48],0.0
cons[火电机组启停状态约束_21_49],0.0
cons[火电机组启停状态约束_21_50],0.0
cons[火电机组启停状态约束_21_51],0.0
cons[火电机组启停状态约束_21_52],0.0
cons[火电机组启停状态约束_21_53],0.0
cons[火电机组启停状态约束_21_54],0.0
cons[火电机组启停状态约束_21_55],0.0
cons[火电机组启停状态约束_21_56],0.0
cons[火电机组启停状态约束_21_57],0.0
cons[火电机组启停状态约束_21_58],0.0
cons[火电机组启停状态约束_21_59],0.0
cons[火电机组启停状态约束_21_60],0.0
cons[火电机组启停状态约束_21_61],0.0
cons[火电机组启停状态约束_21_62],0.0
cons[火电机组启停状态约束_21_63],0.0
cons[火电机组启停状态约束_21_64],0.0
cons[火电机组启停状态约束_21_65],0.0
cons[火电机组启停状态约束_21_66],0.0
cons[火电机组启停状态约束_21_67],0.0
cons[火电机组启停状态约束_21_68],0.0
cons[火电机组启停状态约束_21_69],0.0
cons[火电机组启停状态约束_21_70],0.0
cons[火电机组启停状态约束_21_71],0.0
cons[火电机组启停状态约束_21_72],0.0
cons[火电机组启停状态约束_21_73],0.0
cons[火电机组启停状态约束_21_74],0.0
cons[火电机组启停状态约束_21_75],0.0
cons[火电机组启停状态约束_21_76],0.0
cons[火电机组启停状态约束_21_77],0.0
cons[火电机组启停状态约束_21_78],0.0
cons[火电机组启停状态约束_21_79],0.0
cons[火电机组启停状态约束_21_80],0.0
cons[火电机组启停状态约束_21_81],0.0
cons[火电机组启停状态约束_21_82],0.0
cons[火电机组启停状态约束_21_83],0.0
cons[火电机组启停状态约束_21_84],0.0
cons[火电机组启停状态约束_21_85],0.0
cons[火电机组启停状态约束_21_86],0.0
cons[火电机组启停状态约束_21_87],0.0
cons[火电机组启停状态约束_21_88],0.0
cons[火电机组启停状态约束_21_89],0.0
cons[火电机组启停状态约束_21_90],0.0
cons[火电机组启停状态约束_21_91],0.0
cons[火电机组启停状态约束_21_92],0.0
cons[火电机组启停状态约束_21_93],0.0
cons[火电机组启停状态约束_21_94],0.0
cons[火电机组启停状态约束_21_95],0.0
cons[火电机组启停状态约束_22_1],0.0
cons[火电机组启停状态约束_22_2],0.0
cons[火电机组启停状态约束_22_3],0.0
cons[火电机组启停状态约束_22_4],0.0
cons[火电机组启停状态约束_22_5],0.0
cons[火电机组启停状态约束_22_6],0.0
cons[火电机组启停状态约束_22_7],0.0
cons[火电机组启停状态约束_22_8],0.0
cons[火电机组启停状态约束_22_9],0.0
cons[火电机组启停状态约束_22_10],0.0
cons[火电机组启停状态约束_22_11],0.0
cons[火电机组启停状态约束_22_12],0.0
cons[火电机组启停状态约束_22_13],0.0
cons[火电机组启停状态约束_22_14],0.0
cons[火电机组启停状态约束_22_15],0.0
cons[火电机组启停状态约束_22_16],0.0
cons[火电机组启停状态约束_22_17],0.0
cons[火电机组启停状态约束_22_18],0.0
cons[火电机组启停状态约束_22_19],0.0
cons[火电机组启停状态约束_22_20],0.0
cons[火电机组启停状态约束_22_21],0.0
cons[火电机组启停状态约束_22_22],0.0
cons[火电机组启停状态约束_22_23],0.0
cons[火电机组启停状态约束_22_24],0.0
cons[火电机组启停状态约束_22_25],0.0
cons[火电机组启停状态约束_22_26],0.0
cons[火电机组启停状态约束_22_27],0.0
cons[火电机组启停状态约束_22_28],0.0
cons[火电机组启停状态约束_22_29],0.0
cons[火电机组启停状态约束_22_30],0.0
cons[火电机组启停状态约束_22_31],0.0
cons[火电机组启停状态约束_22_32],0.0
cons[火电机组启停状态约束_22_33],0.0
cons[火电机组启停状态约束_22_34],0.0
cons[火电机组启停状态约束_22_35],0.0
cons[火电机组启停状态约束_22_36],0.0
cons[火电机组启停状态约束_22_37],0.0
cons[火电机组启停状态约束_22_38],0.0
cons[火电机组启停状态约束_22_39],0.0
cons[火电机组启停状态约束_22_40],0.0
cons[火电机组启停状态约束_22_41],0.0
cons[火电机组启停状态约束_22_42],0.0
cons[火电机组启停状态约束_22_43],0.0
cons[火电机组启停状态约束_22_44],0.0
cons[火电机组启停状态约束_22_45],0.0
cons[火电机组启停状态约束_22_46],0.0
cons[火电机组启停状态约束_22_47],0.0
cons[火电机组启停状态约束_22_48],0.0
cons[火电机组启停状态约束_22_49],0.0
cons[火电机组启停状态约束_22_50],0.0
cons[火电机组启停状态约束_22_51],0.0
cons[火电机组启停状态约束_22_52],0.0
cons[火电机组启停状态约束_22_53],0.0
cons[火电机组启停状态约束_22_54],0.0
cons[火电机组启停状态约束_22_55],0.0
cons[火电机组启停状态约束_22_56],0.0
cons[火电机组启停状态约束_22_57],0.0
cons[火电机组启停状态约束_22_58],0.0
cons[火电机组启停状态约束_22_59],0.0
cons[火电机组启停状态约束_22_60],0.0
cons[火电机组启停状态约束_22_61],0.0
cons[火电机组启停状态约束_22_62],0.0
cons[火电机组启停状态约束_22_63],0.0
cons[火电机组启停状态约束_22_64],0.0
cons[火电机组启停状态约束_22_65],0.0
cons[火电机组启停状态约束_22_66],0.0
cons[火电机组启停状态约束_22_67],0.0
cons[火电机组启停状态约束_22_68],0.0
cons[火电机组启停状态约束_22_69],0.0
cons[火电机组启停状态约束_22_70],0.0
cons[火电机组启停状态约束_22_71],0.0
cons[火电机组启停状态约束_22_72],0.0
cons[火电机组启停状态约束_22_73],0.0
cons[火电机组启停状态约束_22_74],0.0
cons[火电机组启停状态约束_22_75],0.0
cons[火电机组启停状态约束_22_76],0.0
cons[火电机组启停状态约束_22_77],0.0
cons[火电机组启停状态约束_22_78],0.0
cons[火电机组启停状态约束_22_79],0.0
cons[火电机组启停状态约束_22_80],0.0
cons[火电机组启停状态约束_22_81],0.0
cons[火电机组启停状态约束_22_82],0.0
cons[火电机组启停状态约束_22_83],0.0
cons[火电机组启停状态约束_22_84],0.0
cons[火电机组启停状态约束_22_85],0.0
cons[火电机组启停状态约束_22_86],0.0
cons[火电机组启停状态约束_22_87],0.0
cons[火电机组启停状态约束_22_88],0.0
cons[火电机组启停状态约束_22_89],0.0
cons[火电机组启停状态约束_22_90],0.0
cons[火电机组启停状态约束_22_91],0.0
cons[火电机组启停状态约束_22_92],0.0
cons[火电机组启停状态约束_22_93],0.0
cons[火电机组启停状态约束_22_94],0.0
cons[火电机组启停状态约束_22_95],0.0
cons[火电机组启停状态约束_23_1],0.0
cons[火电机组启停状态约束_23_2],0.0
cons[火电机组启停状态约束_23_3],0.0
cons[火电机组启停状态约束_23_4],0.0
cons[火电机组启停状态约束_23_5],0.0
cons[火电机组启停状态约束_23_6],0.0
cons[火电机组启停状态约束_23_7],0.0
cons[火电机组启停状态约束_23_8],0.0
cons[火电机组启停状态约束_23_9],0.0
cons[火电机组启停状态约束_23_10],0.0
cons[火电机组启停状态约束_23_11],0.0
cons[火电机组启停状态约束_23_12],0.0
cons[火电机组启停状态约束_23_13],0.0
cons[火电机组启停状态约束_23_14],0.0
cons[火电机组启停状态约束_23_15],0.0
cons[火电机组启停状态约束_23_16],0.0
cons[火电机组启停状态约束_23_17],0.0
cons[火电机组启停状态约束_23_18],0.0
cons[火电机组启停状态约束_23_19],0.0
cons[火电机组启停状态约束_23_20],0.0
cons[火电机组启停状态约束_23_21],0.0
cons[火电机组启停状态约束_23_22],0.0
cons[火电机组启停状态约束_23_23],0.0
cons[火电机组启停状态约束_23_24],0.0
cons[火电机组启停状态约束_23_25],0.0
cons[火电机组启停状态约束_23_26],0.0
cons[火电机组启停状态约束_23_27],0.0
cons[火电机组启停状态约束_23_28],0.0
cons[火电机组启停状态约束_23_29],0.0
cons[火电机组启停状态约束_23_30],0.0
cons[火电机组启停状态约束_23_31],0.0
cons[火电机组启停状态约束_23_32],0.0
cons[火电机组启停状态约束_23_33],0.0
cons[火电机组启停状态约束_23_34],0.0
cons[火电机组启停状态约束_23_35],0.0
cons[火电机组启停状态约束_23_36],0.0
cons[火电机组启停状态约束_23_37],0.0
cons[火电机组启停状态约束_23_38],0.0
cons[火电机组启停状态约束_23_39],0.0
cons[火电机组启停状态约束_23_40],0.0
cons[火电机组启停状态约束_23_41],0.0
cons[火电机组启停状态约束_23_42],0.0
cons[火电机组启停状态约束_23_43],0.0
cons[火电机组启停状态约束_23_44],0.0
cons[火电机组启停状态约束_23_45],0.0
cons[火电机组启停状态约束_23_46],0.0
cons[火电机组启停状态约束_23_47],0.0
cons[火电机组启停状态约束_23_48],0.0
cons[火电机组启停状态约束_23_49],0.0
cons[火电机组启停状态约束_23_50],0.0
cons[火电机组启停状态约束_23_51],0.0
cons[火电机组启停状态约束_23_52],0.0
cons[火电机组启停状态约束_23_53],0.0
cons[火电机组启停状态约束_23_54],0.0
cons[火电机组启停状态约束_23_55],0.0
cons[火电机组启停状态约束_23_56],0.0
cons[火电机组启停状态约束_23_57],0.0
cons[火电机组启停状态约束_23_58],0.0
cons[火电机组启停状态约束_23_59],0.0
cons[火电机组启停状态约束_23_60],0.0
cons[火电机组启停状态约束_23_61],0.0
cons[火电机组启停状态约束_23_62],0.0
cons[火电机组启停状态约束_23_63],0.0
cons[火电机组启停状态约束_23_64],0.0
cons[火电机组启停状态约束_23_65],0.0
cons[火电机组启停状态约束_23_66],0.0
cons[火电机组启停状态约束_23_67],0.0
cons[火电机组启停状态约束_23_68],0.0
cons[火电机组启停状态约束_23_69],0.0
cons[火电机组启停状态约束_23_70],0.0
cons[火电机组启停状态约束_23_71],0.0
cons[火电机组启停状态约束_23_72],0.0
cons[火电机组启停状态约束_23_73],0.0
cons[火电机组启停状态约束_23_74],0.0
cons[火电机组启停状态约束_23_75],0.0
cons[火电机组启停状态约束_23_76],0.0
cons[火电机组启停状态约束_23_77],0.0
cons[火电机组启停状态约束_23_78],0.0
cons[火电机组启停状态约束_23_79],0.0
cons[火电机组启停状态约束_23_80],0.0
cons[火电机组启停状态约束_23_81],0.0
cons[火电机组启停状态约束_23_82],0.0
cons[火电机组启停状态约束_23_83],0.0
cons[火电机组启停状态约束_23_84],0.0
cons[火电机组启停状态约束_23_85],0.0
cons[火电机组启停状态约束_23_86],0.0
cons[火电机组启停状态约束_23_87],0.0
cons[火电机组启停状态约束_23_88],0.0
cons[火电机组启停状态约束_23_89],0.0
cons[火电机组启停状态约束_23_90],0.0
cons[火电机组启停状态约束_23_91],0.0
cons[火电机组启停状态约束_23_92],0.0
cons[火电机组启停状态约束_23_93],0.0
cons[火电机组启停状态约束_23_94],0.0
cons[火电机组启停状态约束_23_95],0.0
cons[火电机组启停状态约束_24_1],0.0
cons[火电机组启停状态约束_24_2],0.0
cons[火电机组启停状态约束_24_3],0.0
cons[火电机组启停状态约束_24_4],0.0
cons[火电机组启停状态约束_24_5],0.0
cons[火电机组启停状态约束_24_6],0.0
cons[火电机组启停状态约束_24_7],0.0
cons[火电机组启停状态约束_24_8],0.0
cons[火电机组启停状态约束_24_9],0.0
cons[火电机组启停状态约束_24_10],0.0
cons[火电机组启停状态约束_24_11],0.0
cons[火电机组启停状态约束_24_12],0.0
cons[火电机组启停状态约束_24_13],0.0
cons[火电机组启停状态约束_24_14],0.0
cons[火电机组启停状态约束_24_15],0.0
cons[火电机组启停状态约束_24_16],0.0
cons[火电机组启停状态约束_24_17],0.0
cons[火电机组启停状态约束_24_18],0.0
cons[火电机组启停状态约束_24_19],0.0
cons[火电机组启停状态约束_24_20],0.0
cons[火电机组启停状态约束_24_21],0.0
cons[火电机组启停状态约束_24_22],0.0
cons[火电机组启停状态约束_24_23],0.0
cons[火电机组启停状态约束_24_24],0.0
cons[火电机组启停状态约束_24_25],0.0
cons[火电机组启停状态约束_24_26],0.0
cons[火电机组启停状态约束_24_27],0.0
cons[火电机组启停状态约束_24_28],0.0
cons[火电机组启停状态约束_24_29],0.0
cons[火电机组启停状态约束_24_30],0.0
cons[火电机组启停状态约束_24_31],0.0
cons[火电机组启停状态约束_24_32],0.0
cons[火电机组启停状态约束_24_33],0.0
cons[火电机组启停状态约束_24_34],0.0
cons[火电机组启停状态约束_24_35],0.0
cons[火电机组启停状态约束_24_36],0.0
cons[火电机组启停状态约束_24_37],0.0
cons[火电机组启停状态约束_24_38],0.0
cons[火电机组启停状态约束_24_39],0.0
cons[火电机组启停状态约束_24_40],0.0
cons[火电机组启停状态约束_24_41],0.0
cons[火电机组启停状态约束_24_42],0.0
cons[火电机组启停状态约束_24_43],0.0
cons[火电机组启停状态约束_24_44],0.0
cons[火电机组启停状态约束_24_45],0.0
cons[火电机组启停状态约束_24_46],0.0
cons[火电机组启停状态约束_24_47],0.0
cons[火电机组启停状态约束_24_48],0.0
cons[火电机组启停状态约束_24_49],0.0
cons[火电机组启停状态约束_24_50],0.0
cons[火电机组启停状态约束_24_51],0.0
cons[火电机组启停状态约束_24_52],0.0
cons[火电机组启停状态约束_24_53],0.0
cons[火电机组启停状态约束_24_54],0.0
cons[火电机组启停状态约束_24_55],0.0
cons[火电机组启停状态约束_24_56],0.0
cons[火电机组启停状态约束_24_57],0.0
cons[火电机组启停状态约束_24_58],0.0
cons[火电机组启停状态约束_24_59],0.0
cons[火电机组启停状态约束_24_60],0.0
cons[火电机组启停状态约束_24_61],0.0
cons[火电机组启停状态约束_24_62],0.0
cons[火电机组启停状态约束_24_63],0.0
cons[火电机组启停状态约束_24_64],0.0
cons[火电机组启停状态约束_24_65],0.0
cons[火电机组启停状态约束_24_66],0.0
cons[火电机组启停状态约束_24_67],0.0
cons[火电机组启停状态约束_24_68],0.0
cons[火电机组启停状态约束_24_69],0.0
cons[火电机组启停状态约束_24_70],0.0
cons[火电机组启停状态约束_24_71],0.0
cons[火电机组启停状态约束_24_72],0.0
cons[火电机组启停状态约束_24_73],0.0
cons[火电机组启停状态约束_24_74],0.0
cons[火电机组启停状态约束_24_75],0.0
cons[火电机组启停状态约束_24_76],0.0
cons[火电机组启停状态约束_24_77],0.0
cons[火电机组启停状态约束_24_78],0.0
cons[火电机组启停状态约束_24_79],0.0
cons[火电机组启停状态约束_24_80],0.0
cons[火电机组启停状态约束_24_81],0.0
cons[火电机组启停状态约束_24_82],0.0
cons[火电机组启停状态约束_24_83],0.0
cons[火电机组启停状态约束_24_84],0.0
cons[火电机组启停状态约束_24_85],0.0
cons[火电机组启停状态约束_24_86],0.0
cons[火电机组启停状态约束_24_87],0.0
cons[火电机组启停状态约束_24_88],0.0
cons[火电机组启停状态约束_24_89],0.0
cons[火电机组启停状态约束_24_90],0.0
cons[火电机组启停状态约束_24_91],0.0
cons[火电机组启停状态约束_24_92],0.0
cons[火电机组启停状态约束_24_93],0.0
cons[火电机组启停状态约束_24_94],0.0
cons[火电机组启停状态约束_24_95],0.0
cons[火电机组启停状态约束_25_1],0.0
cons[火电机组启停状态约束_25_2],0.0
cons[火电机组启停状态约束_25_3],0.0
cons[火电机组启停状态约束_25_4],0.0
cons[火电机组启停状态约束_25_5],0.0
cons[火电机组启停状态约束_25_6],0.0
cons[火电机组启停状态约束_25_7],0.0
cons[火电机组启停状态约束_25_8],0.0
cons[火电机组启停状态约束_25_9],0.0
cons[火电机组启停状态约束_25_10],0.0
cons[火电机组启停状态约束_25_11],0.0
cons[火电机组启停状态约束_25_12],0.0
cons[火电机组启停状态约束_25_13],0.0
cons[火电机组启停状态约束_25_14],0.0
cons[火电机组启停状态约束_25_15],0.0
cons[火电机组启停状态约束_25_16],0.0
cons[火电机组启停状态约束_25_17],0.0
cons[火电机组启停状态约束_25_18],0.0
cons[火电机组启停状态约束_25_19],0.0
cons[火电机组启停状态约束_25_20],0.0
cons[火电机组启停状态约束_25_21],0.0
cons[火电机组启停状态约束_25_22],0.0
cons[火电机组启停状态约束_25_23],0.0
cons[火电机组启停状态约束_25_24],0.0
cons[火电机组启停状态约束_25_25],0.0
cons[火电机组启停状态约束_25_26],0.0
cons[火电机组启停状态约束_25_27],0.0
cons[火电机组启停状态约束_25_28],0.0
cons[火电机组启停状态约束_25_29],0.0
cons[火电机组启停状态约束_25_30],0.0
cons[火电机组启停状态约束_25_31],0.0
cons[火电机组启停状态约束_25_32],0.0
cons[火电机组启停状态约束_25_33],0.0
cons[火电机组启停状态约束_25_34],0.0
cons[火电机组启停状态约束_25_35],0.0
cons[火电机组启停状态约束_25_36],0.0
cons[火电机组启停状态约束_25_37],0.0
cons[火电机组启停状态约束_25_38],0.0
cons[火电机组启停状态约束_25_39],0.0
cons[火电机组启停状态约束_25_40],0.0
cons[火电机组启停状态约束_25_41],0.0
cons[火电机组启停状态约束_25_42],0.0
cons[火电机组启停状态约束_25_43],0.0
cons[火电机组启停状态约束_25_44],0.0
cons[火电机组启停状态约束_25_45],0.0
cons[火电机组启停状态约束_25_46],0.0
cons[火电机组启停状态约束_25_47],0.0
cons[火电机组启停状态约束_25_48],0.0
cons[火电机组启停状态约束_25_49],0.0
cons[火电机组启停状态约束_25_50],0.0
cons[火电机组启停状态约束_25_51],0.0
cons[火电机组启停状态约束_25_52],0.0
cons[火电机组启停状态约束_25_53],0.0
cons[火电机组启停状态约束_25_54],0.0
cons[火电机组启停状态约束_25_55],0.0
cons[火电机组启停状态约束_25_56],0.0
cons[火电机组启停状态约束_25_57],0.0
cons[火电机组启停状态约束_25_58],0.0
cons[火电机组启停状态约束_25_59],0.0
cons[火电机组启停状态约束_25_60],0.0
cons[火电机组启停状态约束_25_61],0.0
cons[火电机组启停状态约束_25_62],0.0
cons[火电机组启停状态约束_25_63],0.0
cons[火电机组启停状态约束_25_64],0.0
cons[火电机组启停状态约束_25_65],0.0
cons[火电机组启停状态约束_25_66],0.0
cons[火电机组启停状态约束_25_67],0.0
cons[火电机组启停状态约束_25_68],0.0
cons[火电机组启停状态约束_25_69],0.0
cons[火电机组启停状态约束_25_70],0.0
cons[火电机组启停状态约束_25_71],0.0
cons[火电机组启停状态约束_25_72],0.0
cons[火电机组启停状态约束_25_73],0.0
cons[火电机组启停状态约束_25_74],0.0
cons[火电机组启停状态约束_25_75],0.0
cons[火电机组启停状态约束_25_76],0.0
cons[火电机组启停状态约束_25_77],0.0
cons[火电机组启停状态约束_25_78],0.0
cons[火电机组启停状态约束_25_79],0.0
cons[火电机组启停状态约束_25_80],0.0
cons[火电机组启停状态约束_25_81],0.0
cons[火电机组启停状态约束_25_82],0.0
cons[火电机组启停状态约束_25_83],0.0
cons[火电机组启停状态约束_25_84],0.0
cons[火电机组启停状态约束_25_85],0.0
cons[火电机组启停状态约束_25_86],0.0
cons[火电机组启停状态约束_25_87],0.0
cons[火电机组启停状态约束_25_88],0.0
cons[火电机组启停状态约束_25_89],0.0
cons[火电机组启停状态约束_25_90],0.0
cons[火电机组启停状态约束_25_91],0.0
cons[火电机组启停状态约束_25_92],0.0
cons[火电机组启停状态约束_25_93],0.0
cons[火电机组启停状态约束_25_94],0.0
cons[火电机组启停状态约束_25_95],0.0
cons[火电机组启停状态约束_26_1],0.0
cons[火电机组启停状态约束_26_2],0.0
cons[火电机组启停状态约束_26_3],0.0
cons[火电机组启停状态约束_26_4],0.0
cons[火电机组启停状态约束_26_5],0.0
cons[火电机组启停状态约束_26_6],0.0
cons[火电机组启停状态约束_26_7],0.0
cons[火电机组启停状态约束_26_8],0.0
cons[火电机组启停状态约束_26_9],0.0
cons[火电机组启停状态约束_26_10],0.0
cons[火电机组启停状态约束_26_11],0.0
cons[火电机组启停状态约束_26_12],0.0
cons[火电机组启停状态约束_26_13],0.0
cons[火电机组启停状态约束_26_14],0.0
cons[火电机组启停状态约束_26_15],0.0
cons[火电机组启停状态约束_26_16],0.0
cons[火电机组启停状态约束_26_17],0.0
cons[火电机组启停状态约束_26_18],0.0
cons[火电机组启停状态约束_26_19],0.0
cons[火电机组启停状态约束_26_20],0.0
cons[火电机组启停状态约束_26_21],0.0
cons[火电机组启停状态约束_26_22],0.0
cons[火电机组启停状态约束_26_23],0.0
cons[火电机组启停状态约束_26_24],0.0
cons[火电机组启停状态约束_26_25],0.0
cons[火电机组启停状态约束_26_26],0.0
cons[火电机组启停状态约束_26_27],0.0
cons[火电机组启停状态约束_26_28],0.0
cons[火电机组启停状态约束_26_29],0.0
cons[火电机组启停状态约束_26_30],0.0
cons[火电机组启停状态约束_26_31],0.0
cons[火电机组启停状态约束_26_32],0.0
cons[火电机组启停状态约束_26_33],0.0
cons[火电机组启停状态约束_26_34],0.0
cons[火电机组启停状态约束_26_35],0.0
cons[火电机组启停状态约束_26_36],0.0
cons[火电机组启停状态约束_26_37],0.0
cons[火电机组启停状态约束_26_38],0.0
cons[火电机组启停状态约束_26_39],0.0
cons[火电机组启停状态约束_26_40],0.0
cons[火电机组启停状态约束_26_41],0.0
cons[火电机组启停状态约束_26_42],0.0
cons[火电机组启停状态约束_26_43],0.0
cons[火电机组启停状态约束_26_44],0.0
cons[火电机组启停状态约束_26_45],0.0
cons[火电机组启停状态约束_26_46],0.0
cons[火电机组启停状态约束_26_47],0.0
cons[火电机组启停状态约束_26_48],0.0
cons[火电机组启停状态约束_26_49],0.0
cons[火电机组启停状态约束_26_50],0.0
cons[火电机组启停状态约束_26_51],0.0
cons[火电机组启停状态约束_26_52],0.0
cons[火电机组启停状态约束_26_53],0.0
cons[火电机组启停状态约束_26_54],0.0
cons[火电机组启停状态约束_26_55],0.0
cons[火电机组启停状态约束_26_56],0.0
cons[火电机组启停状态约束_26_57],0.0
cons[火电机组启停状态约束_26_58],0.0
cons[火电机组启停状态约束_26_59],0.0
cons[火电机组启停状态约束_26_60],0.0
cons[火电机组启停状态约束_26_61],0.0
cons[火电机组启停状态约束_26_62],0.0
cons[火电机组启停状态约束_26_63],0.0
cons[火电机组启停状态约束_26_64],0.0
cons[火电机组启停状态约束_26_65],0.0
cons[火电机组启停状态约束_26_66],0.0
cons[火电机组启停状态约束_26_67],0.0
cons[火电机组启停状态约束_26_68],0.0
cons[火电机组启停状态约束_26_69],0.0
cons[火电机组启停状态约束_26_70],0.0
cons[火电机组启停状态约束_26_71],0.0
cons[火电机组启停状态约束_26_72],0.0
cons[火电机组启停状态约束_26_73],0.0
cons[火电机组启停状态约束_26_74],0.0
cons[火电机组启停状态约束_26_75],0.0
cons[火电机组启停状态约束_26_76],0.0
cons[火电机组启停状态约束_26_77],0.0
cons[火电机组启停状态约束_26_78],0.0
cons[火电机组启停状态约束_26_79],0.0
cons[火电机组启停状态约束_26_80],0.0
cons[火电机组启停状态约束_26_81],0.0
cons[火电机组启停状态约束_26_82],0.0
cons[火电机组启停状态约束_26_83],0.0
cons[火电机组启停状态约束_26_84],0.0
cons[火电机组启停状态约束_26_85],0.0
cons[火电机组启停状态约束_26_86],0.0
cons[火电机组启停状态约束_26_87],0.0
cons[火电机组启停状态约束_26_88],0.0
cons[火电机组启停状态约束_26_89],0.0
cons[火电机组启停状态约束_26_90],0.0
cons[火电机组启停状态约束_26_91],0.0
cons[火电机组启停状态约束_26_92],0.0
cons[火电机组启停状态约束_26_93],0.0
cons[火电机组启停状态约束_26_94],0.0
cons[火电机组启停状态约束_26_95],0.0
cons[火电机组启停状态约束_27_1],0.0
cons[火电机组启停状态约束_27_2],0.0
cons[火电机组启停状态约束_27_3],0.0
cons[火电机组启停状态约束_27_4],0.0
cons[火电机组启停状态约束_27_5],0.0
cons[火电机组启停状态约束_27_6],0.0
cons[火电机组启停状态约束_27_7],0.0
cons[火电机组启停状态约束_27_8],0.0
cons[火电机组启停状态约束_27_9],0.0
cons[火电机组启停状态约束_27_10],0.0
cons[火电机组启停状态约束_27_11],0.0
cons[火电机组启停状态约束_27_12],0.0
cons[火电机组启停状态约束_27_13],0.0
cons[火电机组启停状态约束_27_14],0.0
cons[火电机组启停状态约束_27_15],0.0
cons[火电机组启停状态约束_27_16],0.0
cons[火电机组启停状态约束_27_17],0.0
cons[火电机组启停状态约束_27_18],0.0
cons[火电机组启停状态约束_27_19],0.0
cons[火电机组启停状态约束_27_20],0.0
cons[火电机组启停状态约束_27_21],0.0
cons[火电机组启停状态约束_27_22],0.0
cons[火电机组启停状态约束_27_23],0.0
cons[火电机组启停状态约束_27_24],0.0
cons[火电机组启停状态约束_27_25],0.0
cons[火电机组启停状态约束_27_26],0.0
cons[火电机组启停状态约束_27_27],0.0
cons[火电机组启停状态约束_27_28],0.0
cons[火电机组启停状态约束_27_29],0.0
cons[火电机组启停状态约束_27_30],0.0
cons[火电机组启停状态约束_27_31],0.0
cons[火电机组启停状态约束_27_32],0.0
cons[火电机组启停状态约束_27_33],0.0
cons[火电机组启停状态约束_27_34],0.0
cons[火电机组启停状态约束_27_35],0.0
cons[火电机组启停状态约束_27_36],0.0
cons[火电机组启停状态约束_27_37],0.0
cons[火电机组启停状态约束_27_38],0.0
cons[火电机组启停状态约束_27_39],0.0
cons[火电机组启停状态约束_27_40],0.0
cons[火电机组启停状态约束_27_41],0.0
cons[火电机组启停状态约束_27_42],0.0
cons[火电机组启停状态约束_27_43],0.0
cons[火电机组启停状态约束_27_44],0.0
cons[火电机组启停状态约束_27_45],0.0
cons[火电机组启停状态约束_27_46],0.0
cons[火电机组启停状态约束_27_47],0.0
cons[火电机组启停状态约束_27_48],0.0
cons[火电机组启停状态约束_27_49],0.0
cons[火电机组启停状态约束_27_50],0.0
cons[火电机组启停状态约束_27_51],0.0
cons[火电机组启停状态约束_27_52],0.0
cons[火电机组启停状态约束_27_53],0.0
cons[火电机组启停状态约束_27_54],0.0
cons[火电机组启停状态约束_27_55],0.0
cons[火电机组启停状态约束_27_56],0.0
cons[火电机组启停状态约束_27_57],0.0
cons[火电机组启停状态约束_27_58],0.0
cons[火电机组启停状态约束_27_59],0.0
cons[火电机组启停状态约束_27_60],0.0
cons[火电机组启停状态约束_27_61],0.0
cons[火电机组启停状态约束_27_62],0.0
cons[火电机组启停状态约束_27_63],0.0
cons[火电机组启停状态约束_27_64],0.0
cons[火电机组启停状态约束_27_65],0.0
cons[火电机组启停状态约束_27_66],0.0
cons[火电机组启停状态约束_27_67],0.0
cons[火电机组启停状态约束_27_68],0.0
cons[火电机组启停状态约束_27_69],0.0
cons[火电机组启停状态约束_27_70],0.0
cons[火电机组启停状态约束_27_71],0.0
cons[火电机组启停状态约束_27_72],0.0
cons[火电机组启停状态约束_27_73],0.0
cons[火电机组启停状态约束_27_74],0.0
cons[火电机组启停状态约束_27_75],0.0
cons[火电机组启停状态约束_27_76],0.0
cons[火电机组启停状态约束_27_77],0.0
cons[火电机组启停状态约束_27_78],0.0
cons[火电机组启停状态约束_27_79],0.0
cons[火电机组启停状态约束_27_80],0.0
cons[火电机组启停状态约束_27_81],0.0
cons[火电机组启停状态约束_27_82],0.0
cons[火电机组启停状态约束_27_83],0.0
cons[火电机组启停状态约束_27_84],0.0
cons[火电机组启停状态约束_27_85],0.0
cons[火电机组启停状态约束_27_86],0.0
cons[火电机组启停状态约束_27_87],0.0
cons[火电机组启停状态约束_27_88],0.0
cons[火电机组启停状态约束_27_89],0.0
cons[火电机组启停状态约束_27_90],0.0
cons[火电机组启停状态约束_27_91],0.0
cons[火电机组启停状态约束_27_92],0.0
cons[火电机组启停状态约束_27_93],0.0
cons[火电机组启停状态约束_27_94],0.0
cons[火电机组启停状态约束_27_95],0.0
cons[火电机组启停状态约束_28_1],0.0
cons[火电机组启停状态约束_28_2],0.0
cons[火电机组启停状态约束_28_3],0.0
cons[火电机组启停状态约束_28_4],0.0
cons[火电机组启停状态约束_28_5],0.0
cons[火电机组启停状态约束_28_6],0.0
cons[火电机组启停状态约束_28_7],0.0
cons[火电机组启停状态约束_28_8],0.0
cons[火电机组启停状态约束_28_9],0.0
cons[火电机组启停状态约束_28_10],0.0
cons[火电机组启停状态约束_28_11],0.0
cons[火电机组启停状态约束_28_12],0.0
cons[火电机组启停状态约束_28_13],0.0
cons[火电机组启停状态约束_28_14],0.0
cons[火电机组启停状态约束_28_15],0.0
cons[火电机组启停状态约束_28_16],0.0
cons[火电机组启停状态约束_28_17],0.0
cons[火电机组启停状态约束_28_18],0.0
cons[火电机组启停状态约束_28_19],0.0
cons[火电机组启停状态约束_28_20],0.0
cons[火电机组启停状态约束_28_21],0.0
cons[火电机组启停状态约束_28_22],0.0
cons[火电机组启停状态约束_28_23],0.0
cons[火电机组启停状态约束_28_24],0.0
cons[火电机组启停状态约束_28_25],0.0
cons[火电机组启停状态约束_28_26],0.0
cons[火电机组启停状态约束_28_27],0.0
cons[火电机组启停状态约束_28_28],0.0
cons[火电机组启停状态约束_28_29],0.0
cons[火电机组启停状态约束_28_30],0.0
cons[火电机组启停状态约束_28_31],0.0
cons[火电机组启停状态约束_28_32],0.0
cons[火电机组启停状态约束_28_33],0.0
cons[火电机组启停状态约束_28_34],0.0
cons[火电机组启停状态约束_28_35],0.0
cons[火电机组启停状态约束_28_36],0.0
cons[火电机组启停状态约束_28_37],0.0
cons[火电机组启停状态约束_28_38],0.0
cons[火电机组启停状态约束_28_39],0.0
cons[火电机组启停状态约束_28_40],0.0
cons[火电机组启停状态约束_28_41],0.0
cons[火电机组启停状态约束_28_42],0.0
cons[火电机组启停状态约束_28_43],0.0
cons[火电机组启停状态约束_28_44],0.0
cons[火电机组启停状态约束_28_45],0.0
cons[火电机组启停状态约束_28_46],0.0
cons[火电机组启停状态约束_28_47],0.0
cons[火电机组启停状态约束_28_48],0.0
cons[火电机组启停状态约束_28_49],0.0
cons[火电机组启停状态约束_28_50],0.0
cons[火电机组启停状态约束_28_51],0.0
cons[火电机组启停状态约束_28_52],0.0
cons[火电机组启停状态约束_28_53],0.0
cons[火电机组启停状态约束_28_54],0.0
cons[火电机组启停状态约束_28_55],0.0
cons[火电机组启停状态约束_28_56],0.0
cons[火电机组启停状态约束_28_57],0.0
cons[火电机组启停状态约束_28_58],0.0
cons[火电机组启停状态约束_28_59],0.0
cons[火电机组启停状态约束_28_60],0.0
cons[火电机组启停状态约束_28_61],0.0
cons[火电机组启停状态约束_28_62],0.0
cons[火电机组启停状态约束_28_63],0.0
cons[火电机组启停状态约束_28_64],0.0
cons[火电机组启停状态约束_28_65],0.0
cons[火电机组启停状态约束_28_66],0.0
cons[火电机组启停状态约束_28_67],0.0
cons[火电机组启停状态约束_28_68],0.0
cons[火电机组启停状态约束_28_69],0.0
cons[火电机组启停状态约束_28_70],0.0
cons[火电机组启停状态约束_28_71],0.0
cons[火电机组启停状态约束_28_72],0.0
cons[火电机组启停状态约束_28_73],0.0
cons[火电机组启停状态约束_28_74],0.0
cons[火电机组启停状态约束_28_75],0.0
cons[火电机组启停状态约束_28_76],0.0
cons[火电机组启停状态约束_28_77],0.0
cons[火电机组启停状态约束_28_78],0.0
cons[火电机组启停状态约束_28_79],0.0
cons[火电机组启停状态约束_28_80],0.0
cons[火电机组启停状态约束_28_81],0.0
cons[火电机组启停状态约束_28_82],0.0
cons[火电机组启停状态约束_28_83],0.0
cons[火电机组启停状态约束_28_84],0.0
cons[火电机组启停状态约束_28_85],0.0
cons[火电机组启停状态约束_28_86],0.0
cons[火电机组启停状态约束_28_87],0.0
cons[火电机组启停状态约束_28_88],0.0
cons[火电机组启停状态约束_28_89],0.0
cons[火电机组启停状态约束_28_90],0.0
cons[火电机组启停状态约束_28_91],0.0
cons[火电机组启停状态约束_28_92],0.0
cons[火电机组启停状态约束_28_93],0.0
cons[火电机组启停状态约束_28_94],0.0
cons[火电机组启停状态约束_28_95],0.0
cons[火电机组启停状态约束_29_1],0.0
cons[火电机组启停状态约束_29_2],0.0
cons[火电机组启停状态约束_29_3],0.0
cons[火电机组启停状态约束_29_4],0.0
cons[火电机组启停状态约束_29_5],0.0
cons[火电机组启停状态约束_29_6],0.0
cons[火电机组启停状态约束_29_7],0.0
cons[火电机组启停状态约束_29_8],0.0
cons[火电机组启停状态约束_29_9],0.0
cons[火电机组启停状态约束_29_10],0.0
cons[火电机组启停状态约束_29_11],0.0
cons[火电机组启停状态约束_29_12],0.0
cons[火电机组启停状态约束_29_13],0.0
cons[火电机组启停状态约束_29_14],0.0
cons[火电机组启停状态约束_29_15],0.0
cons[火电机组启停状态约束_29_16],0.0
cons[火电机组启停状态约束_29_17],0.0
cons[火电机组启停状态约束_29_18],0.0
cons[火电机组启停状态约束_29_19],0.0
cons[火电机组启停状态约束_29_20],0.0
cons[火电机组启停状态约束_29_21],0.0
cons[火电机组启停状态约束_29_22],0.0
cons[火电机组启停状态约束_29_23],0.0
cons[火电机组启停状态约束_29_24],0.0
cons[火电机组启停状态约束_29_25],0.0
cons[火电机组启停状态约束_29_26],0.0
cons[火电机组启停状态约束_29_27],0.0
cons[火电机组启停状态约束_29_28],0.0
cons[火电机组启停状态约束_29_29],0.0
cons[火电机组启停状态约束_29_30],0.0
cons[火电机组启停状态约束_29_31],0.0
cons[火电机组启停状态约束_29_32],0.0
cons[火电机组启停状态约束_29_33],0.0
cons[火电机组启停状态约束_29_34],0.0
cons[火电机组启停状态约束_29_35],0.0
cons[火电机组启停状态约束_29_36],0.0
cons[火电机组启停状态约束_29_37],0.0
cons[火电机组启停状态约束_29_38],0.0
cons[火电机组启停状态约束_29_39],0.0
cons[火电机组启停状态约束_29_40],0.0
cons[火电机组启停状态约束_29_41],0.0
cons[火电机组启停状态约束_29_42],0.0
cons[火电机组启停状态约束_29_43],0.0
cons[火电机组启停状态约束_29_44],0.0
cons[火电机组启停状态约束_29_45],0.0
cons[火电机组启停状态约束_29_46],0.0
cons[火电机组启停状态约束_29_47],0.0
cons[火电机组启停状态约束_29_48],0.0
cons[火电机组启停状态约束_29_49],0.0
cons[火电机组启停状态约束_29_50],0.0
cons[火电机组启停状态约束_29_51],0.0
cons[火电机组启停状态约束_29_52],0.0
cons[火电机组启停状态约束_29_53],0.0
cons[火电机组启停状态约束_29_54],0.0
cons[火电机组启停状态约束_29_55],0.0
cons[火电机组启停状态约束_29_56],0.0
cons[火电机组启停状态约束_29_57],0.0
cons[火电机组启停状态约束_29_58],0.0
cons[火电机组启停状态约束_29_59],0.0
cons[火电机组启停状态约束_29_60],0.0
cons[火电机组启停状态约束_29_61],0.0
cons[火电机组启停状态约束_29_62],0.0
cons[火电机组启停状态约束_29_63],0.0
cons[火电机组启停状态约束_29_64],0.0
cons[火电机组启停状态约束_29_65],0.0
cons[火电机组启停状态约束_29_66],0.0
cons[火电机组启停状态约束_29_67],0.0
cons[火电机组启停状态约束_29_68],0.0
cons[火电机组启停状态约束_29_69],0.0
cons[火电机组启停状态约束_29_70],0.0
cons[火电机组启停状态约束_29_71],0.0
cons[火电机组启停状态约束_29_72],0.0
cons[火电机组启停状态约束_29_73],0.0
cons[火电机组启停状态约束_29_74],0.0
cons[火电机组启停状态约束_29_75],0.0
cons[火电机组启停状态约束_29_76],0.0
cons[火电机组启停状态约束_29_77],0.0
cons[火电机组启停状态约束_29_78],0.0
cons[火电机组启停状态约束_29_79],0.0
cons[火电机组启停状态约束_29_80],0.0
cons[火电机组启停状态约束_29_81],0.0
cons[火电机组启停状态约束_29_82],0.0
cons[火电机组启停状态约束_29_83],0.0
cons[火电机组启停状态约束_29_84],0.0
cons[火电机组启停状态约束_29_85],0.0
cons[火电机组启停状态约束_29_86],0.0
cons[火电机组启停状态约束_29_87],0.0
cons[火电机组启停状态约束_29_88],0.0
cons[火电机组启停状态约束_29_89],0.0
cons[火电机组启停状态约束_29_90],0.0
cons[火电机组启停状态约束_29_91],0.0
cons[火电机组启停状态约束_29_92],0.0
cons[火电机组启停状态约束_29_93],0.0
cons[火电机组启停状态约束_29_94],0.0
cons[火电机组启停状态约束_29_95],0.0
cons[火电机组启停状态约束_30_1],0.0
cons[火电机组启停状态约束_30_2],0.0
cons[火电机组启停状态约束_30_3],0.0
cons[火电机组启停状态约束_30_4],0.0
cons[火电机组启停状态约束_30_5],0.0
cons[火电机组启停状态约束_30_6],0.0
cons[火电机组启停状态约束_30_7],0.0
cons[火电机组启停状态约束_30_8],0.0
cons[火电机组启停状态约束_30_9],0.0
cons[火电机组启停状态约束_30_10],0.0
cons[火电机组启停状态约束_30_11],0.0
cons[火电机组启停状态约束_30_12],0.0
cons[火电机组启停状态约束_30_13],0.0
cons[火电机组启停状态约束_30_14],0.0
cons[火电机组启停状态约束_30_15],0.0
cons[火电机组启停状态约束_30_16],0.0
cons[火电机组启停状态约束_30_17],0.0
cons[火电机组启停状态约束_30_18],0.0
cons[火电机组启停状态约束_30_19],0.0
cons[火电机组启停状态约束_30_20],0.0
cons[火电机组启停状态约束_30_21],0.0
cons[火电机组启停状态约束_30_22],0.0
cons[火电机组启停状态约束_30_23],0.0
cons[火电机组启停状态约束_30_24],0.0
cons[火电机组启停状态约束_30_25],0.0
cons[火电机组启停状态约束_30_26],0.0
cons[火电机组启停状态约束_30_27],0.0
cons[火电机组启停状态约束_30_28],0.0
cons[火电机组启停状态约束_30_29],0.0
cons[火电机组启停状态约束_30_30],0.0
cons[火电机组启停状态约束_30_31],0.0
cons[火电机组启停状态约束_30_32],0.0
cons[火电机组启停状态约束_30_33],0.0
cons[火电机组启停状态约束_30_34],0.0
cons[火电机组启停状态约束_30_35],0.0
cons[火电机组启停状态约束_30_36],0.0
cons[火电机组启停状态约束_30_37],0.0
cons[火电机组启停状态约束_30_38],0.0
cons[火电机组启停状态约束_30_39],0.0
cons[火电机组启停状态约束_30_40],0.0
cons[火电机组启停状态约束_30_41],0.0
cons[火电机组启停状态约束_30_42],0.0
cons[火电机组启停状态约束_30_43],0.0
cons[火电机组启停状态约束_30_44],0.0
cons[火电机组启停状态约束_30_45],0.0
cons[火电机组启停状态约束_30_46],0.0
cons[火电机组启停状态约束_30_47],0.0
cons[火电机组启停状态约束_30_48],0.0
cons[火电机组启停状态约束_30_49],0.0
cons[火电机组启停状态约束_30_50],0.0
cons[火电机组启停状态约束_30_51],0.0
cons[火电机组启停状态约束_30_52],0.0
cons[火电机组启停状态约束_30_53],0.0
cons[火电机组启停状态约束_30_54],0.0
cons[火电机组启停状态约束_30_55],0.0
cons[火电机组启停状态约束_30_56],0.0
cons[火电机组启停状态约束_30_57],0.0
cons[火电机组启停状态约束_30_58],0.0
cons[火电机组启停状态约束_30_59],0.0
cons[火电机组启停状态约束_30_60],0.0
cons[火电机组启停状态约束_30_61],0.0
cons[火电机组启停状态约束_30_62],0.0
cons[火电机组启停状态约束_30_63],0.0
cons[火电机组启停状态约束_30_64],0.0
cons[火电机组启停状态约束_30_65],0.0
cons[火电机组启停状态约束_30_66],0.0
cons[火电机组启停状态约束_30_67],0.0
cons[火电机组启停状态约束_30_68],0.0
cons[火电机组启停状态约束_30_69],0.0
cons[火电机组启停状态约束_30_70],0.0
cons[火电机组启停状态约束_30_71],0.0
cons[火电机组启停状态约束_30_72],0.0
cons[火电机组启停状态约束_30_73],0.0
cons[火电机组启停状态约束_30_74],0.0
cons[火电机组启停状态约束_30_75],0.0
cons[火电机组启停状态约束_30_76],0.0
cons[火电机组启停状态约束_30_77],0.0
cons[火电机组启停状态约束_30_78],0.0
cons[火电机组启停状态约束_30_79],0.0
cons[火电机组启停状态约束_30_80],0.0
cons[火电机组启停状态约束_30_81],0.0
cons[火电机组启停状态约束_30_82],0.0
cons[火电机组启停状态约束_30_83],0.0
cons[火电机组启停状态约束_30_84],0.0
cons[火电机组启停状态约束_30_85],0.0
cons[火电机组启停状态约束_30_86],0.0
cons[火电机组启停状态约束_30_87],0.0
cons[火电机组启停状态约束_30_88],0.0
cons[火电机组启停状态约束_30_89],0.0
cons[火电机组启停状态约束_30_90],0.0
cons[火电机组启停状态约束_30_91],0.0
cons[火电机组启停状态约束_30_92],0.0
cons[火电机组启停状态约束_30_93],0.0
cons[火电机组启停状态约束_30_94],0.0
cons[火电机组启停状态约束_30_95],0.0
cons[火电机组启停状态约束_31_1],0.0
cons[火电机组启停状态约束_31_2],0.0
cons[火电机组启停状态约束_31_3],0.0
cons[火电机组启停状态约束_31_4],0.0
cons[火电机组启停状态约束_31_5],0.0
cons[火电机组启停状态约束_31_6],0.0
cons[火电机组启停状态约束_31_7],0.0
cons[火电机组启停状态约束_31_8],0.0
cons[火电机组启停状态约束_31_9],0.0
cons[火电机组启停状态约束_31_10],0.0
cons[火电机组启停状态约束_31_11],0.0
cons[火电机组启停状态约束_31_12],0.0
cons[火电机组启停状态约束_31_13],0.0
cons[火电机组启停状态约束_31_14],0.0
cons[火电机组启停状态约束_31_15],0.0
cons[火电机组启停状态约束_31_16],0.0
cons[火电机组启停状态约束_31_17],0.0
cons[火电机组启停状态约束_31_18],0.0
cons[火电机组启停状态约束_31_19],0.0
cons[火电机组启停状态约束_31_20],0.0
cons[火电机组启停状态约束_31_21],0.0
cons[火电机组启停状态约束_31_22],0.0
cons[火电机组启停状态约束_31_23],0.0
cons[火电机组启停状态约束_31_24],0.0
cons[火电机组启停状态约束_31_25],0.0
cons[火电机组启停状态约束_31_26],0.0
cons[火电机组启停状态约束_31_27],0.0
cons[火电机组启停状态约束_31_28],0.0
cons[火电机组启停状态约束_31_29],0.0
cons[火电机组启停状态约束_31_30],0.0
cons[火电机组启停状态约束_31_31],0.0
cons[火电机组启停状态约束_31_32],0.0
cons[火电机组启停状态约束_31_33],0.0
cons[火电机组启停状态约束_31_34],0.0
cons[火电机组启停状态约束_31_35],0.0
cons[火电机组启停状态约束_31_36],0.0
cons[火电机组启停状态约束_31_37],0.0
cons[火电机组启停状态约束_31_38],0.0
cons[火电机组启停状态约束_31_39],0.0
cons[火电机组启停状态约束_31_40],0.0
cons[火电机组启停状态约束_31_41],0.0
cons[火电机组启停状态约束_31_42],0.0
cons[火电机组启停状态约束_31_43],0.0
cons[火电机组启停状态约束_31_44],0.0
cons[火电机组启停状态约束_31_45],0.0
cons[火电机组启停状态约束_31_46],0.0
cons[火电机组启停状态约束_31_47],0.0
cons[火电机组启停状态约束_31_48],0.0
cons[火电机组启停状态约束_31_49],0.0
cons[火电机组启停状态约束_31_50],0.0
cons[火电机组启停状态约束_31_51],0.0
cons[火电机组启停状态约束_31_52],0.0
cons[火电机组启停状态约束_31_53],0.0
cons[火电机组启停状态约束_31_54],0.0
cons[火电机组启停状态约束_31_55],0.0
cons[火电机组启停状态约束_31_56],0.0
cons[火电机组启停状态约束_31_57],0.0
cons[火电机组启停状态约束_31_58],0.0
cons[火电机组启停状态约束_31_59],0.0
cons[火电机组启停状态约束_31_60],0.0
cons[火电机组启停状态约束_31_61],0.0
cons[火电机组启停状态约束_31_62],0.0
cons[火电机组启停状态约束_31_63],0.0
cons[火电机组启停状态约束_31_64],0.0
cons[火电机组启停状态约束_31_65],0.0
cons[火电机组启停状态约束_31_66],0.0
cons[火电机组启停状态约束_31_67],0.0
cons[火电机组启停状态约束_31_68],0.0
cons[火电机组启停状态约束_31_69],0.0
cons[火电机组启停状态约束_31_70],0.0
cons[火电机组启停状态约束_31_71],0.0
cons[火电机组启停状态约束_31_72],0.0
cons[火电机组启停状态约束_31_73],0.0
cons[火电机组启停状态约束_31_74],0.0
cons[火电机组启停状态约束_31_75],0.0
cons[火电机组启停状态约束_31_76],0.0
cons[火电机组启停状态约束_31_77],0.0
cons[火电机组启停状态约束_31_78],0.0
cons[火电机组启停状态约束_31_79],0.0
cons[火电机组启停状态约束_31_80],0.0
cons[火电机组启停状态约束_31_81],0.0
cons[火电机组启停状态约束_31_82],0.0
cons[火电机组启停状态约束_31_83],0.0
cons[火电机组启停状态约束_31_84],0.0
cons[火电机组启停状态约束_31_85],0.0
cons[火电机组启停状态约束_31_86],0.0
cons[火电机组启停状态约束_31_87],0.0
cons[火电机组启停状态约束_31_88],0.0
cons[火电机组启停状态约束_31_89],0.0
cons[火电机组启停状态约束_31_90],0.0
cons[火电机组启停状态约束_31_91],0.0
cons[火电机组启停状态约束_31_92],0.0
cons[火电机组启停状态约束_31_93],0.0
cons[火电机组启停状态约束_31_94],0.0
cons[火电机组启停状态约束_31_95],0.0
cons[火电机组启停状态约束2_0_0],0.0
cons[火电机组启停状态约束2_0_1],0.0
cons[火电机组启停状态约束2_0_2],0.0
cons[火电机组启停状态约束2_0_3],0.0
cons[火电机组启停状态约束2_0_4],0.0
cons[火电机组启停状态约束2_0_5],0.0
cons[火电机组启停状态约束2_0_6],0.0
cons[火电机组启停状态约束2_0_7],0.0
cons[火电机组启停状态约束2_0_8],0.0
cons[火电机组启停状态约束2_0_9],0.0
cons[火电机组启停状态约束2_0_10],0.0
cons[火电机组启停状态约束2_0_11],0.0
cons[火电机组启停状态约束2_0_12],0.0
cons[火电机组启停状态约束2_0_13],0.0
cons[火电机组启停状态约束2_0_14],0.0
cons[火电机组启停状态约束2_0_15],0.0
cons[火电机组启停状态约束2_0_16],0.0
cons[火电机组启停状态约束2_0_17],0.0
cons[火电机组启停状态约束2_0_18],0.0
cons[火电机组启停状态约束2_0_19],0.0
cons[火电机组启停状态约束2_0_20],0.0
cons[火电机组启停状态约束2_0_21],0.0
cons[火电机组启停状态约束2_0_22],0.0
cons[火电机组启停状态约束2_0_23],0.0
cons[火电机组启停状态约束2_0_24],0.0
cons[火电机组启停状态约束2_0_25],0.0
cons[火电机组启停状态约束2_0_26],0.0
cons[火电机组启停状态约束2_0_27],0.0
cons[火电机组启停状态约束2_0_28],0.0
cons[火电机组启停状态约束2_0_29],0.0
cons[火电机组启停状态约束2_0_30],0.0
cons[火电机组启停状态约束2_0_31],0.0
cons[火电机组启停状态约束2_0_32],0.0
cons[火电机组启停状态约束2_0_33],0.0
cons[火电机组启停状态约束2_0_34],0.0
cons[火电机组启停状态约束2_0_35],0.0
cons[火电机组启停状态约束2_0_36],0.0
cons[火电机组启停状态约束2_0_37],0.0
cons[火电机组启停状态约束2_0_38],0.0
cons[火电机组启停状态约束2_0_39],0.0
cons[火电机组启停状态约束2_0_40],0.0
cons[火电机组启停状态约束2_0_41],0.0
cons[火电机组启停状态约束2_0_42],0.0
cons[火电机组启停状态约束2_0_43],0.0
cons[火电机组启停状态约束2_0_44],0.0
cons[火电机组启停状态约束2_0_45],0.0
cons[火电机组启停状态约束2_0_46],0.0
cons[火电机组启停状态约束2_0_47],0.0
cons[火电机组启停状态约束2_0_48],0.0
cons[火电机组启停状态约束2_0_49],0.0
cons[火电机组启停状态约束2_0_50],0.0
cons[火电机组启停状态约束2_0_51],0.0
cons[火电机组启停状态约束2_0_52],0.0
cons[火电机组启停状态约束2_0_53],0.0
cons[火电机组启停状态约束2_0_54],0.0
cons[火电机组启停状态约束2_0_55],0.0
cons[火电机组启停状态约束2_0_56],0.0
cons[火电机组启停状态约束2_0_57],0.0
cons[火电机组启停状态约束2_0_58],0.0
cons[火电机组启停状态约束2_0_59],0.0
cons[火电机组启停状态约束2_0_60],0.0
cons[火电机组启停状态约束2_0_61],0.0
cons[火电机组启停状态约束2_0_62],0.0
cons[火电机组启停状态约束2_0_63],0.0
cons[火电机组启停状态约束2_0_64],0.0
cons[火电机组启停状态约束2_0_65],0.0
cons[火电机组启停状态约束2_0_66],0.0
cons[火电机组启停状态约束2_0_67],0.0
cons[火电机组启停状态约束2_0_68],0.0
cons[火电机组启停状态约束2_0_69],0.0
cons[火电机组启停状态约束2_0_70],0.0
cons[火电机组启停状态约束2_0_71],0.0
cons[火电机组启停状态约束2_0_72],0.0
cons[火电机组启停状态约束2_0_73],0.0
cons[火电机组启停状态约束2_0_74],0.0
cons[火电机组启停状态约束2_0_75],0.0
cons[火电机组启停状态约束2_0_76],0.0
cons[火电机组启停状态约束2_0_77],0.0
cons[火电机组启停状态约束2_0_78],0.0
cons[火电机组启停状态约束2_0_79],0.0
cons[火电机组启停状态约束2_0_80],0.0
cons[火电机组启停状态约束2_0_81],0.0
cons[火电机组启停状态约束2_0_82],0.0
cons[火电机组启停状态约束2_0_83],0.0
cons[火电机组启停状态约束2_0_84],0.0
cons[火电机组启停状态约束2_0_85],0.0
cons[火电机组启停状态约束2_0_86],0.0
cons[火电机组启停状态约束2_0_87],0.0
cons[火电机组启停状态约束2_0_88],0.0
cons[火电机组启停状态约束2_0_89],0.0
cons[火电机组启停状态约束2_0_90],0.0
cons[火电机组启停状态约束2_0_91],0.0
cons[火电机组启停状态约束2_0_92],0.0
cons[火电机组启停状态约束2_0_93],0.0
cons[火电机组启停状态约束2_0_94],0.0
cons[火电机组启停状态约束2_0_95],0.0
cons[火电机组启停状态约束2_1_0],0.0
cons[火电机组启停状态约束2_1_1],0.0
cons[火电机组启停状态约束2_1_2],0.0
cons[火电机组启停状态约束2_1_3],0.0
cons[火电机组启停状态约束2_1_4],0.0
cons[火电机组启停状态约束2_1_5],0.0
cons[火电机组启停状态约束2_1_6],0.0
cons[火电机组启停状态约束2_1_7],0.0
cons[火电机组启停状态约束2_1_8],0.0
cons[火电机组启停状态约束2_1_9],0.0
cons[火电机组启停状态约束2_1_10],0.0
cons[火电机组启停状态约束2_1_11],0.0
cons[火电机组启停状态约束2_1_12],0.0
cons[火电机组启停状态约束2_1_13],0.0
cons[火电机组启停状态约束2_1_14],0.0
cons[火电机组启停状态约束2_1_15],0.0
cons[火电机组启停状态约束2_1_16],0.0
cons[火电机组启停状态约束2_1_17],0.0
cons[火电机组启停状态约束2_1_18],0.0
cons[火电机组启停状态约束2_1_19],0.0
cons[火电机组启停状态约束2_1_20],0.0
cons[火电机组启停状态约束2_1_21],0.0
cons[火电机组启停状态约束2_1_22],0.0
cons[火电机组启停状态约束2_1_23],0.0
cons[火电机组启停状态约束2_1_24],0.0
cons[火电机组启停状态约束2_1_25],0.0
cons[火电机组启停状态约束2_1_26],0.0
cons[火电机组启停状态约束2_1_27],0.0
cons[火电机组启停状态约束2_1_28],0.0
cons[火电机组启停状态约束2_1_29],0.0
cons[火电机组启停状态约束2_1_30],0.0
cons[火电机组启停状态约束2_1_31],0.0
cons[火电机组启停状态约束2_1_32],0.0
cons[火电机组启停状态约束2_1_33],0.0
cons[火电机组启停状态约束2_1_34],0.0
cons[火电机组启停状态约束2_1_35],0.0
cons[火电机组启停状态约束2_1_36],0.0
cons[火电机组启停状态约束2_1_37],0.0
cons[火电机组启停状态约束2_1_38],0.0
cons[火电机组启停状态约束2_1_39],0.0
cons[火电机组启停状态约束2_1_40],0.0
cons[火电机组启停状态约束2_1_41],0.0
cons[火电机组启停状态约束2_1_42],0.0
cons[火电机组启停状态约束2_1_43],0.0
cons[火电机组启停状态约束2_1_44],0.0
cons[火电机组启停状态约束2_1_45],0.0
cons[火电机组启停状态约束2_1_46],0.0
cons[火电机组启停状态约束2_1_47],0.0
cons[火电机组启停状态约束2_1_48],0.0
cons[火电机组启停状态约束2_1_49],0.0
cons[火电机组启停状态约束2_1_50],0.0
cons[火电机组启停状态约束2_1_51],0.0
cons[火电机组启停状态约束2_1_52],0.0
cons[火电机组启停状态约束2_1_53],0.0
cons[火电机组启停状态约束2_1_54],0.0
cons[火电机组启停状态约束2_1_55],0.0
cons[火电机组启停状态约束2_1_56],0.0
cons[火电机组启停状态约束2_1_57],0.0
cons[火电机组启停状态约束2_1_58],0.0
cons[火电机组启停状态约束2_1_59],0.0
cons[火电机组启停状态约束2_1_60],0.0
cons[火电机组启停状态约束2_1_61],0.0
cons[火电机组启停状态约束2_1_62],0.0
cons[火电机组启停状态约束2_1_63],0.0
cons[火电机组启停状态约束2_1_64],0.0
cons[火电机组启停状态约束2_1_65],0.0
cons[火电机组启停状态约束2_1_66],0.0
cons[火电机组启停状态约束2_1_67],0.0
cons[火电机组启停状态约束2_1_68],0.0
cons[火电机组启停状态约束2_1_69],0.0
cons[火电机组启停状态约束2_1_70],0.0
cons[火电机组启停状态约束2_1_71],0.0
cons[火电机组启停状态约束2_1_72],0.0
cons[火电机组启停状态约束2_1_73],0.0
cons[火电机组启停状态约束2_1_74],0.0
cons[火电机组启停状态约束2_1_75],0.0
cons[火电机组启停状态约束2_1_76],0.0
cons[火电机组启停状态约束2_1_77],0.0
cons[火电机组启停状态约束2_1_78],0.0
cons[火电机组启停状态约束2_1_79],0.0
cons[火电机组启停状态约束2_1_80],0.0
cons[火电机组启停状态约束2_1_81],0.0
cons[火电机组启停状态约束2_1_82],0.0
cons[火电机组启停状态约束2_1_83],0.0
cons[火电机组启停状态约束2_1_84],0.0
cons[火电机组启停状态约束2_1_85],0.0
cons[火电机组启停状态约束2_1_86],0.0
cons[火电机组启停状态约束2_1_87],0.0
cons[火电机组启停状态约束2_1_88],0.0
cons[火电机组启停状态约束2_1_89],0.0
cons[火电机组启停状态约束2_1_90],0.0
cons[火电机组启停状态约束2_1_91],0.0
cons[火电机组启停状态约束2_1_92],0.0
cons[火电机组启停状态约束2_1_93],0.0
cons[火电机组启停状态约束2_1_94],0.0
cons[火电机组启停状态约束2_1_95],0.0
cons[火电机组启停状态约束2_2_0],0.0
cons[火电机组启停状态约束2_2_1],0.0
cons[火电机组启停状态约束2_2_2],0.0
cons[火电机组启停状态约束2_2_3],0.0
cons[火电机组启停状态约束2_2_4],0.0
cons[火电机组启停状态约束2_2_5],0.0
cons[火电机组启停状态约束2_2_6],0.0
cons[火电机组启停状态约束2_2_7],0.0
cons[火电机组启停状态约束2_2_8],0.0
cons[火电机组启停状态约束2_2_9],0.0
cons[火电机组启停状态约束2_2_10],0.0
cons[火电机组启停状态约束2_2_11],0.0
cons[火电机组启停状态约束2_2_12],0.0
cons[火电机组启停状态约束2_2_13],0.0
cons[火电机组启停状态约束2_2_14],0.0
cons[火电机组启停状态约束2_2_15],0.0
cons[火电机组启停状态约束2_2_16],0.0
cons[火电机组启停状态约束2_2_17],0.0
cons[火电机组启停状态约束2_2_18],0.0
cons[火电机组启停状态约束2_2_19],0.0
cons[火电机组启停状态约束2_2_20],0.0
cons[火电机组启停状态约束2_2_21],0.0
cons[火电机组启停状态约束2_2_22],0.0
cons[火电机组启停状态约束2_2_23],0.0
cons[火电机组启停状态约束2_2_24],0.0
cons[火电机组启停状态约束2_2_25],0.0
cons[火电机组启停状态约束2_2_26],0.0
cons[火电机组启停状态约束2_2_27],0.0
cons[火电机组启停状态约束2_2_28],0.0
cons[火电机组启停状态约束2_2_29],0.0
cons[火电机组启停状态约束2_2_30],0.0
cons[火电机组启停状态约束2_2_31],0.0
cons[火电机组启停状态约束2_2_32],0.0
cons[火电机组启停状态约束2_2_33],0.0
cons[火电机组启停状态约束2_2_34],0.0
cons[火电机组启停状态约束2_2_35],0.0
cons[火电机组启停状态约束2_2_36],0.0
cons[火电机组启停状态约束2_2_37],0.0
cons[火电机组启停状态约束2_2_38],0.0
cons[火电机组启停状态约束2_2_39],0.0
cons[火电机组启停状态约束2_2_40],0.0
cons[火电机组启停状态约束2_2_41],0.0
cons[火电机组启停状态约束2_2_42],0.0
cons[火电机组启停状态约束2_2_43],0.0
cons[火电机组启停状态约束2_2_44],0.0
cons[火电机组启停状态约束2_2_45],0.0
cons[火电机组启停状态约束2_2_46],0.0
cons[火电机组启停状态约束2_2_47],0.0
cons[火电机组启停状态约束2_2_48],0.0
cons[火电机组启停状态约束2_2_49],0.0
cons[火电机组启停状态约束2_2_50],0.0
cons[火电机组启停状态约束2_2_51],0.0
cons[火电机组启停状态约束2_2_52],0.0
cons[火电机组启停状态约束2_2_53],0.0
cons[火电机组启停状态约束2_2_54],0.0
cons[火电机组启停状态约束2_2_55],0.0
cons[火电机组启停状态约束2_2_56],0.0
cons[火电机组启停状态约束2_2_57],0.0
cons[火电机组启停状态约束2_2_58],0.0
cons[火电机组启停状态约束2_2_59],0.0
cons[火电机组启停状态约束2_2_60],0.0
cons[火电机组启停状态约束2_2_61],0.0
cons[火电机组启停状态约束2_2_62],0.0
cons[火电机组启停状态约束2_2_63],0.0
cons[火电机组启停状态约束2_2_64],0.0
cons[火电机组启停状态约束2_2_65],0.0
cons[火电机组启停状态约束2_2_66],0.0
cons[火电机组启停状态约束2_2_67],0.0
cons[火电机组启停状态约束2_2_68],0.0
cons[火电机组启停状态约束2_2_69],0.0
cons[火电机组启停状态约束2_2_70],0.0
cons[火电机组启停状态约束2_2_71],0.0
cons[火电机组启停状态约束2_2_72],0.0
cons[火电机组启停状态约束2_2_73],0.0
cons[火电机组启停状态约束2_2_74],0.0
cons[火电机组启停状态约束2_2_75],0.0
cons[火电机组启停状态约束2_2_76],0.0
cons[火电机组启停状态约束2_2_77],0.0
cons[火电机组启停状态约束2_2_78],0.0
cons[火电机组启停状态约束2_2_79],0.0
cons[火电机组启停状态约束2_2_80],0.0
cons[火电机组启停状态约束2_2_81],0.0
cons[火电机组启停状态约束2_2_82],0.0
cons[火电机组启停状态约束2_2_83],0.0
cons[火电机组启停状态约束2_2_84],0.0
cons[火电机组启停状态约束2_2_85],0.0
cons[火电机组启停状态约束2_2_86],0.0
cons[火电机组启停状态约束2_2_87],0.0
cons[火电机组启停状态约束2_2_88],0.0
cons[火电机组启停状态约束2_2_89],0.0
cons[火电机组启停状态约束2_2_90],0.0
cons[火电机组启停状态约束2_2_91],0.0
cons[火电机组启停状态约束2_2_92],0.0
cons[火电机组启停状态约束2_2_93],0.0
cons[火电机组启停状态约束2_2_94],0.0
cons[火电机组启停状态约束2_2_95],0.0
cons[火电机组启停状态约束2_3_0],0.0
cons[火电机组启停状态约束2_3_1],0.0
cons[火电机组启停状态约束2_3_2],0.0
cons[火电机组启停状态约束2_3_3],0.0
cons[火电机组启停状态约束2_3_4],0.0
cons[火电机组启停状态约束2_3_5],0.0
cons[火电机组启停状态约束2_3_6],0.0
cons[火电机组启停状态约束2_3_7],0.0
cons[火电机组启停状态约束2_3_8],0.0
cons[火电机组启停状态约束2_3_9],0.0
cons[火电机组启停状态约束2_3_10],0.0
cons[火电机组启停状态约束2_3_11],0.0
cons[火电机组启停状态约束2_3_12],0.0
cons[火电机组启停状态约束2_3_13],0.0
cons[火电机组启停状态约束2_3_14],0.0
cons[火电机组启停状态约束2_3_15],0.0
cons[火电机组启停状态约束2_3_16],0.0
cons[火电机组启停状态约束2_3_17],0.0
cons[火电机组启停状态约束2_3_18],0.0
cons[火电机组启停状态约束2_3_19],0.0
cons[火电机组启停状态约束2_3_20],0.0
cons[火电机组启停状态约束2_3_21],0.0
cons[火电机组启停状态约束2_3_22],0.0
cons[火电机组启停状态约束2_3_23],0.0
cons[火电机组启停状态约束2_3_24],0.0
cons[火电机组启停状态约束2_3_25],0.0
cons[火电机组启停状态约束2_3_26],0.0
cons[火电机组启停状态约束2_3_27],0.0
cons[火电机组启停状态约束2_3_28],0.0
cons[火电机组启停状态约束2_3_29],0.0
cons[火电机组启停状态约束2_3_30],0.0
cons[火电机组启停状态约束2_3_31],0.0
cons[火电机组启停状态约束2_3_32],0.0
cons[火电机组启停状态约束2_3_33],0.0
cons[火电机组启停状态约束2_3_34],0.0
cons[火电机组启停状态约束2_3_35],0.0
cons[火电机组启停状态约束2_3_36],0.0
cons[火电机组启停状态约束2_3_37],0.0
cons[火电机组启停状态约束2_3_38],0.0
cons[火电机组启停状态约束2_3_39],0.0
cons[火电机组启停状态约束2_3_40],0.0
cons[火电机组启停状态约束2_3_41],0.0
cons[火电机组启停状态约束2_3_42],0.0
cons[火电机组启停状态约束2_3_43],0.0
cons[火电机组启停状态约束2_3_44],0.0
cons[火电机组启停状态约束2_3_45],0.0
cons[火电机组启停状态约束2_3_46],0.0
cons[火电机组启停状态约束2_3_47],0.0
cons[火电机组启停状态约束2_3_48],0.0
cons[火电机组启停状态约束2_3_49],0.0
cons[火电机组启停状态约束2_3_50],0.0
cons[火电机组启停状态约束2_3_51],0.0
cons[火电机组启停状态约束2_3_52],0.0
cons[火电机组启停状态约束2_3_53],0.0
cons[火电机组启停状态约束2_3_54],0.0
cons[火电机组启停状态约束2_3_55],0.0
cons[火电机组启停状态约束2_3_56],0.0
cons[火电机组启停状态约束2_3_57],0.0
cons[火电机组启停状态约束2_3_58],0.0
cons[火电机组启停状态约束2_3_59],0.0
cons[火电机组启停状态约束2_3_60],0.0
cons[火电机组启停状态约束2_3_61],0.0
cons[火电机组启停状态约束2_3_62],0.0
cons[火电机组启停状态约束2_3_63],0.0
cons[火电机组启停状态约束2_3_64],0.0
cons[火电机组启停状态约束2_3_65],0.0
cons[火电机组启停状态约束2_3_66],0.0
cons[火电机组启停状态约束2_3_67],0.0
cons[火电机组启停状态约束2_3_68],0.0
cons[火电机组启停状态约束2_3_69],0.0
cons[火电机组启停状态约束2_3_70],0.0
cons[火电机组启停状态约束2_3_71],0.0
cons[火电机组启停状态约束2_3_72],0.0
cons[火电机组启停状态约束2_3_73],0.0
cons[火电机组启停状态约束2_3_74],0.0
cons[火电机组启停状态约束2_3_75],0.0
cons[火电机组启停状态约束2_3_76],0.0
cons[火电机组启停状态约束2_3_77],0.0
cons[火电机组启停状态约束2_3_78],0.0
cons[火电机组启停状态约束2_3_79],0.0
cons[火电机组启停状态约束2_3_80],0.0
cons[火电机组启停状态约束2_3_81],0.0
cons[火电机组启停状态约束2_3_82],0.0
cons[火电机组启停状态约束2_3_83],0.0
cons[火电机组启停状态约束2_3_84],0.0
cons[火电机组启停状态约束2_3_85],0.0
cons[火电机组启停状态约束2_3_86],0.0
cons[火电机组启停状态约束2_3_87],0.0
cons[火电机组启停状态约束2_3_88],0.0
cons[火电机组启停状态约束2_3_89],0.0
cons[火电机组启停状态约束2_3_90],0.0
cons[火电机组启停状态约束2_3_91],0.0
cons[火电机组启停状态约束2_3_92],0.0
cons[火电机组启停状态约束2_3_93],0.0
cons[火电机组启停状态约束2_3_94],0.0
cons[火电机组启停状态约束2_3_95],0.0
cons[火电机组启停状态约束2_4_0],0.0
cons[火电机组启停状态约束2_4_1],0.0
cons[火电机组启停状态约束2_4_2],0.0
cons[火电机组启停状态约束2_4_3],0.0
cons[火电机组启停状态约束2_4_4],0.0
cons[火电机组启停状态约束2_4_5],0.0
cons[火电机组启停状态约束2_4_6],0.0
cons[火电机组启停状态约束2_4_7],0.0
cons[火电机组启停状态约束2_4_8],0.0
cons[火电机组启停状态约束2_4_9],0.0
cons[火电机组启停状态约束2_4_10],0.0
cons[火电机组启停状态约束2_4_11],0.0
cons[火电机组启停状态约束2_4_12],0.0
cons[火电机组启停状态约束2_4_13],0.0
cons[火电机组启停状态约束2_4_14],0.0
cons[火电机组启停状态约束2_4_15],0.0
cons[火电机组启停状态约束2_4_16],0.0
cons[火电机组启停状态约束2_4_17],0.0
cons[火电机组启停状态约束2_4_18],0.0
cons[火电机组启停状态约束2_4_19],0.0
cons[火电机组启停状态约束2_4_20],0.0
cons[火电机组启停状态约束2_4_21],0.0
cons[火电机组启停状态约束2_4_22],0.0
cons[火电机组启停状态约束2_4_23],0.0
cons[火电机组启停状态约束2_4_24],0.0
cons[火电机组启停状态约束2_4_25],0.0
cons[火电机组启停状态约束2_4_26],0.0
cons[火电机组启停状态约束2_4_27],0.0
cons[火电机组启停状态约束2_4_28],0.0
cons[火电机组启停状态约束2_4_29],0.0
cons[火电机组启停状态约束2_4_30],0.0
cons[火电机组启停状态约束2_4_31],0.0
cons[火电机组启停状态约束2_4_32],0.0
cons[火电机组启停状态约束2_4_33],0.0
cons[火电机组启停状态约束2_4_34],0.0
cons[火电机组启停状态约束2_4_35],0.0
cons[火电机组启停状态约束2_4_36],0.0
cons[火电机组启停状态约束2_4_37],0.0
cons[火电机组启停状态约束2_4_38],0.0
cons[火电机组启停状态约束2_4_39],0.0
cons[火电机组启停状态约束2_4_40],0.0
cons[火电机组启停状态约束2_4_41],0.0
cons[火电机组启停状态约束2_4_42],0.0
cons[火电机组启停状态约束2_4_43],0.0
cons[火电机组启停状态约束2_4_44],0.0
cons[火电机组启停状态约束2_4_45],0.0
cons[火电机组启停状态约束2_4_46],0.0
cons[火电机组启停状态约束2_4_47],0.0
cons[火电机组启停状态约束2_4_48],0.0
cons[火电机组启停状态约束2_4_49],0.0
cons[火电机组启停状态约束2_4_50],0.0
cons[火电机组启停状态约束2_4_51],0.0
cons[火电机组启停状态约束2_4_52],0.0
cons[火电机组启停状态约束2_4_53],0.0
cons[火电机组启停状态约束2_4_54],0.0
cons[火电机组启停状态约束2_4_55],0.0
cons[火电机组启停状态约束2_4_56],0.0
cons[火电机组启停状态约束2_4_57],0.0
cons[火电机组启停状态约束2_4_58],0.0
cons[火电机组启停状态约束2_4_59],0.0
cons[火电机组启停状态约束2_4_60],0.0
cons[火电机组启停状态约束2_4_61],0.0
cons[火电机组启停状态约束2_4_62],0.0
cons[火电机组启停状态约束2_4_63],0.0
cons[火电机组启停状态约束2_4_64],0.0
cons[火电机组启停状态约束2_4_65],0.0
cons[火电机组启停状态约束2_4_66],0.0
cons[火电机组启停状态约束2_4_67],0.0
cons[火电机组启停状态约束2_4_68],0.0
cons[火电机组启停状态约束2_4_69],0.0
cons[火电机组启停状态约束2_4_70],0.0
cons[火电机组启停状态约束2_4_71],0.0
cons[火电机组启停状态约束2_4_72],0.0
cons[火电机组启停状态约束2_4_73],0.0
cons[火电机组启停状态约束2_4_74],0.0
cons[火电机组启停状态约束2_4_75],0.0
cons[火电机组启停状态约束2_4_76],0.0
cons[火电机组启停状态约束2_4_77],0.0
cons[火电机组启停状态约束2_4_78],0.0
cons[火电机组启停状态约束2_4_79],0.0
cons[火电机组启停状态约束2_4_80],0.0
cons[火电机组启停状态约束2_4_81],0.0
cons[火电机组启停状态约束2_4_82],0.0
cons[火电机组启停状态约束2_4_83],0.0
cons[火电机组启停状态约束2_4_84],0.0
cons[火电机组启停状态约束2_4_85],0.0
cons[火电机组启停状态约束2_4_86],0.0
cons[火电机组启停状态约束2_4_87],0.0
cons[火电机组启停状态约束2_4_88],0.0
cons[火电机组启停状态约束2_4_89],0.0
cons[火电机组启停状态约束2_4_90],0.0
cons[火电机组启停状态约束2_4_91],0.0
cons[火电机组启停状态约束2_4_92],0.0
cons[火电机组启停状态约束2_4_93],0.0
cons[火电机组启停状态约束2_4_94],0.0
cons[火电机组启停状态约束2_4_95],0.0
cons[火电机组启停状态约束2_5_0],0.0
cons[火电机组启停状态约束2_5_1],0.0
cons[火电机组启停状态约束2_5_2],0.0
cons[火电机组启停状态约束2_5_3],0.0
cons[火电机组启停状态约束2_5_4],0.0
cons[火电机组启停状态约束2_5_5],0.0
cons[火电机组启停状态约束2_5_6],0.0
cons[火电机组启停状态约束2_5_7],0.0
cons[火电机组启停状态约束2_5_8],0.0
cons[火电机组启停状态约束2_5_9],0.0
cons[火电机组启停状态约束2_5_10],0.0
cons[火电机组启停状态约束2_5_11],0.0
cons[火电机组启停状态约束2_5_12],0.0
cons[火电机组启停状态约束2_5_13],0.0
cons[火电机组启停状态约束2_5_14],0.0
cons[火电机组启停状态约束2_5_15],0.0
cons[火电机组启停状态约束2_5_16],0.0
cons[火电机组启停状态约束2_5_17],0.0
cons[火电机组启停状态约束2_5_18],0.0
cons[火电机组启停状态约束2_5_19],0.0
cons[火电机组启停状态约束2_5_20],0.0
cons[火电机组启停状态约束2_5_21],0.0
cons[火电机组启停状态约束2_5_22],0.0
cons[火电机组启停状态约束2_5_23],0.0
cons[火电机组启停状态约束2_5_24],0.0
cons[火电机组启停状态约束2_5_25],0.0
cons[火电机组启停状态约束2_5_26],0.0
cons[火电机组启停状态约束2_5_27],0.0
cons[火电机组启停状态约束2_5_28],0.0
cons[火电机组启停状态约束2_5_29],0.0
cons[火电机组启停状态约束2_5_30],0.0
cons[火电机组启停状态约束2_5_31],0.0
cons[火电机组启停状态约束2_5_32],0.0
cons[火电机组启停状态约束2_5_33],0.0
cons[火电机组启停状态约束2_5_34],0.0
cons[火电机组启停状态约束2_5_35],0.0
cons[火电机组启停状态约束2_5_36],0.0
cons[火电机组启停状态约束2_5_37],0.0
cons[火电机组启停状态约束2_5_38],0.0
cons[火电机组启停状态约束2_5_39],0.0
cons[火电机组启停状态约束2_5_40],0.0
cons[火电机组启停状态约束2_5_41],0.0
cons[火电机组启停状态约束2_5_42],0.0
cons[火电机组启停状态约束2_5_43],0.0
cons[火电机组启停状态约束2_5_44],0.0
cons[火电机组启停状态约束2_5_45],0.0
cons[火电机组启停状态约束2_5_46],0.0
cons[火电机组启停状态约束2_5_47],0.0
cons[火电机组启停状态约束2_5_48],0.0
cons[火电机组启停状态约束2_5_49],0.0
cons[火电机组启停状态约束2_5_50],0.0
cons[火电机组启停状态约束2_5_51],0.0
cons[火电机组启停状态约束2_5_52],0.0
cons[火电机组启停状态约束2_5_53],0.0
cons[火电机组启停状态约束2_5_54],0.0
cons[火电机组启停状态约束2_5_55],0.0
cons[火电机组启停状态约束2_5_56],0.0
cons[火电机组启停状态约束2_5_57],0.0
cons[火电机组启停状态约束2_5_58],0.0
cons[火电机组启停状态约束2_5_59],0.0
cons[火电机组启停状态约束2_5_60],0.0
cons[火电机组启停状态约束2_5_61],0.0
cons[火电机组启停状态约束2_5_62],0.0
cons[火电机组启停状态约束2_5_63],0.0
cons[火电机组启停状态约束2_5_64],0.0
cons[火电机组启停状态约束2_5_65],0.0
cons[火电机组启停状态约束2_5_66],0.0
cons[火电机组启停状态约束2_5_67],0.0
cons[火电机组启停状态约束2_5_68],0.0
cons[火电机组启停状态约束2_5_69],0.0
cons[火电机组启停状态约束2_5_70],0.0
cons[火电机组启停状态约束2_5_71],0.0
cons[火电机组启停状态约束2_5_72],0.0
cons[火电机组启停状态约束2_5_73],0.0
cons[火电机组启停状态约束2_5_74],0.0
cons[火电机组启停状态约束2_5_75],0.0
cons[火电机组启停状态约束2_5_76],0.0
cons[火电机组启停状态约束2_5_77],0.0
cons[火电机组启停状态约束2_5_78],0.0
cons[火电机组启停状态约束2_5_79],0.0
cons[火电机组启停状态约束2_5_80],0.0
cons[火电机组启停状态约束2_5_81],0.0
cons[火电机组启停状态约束2_5_82],0.0
cons[火电机组启停状态约束2_5_83],0.0
cons[火电机组启停状态约束2_5_84],0.0
cons[火电机组启停状态约束2_5_85],0.0
cons[火电机组启停状态约束2_5_86],0.0
cons[火电机组启停状态约束2_5_87],0.0
cons[火电机组启停状态约束2_5_88],0.0
cons[火电机组启停状态约束2_5_89],0.0
cons[火电机组启停状态约束2_5_90],0.0
cons[火电机组启停状态约束2_5_91],0.0
cons[火电机组启停状态约束2_5_92],0.0
cons[火电机组启停状态约束2_5_93],0.0
cons[火电机组启停状态约束2_5_94],0.0
cons[火电机组启停状态约束2_5_95],0.0
cons[火电机组启停状态约束2_6_0],0.0
cons[火电机组启停状态约束2_6_1],0.0
cons[火电机组启停状态约束2_6_2],0.0
cons[火电机组启停状态约束2_6_3],0.0
cons[火电机组启停状态约束2_6_4],0.0
cons[火电机组启停状态约束2_6_5],0.0
cons[火电机组启停状态约束2_6_6],0.0
cons[火电机组启停状态约束2_6_7],0.0
cons[火电机组启停状态约束2_6_8],0.0
cons[火电机组启停状态约束2_6_9],0.0
cons[火电机组启停状态约束2_6_10],0.0
cons[火电机组启停状态约束2_6_11],0.0
cons[火电机组启停状态约束2_6_12],0.0
cons[火电机组启停状态约束2_6_13],0.0
cons[火电机组启停状态约束2_6_14],0.0
cons[火电机组启停状态约束2_6_15],0.0
cons[火电机组启停状态约束2_6_16],0.0
cons[火电机组启停状态约束2_6_17],0.0
cons[火电机组启停状态约束2_6_18],0.0
cons[火电机组启停状态约束2_6_19],0.0
cons[火电机组启停状态约束2_6_20],0.0
cons[火电机组启停状态约束2_6_21],0.0
cons[火电机组启停状态约束2_6_22],0.0
cons[火电机组启停状态约束2_6_23],0.0
cons[火电机组启停状态约束2_6_24],0.0
cons[火电机组启停状态约束2_6_25],0.0
cons[火电机组启停状态约束2_6_26],0.0
cons[火电机组启停状态约束2_6_27],0.0
cons[火电机组启停状态约束2_6_28],0.0
cons[火电机组启停状态约束2_6_29],0.0
cons[火电机组启停状态约束2_6_30],0.0
cons[火电机组启停状态约束2_6_31],0.0
cons[火电机组启停状态约束2_6_32],0.0
cons[火电机组启停状态约束2_6_33],0.0
cons[火电机组启停状态约束2_6_34],0.0
cons[火电机组启停状态约束2_6_35],0.0
cons[火电机组启停状态约束2_6_36],0.0
cons[火电机组启停状态约束2_6_37],0.0
cons[火电机组启停状态约束2_6_38],0.0
cons[火电机组启停状态约束2_6_39],0.0
cons[火电机组启停状态约束2_6_40],0.0
cons[火电机组启停状态约束2_6_41],0.0
cons[火电机组启停状态约束2_6_42],0.0
cons[火电机组启停状态约束2_6_43],0.0
cons[火电机组启停状态约束2_6_44],0.0
cons[火电机组启停状态约束2_6_45],0.0
cons[火电机组启停状态约束2_6_46],0.0
cons[火电机组启停状态约束2_6_47],0.0
cons[火电机组启停状态约束2_6_48],0.0
cons[火电机组启停状态约束2_6_49],0.0
cons[火电机组启停状态约束2_6_50],0.0
cons[火电机组启停状态约束2_6_51],0.0
cons[火电机组启停状态约束2_6_52],0.0
cons[火电机组启停状态约束2_6_53],0.0
cons[火电机组启停状态约束2_6_54],0.0
cons[火电机组启停状态约束2_6_55],0.0
cons[火电机组启停状态约束2_6_56],0.0
cons[火电机组启停状态约束2_6_57],0.0
cons[火电机组启停状态约束2_6_58],0.0
cons[火电机组启停状态约束2_6_59],0.0
cons[火电机组启停状态约束2_6_60],0.0
cons[火电机组启停状态约束2_6_61],0.0
cons[火电机组启停状态约束2_6_62],0.0
cons[火电机组启停状态约束2_6_63],0.0
cons[火电机组启停状态约束2_6_64],0.0
cons[火电机组启停状态约束2_6_65],0.0
cons[火电机组启停状态约束2_6_66],0.0
cons[火电机组启停状态约束2_6_67],0.0
cons[火电机组启停状态约束2_6_68],0.0
cons[火电机组启停状态约束2_6_69],0.0
cons[火电机组启停状态约束2_6_70],0.0
cons[火电机组启停状态约束2_6_71],0.0
cons[火电机组启停状态约束2_6_72],0.0
cons[火电机组启停状态约束2_6_73],0.0
cons[火电机组启停状态约束2_6_74],0.0
cons[火电机组启停状态约束2_6_75],0.0
cons[火电机组启停状态约束2_6_76],0.0
cons[火电机组启停状态约束2_6_77],0.0
cons[火电机组启停状态约束2_6_78],0.0
cons[火电机组启停状态约束2_6_79],0.0
cons[火电机组启停状态约束2_6_80],0.0
cons[火电机组启停状态约束2_6_81],0.0
cons[火电机组启停状态约束2_6_82],0.0
cons[火电机组启停状态约束2_6_83],0.0
cons[火电机组启停状态约束2_6_84],0.0
cons[火电机组启停状态约束2_6_85],0.0
cons[火电机组启停状态约束2_6_86],0.0
cons[火电机组启停状态约束2_6_87],0.0
cons[火电机组启停状态约束2_6_88],0.0
cons[火电机组启停状态约束2_6_89],0.0
cons[火电机组启停状态约束2_6_90],0.0
cons[火电机组启停状态约束2_6_91],0.0
cons[火电机组启停状态约束2_6_92],0.0
cons[火电机组启停状态约束2_6_93],0.0
cons[火电机组启停状态约束2_6_94],0.0
cons[火电机组启停状态约束2_6_95],0.0
cons[火电机组启停状态约束2_7_0],0.0
cons[火电机组启停状态约束2_7_1],0.0
cons[火电机组启停状态约束2_7_2],0.0
cons[火电机组启停状态约束2_7_3],0.0
cons[火电机组启停状态约束2_7_4],0.0
cons[火电机组启停状态约束2_7_5],0.0
cons[火电机组启停状态约束2_7_6],0.0
cons[火电机组启停状态约束2_7_7],0.0
cons[火电机组启停状态约束2_7_8],0.0
cons[火电机组启停状态约束2_7_9],0.0
cons[火电机组启停状态约束2_7_10],0.0
cons[火电机组启停状态约束2_7_11],0.0
cons[火电机组启停状态约束2_7_12],0.0
cons[火电机组启停状态约束2_7_13],0.0
cons[火电机组启停状态约束2_7_14],0.0
cons[火电机组启停状态约束2_7_15],0.0
cons[火电机组启停状态约束2_7_16],0.0
cons[火电机组启停状态约束2_7_17],0.0
cons[火电机组启停状态约束2_7_18],0.0
cons[火电机组启停状态约束2_7_19],0.0
cons[火电机组启停状态约束2_7_20],0.0
cons[火电机组启停状态约束2_7_21],0.0
cons[火电机组启停状态约束2_7_22],0.0
cons[火电机组启停状态约束2_7_23],0.0
cons[火电机组启停状态约束2_7_24],0.0
cons[火电机组启停状态约束2_7_25],0.0
cons[火电机组启停状态约束2_7_26],0.0
cons[火电机组启停状态约束2_7_27],0.0
cons[火电机组启停状态约束2_7_28],0.0
cons[火电机组启停状态约束2_7_29],0.0
cons[火电机组启停状态约束2_7_30],0.0
cons[火电机组启停状态约束2_7_31],0.0
cons[火电机组启停状态约束2_7_32],0.0
cons[火电机组启停状态约束2_7_33],0.0
cons[火电机组启停状态约束2_7_34],0.0
cons[火电机组启停状态约束2_7_35],0.0
cons[火电机组启停状态约束2_7_36],0.0
cons[火电机组启停状态约束2_7_37],0.0
cons[火电机组启停状态约束2_7_38],0.0
cons[火电机组启停状态约束2_7_39],0.0
cons[火电机组启停状态约束2_7_40],0.0
cons[火电机组启停状态约束2_7_41],0.0
cons[火电机组启停状态约束2_7_42],0.0
cons[火电机组启停状态约束2_7_43],0.0
cons[火电机组启停状态约束2_7_44],0.0
cons[火电机组启停状态约束2_7_45],0.0
cons[火电机组启停状态约束2_7_46],0.0
cons[火电机组启停状态约束2_7_47],0.0
cons[火电机组启停状态约束2_7_48],0.0
cons[火电机组启停状态约束2_7_49],0.0
cons[火电机组启停状态约束2_7_50],0.0
cons[火电机组启停状态约束2_7_51],0.0
cons[火电机组启停状态约束2_7_52],0.0
cons[火电机组启停状态约束2_7_53],0.0
cons[火电机组启停状态约束2_7_54],0.0
cons[火电机组启停状态约束2_7_55],0.0
cons[火电机组启停状态约束2_7_56],0.0
cons[火电机组启停状态约束2_7_57],0.0
cons[火电机组启停状态约束2_7_58],0.0
cons[火电机组启停状态约束2_7_59],0.0
cons[火电机组启停状态约束2_7_60],0.0
cons[火电机组启停状态约束2_7_61],0.0
cons[火电机组启停状态约束2_7_62],0.0
cons[火电机组启停状态约束2_7_63],0.0
cons[火电机组启停状态约束2_7_64],0.0
cons[火电机组启停状态约束2_7_65],0.0
cons[火电机组启停状态约束2_7_66],0.0
cons[火电机组启停状态约束2_7_67],0.0
cons[火电机组启停状态约束2_7_68],0.0
cons[火电机组启停状态约束2_7_69],0.0
cons[火电机组启停状态约束2_7_70],0.0
cons[火电机组启停状态约束2_7_71],0.0
cons[火电机组启停状态约束2_7_72],0.0
cons[火电机组启停状态约束2_7_73],0.0
cons[火电机组启停状态约束2_7_74],0.0
cons[火电机组启停状态约束2_7_75],0.0
cons[火电机组启停状态约束2_7_76],0.0
cons[火电机组启停状态约束2_7_77],0.0
cons[火电机组启停状态约束2_7_78],0.0
cons[火电机组启停状态约束2_7_79],0.0
cons[火电机组启停状态约束2_7_80],0.0
cons[火电机组启停状态约束2_7_81],0.0
cons[火电机组启停状态约束2_7_82],0.0
cons[火电机组启停状态约束2_7_83],0.0
cons[火电机组启停状态约束2_7_84],0.0
cons[火电机组启停状态约束2_7_85],0.0
cons[火电机组启停状态约束2_7_86],0.0
cons[火电机组启停状态约束2_7_87],0.0
cons[火电机组启停状态约束2_7_88],0.0
cons[火电机组启停状态约束2_7_89],0.0
cons[火电机组启停状态约束2_7_90],0.0
cons[火电机组启停状态约束2_7_91],0.0
cons[火电机组启停状态约束2_7_92],0.0
cons[火电机组启停状态约束2_7_93],0.0
cons[火电机组启停状态约束2_7_94],0.0
cons[火电机组启停状态约束2_7_95],0.0
cons[火电机组启停状态约束2_8_0],0.0
cons[火电机组启停状态约束2_8_1],0.0
cons[火电机组启停状态约束2_8_2],0.0
cons[火电机组启停状态约束2_8_3],0.0
cons[火电机组启停状态约束2_8_4],0.0
cons[火电机组启停状态约束2_8_5],0.0
cons[火电机组启停状态约束2_8_6],0.0
cons[火电机组启停状态约束2_8_7],0.0
cons[火电机组启停状态约束2_8_8],0.0
cons[火电机组启停状态约束2_8_9],0.0
cons[火电机组启停状态约束2_8_10],0.0
cons[火电机组启停状态约束2_8_11],0.0
cons[火电机组启停状态约束2_8_12],0.0
cons[火电机组启停状态约束2_8_13],0.0
cons[火电机组启停状态约束2_8_14],0.0
cons[火电机组启停状态约束2_8_15],0.0
cons[火电机组启停状态约束2_8_16],0.0
cons[火电机组启停状态约束2_8_17],0.0
cons[火电机组启停状态约束2_8_18],0.0
cons[火电机组启停状态约束2_8_19],0.0
cons[火电机组启停状态约束2_8_20],0.0
cons[火电机组启停状态约束2_8_21],0.0
cons[火电机组启停状态约束2_8_22],0.0
cons[火电机组启停状态约束2_8_23],0.0
cons[火电机组启停状态约束2_8_24],0.0
cons[火电机组启停状态约束2_8_25],0.0
cons[火电机组启停状态约束2_8_26],0.0
cons[火电机组启停状态约束2_8_27],0.0
cons[火电机组启停状态约束2_8_28],0.0
cons[火电机组启停状态约束2_8_29],0.0
cons[火电机组启停状态约束2_8_30],0.0
cons[火电机组启停状态约束2_8_31],0.0
cons[火电机组启停状态约束2_8_32],0.0
cons[火电机组启停状态约束2_8_33],0.0
cons[火电机组启停状态约束2_8_34],0.0
cons[火电机组启停状态约束2_8_35],0.0
cons[火电机组启停状态约束2_8_36],0.0
cons[火电机组启停状态约束2_8_37],0.0
cons[火电机组启停状态约束2_8_38],0.0
cons[火电机组启停状态约束2_8_39],0.0
cons[火电机组启停状态约束2_8_40],0.0
cons[火电机组启停状态约束2_8_41],0.0
cons[火电机组启停状态约束2_8_42],0.0
cons[火电机组启停状态约束2_8_43],0.0
cons[火电机组启停状态约束2_8_44],0.0
cons[火电机组启停状态约束2_8_45],0.0
cons[火电机组启停状态约束2_8_46],0.0
cons[火电机组启停状态约束2_8_47],0.0
cons[火电机组启停状态约束2_8_48],0.0
cons[火电机组启停状态约束2_8_49],0.0
cons[火电机组启停状态约束2_8_50],0.0
cons[火电机组启停状态约束2_8_51],0.0
cons[火电机组启停状态约束2_8_52],0.0
cons[火电机组启停状态约束2_8_53],0.0
cons[火电机组启停状态约束2_8_54],0.0
cons[火电机组启停状态约束2_8_55],0.0
cons[火电机组启停状态约束2_8_56],0.0
cons[火电机组启停状态约束2_8_57],0.0
cons[火电机组启停状态约束2_8_58],0.0
cons[火电机组启停状态约束2_8_59],0.0
cons[火电机组启停状态约束2_8_60],0.0
cons[火电机组启停状态约束2_8_61],0.0
cons[火电机组启停状态约束2_8_62],0.0
cons[火电机组启停状态约束2_8_63],0.0
cons[火电机组启停状态约束2_8_64],0.0
cons[火电机组启停状态约束2_8_65],0.0
cons[火电机组启停状态约束2_8_66],0.0
cons[火电机组启停状态约束2_8_67],0.0
cons[火电机组启停状态约束2_8_68],0.0
cons[火电机组启停状态约束2_8_69],0.0
cons[火电机组启停状态约束2_8_70],0.0
cons[火电机组启停状态约束2_8_71],0.0
cons[火电机组启停状态约束2_8_72],0.0
cons[火电机组启停状态约束2_8_73],0.0
cons[火电机组启停状态约束2_8_74],0.0
cons[火电机组启停状态约束2_8_75],0.0
cons[火电机组启停状态约束2_8_76],0.0
cons[火电机组启停状态约束2_8_77],0.0
cons[火电机组启停状态约束2_8_78],0.0
cons[火电机组启停状态约束2_8_79],0.0
cons[火电机组启停状态约束2_8_80],0.0
cons[火电机组启停状态约束2_8_81],0.0
cons[火电机组启停状态约束2_8_82],0.0
cons[火电机组启停状态约束2_8_83],0.0
cons[火电机组启停状态约束2_8_84],0.0
cons[火电机组启停状态约束2_8_85],0.0
cons[火电机组启停状态约束2_8_86],0.0
cons[火电机组启停状态约束2_8_87],0.0
cons[火电机组启停状态约束2_8_88],0.0
cons[火电机组启停状态约束2_8_89],0.0
cons[火电机组启停状态约束2_8_90],0.0
cons[火电机组启停状态约束2_8_91],0.0
cons[火电机组启停状态约束2_8_92],0.0
cons[火电机组启停状态约束2_8_93],0.0
cons[火电机组启停状态约束2_8_94],0.0
cons[火电机组启停状态约束2_8_95],0.0
cons[火电机组启停状态约束2_9_0],0.0
cons[火电机组启停状态约束2_9_1],0.0
cons[火电机组启停状态约束2_9_2],0.0
cons[火电机组启停状态约束2_9_3],0.0
cons[火电机组启停状态约束2_9_4],0.0
cons[火电机组启停状态约束2_9_5],0.0
cons[火电机组启停状态约束2_9_6],0.0
cons[火电机组启停状态约束2_9_7],0.0
cons[火电机组启停状态约束2_9_8],0.0
cons[火电机组启停状态约束2_9_9],0.0
cons[火电机组启停状态约束2_9_10],0.0
cons[火电机组启停状态约束2_9_11],0.0
cons[火电机组启停状态约束2_9_12],0.0
cons[火电机组启停状态约束2_9_13],0.0
cons[火电机组启停状态约束2_9_14],0.0
cons[火电机组启停状态约束2_9_15],0.0
cons[火电机组启停状态约束2_9_16],0.0
cons[火电机组启停状态约束2_9_17],0.0
cons[火电机组启停状态约束2_9_18],0.0
cons[火电机组启停状态约束2_9_19],0.0
cons[火电机组启停状态约束2_9_20],0.0
cons[火电机组启停状态约束2_9_21],0.0
cons[火电机组启停状态约束2_9_22],0.0
cons[火电机组启停状态约束2_9_23],0.0
cons[火电机组启停状态约束2_9_24],0.0
cons[火电机组启停状态约束2_9_25],0.0
cons[火电机组启停状态约束2_9_26],0.0
cons[火电机组启停状态约束2_9_27],0.0
cons[火电机组启停状态约束2_9_28],0.0
cons[火电机组启停状态约束2_9_29],0.0
cons[火电机组启停状态约束2_9_30],0.0
cons[火电机组启停状态约束2_9_31],0.0
cons[火电机组启停状态约束2_9_32],0.0
cons[火电机组启停状态约束2_9_33],0.0
cons[火电机组启停状态约束2_9_34],0.0
cons[火电机组启停状态约束2_9_35],0.0
cons[火电机组启停状态约束2_9_36],0.0
cons[火电机组启停状态约束2_9_37],0.0
cons[火电机组启停状态约束2_9_38],0.0
cons[火电机组启停状态约束2_9_39],0.0
cons[火电机组启停状态约束2_9_40],0.0
cons[火电机组启停状态约束2_9_41],0.0
cons[火电机组启停状态约束2_9_42],0.0
cons[火电机组启停状态约束2_9_43],0.0
cons[火电机组启停状态约束2_9_44],0.0
cons[火电机组启停状态约束2_9_45],0.0
cons[火电机组启停状态约束2_9_46],0.0
cons[火电机组启停状态约束2_9_47],0.0
cons[火电机组启停状态约束2_9_48],0.0
cons[火电机组启停状态约束2_9_49],0.0
cons[火电机组启停状态约束2_9_50],0.0
cons[火电机组启停状态约束2_9_51],0.0
cons[火电机组启停状态约束2_9_52],0.0
cons[火电机组启停状态约束2_9_53],0.0
cons[火电机组启停状态约束2_9_54],0.0
cons[火电机组启停状态约束2_9_55],0.0
cons[火电机组启停状态约束2_9_56],0.0
cons[火电机组启停状态约束2_9_57],0.0
cons[火电机组启停状态约束2_9_58],0.0
cons[火电机组启停状态约束2_9_59],0.0
cons[火电机组启停状态约束2_9_60],0.0
cons[火电机组启停状态约束2_9_61],0.0
cons[火电机组启停状态约束2_9_62],0.0
cons[火电机组启停状态约束2_9_63],0.0
cons[火电机组启停状态约束2_9_64],0.0
cons[火电机组启停状态约束2_9_65],0.0
cons[火电机组启停状态约束2_9_66],0.0
cons[火电机组启停状态约束2_9_67],0.0
cons[火电机组启停状态约束2_9_68],0.0
cons[火电机组启停状态约束2_9_69],0.0
cons[火电机组启停状态约束2_9_70],0.0
cons[火电机组启停状态约束2_9_71],0.0
cons[火电机组启停状态约束2_9_72],0.0
cons[火电机组启停状态约束2_9_73],0.0
cons[火电机组启停状态约束2_9_74],0.0
cons[火电机组启停状态约束2_9_75],0.0
cons[火电机组启停状态约束2_9_76],0.0
cons[火电机组启停状态约束2_9_77],0.0
cons[火电机组启停状态约束2_9_78],0.0
cons[火电机组启停状态约束2_9_79],0.0
cons[火电机组启停状态约束2_9_80],0.0
cons[火电机组启停状态约束2_9_81],0.0
cons[火电机组启停状态约束2_9_82],0.0
cons[火电机组启停状态约束2_9_83],0.0
cons[火电机组启停状态约束2_9_84],0.0
cons[火电机组启停状态约束2_9_85],0.0
cons[火电机组启停状态约束2_9_86],0.0
cons[火电机组启停状态约束2_9_87],0.0
cons[火电机组启停状态约束2_9_88],0.0
cons[火电机组启停状态约束2_9_89],0.0
cons[火电机组启停状态约束2_9_90],0.0
cons[火电机组启停状态约束2_9_91],0.0
cons[火电机组启停状态约束2_9_92],0.0
cons[火电机组启停状态约束2_9_93],0.0
cons[火电机组启停状态约束2_9_94],0.0
cons[火电机组启停状态约束2_9_95],0.0
cons[火电机组启停状态约束2_10_0],0.0
cons[火电机组启停状态约束2_10_1],0.0
cons[火电机组启停状态约束2_10_2],0.0
cons[火电机组启停状态约束2_10_3],0.0
cons[火电机组启停状态约束2_10_4],0.0
cons[火电机组启停状态约束2_10_5],0.0
cons[火电机组启停状态约束2_10_6],0.0
cons[火电机组启停状态约束2_10_7],0.0
cons[火电机组启停状态约束2_10_8],0.0
cons[火电机组启停状态约束2_10_9],0.0
cons[火电机组启停状态约束2_10_10],0.0
cons[火电机组启停状态约束2_10_11],0.0
cons[火电机组启停状态约束2_10_12],0.0
cons[火电机组启停状态约束2_10_13],0.0
cons[火电机组启停状态约束2_10_14],0.0
cons[火电机组启停状态约束2_10_15],0.0
cons[火电机组启停状态约束2_10_16],0.0
cons[火电机组启停状态约束2_10_17],0.0
cons[火电机组启停状态约束2_10_18],0.0
cons[火电机组启停状态约束2_10_19],0.0
cons[火电机组启停状态约束2_10_20],0.0
cons[火电机组启停状态约束2_10_21],0.0
cons[火电机组启停状态约束2_10_22],0.0
cons[火电机组启停状态约束2_10_23],0.0
cons[火电机组启停状态约束2_10_24],0.0
cons[火电机组启停状态约束2_10_25],0.0
cons[火电机组启停状态约束2_10_26],0.0
cons[火电机组启停状态约束2_10_27],0.0
cons[火电机组启停状态约束2_10_28],0.0
cons[火电机组启停状态约束2_10_29],0.0
cons[火电机组启停状态约束2_10_30],0.0
cons[火电机组启停状态约束2_10_31],0.0
cons[火电机组启停状态约束2_10_32],0.0
cons[火电机组启停状态约束2_10_33],0.0
cons[火电机组启停状态约束2_10_34],0.0
cons[火电机组启停状态约束2_10_35],0.0
cons[火电机组启停状态约束2_10_36],0.0
cons[火电机组启停状态约束2_10_37],0.0
cons[火电机组启停状态约束2_10_38],0.0
cons[火电机组启停状态约束2_10_39],0.0
cons[火电机组启停状态约束2_10_40],0.0
cons[火电机组启停状态约束2_10_41],0.0
cons[火电机组启停状态约束2_10_42],0.0
cons[火电机组启停状态约束2_10_43],0.0
cons[火电机组启停状态约束2_10_44],0.0
cons[火电机组启停状态约束2_10_45],0.0
cons[火电机组启停状态约束2_10_46],0.0
cons[火电机组启停状态约束2_10_47],0.0
cons[火电机组启停状态约束2_10_48],0.0
cons[火电机组启停状态约束2_10_49],0.0
cons[火电机组启停状态约束2_10_50],0.0
cons[火电机组启停状态约束2_10_51],0.0
cons[火电机组启停状态约束2_10_52],0.0
cons[火电机组启停状态约束2_10_53],0.0
cons[火电机组启停状态约束2_10_54],0.0
cons[火电机组启停状态约束2_10_55],0.0
cons[火电机组启停状态约束2_10_56],0.0
cons[火电机组启停状态约束2_10_57],0.0
cons[火电机组启停状态约束2_10_58],0.0
cons[火电机组启停状态约束2_10_59],0.0
cons[火电机组启停状态约束2_10_60],0.0
cons[火电机组启停状态约束2_10_61],0.0
cons[火电机组启停状态约束2_10_62],0.0
cons[火电机组启停状态约束2_10_63],0.0
cons[火电机组启停状态约束2_10_64],0.0
cons[火电机组启停状态约束2_10_65],0.0
cons[火电机组启停状态约束2_10_66],0.0
cons[火电机组启停状态约束2_10_67],0.0
cons[火电机组启停状态约束2_10_68],0.0
cons[火电机组启停状态约束2_10_69],0.0
cons[火电机组启停状态约束2_10_70],0.0
cons[火电机组启停状态约束2_10_71],0.0
cons[火电机组启停状态约束2_10_72],0.0
cons[火电机组启停状态约束2_10_73],0.0
cons[火电机组启停状态约束2_10_74],0.0
cons[火电机组启停状态约束2_10_75],0.0
cons[火电机组启停状态约束2_10_76],0.0
cons[火电机组启停状态约束2_10_77],0.0
cons[火电机组启停状态约束2_10_78],0.0
cons[火电机组启停状态约束2_10_79],0.0
cons[火电机组启停状态约束2_10_80],0.0
cons[火电机组启停状态约束2_10_81],0.0
cons[火电机组启停状态约束2_10_82],0.0
cons[火电机组启停状态约束2_10_83],0.0
cons[火电机组启停状态约束2_10_84],0.0
cons[火电机组启停状态约束2_10_85],0.0
cons[火电机组启停状态约束2_10_86],0.0
cons[火电机组启停状态约束2_10_87],0.0
cons[火电机组启停状态约束2_10_88],0.0
cons[火电机组启停状态约束2_10_89],0.0
cons[火电机组启停状态约束2_10_90],0.0
cons[火电机组启停状态约束2_10_91],0.0
cons[火电机组启停状态约束2_10_92],0.0
cons[火电机组启停状态约束2_10_93],0.0
cons[火电机组启停状态约束2_10_94],0.0
cons[火电机组启停状态约束2_10_95],0.0
cons[火电机组启停状态约束2_11_0],0.0
cons[火电机组启停状态约束2_11_1],0.0
cons[火电机组启停状态约束2_11_2],0.0
cons[火电机组启停状态约束2_11_3],0.0
cons[火电机组启停状态约束2_11_4],0.0
cons[火电机组启停状态约束2_11_5],0.0
cons[火电机组启停状态约束2_11_6],0.0
cons[火电机组启停状态约束2_11_7],0.0
cons[火电机组启停状态约束2_11_8],0.0
cons[火电机组启停状态约束2_11_9],0.0
cons[火电机组启停状态约束2_11_10],0.0
cons[火电机组启停状态约束2_11_11],0.0
cons[火电机组启停状态约束2_11_12],0.0
cons[火电机组启停状态约束2_11_13],0.0
cons[火电机组启停状态约束2_11_14],0.0
cons[火电机组启停状态约束2_11_15],0.0
cons[火电机组启停状态约束2_11_16],0.0
cons[火电机组启停状态约束2_11_17],0.0
cons[火电机组启停状态约束2_11_18],0.0
cons[火电机组启停状态约束2_11_19],0.0
cons[火电机组启停状态约束2_11_20],0.0
cons[火电机组启停状态约束2_11_21],0.0
cons[火电机组启停状态约束2_11_22],0.0
cons[火电机组启停状态约束2_11_23],0.0
cons[火电机组启停状态约束2_11_24],0.0
cons[火电机组启停状态约束2_11_25],0.0
cons[火电机组启停状态约束2_11_26],0.0
cons[火电机组启停状态约束2_11_27],0.0
cons[火电机组启停状态约束2_11_28],0.0
cons[火电机组启停状态约束2_11_29],0.0
cons[火电机组启停状态约束2_11_30],0.0
cons[火电机组启停状态约束2_11_31],0.0
cons[火电机组启停状态约束2_11_32],0.0
cons[火电机组启停状态约束2_11_33],0.0
cons[火电机组启停状态约束2_11_34],0.0
cons[火电机组启停状态约束2_11_35],0.0
cons[火电机组启停状态约束2_11_36],0.0
cons[火电机组启停状态约束2_11_37],0.0
cons[火电机组启停状态约束2_11_38],0.0
cons[火电机组启停状态约束2_11_39],0.0
cons[火电机组启停状态约束2_11_40],0.0
cons[火电机组启停状态约束2_11_41],0.0
cons[火电机组启停状态约束2_11_42],0.0
cons[火电机组启停状态约束2_11_43],0.0
cons[火电机组启停状态约束2_11_44],0.0
cons[火电机组启停状态约束2_11_45],0.0
cons[火电机组启停状态约束2_11_46],0.0
cons[火电机组启停状态约束2_11_47],0.0
cons[火电机组启停状态约束2_11_48],0.0
cons[火电机组启停状态约束2_11_49],0.0
cons[火电机组启停状态约束2_11_50],0.0
cons[火电机组启停状态约束2_11_51],0.0
cons[火电机组启停状态约束2_11_52],0.0
cons[火电机组启停状态约束2_11_53],0.0
cons[火电机组启停状态约束2_11_54],0.0
cons[火电机组启停状态约束2_11_55],0.0
cons[火电机组启停状态约束2_11_56],0.0
cons[火电机组启停状态约束2_11_57],0.0
cons[火电机组启停状态约束2_11_58],0.0
cons[火电机组启停状态约束2_11_59],0.0
cons[火电机组启停状态约束2_11_60],0.0
cons[火电机组启停状态约束2_11_61],0.0
cons[火电机组启停状态约束2_11_62],0.0
cons[火电机组启停状态约束2_11_63],0.0
cons[火电机组启停状态约束2_11_64],0.0
cons[火电机组启停状态约束2_11_65],0.0
cons[火电机组启停状态约束2_11_66],0.0
cons[火电机组启停状态约束2_11_67],0.0
cons[火电机组启停状态约束2_11_68],0.0
cons[火电机组启停状态约束2_11_69],0.0
cons[火电机组启停状态约束2_11_70],0.0
cons[火电机组启停状态约束2_11_71],0.0
cons[火电机组启停状态约束2_11_72],0.0
cons[火电机组启停状态约束2_11_73],0.0
cons[火电机组启停状态约束2_11_74],0.0
cons[火电机组启停状态约束2_11_75],0.0
cons[火电机组启停状态约束2_11_76],0.0
cons[火电机组启停状态约束2_11_77],0.0
cons[火电机组启停状态约束2_11_78],0.0
cons[火电机组启停状态约束2_11_79],0.0
cons[火电机组启停状态约束2_11_80],0.0
cons[火电机组启停状态约束2_11_81],0.0
cons[火电机组启停状态约束2_11_82],0.0
cons[火电机组启停状态约束2_11_83],0.0
cons[火电机组启停状态约束2_11_84],0.0
cons[火电机组启停状态约束2_11_85],0.0
cons[火电机组启停状态约束2_11_86],0.0
cons[火电机组启停状态约束2_11_87],0.0
cons[火电机组启停状态约束2_11_88],0.0
cons[火电机组启停状态约束2_11_89],0.0
cons[火电机组启停状态约束2_11_90],0.0
cons[火电机组启停状态约束2_11_91],0.0
cons[火电机组启停状态约束2_11_92],0.0
cons[火电机组启停状态约束2_11_93],0.0
cons[火电机组启停状态约束2_11_94],0.0
cons[火电机组启停状态约束2_11_95],0.0
cons[火电机组启停状态约束2_12_0],0.0
cons[火电机组启停状态约束2_12_1],0.0
cons[火电机组启停状态约束2_12_2],0.0
cons[火电机组启停状态约束2_12_3],0.0
cons[火电机组启停状态约束2_12_4],0.0
cons[火电机组启停状态约束2_12_5],0.0
cons[火电机组启停状态约束2_12_6],0.0
cons[火电机组启停状态约束2_12_7],0.0
cons[火电机组启停状态约束2_12_8],0.0
cons[火电机组启停状态约束2_12_9],0.0
cons[火电机组启停状态约束2_12_10],0.0
cons[火电机组启停状态约束2_12_11],0.0
cons[火电机组启停状态约束2_12_12],0.0
cons[火电机组启停状态约束2_12_13],0.0
cons[火电机组启停状态约束2_12_14],0.0
cons[火电机组启停状态约束2_12_15],0.0
cons[火电机组启停状态约束2_12_16],0.0
cons[火电机组启停状态约束2_12_17],0.0
cons[火电机组启停状态约束2_12_18],0.0
cons[火电机组启停状态约束2_12_19],0.0
cons[火电机组启停状态约束2_12_20],0.0
cons[火电机组启停状态约束2_12_21],0.0
cons[火电机组启停状态约束2_12_22],0.0
cons[火电机组启停状态约束2_12_23],0.0
cons[火电机组启停状态约束2_12_24],0.0
cons[火电机组启停状态约束2_12_25],0.0
cons[火电机组启停状态约束2_12_26],0.0
cons[火电机组启停状态约束2_12_27],0.0
cons[火电机组启停状态约束2_12_28],0.0
cons[火电机组启停状态约束2_12_29],0.0
cons[火电机组启停状态约束2_12_30],0.0
cons[火电机组启停状态约束2_12_31],0.0
cons[火电机组启停状态约束2_12_32],0.0
cons[火电机组启停状态约束2_12_33],0.0
cons[火电机组启停状态约束2_12_34],0.0
cons[火电机组启停状态约束2_12_35],0.0
cons[火电机组启停状态约束2_12_36],0.0
cons[火电机组启停状态约束2_12_37],0.0
cons[火电机组启停状态约束2_12_38],0.0
cons[火电机组启停状态约束2_12_39],0.0
cons[火电机组启停状态约束2_12_40],0.0
cons[火电机组启停状态约束2_12_41],0.0
cons[火电机组启停状态约束2_12_42],0.0
cons[火电机组启停状态约束2_12_43],0.0
cons[火电机组启停状态约束2_12_44],0.0
cons[火电机组启停状态约束2_12_45],0.0
cons[火电机组启停状态约束2_12_46],0.0
cons[火电机组启停状态约束2_12_47],0.0
cons[火电机组启停状态约束2_12_48],0.0
cons[火电机组启停状态约束2_12_49],0.0
cons[火电机组启停状态约束2_12_50],0.0
cons[火电机组启停状态约束2_12_51],0.0
cons[火电机组启停状态约束2_12_52],0.0
cons[火电机组启停状态约束2_12_53],0.0
cons[火电机组启停状态约束2_12_54],0.0
cons[火电机组启停状态约束2_12_55],0.0
cons[火电机组启停状态约束2_12_56],0.0
cons[火电机组启停状态约束2_12_57],0.0
cons[火电机组启停状态约束2_12_58],0.0
cons[火电机组启停状态约束2_12_59],0.0
cons[火电机组启停状态约束2_12_60],0.0
cons[火电机组启停状态约束2_12_61],0.0
cons[火电机组启停状态约束2_12_62],0.0
cons[火电机组启停状态约束2_12_63],0.0
cons[火电机组启停状态约束2_12_64],0.0
cons[火电机组启停状态约束2_12_65],0.0
cons[火电机组启停状态约束2_12_66],0.0
cons[火电机组启停状态约束2_12_67],0.0
cons[火电机组启停状态约束2_12_68],0.0
cons[火电机组启停状态约束2_12_69],0.0
cons[火电机组启停状态约束2_12_70],0.0
cons[火电机组启停状态约束2_12_71],0.0
cons[火电机组启停状态约束2_12_72],0.0
cons[火电机组启停状态约束2_12_73],0.0
cons[火电机组启停状态约束2_12_74],0.0
cons[火电机组启停状态约束2_12_75],0.0
cons[火电机组启停状态约束2_12_76],0.0
cons[火电机组启停状态约束2_12_77],0.0
cons[火电机组启停状态约束2_12_78],0.0
cons[火电机组启停状态约束2_12_79],0.0
cons[火电机组启停状态约束2_12_80],0.0
cons[火电机组启停状态约束2_12_81],0.0
cons[火电机组启停状态约束2_12_82],0.0
cons[火电机组启停状态约束2_12_83],0.0
cons[火电机组启停状态约束2_12_84],0.0
cons[火电机组启停状态约束2_12_85],0.0
cons[火电机组启停状态约束2_12_86],0.0
cons[火电机组启停状态约束2_12_87],0.0
cons[火电机组启停状态约束2_12_88],0.0
cons[火电机组启停状态约束2_12_89],0.0
cons[火电机组启停状态约束2_12_90],0.0
cons[火电机组启停状态约束2_12_91],0.0
cons[火电机组启停状态约束2_12_92],0.0
cons[火电机组启停状态约束2_12_93],0.0
cons[火电机组启停状态约束2_12_94],0.0
cons[火电机组启停状态约束2_12_95],0.0
cons[火电机组启停状态约束2_13_0],0.0
cons[火电机组启停状态约束2_13_1],0.0
cons[火电机组启停状态约束2_13_2],0.0
cons[火电机组启停状态约束2_13_3],0.0
cons[火电机组启停状态约束2_13_4],0.0
cons[火电机组启停状态约束2_13_5],0.0
cons[火电机组启停状态约束2_13_6],0.0
cons[火电机组启停状态约束2_13_7],0.0
cons[火电机组启停状态约束2_13_8],0.0
cons[火电机组启停状态约束2_13_9],0.0
cons[火电机组启停状态约束2_13_10],0.0
cons[火电机组启停状态约束2_13_11],0.0
cons[火电机组启停状态约束2_13_12],0.0
cons[火电机组启停状态约束2_13_13],0.0
cons[火电机组启停状态约束2_13_14],0.0
cons[火电机组启停状态约束2_13_15],0.0
cons[火电机组启停状态约束2_13_16],0.0
cons[火电机组启停状态约束2_13_17],0.0
cons[火电机组启停状态约束2_13_18],0.0
cons[火电机组启停状态约束2_13_19],0.0
cons[火电机组启停状态约束2_13_20],0.0
cons[火电机组启停状态约束2_13_21],0.0
cons[火电机组启停状态约束2_13_22],0.0
cons[火电机组启停状态约束2_13_23],0.0
cons[火电机组启停状态约束2_13_24],0.0
cons[火电机组启停状态约束2_13_25],0.0
cons[火电机组启停状态约束2_13_26],0.0
cons[火电机组启停状态约束2_13_27],0.0
cons[火电机组启停状态约束2_13_28],0.0
cons[火电机组启停状态约束2_13_29],0.0
cons[火电机组启停状态约束2_13_30],0.0
cons[火电机组启停状态约束2_13_31],0.0
cons[火电机组启停状态约束2_13_32],0.0
cons[火电机组启停状态约束2_13_33],0.0
cons[火电机组启停状态约束2_13_34],0.0
cons[火电机组启停状态约束2_13_35],0.0
cons[火电机组启停状态约束2_13_36],0.0
cons[火电机组启停状态约束2_13_37],0.0
cons[火电机组启停状态约束2_13_38],0.0
cons[火电机组启停状态约束2_13_39],0.0
cons[火电机组启停状态约束2_13_40],0.0
cons[火电机组启停状态约束2_13_41],0.0
cons[火电机组启停状态约束2_13_42],0.0
cons[火电机组启停状态约束2_13_43],0.0
cons[火电机组启停状态约束2_13_44],0.0
cons[火电机组启停状态约束2_13_45],0.0
cons[火电机组启停状态约束2_13_46],0.0
cons[火电机组启停状态约束2_13_47],0.0
cons[火电机组启停状态约束2_13_48],0.0
cons[火电机组启停状态约束2_13_49],0.0
cons[火电机组启停状态约束2_13_50],0.0
cons[火电机组启停状态约束2_13_51],0.0
cons[火电机组启停状态约束2_13_52],0.0
cons[火电机组启停状态约束2_13_53],0.0
cons[火电机组启停状态约束2_13_54],0.0
cons[火电机组启停状态约束2_13_55],0.0
cons[火电机组启停状态约束2_13_56],0.0
cons[火电机组启停状态约束2_13_57],0.0
cons[火电机组启停状态约束2_13_58],0.0
cons[火电机组启停状态约束2_13_59],0.0
cons[火电机组启停状态约束2_13_60],0.0
cons[火电机组启停状态约束2_13_61],0.0
cons[火电机组启停状态约束2_13_62],0.0
cons[火电机组启停状态约束2_13_63],0.0
cons[火电机组启停状态约束2_13_64],0.0
cons[火电机组启停状态约束2_13_65],0.0
cons[火电机组启停状态约束2_13_66],0.0
cons[火电机组启停状态约束2_13_67],0.0
cons[火电机组启停状态约束2_13_68],0.0
cons[火电机组启停状态约束2_13_69],0.0
cons[火电机组启停状态约束2_13_70],0.0
cons[火电机组启停状态约束2_13_71],0.0
cons[火电机组启停状态约束2_13_72],0.0
cons[火电机组启停状态约束2_13_73],0.0
cons[火电机组启停状态约束2_13_74],0.0
cons[火电机组启停状态约束2_13_75],0.0
cons[火电机组启停状态约束2_13_76],0.0
cons[火电机组启停状态约束2_13_77],0.0
cons[火电机组启停状态约束2_13_78],0.0
cons[火电机组启停状态约束2_13_79],0.0
cons[火电机组启停状态约束2_13_80],0.0
cons[火电机组启停状态约束2_13_81],0.0
cons[火电机组启停状态约束2_13_82],0.0
cons[火电机组启停状态约束2_13_83],0.0
cons[火电机组启停状态约束2_13_84],0.0
cons[火电机组启停状态约束2_13_85],0.0
cons[火电机组启停状态约束2_13_86],0.0
cons[火电机组启停状态约束2_13_87],0.0
cons[火电机组启停状态约束2_13_88],0.0
cons[火电机组启停状态约束2_13_89],0.0
cons[火电机组启停状态约束2_13_90],0.0
cons[火电机组启停状态约束2_13_91],0.0
cons[火电机组启停状态约束2_13_92],0.0
cons[火电机组启停状态约束2_13_93],0.0
cons[火电机组启停状态约束2_13_94],0.0
cons[火电机组启停状态约束2_13_95],0.0
cons[火电机组启停状态约束2_14_0],0.0
cons[火电机组启停状态约束2_14_1],0.0
cons[火电机组启停状态约束2_14_2],0.0
cons[火电机组启停状态约束2_14_3],0.0
cons[火电机组启停状态约束2_14_4],0.0
cons[火电机组启停状态约束2_14_5],0.0
cons[火电机组启停状态约束2_14_6],0.0
cons[火电机组启停状态约束2_14_7],0.0
cons[火电机组启停状态约束2_14_8],0.0
cons[火电机组启停状态约束2_14_9],0.0
cons[火电机组启停状态约束2_14_10],0.0
cons[火电机组启停状态约束2_14_11],0.0
cons[火电机组启停状态约束2_14_12],0.0
cons[火电机组启停状态约束2_14_13],0.0
cons[火电机组启停状态约束2_14_14],0.0
cons[火电机组启停状态约束2_14_15],0.0
cons[火电机组启停状态约束2_14_16],0.0
cons[火电机组启停状态约束2_14_17],0.0
cons[火电机组启停状态约束2_14_18],0.0
cons[火电机组启停状态约束2_14_19],0.0
cons[火电机组启停状态约束2_14_20],0.0
cons[火电机组启停状态约束2_14_21],0.0
cons[火电机组启停状态约束2_14_22],0.0
cons[火电机组启停状态约束2_14_23],0.0
cons[火电机组启停状态约束2_14_24],0.0
cons[火电机组启停状态约束2_14_25],0.0
cons[火电机组启停状态约束2_14_26],0.0
cons[火电机组启停状态约束2_14_27],0.0
cons[火电机组启停状态约束2_14_28],0.0
cons[火电机组启停状态约束2_14_29],0.0
cons[火电机组启停状态约束2_14_30],0.0
cons[火电机组启停状态约束2_14_31],0.0
cons[火电机组启停状态约束2_14_32],0.0
cons[火电机组启停状态约束2_14_33],0.0
cons[火电机组启停状态约束2_14_34],0.0
cons[火电机组启停状态约束2_14_35],0.0
cons[火电机组启停状态约束2_14_36],0.0
cons[火电机组启停状态约束2_14_37],0.0
cons[火电机组启停状态约束2_14_38],0.0
cons[火电机组启停状态约束2_14_39],0.0
cons[火电机组启停状态约束2_14_40],0.0
cons[火电机组启停状态约束2_14_41],0.0
cons[火电机组启停状态约束2_14_42],0.0
cons[火电机组启停状态约束2_14_43],0.0
cons[火电机组启停状态约束2_14_44],0.0
cons[火电机组启停状态约束2_14_45],0.0
cons[火电机组启停状态约束2_14_46],0.0
cons[火电机组启停状态约束2_14_47],0.0
cons[火电机组启停状态约束2_14_48],0.0
cons[火电机组启停状态约束2_14_49],0.0
cons[火电机组启停状态约束2_14_50],0.0
cons[火电机组启停状态约束2_14_51],0.0
cons[火电机组启停状态约束2_14_52],0.0
cons[火电机组启停状态约束2_14_53],0.0
cons[火电机组启停状态约束2_14_54],0.0
cons[火电机组启停状态约束2_14_55],0.0
cons[火电机组启停状态约束2_14_56],0.0
cons[火电机组启停状态约束2_14_57],0.0
cons[火电机组启停状态约束2_14_58],0.0
cons[火电机组启停状态约束2_14_59],0.0
cons[火电机组启停状态约束2_14_60],0.0
cons[火电机组启停状态约束2_14_61],0.0
cons[火电机组启停状态约束2_14_62],0.0
cons[火电机组启停状态约束2_14_63],0.0
cons[火电机组启停状态约束2_14_64],0.0
cons[火电机组启停状态约束2_14_65],0.0
cons[火电机组启停状态约束2_14_66],0.0
cons[火电机组启停状态约束2_14_67],0.0
cons[火电机组启停状态约束2_14_68],0.0
cons[火电机组启停状态约束2_14_69],0.0
cons[火电机组启停状态约束2_14_70],0.0
cons[火电机组启停状态约束2_14_71],0.0
cons[火电机组启停状态约束2_14_72],0.0
cons[火电机组启停状态约束2_14_73],0.0
cons[火电机组启停状态约束2_14_74],0.0
cons[火电机组启停状态约束2_14_75],0.0
cons[火电机组启停状态约束2_14_76],0.0
cons[火电机组启停状态约束2_14_77],0.0
cons[火电机组启停状态约束2_14_78],0.0
cons[火电机组启停状态约束2_14_79],0.0
cons[火电机组启停状态约束2_14_80],0.0
cons[火电机组启停状态约束2_14_81],0.0
cons[火电机组启停状态约束2_14_82],0.0
cons[火电机组启停状态约束2_14_83],0.0
cons[火电机组启停状态约束2_14_84],0.0
cons[火电机组启停状态约束2_14_85],0.0
cons[火电机组启停状态约束2_14_86],0.0
cons[火电机组启停状态约束2_14_87],0.0
cons[火电机组启停状态约束2_14_88],0.0
cons[火电机组启停状态约束2_14_89],0.0
cons[火电机组启停状态约束2_14_90],0.0
cons[火电机组启停状态约束2_14_91],0.0
cons[火电机组启停状态约束2_14_92],0.0
cons[火电机组启停状态约束2_14_93],0.0
cons[火电机组启停状态约束2_14_94],0.0
cons[火电机组启停状态约束2_14_95],0.0
cons[火电机组启停状态约束2_15_0],0.0
cons[火电机组启停状态约束2_15_1],0.0
cons[火电机组启停状态约束2_15_2],0.0
cons[火电机组启停状态约束2_15_3],0.0
cons[火电机组启停状态约束2_15_4],0.0
cons[火电机组启停状态约束2_15_5],0.0
cons[火电机组启停状态约束2_15_6],0.0
cons[火电机组启停状态约束2_15_7],0.0
cons[火电机组启停状态约束2_15_8],0.0
cons[火电机组启停状态约束2_15_9],0.0
cons[火电机组启停状态约束2_15_10],0.0
cons[火电机组启停状态约束2_15_11],0.0
cons[火电机组启停状态约束2_15_12],0.0
cons[火电机组启停状态约束2_15_13],0.0
cons[火电机组启停状态约束2_15_14],0.0
cons[火电机组启停状态约束2_15_15],0.0
cons[火电机组启停状态约束2_15_16],0.0
cons[火电机组启停状态约束2_15_17],0.0
cons[火电机组启停状态约束2_15_18],0.0
cons[火电机组启停状态约束2_15_19],0.0
cons[火电机组启停状态约束2_15_20],0.0
cons[火电机组启停状态约束2_15_21],0.0
cons[火电机组启停状态约束2_15_22],0.0
cons[火电机组启停状态约束2_15_23],0.0
cons[火电机组启停状态约束2_15_24],0.0
cons[火电机组启停状态约束2_15_25],0.0
cons[火电机组启停状态约束2_15_26],0.0
cons[火电机组启停状态约束2_15_27],0.0
cons[火电机组启停状态约束2_15_28],0.0
cons[火电机组启停状态约束2_15_29],0.0
cons[火电机组启停状态约束2_15_30],0.0
cons[火电机组启停状态约束2_15_31],0.0
cons[火电机组启停状态约束2_15_32],0.0
cons[火电机组启停状态约束2_15_33],0.0
cons[火电机组启停状态约束2_15_34],0.0
cons[火电机组启停状态约束2_15_35],0.0
cons[火电机组启停状态约束2_15_36],0.0
cons[火电机组启停状态约束2_15_37],0.0
cons[火电机组启停状态约束2_15_38],0.0
cons[火电机组启停状态约束2_15_39],0.0
cons[火电机组启停状态约束2_15_40],0.0
cons[火电机组启停状态约束2_15_41],0.0
cons[火电机组启停状态约束2_15_42],0.0
cons[火电机组启停状态约束2_15_43],0.0
cons[火电机组启停状态约束2_15_44],0.0
cons[火电机组启停状态约束2_15_45],0.0
cons[火电机组启停状态约束2_15_46],0.0
cons[火电机组启停状态约束2_15_47],0.0
cons[火电机组启停状态约束2_15_48],0.0
cons[火电机组启停状态约束2_15_49],0.0
cons[火电机组启停状态约束2_15_50],0.0
cons[火电机组启停状态约束2_15_51],0.0
cons[火电机组启停状态约束2_15_52],0.0
cons[火电机组启停状态约束2_15_53],0.0
cons[火电机组启停状态约束2_15_54],0.0
cons[火电机组启停状态约束2_15_55],0.0
cons[火电机组启停状态约束2_15_56],0.0
cons[火电机组启停状态约束2_15_57],0.0
cons[火电机组启停状态约束2_15_58],0.0
cons[火电机组启停状态约束2_15_59],0.0
cons[火电机组启停状态约束2_15_60],0.0
cons[火电机组启停状态约束2_15_61],0.0
cons[火电机组启停状态约束2_15_62],0.0
cons[火电机组启停状态约束2_15_63],0.0
cons[火电机组启停状态约束2_15_64],0.0
cons[火电机组启停状态约束2_15_65],0.0
cons[火电机组启停状态约束2_15_66],0.0
cons[火电机组启停状态约束2_15_67],0.0
cons[火电机组启停状态约束2_15_68],0.0
cons[火电机组启停状态约束2_15_69],0.0
cons[火电机组启停状态约束2_15_70],0.0
cons[火电机组启停状态约束2_15_71],0.0
cons[火电机组启停状态约束2_15_72],0.0
cons[火电机组启停状态约束2_15_73],0.0
cons[火电机组启停状态约束2_15_74],0.0
cons[火电机组启停状态约束2_15_75],0.0
cons[火电机组启停状态约束2_15_76],0.0
cons[火电机组启停状态约束2_15_77],0.0
cons[火电机组启停状态约束2_15_78],0.0
cons[火电机组启停状态约束2_15_79],0.0
cons[火电机组启停状态约束2_15_80],0.0
cons[火电机组启停状态约束2_15_81],0.0
cons[火电机组启停状态约束2_15_82],0.0
cons[火电机组启停状态约束2_15_83],0.0
cons[火电机组启停状态约束2_15_84],0.0
cons[火电机组启停状态约束2_15_85],0.0
cons[火电机组启停状态约束2_15_86],0.0
cons[火电机组启停状态约束2_15_87],0.0
cons[火电机组启停状态约束2_15_88],0.0
cons[火电机组启停状态约束2_15_89],0.0
cons[火电机组启停状态约束2_15_90],0.0
cons[火电机组启停状态约束2_15_91],0.0
cons[火电机组启停状态约束2_15_92],0.0
cons[火电机组启停状态约束2_15_93],0.0
cons[火电机组启停状态约束2_15_94],0.0
cons[火电机组启停状态约束2_15_95],0.0
cons[火电机组启停状态约束2_16_0],0.0
cons[火电机组启停状态约束2_16_1],0.0
cons[火电机组启停状态约束2_16_2],0.0
cons[火电机组启停状态约束2_16_3],0.0
cons[火电机组启停状态约束2_16_4],0.0
cons[火电机组启停状态约束2_16_5],0.0
cons[火电机组启停状态约束2_16_6],0.0
cons[火电机组启停状态约束2_16_7],0.0
cons[火电机组启停状态约束2_16_8],0.0
cons[火电机组启停状态约束2_16_9],0.0
cons[火电机组启停状态约束2_16_10],0.0
cons[火电机组启停状态约束2_16_11],0.0
cons[火电机组启停状态约束2_16_12],0.0
cons[火电机组启停状态约束2_16_13],0.0
cons[火电机组启停状态约束2_16_14],0.0
cons[火电机组启停状态约束2_16_15],0.0
cons[火电机组启停状态约束2_16_16],0.0
cons[火电机组启停状态约束2_16_17],0.0
cons[火电机组启停状态约束2_16_18],0.0
cons[火电机组启停状态约束2_16_19],0.0
cons[火电机组启停状态约束2_16_20],0.0
cons[火电机组启停状态约束2_16_21],0.0
cons[火电机组启停状态约束2_16_22],0.0
cons[火电机组启停状态约束2_16_23],0.0
cons[火电机组启停状态约束2_16_24],0.0
cons[火电机组启停状态约束2_16_25],0.0
cons[火电机组启停状态约束2_16_26],0.0
cons[火电机组启停状态约束2_16_27],0.0
cons[火电机组启停状态约束2_16_28],0.0
cons[火电机组启停状态约束2_16_29],0.0
cons[火电机组启停状态约束2_16_30],0.0
cons[火电机组启停状态约束2_16_31],0.0
cons[火电机组启停状态约束2_16_32],0.0
cons[火电机组启停状态约束2_16_33],0.0
cons[火电机组启停状态约束2_16_34],0.0
cons[火电机组启停状态约束2_16_35],0.0
cons[火电机组启停状态约束2_16_36],0.0
cons[火电机组启停状态约束2_16_37],0.0
cons[火电机组启停状态约束2_16_38],0.0
cons[火电机组启停状态约束2_16_39],0.0
cons[火电机组启停状态约束2_16_40],0.0
cons[火电机组启停状态约束2_16_41],0.0
cons[火电机组启停状态约束2_16_42],0.0
cons[火电机组启停状态约束2_16_43],0.0
cons[火电机组启停状态约束2_16_44],0.0
cons[火电机组启停状态约束2_16_45],0.0
cons[火电机组启停状态约束2_16_46],0.0
cons[火电机组启停状态约束2_16_47],0.0
cons[火电机组启停状态约束2_16_48],0.0
cons[火电机组启停状态约束2_16_49],0.0
cons[火电机组启停状态约束2_16_50],0.0
cons[火电机组启停状态约束2_16_51],0.0
cons[火电机组启停状态约束2_16_52],0.0
cons[火电机组启停状态约束2_16_53],0.0
cons[火电机组启停状态约束2_16_54],0.0
cons[火电机组启停状态约束2_16_55],0.0
cons[火电机组启停状态约束2_16_56],0.0
cons[火电机组启停状态约束2_16_57],0.0
cons[火电机组启停状态约束2_16_58],0.0
cons[火电机组启停状态约束2_16_59],0.0
cons[火电机组启停状态约束2_16_60],0.0
cons[火电机组启停状态约束2_16_61],0.0
cons[火电机组启停状态约束2_16_62],0.0
cons[火电机组启停状态约束2_16_63],0.0
cons[火电机组启停状态约束2_16_64],0.0
cons[火电机组启停状态约束2_16_65],0.0
cons[火电机组启停状态约束2_16_66],0.0
cons[火电机组启停状态约束2_16_67],0.0
cons[火电机组启停状态约束2_16_68],0.0
cons[火电机组启停状态约束2_16_69],0.0
cons[火电机组启停状态约束2_16_70],0.0
cons[火电机组启停状态约束2_16_71],0.0
cons[火电机组启停状态约束2_16_72],0.0
cons[火电机组启停状态约束2_16_73],0.0
cons[火电机组启停状态约束2_16_74],0.0
cons[火电机组启停状态约束2_16_75],0.0
cons[火电机组启停状态约束2_16_76],0.0
cons[火电机组启停状态约束2_16_77],0.0
cons[火电机组启停状态约束2_16_78],0.0
cons[火电机组启停状态约束2_16_79],0.0
cons[火电机组启停状态约束2_16_80],0.0
cons[火电机组启停状态约束2_16_81],0.0
cons[火电机组启停状态约束2_16_82],0.0
cons[火电机组启停状态约束2_16_83],0.0
cons[火电机组启停状态约束2_16_84],0.0
cons[火电机组启停状态约束2_16_85],0.0
cons[火电机组启停状态约束2_16_86],0.0
cons[火电机组启停状态约束2_16_87],0.0
cons[火电机组启停状态约束2_16_88],0.0
cons[火电机组启停状态约束2_16_89],0.0
cons[火电机组启停状态约束2_16_90],0.0
cons[火电机组启停状态约束2_16_91],0.0
cons[火电机组启停状态约束2_16_92],0.0
cons[火电机组启停状态约束2_16_93],0.0
cons[火电机组启停状态约束2_16_94],0.0
cons[火电机组启停状态约束2_16_95],0.0
cons[火电机组启停状态约束2_17_0],0.0
cons[火电机组启停状态约束2_17_1],0.0
cons[火电机组启停状态约束2_17_2],0.0
cons[火电机组启停状态约束2_17_3],0.0
cons[火电机组启停状态约束2_17_4],0.0
cons[火电机组启停状态约束2_17_5],0.0
cons[火电机组启停状态约束2_17_6],0.0
cons[火电机组启停状态约束2_17_7],0.0
cons[火电机组启停状态约束2_17_8],0.0
cons[火电机组启停状态约束2_17_9],0.0
cons[火电机组启停状态约束2_17_10],0.0
cons[火电机组启停状态约束2_17_11],0.0
cons[火电机组启停状态约束2_17_12],0.0
cons[火电机组启停状态约束2_17_13],0.0
cons[火电机组启停状态约束2_17_14],0.0
cons[火电机组启停状态约束2_17_15],0.0
cons[火电机组启停状态约束2_17_16],0.0
cons[火电机组启停状态约束2_17_17],0.0
cons[火电机组启停状态约束2_17_18],0.0
cons[火电机组启停状态约束2_17_19],0.0
cons[火电机组启停状态约束2_17_20],0.0
cons[火电机组启停状态约束2_17_21],0.0
cons[火电机组启停状态约束2_17_22],0.0
cons[火电机组启停状态约束2_17_23],0.0
cons[火电机组启停状态约束2_17_24],0.0
cons[火电机组启停状态约束2_17_25],0.0
cons[火电机组启停状态约束2_17_26],0.0
cons[火电机组启停状态约束2_17_27],0.0
cons[火电机组启停状态约束2_17_28],0.0
cons[火电机组启停状态约束2_17_29],0.0
cons[火电机组启停状态约束2_17_30],0.0
cons[火电机组启停状态约束2_17_31],0.0
cons[火电机组启停状态约束2_17_32],0.0
cons[火电机组启停状态约束2_17_33],0.0
cons[火电机组启停状态约束2_17_34],0.0
cons[火电机组启停状态约束2_17_35],0.0
cons[火电机组启停状态约束2_17_36],0.0
cons[火电机组启停状态约束2_17_37],0.0
cons[火电机组启停状态约束2_17_38],0.0
cons[火电机组启停状态约束2_17_39],0.0
cons[火电机组启停状态约束2_17_40],0.0
cons[火电机组启停状态约束2_17_41],0.0
cons[火电机组启停状态约束2_17_42],0.0
cons[火电机组启停状态约束2_17_43],0.0
cons[火电机组启停状态约束2_17_44],0.0
cons[火电机组启停状态约束2_17_45],0.0
cons[火电机组启停状态约束2_17_46],0.0
cons[火电机组启停状态约束2_17_47],0.0
cons[火电机组启停状态约束2_17_48],0.0
cons[火电机组启停状态约束2_17_49],0.0
cons[火电机组启停状态约束2_17_50],0.0
cons[火电机组启停状态约束2_17_51],0.0
cons[火电机组启停状态约束2_17_52],0.0
cons[火电机组启停状态约束2_17_53],0.0
cons[火电机组启停状态约束2_17_54],0.0
cons[火电机组启停状态约束2_17_55],0.0
cons[火电机组启停状态约束2_17_56],0.0
cons[火电机组启停状态约束2_17_57],0.0
cons[火电机组启停状态约束2_17_58],0.0
cons[火电机组启停状态约束2_17_59],0.0
cons[火电机组启停状态约束2_17_60],0.0
cons[火电机组启停状态约束2_17_61],0.0
cons[火电机组启停状态约束2_17_62],0.0
cons[火电机组启停状态约束2_17_63],0.0
cons[火电机组启停状态约束2_17_64],0.0
cons[火电机组启停状态约束2_17_65],0.0
cons[火电机组启停状态约束2_17_66],0.0
cons[火电机组启停状态约束2_17_67],0.0
cons[火电机组启停状态约束2_17_68],0.0
cons[火电机组启停状态约束2_17_69],0.0
cons[火电机组启停状态约束2_17_70],0.0
cons[火电机组启停状态约束2_17_71],0.0
cons[火电机组启停状态约束2_17_72],0.0
cons[火电机组启停状态约束2_17_73],0.0
cons[火电机组启停状态约束2_17_74],0.0
cons[火电机组启停状态约束2_17_75],0.0
cons[火电机组启停状态约束2_17_76],0.0
cons[火电机组启停状态约束2_17_77],0.0
cons[火电机组启停状态约束2_17_78],0.0
cons[火电机组启停状态约束2_17_79],0.0
cons[火电机组启停状态约束2_17_80],0.0
cons[火电机组启停状态约束2_17_81],0.0
cons[火电机组启停状态约束2_17_82],0.0
cons[火电机组启停状态约束2_17_83],0.0
cons[火电机组启停状态约束2_17_84],0.0
cons[火电机组启停状态约束2_17_85],0.0
cons[火电机组启停状态约束2_17_86],0.0
cons[火电机组启停状态约束2_17_87],0.0
cons[火电机组启停状态约束2_17_88],0.0
cons[火电机组启停状态约束2_17_89],0.0
cons[火电机组启停状态约束2_17_90],0.0
cons[火电机组启停状态约束2_17_91],0.0
cons[火电机组启停状态约束2_17_92],0.0
cons[火电机组启停状态约束2_17_93],0.0
cons[火电机组启停状态约束2_17_94],0.0
cons[火电机组启停状态约束2_17_95],0.0
cons[火电机组启停状态约束2_18_0],0.0
cons[火电机组启停状态约束2_18_1],0.0
cons[火电机组启停状态约束2_18_2],0.0
cons[火电机组启停状态约束2_18_3],0.0
cons[火电机组启停状态约束2_18_4],0.0
cons[火电机组启停状态约束2_18_5],0.0
cons[火电机组启停状态约束2_18_6],0.0
cons[火电机组启停状态约束2_18_7],0.0
cons[火电机组启停状态约束2_18_8],0.0
cons[火电机组启停状态约束2_18_9],0.0
cons[火电机组启停状态约束2_18_10],0.0
cons[火电机组启停状态约束2_18_11],0.0
cons[火电机组启停状态约束2_18_12],0.0
cons[火电机组启停状态约束2_18_13],0.0
cons[火电机组启停状态约束2_18_14],0.0
cons[火电机组启停状态约束2_18_15],0.0
cons[火电机组启停状态约束2_18_16],0.0
cons[火电机组启停状态约束2_18_17],0.0
cons[火电机组启停状态约束2_18_18],0.0
cons[火电机组启停状态约束2_18_19],0.0
cons[火电机组启停状态约束2_18_20],0.0
cons[火电机组启停状态约束2_18_21],0.0
cons[火电机组启停状态约束2_18_22],0.0
cons[火电机组启停状态约束2_18_23],0.0
cons[火电机组启停状态约束2_18_24],0.0
cons[火电机组启停状态约束2_18_25],0.0
cons[火电机组启停状态约束2_18_26],0.0
cons[火电机组启停状态约束2_18_27],0.0
cons[火电机组启停状态约束2_18_28],0.0
cons[火电机组启停状态约束2_18_29],0.0
cons[火电机组启停状态约束2_18_30],0.0
cons[火电机组启停状态约束2_18_31],0.0
cons[火电机组启停状态约束2_18_32],0.0
cons[火电机组启停状态约束2_18_33],0.0
cons[火电机组启停状态约束2_18_34],0.0
cons[火电机组启停状态约束2_18_35],0.0
cons[火电机组启停状态约束2_18_36],0.0
cons[火电机组启停状态约束2_18_37],0.0
cons[火电机组启停状态约束2_18_38],0.0
cons[火电机组启停状态约束2_18_39],0.0
cons[火电机组启停状态约束2_18_40],0.0
cons[火电机组启停状态约束2_18_41],0.0
cons[火电机组启停状态约束2_18_42],0.0
cons[火电机组启停状态约束2_18_43],0.0
cons[火电机组启停状态约束2_18_44],0.0
cons[火电机组启停状态约束2_18_45],0.0
cons[火电机组启停状态约束2_18_46],0.0
cons[火电机组启停状态约束2_18_47],0.0
cons[火电机组启停状态约束2_18_48],0.0
cons[火电机组启停状态约束2_18_49],0.0
cons[火电机组启停状态约束2_18_50],0.0
cons[火电机组启停状态约束2_18_51],0.0
cons[火电机组启停状态约束2_18_52],0.0
cons[火电机组启停状态约束2_18_53],0.0
cons[火电机组启停状态约束2_18_54],0.0
cons[火电机组启停状态约束2_18_55],0.0
cons[火电机组启停状态约束2_18_56],0.0
cons[火电机组启停状态约束2_18_57],0.0
cons[火电机组启停状态约束2_18_58],0.0
cons[火电机组启停状态约束2_18_59],0.0
cons[火电机组启停状态约束2_18_60],0.0
cons[火电机组启停状态约束2_18_61],0.0
cons[火电机组启停状态约束2_18_62],0.0
cons[火电机组启停状态约束2_18_63],0.0
cons[火电机组启停状态约束2_18_64],0.0
cons[火电机组启停状态约束2_18_65],0.0
cons[火电机组启停状态约束2_18_66],0.0
cons[火电机组启停状态约束2_18_67],0.0
cons[火电机组启停状态约束2_18_68],0.0
cons[火电机组启停状态约束2_18_69],0.0
cons[火电机组启停状态约束2_18_70],0.0
cons[火电机组启停状态约束2_18_71],0.0
cons[火电机组启停状态约束2_18_72],0.0
cons[火电机组启停状态约束2_18_73],0.0
cons[火电机组启停状态约束2_18_74],0.0
cons[火电机组启停状态约束2_18_75],0.0
cons[火电机组启停状态约束2_18_76],0.0
cons[火电机组启停状态约束2_18_77],0.0
cons[火电机组启停状态约束2_18_78],0.0
cons[火电机组启停状态约束2_18_79],0.0
cons[火电机组启停状态约束2_18_80],0.0
cons[火电机组启停状态约束2_18_81],0.0
cons[火电机组启停状态约束2_18_82],0.0
cons[火电机组启停状态约束2_18_83],0.0
cons[火电机组启停状态约束2_18_84],0.0
cons[火电机组启停状态约束2_18_85],0.0
cons[火电机组启停状态约束2_18_86],0.0
cons[火电机组启停状态约束2_18_87],0.0
cons[火电机组启停状态约束2_18_88],0.0
cons[火电机组启停状态约束2_18_89],0.0
cons[火电机组启停状态约束2_18_90],0.0
cons[火电机组启停状态约束2_18_91],0.0
cons[火电机组启停状态约束2_18_92],0.0
cons[火电机组启停状态约束2_18_93],0.0
cons[火电机组启停状态约束2_18_94],0.0
cons[火电机组启停状态约束2_18_95],0.0
cons[火电机组启停状态约束2_19_0],0.0
cons[火电机组启停状态约束2_19_1],0.0
cons[火电机组启停状态约束2_19_2],0.0
cons[火电机组启停状态约束2_19_3],0.0
cons[火电机组启停状态约束2_19_4],0.0
cons[火电机组启停状态约束2_19_5],0.0
cons[火电机组启停状态约束2_19_6],0.0
cons[火电机组启停状态约束2_19_7],0.0
cons[火电机组启停状态约束2_19_8],0.0
cons[火电机组启停状态约束2_19_9],0.0
cons[火电机组启停状态约束2_19_10],0.0
cons[火电机组启停状态约束2_19_11],0.0
cons[火电机组启停状态约束2_19_12],0.0
cons[火电机组启停状态约束2_19_13],0.0
cons[火电机组启停状态约束2_19_14],0.0
cons[火电机组启停状态约束2_19_15],0.0
cons[火电机组启停状态约束2_19_16],0.0
cons[火电机组启停状态约束2_19_17],0.0
cons[火电机组启停状态约束2_19_18],0.0
cons[火电机组启停状态约束2_19_19],0.0
cons[火电机组启停状态约束2_19_20],0.0
cons[火电机组启停状态约束2_19_21],0.0
cons[火电机组启停状态约束2_19_22],0.0
cons[火电机组启停状态约束2_19_23],0.0
cons[火电机组启停状态约束2_19_24],0.0
cons[火电机组启停状态约束2_19_25],0.0
cons[火电机组启停状态约束2_19_26],0.0
cons[火电机组启停状态约束2_19_27],0.0
cons[火电机组启停状态约束2_19_28],0.0
cons[火电机组启停状态约束2_19_29],0.0
cons[火电机组启停状态约束2_19_30],0.0
cons[火电机组启停状态约束2_19_31],0.0
cons[火电机组启停状态约束2_19_32],0.0
cons[火电机组启停状态约束2_19_33],0.0
cons[火电机组启停状态约束2_19_34],0.0
cons[火电机组启停状态约束2_19_35],0.0
cons[火电机组启停状态约束2_19_36],0.0
cons[火电机组启停状态约束2_19_37],0.0
cons[火电机组启停状态约束2_19_38],0.0
cons[火电机组启停状态约束2_19_39],0.0
cons[火电机组启停状态约束2_19_40],0.0
cons[火电机组启停状态约束2_19_41],0.0
cons[火电机组启停状态约束2_19_42],0.0
cons[火电机组启停状态约束2_19_43],0.0
cons[火电机组启停状态约束2_19_44],0.0
cons[火电机组启停状态约束2_19_45],0.0
cons[火电机组启停状态约束2_19_46],0.0
cons[火电机组启停状态约束2_19_47],0.0
cons[火电机组启停状态约束2_19_48],0.0
cons[火电机组启停状态约束2_19_49],0.0
cons[火电机组启停状态约束2_19_50],0.0
cons[火电机组启停状态约束2_19_51],0.0
cons[火电机组启停状态约束2_19_52],0.0
cons[火电机组启停状态约束2_19_53],0.0
cons[火电机组启停状态约束2_19_54],0.0
cons[火电机组启停状态约束2_19_55],0.0
cons[火电机组启停状态约束2_19_56],0.0
cons[火电机组启停状态约束2_19_57],0.0
cons[火电机组启停状态约束2_19_58],0.0
cons[火电机组启停状态约束2_19_59],0.0
cons[火电机组启停状态约束2_19_60],0.0
cons[火电机组启停状态约束2_19_61],0.0
cons[火电机组启停状态约束2_19_62],0.0
cons[火电机组启停状态约束2_19_63],0.0
cons[火电机组启停状态约束2_19_64],0.0
cons[火电机组启停状态约束2_19_65],0.0
cons[火电机组启停状态约束2_19_66],0.0
cons[火电机组启停状态约束2_19_67],0.0
cons[火电机组启停状态约束2_19_68],0.0
cons[火电机组启停状态约束2_19_69],0.0
cons[火电机组启停状态约束2_19_70],0.0
cons[火电机组启停状态约束2_19_71],0.0
cons[火电机组启停状态约束2_19_72],0.0
cons[火电机组启停状态约束2_19_73],0.0
cons[火电机组启停状态约束2_19_74],0.0
cons[火电机组启停状态约束2_19_75],0.0
cons[火电机组启停状态约束2_19_76],0.0
cons[火电机组启停状态约束2_19_77],0.0
cons[火电机组启停状态约束2_19_78],0.0
cons[火电机组启停状态约束2_19_79],0.0
cons[火电机组启停状态约束2_19_80],0.0
cons[火电机组启停状态约束2_19_81],0.0
cons[火电机组启停状态约束2_19_82],0.0
cons[火电机组启停状态约束2_19_83],0.0
cons[火电机组启停状态约束2_19_84],0.0
cons[火电机组启停状态约束2_19_85],0.0
cons[火电机组启停状态约束2_19_86],0.0
cons[火电机组启停状态约束2_19_87],0.0
cons[火电机组启停状态约束2_19_88],0.0
cons[火电机组启停状态约束2_19_89],0.0
cons[火电机组启停状态约束2_19_90],0.0
cons[火电机组启停状态约束2_19_91],0.0
cons[火电机组启停状态约束2_19_92],0.0
cons[火电机组启停状态约束2_19_93],0.0
cons[火电机组启停状态约束2_19_94],0.0
cons[火电机组启停状态约束2_19_95],0.0
cons[火电机组启停状态约束2_20_0],0.0
cons[火电机组启停状态约束2_20_1],0.0
cons[火电机组启停状态约束2_20_2],0.0
cons[火电机组启停状态约束2_20_3],0.0
cons[火电机组启停状态约束2_20_4],0.0
cons[火电机组启停状态约束2_20_5],0.0
cons[火电机组启停状态约束2_20_6],0.0
cons[火电机组启停状态约束2_20_7],0.0
cons[火电机组启停状态约束2_20_8],0.0
cons[火电机组启停状态约束2_20_9],0.0
cons[火电机组启停状态约束2_20_10],0.0
cons[火电机组启停状态约束2_20_11],0.0
cons[火电机组启停状态约束2_20_12],0.0
cons[火电机组启停状态约束2_20_13],0.0
cons[火电机组启停状态约束2_20_14],0.0
cons[火电机组启停状态约束2_20_15],0.0
cons[火电机组启停状态约束2_20_16],0.0
cons[火电机组启停状态约束2_20_17],0.0
cons[火电机组启停状态约束2_20_18],0.0
cons[火电机组启停状态约束2_20_19],0.0
cons[火电机组启停状态约束2_20_20],0.0
cons[火电机组启停状态约束2_20_21],0.0
cons[火电机组启停状态约束2_20_22],0.0
cons[火电机组启停状态约束2_20_23],0.0
cons[火电机组启停状态约束2_20_24],0.0
cons[火电机组启停状态约束2_20_25],0.0
cons[火电机组启停状态约束2_20_26],0.0
cons[火电机组启停状态约束2_20_27],0.0
cons[火电机组启停状态约束2_20_28],0.0
cons[火电机组启停状态约束2_20_29],0.0
cons[火电机组启停状态约束2_20_30],0.0
cons[火电机组启停状态约束2_20_31],0.0
cons[火电机组启停状态约束2_20_32],0.0
cons[火电机组启停状态约束2_20_33],0.0
cons[火电机组启停状态约束2_20_34],0.0
cons[火电机组启停状态约束2_20_35],0.0
cons[火电机组启停状态约束2_20_36],0.0
cons[火电机组启停状态约束2_20_37],0.0
cons[火电机组启停状态约束2_20_38],0.0
cons[火电机组启停状态约束2_20_39],0.0
cons[火电机组启停状态约束2_20_40],0.0
cons[火电机组启停状态约束2_20_41],0.0
cons[火电机组启停状态约束2_20_42],0.0
cons[火电机组启停状态约束2_20_43],0.0
cons[火电机组启停状态约束2_20_44],0.0
cons[火电机组启停状态约束2_20_45],0.0
cons[火电机组启停状态约束2_20_46],0.0
cons[火电机组启停状态约束2_20_47],0.0
cons[火电机组启停状态约束2_20_48],0.0
cons[火电机组启停状态约束2_20_49],0.0
cons[火电机组启停状态约束2_20_50],0.0
cons[火电机组启停状态约束2_20_51],0.0
cons[火电机组启停状态约束2_20_52],0.0
cons[火电机组启停状态约束2_20_53],0.0
cons[火电机组启停状态约束2_20_54],0.0
cons[火电机组启停状态约束2_20_55],0.0
cons[火电机组启停状态约束2_20_56],0.0
cons[火电机组启停状态约束2_20_57],0.0
cons[火电机组启停状态约束2_20_58],0.0
cons[火电机组启停状态约束2_20_59],0.0
cons[火电机组启停状态约束2_20_60],0.0
cons[火电机组启停状态约束2_20_61],0.0
cons[火电机组启停状态约束2_20_62],0.0
cons[火电机组启停状态约束2_20_63],0.0
cons[火电机组启停状态约束2_20_64],0.0
cons[火电机组启停状态约束2_20_65],0.0
cons[火电机组启停状态约束2_20_66],0.0
cons[火电机组启停状态约束2_20_67],0.0
cons[火电机组启停状态约束2_20_68],0.0
cons[火电机组启停状态约束2_20_69],0.0
cons[火电机组启停状态约束2_20_70],0.0
cons[火电机组启停状态约束2_20_71],0.0
cons[火电机组启停状态约束2_20_72],0.0
cons[火电机组启停状态约束2_20_73],0.0
cons[火电机组启停状态约束2_20_74],0.0
cons[火电机组启停状态约束2_20_75],0.0
cons[火电机组启停状态约束2_20_76],0.0
cons[火电机组启停状态约束2_20_77],0.0
cons[火电机组启停状态约束2_20_78],0.0
cons[火电机组启停状态约束2_20_79],0.0
cons[火电机组启停状态约束2_20_80],0.0
cons[火电机组启停状态约束2_20_81],0.0
cons[火电机组启停状态约束2_20_82],0.0
cons[火电机组启停状态约束2_20_83],0.0
cons[火电机组启停状态约束2_20_84],0.0
cons[火电机组启停状态约束2_20_85],0.0
cons[火电机组启停状态约束2_20_86],0.0
cons[火电机组启停状态约束2_20_87],0.0
cons[火电机组启停状态约束2_20_88],0.0
cons[火电机组启停状态约束2_20_89],0.0
cons[火电机组启停状态约束2_20_90],0.0
cons[火电机组启停状态约束2_20_91],0.0
cons[火电机组启停状态约束2_20_92],0.0
cons[火电机组启停状态约束2_20_93],0.0
cons[火电机组启停状态约束2_20_94],0.0
cons[火电机组启停状态约束2_20_95],0.0
cons[火电机组启停状态约束2_21_0],0.0
cons[火电机组启停状态约束2_21_1],0.0
cons[火电机组启停状态约束2_21_2],0.0
cons[火电机组启停状态约束2_21_3],0.0
cons[火电机组启停状态约束2_21_4],0.0
cons[火电机组启停状态约束2_21_5],0.0
cons[火电机组启停状态约束2_21_6],0.0
cons[火电机组启停状态约束2_21_7],0.0
cons[火电机组启停状态约束2_21_8],0.0
cons[火电机组启停状态约束2_21_9],0.0
cons[火电机组启停状态约束2_21_10],0.0
cons[火电机组启停状态约束2_21_11],0.0
cons[火电机组启停状态约束2_21_12],0.0
cons[火电机组启停状态约束2_21_13],0.0
cons[火电机组启停状态约束2_21_14],0.0
cons[火电机组启停状态约束2_21_15],0.0
cons[火电机组启停状态约束2_21_16],0.0
cons[火电机组启停状态约束2_21_17],0.0
cons[火电机组启停状态约束2_21_18],0.0
cons[火电机组启停状态约束2_21_19],0.0
cons[火电机组启停状态约束2_21_20],0.0
cons[火电机组启停状态约束2_21_21],0.0
cons[火电机组启停状态约束2_21_22],0.0
cons[火电机组启停状态约束2_21_23],0.0
cons[火电机组启停状态约束2_21_24],0.0
cons[火电机组启停状态约束2_21_25],0.0
cons[火电机组启停状态约束2_21_26],0.0
cons[火电机组启停状态约束2_21_27],0.0
cons[火电机组启停状态约束2_21_28],0.0
cons[火电机组启停状态约束2_21_29],0.0
cons[火电机组启停状态约束2_21_30],0.0
cons[火电机组启停状态约束2_21_31],0.0
cons[火电机组启停状态约束2_21_32],0.0
cons[火电机组启停状态约束2_21_33],0.0
cons[火电机组启停状态约束2_21_34],0.0
cons[火电机组启停状态约束2_21_35],0.0
cons[火电机组启停状态约束2_21_36],0.0
cons[火电机组启停状态约束2_21_37],0.0
cons[火电机组启停状态约束2_21_38],0.0
cons[火电机组启停状态约束2_21_39],0.0
cons[火电机组启停状态约束2_21_40],0.0
cons[火电机组启停状态约束2_21_41],0.0
cons[火电机组启停状态约束2_21_42],0.0
cons[火电机组启停状态约束2_21_43],0.0
cons[火电机组启停状态约束2_21_44],0.0
cons[火电机组启停状态约束2_21_45],0.0
cons[火电机组启停状态约束2_21_46],0.0
cons[火电机组启停状态约束2_21_47],0.0
cons[火电机组启停状态约束2_21_48],0.0
cons[火电机组启停状态约束2_21_49],0.0
cons[火电机组启停状态约束2_21_50],0.0
cons[火电机组启停状态约束2_21_51],0.0
cons[火电机组启停状态约束2_21_52],0.0
cons[火电机组启停状态约束2_21_53],0.0
cons[火电机组启停状态约束2_21_54],0.0
cons[火电机组启停状态约束2_21_55],0.0
cons[火电机组启停状态约束2_21_56],0.0
cons[火电机组启停状态约束2_21_57],0.0
cons[火电机组启停状态约束2_21_58],0.0
cons[火电机组启停状态约束2_21_59],0.0
cons[火电机组启停状态约束2_21_60],0.0
cons[火电机组启停状态约束2_21_61],0.0
cons[火电机组启停状态约束2_21_62],0.0
cons[火电机组启停状态约束2_21_63],0.0
cons[火电机组启停状态约束2_21_64],0.0
cons[火电机组启停状态约束2_21_65],0.0
cons[火电机组启停状态约束2_21_66],0.0
cons[火电机组启停状态约束2_21_67],0.0
cons[火电机组启停状态约束2_21_68],0.0
cons[火电机组启停状态约束2_21_69],0.0
cons[火电机组启停状态约束2_21_70],0.0
cons[火电机组启停状态约束2_21_71],0.0
cons[火电机组启停状态约束2_21_72],0.0
cons[火电机组启停状态约束2_21_73],0.0
cons[火电机组启停状态约束2_21_74],0.0
cons[火电机组启停状态约束2_21_75],0.0
cons[火电机组启停状态约束2_21_76],0.0
cons[火电机组启停状态约束2_21_77],0.0
cons[火电机组启停状态约束2_21_78],0.0
cons[火电机组启停状态约束2_21_79],0.0
cons[火电机组启停状态约束2_21_80],0.0
cons[火电机组启停状态约束2_21_81],0.0
cons[火电机组启停状态约束2_21_82],0.0
cons[火电机组启停状态约束2_21_83],0.0
cons[火电机组启停状态约束2_21_84],0.0
cons[火电机组启停状态约束2_21_85],0.0
cons[火电机组启停状态约束2_21_86],0.0
cons[火电机组启停状态约束2_21_87],0.0
cons[火电机组启停状态约束2_21_88],0.0
cons[火电机组启停状态约束2_21_89],0.0
cons[火电机组启停状态约束2_21_90],0.0
cons[火电机组启停状态约束2_21_91],0.0
cons[火电机组启停状态约束2_21_92],0.0
cons[火电机组启停状态约束2_21_93],0.0
cons[火电机组启停状态约束2_21_94],0.0
cons[火电机组启停状态约束2_21_95],0.0
cons[火电机组启停状态约束2_22_0],0.0
cons[火电机组启停状态约束2_22_1],0.0
cons[火电机组启停状态约束2_22_2],0.0
cons[火电机组启停状态约束2_22_3],0.0
cons[火电机组启停状态约束2_22_4],0.0
cons[火电机组启停状态约束2_22_5],0.0
cons[火电机组启停状态约束2_22_6],0.0
cons[火电机组启停状态约束2_22_7],0.0
cons[火电机组启停状态约束2_22_8],0.0
cons[火电机组启停状态约束2_22_9],0.0
cons[火电机组启停状态约束2_22_10],0.0
cons[火电机组启停状态约束2_22_11],0.0
cons[火电机组启停状态约束2_22_12],0.0
cons[火电机组启停状态约束2_22_13],0.0
cons[火电机组启停状态约束2_22_14],0.0
cons[火电机组启停状态约束2_22_15],0.0
cons[火电机组启停状态约束2_22_16],0.0
cons[火电机组启停状态约束2_22_17],0.0
cons[火电机组启停状态约束2_22_18],0.0
cons[火电机组启停状态约束2_22_19],0.0
cons[火电机组启停状态约束2_22_20],0.0
cons[火电机组启停状态约束2_22_21],0.0
cons[火电机组启停状态约束2_22_22],0.0
cons[火电机组启停状态约束2_22_23],0.0
cons[火电机组启停状态约束2_22_24],0.0
cons[火电机组启停状态约束2_22_25],0.0
cons[火电机组启停状态约束2_22_26],0.0
cons[火电机组启停状态约束2_22_27],0.0
cons[火电机组启停状态约束2_22_28],0.0
cons[火电机组启停状态约束2_22_29],0.0
cons[火电机组启停状态约束2_22_30],0.0
cons[火电机组启停状态约束2_22_31],0.0
cons[火电机组启停状态约束2_22_32],0.0
cons[火电机组启停状态约束2_22_33],0.0
cons[火电机组启停状态约束2_22_34],0.0
cons[火电机组启停状态约束2_22_35],0.0
cons[火电机组启停状态约束2_22_36],0.0
cons[火电机组启停状态约束2_22_37],0.0
cons[火电机组启停状态约束2_22_38],0.0
cons[火电机组启停状态约束2_22_39],0.0
cons[火电机组启停状态约束2_22_40],0.0
cons[火电机组启停状态约束2_22_41],0.0
cons[火电机组启停状态约束2_22_42],0.0
cons[火电机组启停状态约束2_22_43],0.0
cons[火电机组启停状态约束2_22_44],0.0
cons[火电机组启停状态约束2_22_45],0.0
cons[火电机组启停状态约束2_22_46],0.0
cons[火电机组启停状态约束2_22_47],0.0
cons[火电机组启停状态约束2_22_48],0.0
cons[火电机组启停状态约束2_22_49],0.0
cons[火电机组启停状态约束2_22_50],0.0
cons[火电机组启停状态约束2_22_51],0.0
cons[火电机组启停状态约束2_22_52],0.0
cons[火电机组启停状态约束2_22_53],0.0
cons[火电机组启停状态约束2_22_54],0.0
cons[火电机组启停状态约束2_22_55],0.0
cons[火电机组启停状态约束2_22_56],0.0
cons[火电机组启停状态约束2_22_57],0.0
cons[火电机组启停状态约束2_22_58],0.0
cons[火电机组启停状态约束2_22_59],0.0
cons[火电机组启停状态约束2_22_60],0.0
cons[火电机组启停状态约束2_22_61],0.0
cons[火电机组启停状态约束2_22_62],0.0
cons[火电机组启停状态约束2_22_63],0.0
cons[火电机组启停状态约束2_22_64],0.0
cons[火电机组启停状态约束2_22_65],0.0
cons[火电机组启停状态约束2_22_66],0.0
cons[火电机组启停状态约束2_22_67],0.0
cons[火电机组启停状态约束2_22_68],0.0
cons[火电机组启停状态约束2_22_69],0.0
cons[火电机组启停状态约束2_22_70],0.0
cons[火电机组启停状态约束2_22_71],0.0
cons[火电机组启停状态约束2_22_72],0.0
cons[火电机组启停状态约束2_22_73],0.0
cons[火电机组启停状态约束2_22_74],0.0
cons[火电机组启停状态约束2_22_75],0.0
cons[火电机组启停状态约束2_22_76],0.0
cons[火电机组启停状态约束2_22_77],0.0
cons[火电机组启停状态约束2_22_78],0.0
cons[火电机组启停状态约束2_22_79],0.0
cons[火电机组启停状态约束2_22_80],0.0
cons[火电机组启停状态约束2_22_81],0.0
cons[火电机组启停状态约束2_22_82],0.0
cons[火电机组启停状态约束2_22_83],0.0
cons[火电机组启停状态约束2_22_84],0.0
cons[火电机组启停状态约束2_22_85],0.0
cons[火电机组启停状态约束2_22_86],0.0
cons[火电机组启停状态约束2_22_87],0.0
cons[火电机组启停状态约束2_22_88],0.0
cons[火电机组启停状态约束2_22_89],0.0
cons[火电机组启停状态约束2_22_90],0.0
cons[火电机组启停状态约束2_22_91],0.0
cons[火电机组启停状态约束2_22_92],0.0
cons[火电机组启停状态约束2_22_93],0.0
cons[火电机组启停状态约束2_22_94],0.0
cons[火电机组启停状态约束2_22_95],0.0
cons[火电机组启停状态约束2_23_0],0.0
cons[火电机组启停状态约束2_23_1],0.0
cons[火电机组启停状态约束2_23_2],0.0
cons[火电机组启停状态约束2_23_3],0.0
cons[火电机组启停状态约束2_23_4],0.0
cons[火电机组启停状态约束2_23_5],0.0
cons[火电机组启停状态约束2_23_6],0.0
cons[火电机组启停状态约束2_23_7],0.0
cons[火电机组启停状态约束2_23_8],0.0
cons[火电机组启停状态约束2_23_9],0.0
cons[火电机组启停状态约束2_23_10],0.0
cons[火电机组启停状态约束2_23_11],0.0
cons[火电机组启停状态约束2_23_12],0.0
cons[火电机组启停状态约束2_23_13],0.0
cons[火电机组启停状态约束2_23_14],0.0
cons[火电机组启停状态约束2_23_15],0.0
cons[火电机组启停状态约束2_23_16],0.0
cons[火电机组启停状态约束2_23_17],0.0
cons[火电机组启停状态约束2_23_18],0.0
cons[火电机组启停状态约束2_23_19],0.0
cons[火电机组启停状态约束2_23_20],0.0
cons[火电机组启停状态约束2_23_21],0.0
cons[火电机组启停状态约束2_23_22],0.0
cons[火电机组启停状态约束2_23_23],0.0
cons[火电机组启停状态约束2_23_24],0.0
cons[火电机组启停状态约束2_23_25],0.0
cons[火电机组启停状态约束2_23_26],0.0
cons[火电机组启停状态约束2_23_27],0.0
cons[火电机组启停状态约束2_23_28],0.0
cons[火电机组启停状态约束2_23_29],0.0
cons[火电机组启停状态约束2_23_30],0.0
cons[火电机组启停状态约束2_23_31],0.0
cons[火电机组启停状态约束2_23_32],0.0
cons[火电机组启停状态约束2_23_33],0.0
cons[火电机组启停状态约束2_23_34],0.0
cons[火电机组启停状态约束2_23_35],0.0
cons[火电机组启停状态约束2_23_36],0.0
cons[火电机组启停状态约束2_23_37],0.0
cons[火电机组启停状态约束2_23_38],0.0
cons[火电机组启停状态约束2_23_39],0.0
cons[火电机组启停状态约束2_23_40],0.0
cons[火电机组启停状态约束2_23_41],0.0
cons[火电机组启停状态约束2_23_42],0.0
cons[火电机组启停状态约束2_23_43],0.0
cons[火电机组启停状态约束2_23_44],0.0
cons[火电机组启停状态约束2_23_45],0.0
cons[火电机组启停状态约束2_23_46],0.0
cons[火电机组启停状态约束2_23_47],0.0
cons[火电机组启停状态约束2_23_48],0.0
cons[火电机组启停状态约束2_23_49],0.0
cons[火电机组启停状态约束2_23_50],0.0
cons[火电机组启停状态约束2_23_51],0.0
cons[火电机组启停状态约束2_23_52],0.0
cons[火电机组启停状态约束2_23_53],0.0
cons[火电机组启停状态约束2_23_54],0.0
cons[火电机组启停状态约束2_23_55],0.0
cons[火电机组启停状态约束2_23_56],0.0
cons[火电机组启停状态约束2_23_57],0.0
cons[火电机组启停状态约束2_23_58],0.0
cons[火电机组启停状态约束2_23_59],0.0
cons[火电机组启停状态约束2_23_60],0.0
cons[火电机组启停状态约束2_23_61],0.0
cons[火电机组启停状态约束2_23_62],0.0
cons[火电机组启停状态约束2_23_63],0.0
cons[火电机组启停状态约束2_23_64],0.0
cons[火电机组启停状态约束2_23_65],0.0
cons[火电机组启停状态约束2_23_66],0.0
cons[火电机组启停状态约束2_23_67],0.0
cons[火电机组启停状态约束2_23_68],0.0
cons[火电机组启停状态约束2_23_69],0.0
cons[火电机组启停状态约束2_23_70],0.0
cons[火电机组启停状态约束2_23_71],0.0
cons[火电机组启停状态约束2_23_72],0.0
cons[火电机组启停状态约束2_23_73],0.0
cons[火电机组启停状态约束2_23_74],0.0
cons[火电机组启停状态约束2_23_75],0.0
cons[火电机组启停状态约束2_23_76],0.0
cons[火电机组启停状态约束2_23_77],0.0
cons[火电机组启停状态约束2_23_78],0.0
cons[火电机组启停状态约束2_23_79],0.0
cons[火电机组启停状态约束2_23_80],0.0
cons[火电机组启停状态约束2_23_81],0.0
cons[火电机组启停状态约束2_23_82],0.0
cons[火电机组启停状态约束2_23_83],0.0
cons[火电机组启停状态约束2_23_84],0.0
cons[火电机组启停状态约束2_23_85],0.0
cons[火电机组启停状态约束2_23_86],0.0
cons[火电机组启停状态约束2_23_87],0.0
cons[火电机组启停状态约束2_23_88],0.0
cons[火电机组启停状态约束2_23_89],0.0
cons[火电机组启停状态约束2_23_90],0.0
cons[火电机组启停状态约束2_23_91],0.0
cons[火电机组启停状态约束2_23_92],0.0
cons[火电机组启停状态约束2_23_93],0.0
cons[火电机组启停状态约束2_23_94],0.0
cons[火电机组启停状态约束2_23_95],0.0
cons[火电机组启停状态约束2_24_0],0.0
cons[火电机组启停状态约束2_24_1],0.0
cons[火电机组启停状态约束2_24_2],0.0
cons[火电机组启停状态约束2_24_3],0.0
cons[火电机组启停状态约束2_24_4],0.0
cons[火电机组启停状态约束2_24_5],0.0
cons[火电机组启停状态约束2_24_6],0.0
cons[火电机组启停状态约束2_24_7],0.0
cons[火电机组启停状态约束2_24_8],0.0
cons[火电机组启停状态约束2_24_9],0.0
cons[火电机组启停状态约束2_24_10],0.0
cons[火电机组启停状态约束2_24_11],0.0
cons[火电机组启停状态约束2_24_12],0.0
cons[火电机组启停状态约束2_24_13],0.0
cons[火电机组启停状态约束2_24_14],0.0
cons[火电机组启停状态约束2_24_15],0.0
cons[火电机组启停状态约束2_24_16],0.0
cons[火电机组启停状态约束2_24_17],0.0
cons[火电机组启停状态约束2_24_18],0.0
cons[火电机组启停状态约束2_24_19],0.0
cons[火电机组启停状态约束2_24_20],0.0
cons[火电机组启停状态约束2_24_21],0.0
cons[火电机组启停状态约束2_24_22],0.0
cons[火电机组启停状态约束2_24_23],0.0
cons[火电机组启停状态约束2_24_24],0.0
cons[火电机组启停状态约束2_24_25],0.0
cons[火电机组启停状态约束2_24_26],0.0
cons[火电机组启停状态约束2_24_27],0.0
cons[火电机组启停状态约束2_24_28],0.0
cons[火电机组启停状态约束2_24_29],0.0
cons[火电机组启停状态约束2_24_30],0.0
cons[火电机组启停状态约束2_24_31],0.0
cons[火电机组启停状态约束2_24_32],0.0
cons[火电机组启停状态约束2_24_33],0.0
cons[火电机组启停状态约束2_24_34],0.0
cons[火电机组启停状态约束2_24_35],0.0
cons[火电机组启停状态约束2_24_36],0.0
cons[火电机组启停状态约束2_24_37],0.0
cons[火电机组启停状态约束2_24_38],0.0
cons[火电机组启停状态约束2_24_39],0.0
cons[火电机组启停状态约束2_24_40],0.0
cons[火电机组启停状态约束2_24_41],0.0
cons[火电机组启停状态约束2_24_42],0.0
cons[火电机组启停状态约束2_24_43],0.0
cons[火电机组启停状态约束2_24_44],0.0
cons[火电机组启停状态约束2_24_45],0.0
cons[火电机组启停状态约束2_24_46],0.0
cons[火电机组启停状态约束2_24_47],0.0
cons[火电机组启停状态约束2_24_48],0.0
cons[火电机组启停状态约束2_24_49],0.0
cons[火电机组启停状态约束2_24_50],0.0
cons[火电机组启停状态约束2_24_51],0.0
cons[火电机组启停状态约束2_24_52],0.0
cons[火电机组启停状态约束2_24_53],0.0
cons[火电机组启停状态约束2_24_54],0.0
cons[火电机组启停状态约束2_24_55],0.0
cons[火电机组启停状态约束2_24_56],0.0
cons[火电机组启停状态约束2_24_57],0.0
cons[火电机组启停状态约束2_24_58],0.0
cons[火电机组启停状态约束2_24_59],0.0
cons[火电机组启停状态约束2_24_60],0.0
cons[火电机组启停状态约束2_24_61],0.0
cons[火电机组启停状态约束2_24_62],0.0
cons[火电机组启停状态约束2_24_63],0.0
cons[火电机组启停状态约束2_24_64],0.0
cons[火电机组启停状态约束2_24_65],0.0
cons[火电机组启停状态约束2_24_66],0.0
cons[火电机组启停状态约束2_24_67],0.0
cons[火电机组启停状态约束2_24_68],0.0
cons[火电机组启停状态约束2_24_69],0.0
cons[火电机组启停状态约束2_24_70],0.0
cons[火电机组启停状态约束2_24_71],0.0
cons[火电机组启停状态约束2_24_72],0.0
cons[火电机组启停状态约束2_24_73],0.0
cons[火电机组启停状态约束2_24_74],0.0
cons[火电机组启停状态约束2_24_75],0.0
cons[火电机组启停状态约束2_24_76],0.0
cons[火电机组启停状态约束2_24_77],0.0
cons[火电机组启停状态约束2_24_78],0.0
cons[火电机组启停状态约束2_24_79],0.0
cons[火电机组启停状态约束2_24_80],0.0
cons[火电机组启停状态约束2_24_81],0.0
cons[火电机组启停状态约束2_24_82],0.0
cons[火电机组启停状态约束2_24_83],0.0
cons[火电机组启停状态约束2_24_84],0.0
cons[火电机组启停状态约束2_24_85],0.0
cons[火电机组启停状态约束2_24_86],0.0
cons[火电机组启停状态约束2_24_87],0.0
cons[火电机组启停状态约束2_24_88],0.0
cons[火电机组启停状态约束2_24_89],0.0
cons[火电机组启停状态约束2_24_90],0.0
cons[火电机组启停状态约束2_24_91],0.0
cons[火电机组启停状态约束2_24_92],0.0
cons[火电机组启停状态约束2_24_93],0.0
cons[火电机组启停状态约束2_24_94],0.0
cons[火电机组启停状态约束2_24_95],0.0
cons[火电机组启停状态约束2_25_0],0.0
cons[火电机组启停状态约束2_25_1],0.0
cons[火电机组启停状态约束2_25_2],0.0
cons[火电机组启停状态约束2_25_3],0.0
cons[火电机组启停状态约束2_25_4],0.0
cons[火电机组启停状态约束2_25_5],0.0
cons[火电机组启停状态约束2_25_6],0.0
cons[火电机组启停状态约束2_25_7],0.0
cons[火电机组启停状态约束2_25_8],0.0
cons[火电机组启停状态约束2_25_9],0.0
cons[火电机组启停状态约束2_25_10],0.0
cons[火电机组启停状态约束2_25_11],0.0
cons[火电机组启停状态约束2_25_12],0.0
cons[火电机组启停状态约束2_25_13],0.0
cons[火电机组启停状态约束2_25_14],0.0
cons[火电机组启停状态约束2_25_15],0.0
cons[火电机组启停状态约束2_25_16],0.0
cons[火电机组启停状态约束2_25_17],0.0
cons[火电机组启停状态约束2_25_18],0.0
cons[火电机组启停状态约束2_25_19],0.0
cons[火电机组启停状态约束2_25_20],0.0
cons[火电机组启停状态约束2_25_21],0.0
cons[火电机组启停状态约束2_25_22],0.0
cons[火电机组启停状态约束2_25_23],0.0
cons[火电机组启停状态约束2_25_24],0.0
cons[火电机组启停状态约束2_25_25],0.0
cons[火电机组启停状态约束2_25_26],0.0
cons[火电机组启停状态约束2_25_27],0.0
cons[火电机组启停状态约束2_25_28],0.0
cons[火电机组启停状态约束2_25_29],0.0
cons[火电机组启停状态约束2_25_30],0.0
cons[火电机组启停状态约束2_25_31],0.0
cons[火电机组启停状态约束2_25_32],0.0
cons[火电机组启停状态约束2_25_33],0.0
cons[火电机组启停状态约束2_25_34],0.0
cons[火电机组启停状态约束2_25_35],0.0
cons[火电机组启停状态约束2_25_36],0.0
cons[火电机组启停状态约束2_25_37],0.0
cons[火电机组启停状态约束2_25_38],0.0
cons[火电机组启停状态约束2_25_39],0.0
cons[火电机组启停状态约束2_25_40],0.0
cons[火电机组启停状态约束2_25_41],0.0
cons[火电机组启停状态约束2_25_42],0.0
cons[火电机组启停状态约束2_25_43],0.0
cons[火电机组启停状态约束2_25_44],0.0
cons[火电机组启停状态约束2_25_45],0.0
cons[火电机组启停状态约束2_25_46],0.0
cons[火电机组启停状态约束2_25_47],0.0
cons[火电机组启停状态约束2_25_48],0.0
cons[火电机组启停状态约束2_25_49],0.0
cons[火电机组启停状态约束2_25_50],0.0
cons[火电机组启停状态约束2_25_51],0.0
cons[火电机组启停状态约束2_25_52],0.0
cons[火电机组启停状态约束2_25_53],0.0
cons[火电机组启停状态约束2_25_54],0.0
cons[火电机组启停状态约束2_25_55],0.0
cons[火电机组启停状态约束2_25_56],0.0
cons[火电机组启停状态约束2_25_57],0.0
cons[火电机组启停状态约束2_25_58],0.0
cons[火电机组启停状态约束2_25_59],0.0
cons[火电机组启停状态约束2_25_60],0.0
cons[火电机组启停状态约束2_25_61],0.0
cons[火电机组启停状态约束2_25_62],0.0
cons[火电机组启停状态约束2_25_63],0.0
cons[火电机组启停状态约束2_25_64],0.0
cons[火电机组启停状态约束2_25_65],0.0
cons[火电机组启停状态约束2_25_66],0.0
cons[火电机组启停状态约束2_25_67],0.0
cons[火电机组启停状态约束2_25_68],0.0
cons[火电机组启停状态约束2_25_69],0.0
cons[火电机组启停状态约束2_25_70],0.0
cons[火电机组启停状态约束2_25_71],0.0
cons[火电机组启停状态约束2_25_72],0.0
cons[火电机组启停状态约束2_25_73],0.0
cons[火电机组启停状态约束2_25_74],0.0
cons[火电机组启停状态约束2_25_75],0.0
cons[火电机组启停状态约束2_25_76],0.0
cons[火电机组启停状态约束2_25_77],0.0
cons[火电机组启停状态约束2_25_78],0.0
cons[火电机组启停状态约束2_25_79],0.0
cons[火电机组启停状态约束2_25_80],0.0
cons[火电机组启停状态约束2_25_81],0.0
cons[火电机组启停状态约束2_25_82],0.0
cons[火电机组启停状态约束2_25_83],0.0
cons[火电机组启停状态约束2_25_84],0.0
cons[火电机组启停状态约束2_25_85],0.0
cons[火电机组启停状态约束2_25_86],0.0
cons[火电机组启停状态约束2_25_87],0.0
cons[火电机组启停状态约束2_25_88],0.0
cons[火电机组启停状态约束2_25_89],0.0
cons[火电机组启停状态约束2_25_90],0.0
cons[火电机组启停状态约束2_25_91],0.0
cons[火电机组启停状态约束2_25_92],0.0
cons[火电机组启停状态约束2_25_93],0.0
cons[火电机组启停状态约束2_25_94],0.0
cons[火电机组启停状态约束2_25_95],0.0
cons[火电机组启停状态约束2_26_0],0.0
cons[火电机组启停状态约束2_26_1],0.0
cons[火电机组启停状态约束2_26_2],0.0
cons[火电机组启停状态约束2_26_3],0.0
cons[火电机组启停状态约束2_26_4],0.0
cons[火电机组启停状态约束2_26_5],0.0
cons[火电机组启停状态约束2_26_6],0.0
cons[火电机组启停状态约束2_26_7],0.0
cons[火电机组启停状态约束2_26_8],0.0
cons[火电机组启停状态约束2_26_9],0.0
cons[火电机组启停状态约束2_26_10],0.0
cons[火电机组启停状态约束2_26_11],0.0
cons[火电机组启停状态约束2_26_12],0.0
cons[火电机组启停状态约束2_26_13],0.0
cons[火电机组启停状态约束2_26_14],0.0
cons[火电机组启停状态约束2_26_15],0.0
cons[火电机组启停状态约束2_26_16],0.0
cons[火电机组启停状态约束2_26_17],0.0
cons[火电机组启停状态约束2_26_18],0.0
cons[火电机组启停状态约束2_26_19],0.0
cons[火电机组启停状态约束2_26_20],0.0
cons[火电机组启停状态约束2_26_21],0.0
cons[火电机组启停状态约束2_26_22],0.0
cons[火电机组启停状态约束2_26_23],0.0
cons[火电机组启停状态约束2_26_24],0.0
cons[火电机组启停状态约束2_26_25],0.0
cons[火电机组启停状态约束2_26_26],0.0
cons[火电机组启停状态约束2_26_27],0.0
cons[火电机组启停状态约束2_26_28],0.0
cons[火电机组启停状态约束2_26_29],0.0
cons[火电机组启停状态约束2_26_30],0.0
cons[火电机组启停状态约束2_26_31],0.0
cons[火电机组启停状态约束2_26_32],0.0
cons[火电机组启停状态约束2_26_33],0.0
cons[火电机组启停状态约束2_26_34],0.0
cons[火电机组启停状态约束2_26_35],0.0
cons[火电机组启停状态约束2_26_36],0.0
cons[火电机组启停状态约束2_26_37],0.0
cons[火电机组启停状态约束2_26_38],0.0
cons[火电机组启停状态约束2_26_39],0.0
cons[火电机组启停状态约束2_26_40],0.0
cons[火电机组启停状态约束2_26_41],0.0
cons[火电机组启停状态约束2_26_42],0.0
cons[火电机组启停状态约束2_26_43],0.0
cons[火电机组启停状态约束2_26_44],0.0
cons[火电机组启停状态约束2_26_45],0.0
cons[火电机组启停状态约束2_26_46],0.0
cons[火电机组启停状态约束2_26_47],0.0
cons[火电机组启停状态约束2_26_48],0.0
cons[火电机组启停状态约束2_26_49],0.0
cons[火电机组启停状态约束2_26_50],0.0
cons[火电机组启停状态约束2_26_51],0.0
cons[火电机组启停状态约束2_26_52],0.0
cons[火电机组启停状态约束2_26_53],0.0
cons[火电机组启停状态约束2_26_54],0.0
cons[火电机组启停状态约束2_26_55],0.0
cons[火电机组启停状态约束2_26_56],0.0
cons[火电机组启停状态约束2_26_57],0.0
cons[火电机组启停状态约束2_26_58],0.0
cons[火电机组启停状态约束2_26_59],0.0
cons[火电机组启停状态约束2_26_60],0.0
cons[火电机组启停状态约束2_26_61],0.0
cons[火电机组启停状态约束2_26_62],0.0
cons[火电机组启停状态约束2_26_63],0.0
cons[火电机组启停状态约束2_26_64],0.0
cons[火电机组启停状态约束2_26_65],0.0
cons[火电机组启停状态约束2_26_66],0.0
cons[火电机组启停状态约束2_26_67],0.0
cons[火电机组启停状态约束2_26_68],0.0
cons[火电机组启停状态约束2_26_69],0.0
cons[火电机组启停状态约束2_26_70],0.0
cons[火电机组启停状态约束2_26_71],0.0
cons[火电机组启停状态约束2_26_72],0.0
cons[火电机组启停状态约束2_26_73],0.0
cons[火电机组启停状态约束2_26_74],0.0
cons[火电机组启停状态约束2_26_75],0.0
cons[火电机组启停状态约束2_26_76],0.0
cons[火电机组启停状态约束2_26_77],0.0
cons[火电机组启停状态约束2_26_78],0.0
cons[火电机组启停状态约束2_26_79],0.0
cons[火电机组启停状态约束2_26_80],0.0
cons[火电机组启停状态约束2_26_81],0.0
cons[火电机组启停状态约束2_26_82],0.0
cons[火电机组启停状态约束2_26_83],0.0
cons[火电机组启停状态约束2_26_84],0.0
cons[火电机组启停状态约束2_26_85],0.0
cons[火电机组启停状态约束2_26_86],0.0
cons[火电机组启停状态约束2_26_87],0.0
cons[火电机组启停状态约束2_26_88],0.0
cons[火电机组启停状态约束2_26_89],0.0
cons[火电机组启停状态约束2_26_90],0.0
cons[火电机组启停状态约束2_26_91],0.0
cons[火电机组启停状态约束2_26_92],0.0
cons[火电机组启停状态约束2_26_93],0.0
cons[火电机组启停状态约束2_26_94],0.0
cons[火电机组启停状态约束2_26_95],0.0
cons[火电机组启停状态约束2_27_0],0.0
cons[火电机组启停状态约束2_27_1],0.0
cons[火电机组启停状态约束2_27_2],0.0
cons[火电机组启停状态约束2_27_3],0.0
cons[火电机组启停状态约束2_27_4],0.0
cons[火电机组启停状态约束2_27_5],0.0
cons[火电机组启停状态约束2_27_6],0.0
cons[火电机组启停状态约束2_27_7],0.0
cons[火电机组启停状态约束2_27_8],0.0
cons[火电机组启停状态约束2_27_9],0.0
cons[火电机组启停状态约束2_27_10],0.0
cons[火电机组启停状态约束2_27_11],0.0
cons[火电机组启停状态约束2_27_12],0.0
cons[火电机组启停状态约束2_27_13],0.0
cons[火电机组启停状态约束2_27_14],0.0
cons[火电机组启停状态约束2_27_15],0.0
cons[火电机组启停状态约束2_27_16],0.0
cons[火电机组启停状态约束2_27_17],0.0
cons[火电机组启停状态约束2_27_18],0.0
cons[火电机组启停状态约束2_27_19],0.0
cons[火电机组启停状态约束2_27_20],0.0
cons[火电机组启停状态约束2_27_21],0.0
cons[火电机组启停状态约束2_27_22],0.0
cons[火电机组启停状态约束2_27_23],0.0
cons[火电机组启停状态约束2_27_24],0.0
cons[火电机组启停状态约束2_27_25],0.0
cons[火电机组启停状态约束2_27_26],0.0
cons[火电机组启停状态约束2_27_27],0.0
cons[火电机组启停状态约束2_27_28],0.0
cons[火电机组启停状态约束2_27_29],0.0
cons[火电机组启停状态约束2_27_30],0.0
cons[火电机组启停状态约束2_27_31],0.0
cons[火电机组启停状态约束2_27_32],0.0
cons[火电机组启停状态约束2_27_33],0.0
cons[火电机组启停状态约束2_27_34],0.0
cons[火电机组启停状态约束2_27_35],0.0
cons[火电机组启停状态约束2_27_36],0.0
cons[火电机组启停状态约束2_27_37],0.0
cons[火电机组启停状态约束2_27_38],0.0
cons[火电机组启停状态约束2_27_39],0.0
cons[火电机组启停状态约束2_27_40],0.0
cons[火电机组启停状态约束2_27_41],0.0
cons[火电机组启停状态约束2_27_42],0.0
cons[火电机组启停状态约束2_27_43],0.0
cons[火电机组启停状态约束2_27_44],0.0
cons[火电机组启停状态约束2_27_45],0.0
cons[火电机组启停状态约束2_27_46],0.0
cons[火电机组启停状态约束2_27_47],0.0
cons[火电机组启停状态约束2_27_48],0.0
cons[火电机组启停状态约束2_27_49],0.0
cons[火电机组启停状态约束2_27_50],0.0
cons[火电机组启停状态约束2_27_51],0.0
cons[火电机组启停状态约束2_27_52],0.0
cons[火电机组启停状态约束2_27_53],0.0
cons[火电机组启停状态约束2_27_54],0.0
cons[火电机组启停状态约束2_27_55],0.0
cons[火电机组启停状态约束2_27_56],0.0
cons[火电机组启停状态约束2_27_57],0.0
cons[火电机组启停状态约束2_27_58],0.0
cons[火电机组启停状态约束2_27_59],0.0
cons[火电机组启停状态约束2_27_60],0.0
cons[火电机组启停状态约束2_27_61],0.0
cons[火电机组启停状态约束2_27_62],0.0
cons[火电机组启停状态约束2_27_63],0.0
cons[火电机组启停状态约束2_27_64],0.0
cons[火电机组启停状态约束2_27_65],0.0
cons[火电机组启停状态约束2_27_66],0.0
cons[火电机组启停状态约束2_27_67],0.0
cons[火电机组启停状态约束2_27_68],0.0
cons[火电机组启停状态约束2_27_69],0.0
cons[火电机组启停状态约束2_27_70],0.0
cons[火电机组启停状态约束2_27_71],0.0
cons[火电机组启停状态约束2_27_72],0.0
cons[火电机组启停状态约束2_27_73],0.0
cons[火电机组启停状态约束2_27_74],0.0
cons[火电机组启停状态约束2_27_75],0.0
cons[火电机组启停状态约束2_27_76],0.0
cons[火电机组启停状态约束2_27_77],0.0
cons[火电机组启停状态约束2_27_78],0.0
cons[火电机组启停状态约束2_27_79],0.0
cons[火电机组启停状态约束2_27_80],0.0
cons[火电机组启停状态约束2_27_81],0.0
cons[火电机组启停状态约束2_27_82],0.0
cons[火电机组启停状态约束2_27_83],0.0
cons[火电机组启停状态约束2_27_84],0.0
cons[火电机组启停状态约束2_27_85],0.0
cons[火电机组启停状态约束2_27_86],0.0
cons[火电机组启停状态约束2_27_87],0.0
cons[火电机组启停状态约束2_27_88],0.0
cons[火电机组启停状态约束2_27_89],0.0
cons[火电机组启停状态约束2_27_90],0.0
cons[火电机组启停状态约束2_27_91],0.0
cons[火电机组启停状态约束2_27_92],0.0
cons[火电机组启停状态约束2_27_93],0.0
cons[火电机组启停状态约束2_27_94],0.0
cons[火电机组启停状态约束2_27_95],0.0
cons[火电机组启停状态约束2_28_0],0.0
cons[火电机组启停状态约束2_28_1],0.0
cons[火电机组启停状态约束2_28_2],0.0
cons[火电机组启停状态约束2_28_3],0.0
cons[火电机组启停状态约束2_28_4],0.0
cons[火电机组启停状态约束2_28_5],0.0
cons[火电机组启停状态约束2_28_6],0.0
cons[火电机组启停状态约束2_28_7],0.0
cons[火电机组启停状态约束2_28_8],0.0
cons[火电机组启停状态约束2_28_9],0.0
cons[火电机组启停状态约束2_28_10],0.0
cons[火电机组启停状态约束2_28_11],0.0
cons[火电机组启停状态约束2_28_12],0.0
cons[火电机组启停状态约束2_28_13],0.0
cons[火电机组启停状态约束2_28_14],0.0
cons[火电机组启停状态约束2_28_15],0.0
cons[火电机组启停状态约束2_28_16],0.0
cons[火电机组启停状态约束2_28_17],0.0
cons[火电机组启停状态约束2_28_18],0.0
cons[火电机组启停状态约束2_28_19],0.0
cons[火电机组启停状态约束2_28_20],0.0
cons[火电机组启停状态约束2_28_21],0.0
cons[火电机组启停状态约束2_28_22],0.0
cons[火电机组启停状态约束2_28_23],0.0
cons[火电机组启停状态约束2_28_24],0.0
cons[火电机组启停状态约束2_28_25],0.0
cons[火电机组启停状态约束2_28_26],0.0
cons[火电机组启停状态约束2_28_27],0.0
cons[火电机组启停状态约束2_28_28],0.0
cons[火电机组启停状态约束2_28_29],0.0
cons[火电机组启停状态约束2_28_30],0.0
cons[火电机组启停状态约束2_28_31],0.0
cons[火电机组启停状态约束2_28_32],0.0
cons[火电机组启停状态约束2_28_33],0.0
cons[火电机组启停状态约束2_28_34],0.0
cons[火电机组启停状态约束2_28_35],0.0
cons[火电机组启停状态约束2_28_36],0.0
cons[火电机组启停状态约束2_28_37],0.0
cons[火电机组启停状态约束2_28_38],0.0
cons[火电机组启停状态约束2_28_39],0.0
cons[火电机组启停状态约束2_28_40],0.0
cons[火电机组启停状态约束2_28_41],0.0
cons[火电机组启停状态约束2_28_42],0.0
cons[火电机组启停状态约束2_28_43],0.0
cons[火电机组启停状态约束2_28_44],0.0
cons[火电机组启停状态约束2_28_45],0.0
cons[火电机组启停状态约束2_28_46],0.0
cons[火电机组启停状态约束2_28_47],0.0
cons[火电机组启停状态约束2_28_48],0.0
cons[火电机组启停状态约束2_28_49],0.0
cons[火电机组启停状态约束2_28_50],0.0
cons[火电机组启停状态约束2_28_51],0.0
cons[火电机组启停状态约束2_28_52],0.0
cons[火电机组启停状态约束2_28_53],0.0
cons[火电机组启停状态约束2_28_54],0.0
cons[火电机组启停状态约束2_28_55],0.0
cons[火电机组启停状态约束2_28_56],0.0
cons[火电机组启停状态约束2_28_57],0.0
cons[火电机组启停状态约束2_28_58],0.0
cons[火电机组启停状态约束2_28_59],0.0
cons[火电机组启停状态约束2_28_60],0.0
cons[火电机组启停状态约束2_28_61],0.0
cons[火电机组启停状态约束2_28_62],0.0
cons[火电机组启停状态约束2_28_63],0.0
cons[火电机组启停状态约束2_28_64],0.0
cons[火电机组启停状态约束2_28_65],0.0
cons[火电机组启停状态约束2_28_66],0.0
cons[火电机组启停状态约束2_28_67],0.0
cons[火电机组启停状态约束2_28_68],0.0
cons[火电机组启停状态约束2_28_69],0.0
cons[火电机组启停状态约束2_28_70],0.0
cons[火电机组启停状态约束2_28_71],0.0
cons[火电机组启停状态约束2_28_72],0.0
cons[火电机组启停状态约束2_28_73],0.0
cons[火电机组启停状态约束2_28_74],0.0
cons[火电机组启停状态约束2_28_75],0.0
cons[火电机组启停状态约束2_28_76],0.0
cons[火电机组启停状态约束2_28_77],0.0
cons[火电机组启停状态约束2_28_78],0.0
cons[火电机组启停状态约束2_28_79],0.0
cons[火电机组启停状态约束2_28_80],0.0
cons[火电机组启停状态约束2_28_81],0.0
cons[火电机组启停状态约束2_28_82],0.0
cons[火电机组启停状态约束2_28_83],0.0
cons[火电机组启停状态约束2_28_84],0.0
cons[火电机组启停状态约束2_28_85],0.0
cons[火电机组启停状态约束2_28_86],0.0
cons[火电机组启停状态约束2_28_87],0.0
cons[火电机组启停状态约束2_28_88],0.0
cons[火电机组启停状态约束2_28_89],0.0
cons[火电机组启停状态约束2_28_90],0.0
cons[火电机组启停状态约束2_28_91],0.0
cons[火电机组启停状态约束2_28_92],0.0
cons[火电机组启停状态约束2_28_93],0.0
cons[火电机组启停状态约束2_28_94],0.0
cons[火电机组启停状态约束2_28_95],0.0
cons[火电机组启停状态约束2_29_0],0.0
cons[火电机组启停状态约束2_29_1],0.0
cons[火电机组启停状态约束2_29_2],0.0
cons[火电机组启停状态约束2_29_3],0.0
cons[火电机组启停状态约束2_29_4],0.0
cons[火电机组启停状态约束2_29_5],0.0
cons[火电机组启停状态约束2_29_6],0.0
cons[火电机组启停状态约束2_29_7],0.0
cons[火电机组启停状态约束2_29_8],0.0
cons[火电机组启停状态约束2_29_9],0.0
cons[火电机组启停状态约束2_29_10],0.0
cons[火电机组启停状态约束2_29_11],0.0
cons[火电机组启停状态约束2_29_12],0.0
cons[火电机组启停状态约束2_29_13],0.0
cons[火电机组启停状态约束2_29_14],0.0
cons[火电机组启停状态约束2_29_15],0.0
cons[火电机组启停状态约束2_29_16],0.0
cons[火电机组启停状态约束2_29_17],0.0
cons[火电机组启停状态约束2_29_18],0.0
cons[火电机组启停状态约束2_29_19],0.0
cons[火电机组启停状态约束2_29_20],0.0
cons[火电机组启停状态约束2_29_21],0.0
cons[火电机组启停状态约束2_29_22],0.0
cons[火电机组启停状态约束2_29_23],0.0
cons[火电机组启停状态约束2_29_24],0.0
cons[火电机组启停状态约束2_29_25],0.0
cons[火电机组启停状态约束2_29_26],0.0
cons[火电机组启停状态约束2_29_27],0.0
cons[火电机组启停状态约束2_29_28],0.0
cons[火电机组启停状态约束2_29_29],0.0
cons[火电机组启停状态约束2_29_30],0.0
cons[火电机组启停状态约束2_29_31],0.0
cons[火电机组启停状态约束2_29_32],0.0
cons[火电机组启停状态约束2_29_33],0.0
cons[火电机组启停状态约束2_29_34],0.0
cons[火电机组启停状态约束2_29_35],0.0
cons[火电机组启停状态约束2_29_36],0.0
cons[火电机组启停状态约束2_29_37],0.0
cons[火电机组启停状态约束2_29_38],0.0
cons[火电机组启停状态约束2_29_39],0.0
cons[火电机组启停状态约束2_29_40],0.0
cons[火电机组启停状态约束2_29_41],0.0
cons[火电机组启停状态约束2_29_42],0.0
cons[火电机组启停状态约束2_29_43],0.0
cons[火电机组启停状态约束2_29_44],0.0
cons[火电机组启停状态约束2_29_45],0.0
cons[火电机组启停状态约束2_29_46],0.0
cons[火电机组启停状态约束2_29_47],0.0
cons[火电机组启停状态约束2_29_48],0.0
cons[火电机组启停状态约束2_29_49],0.0
cons[火电机组启停状态约束2_29_50],0.0
cons[火电机组启停状态约束2_29_51],0.0
cons[火电机组启停状态约束2_29_52],0.0
cons[火电机组启停状态约束2_29_53],0.0
cons[火电机组启停状态约束2_29_54],0.0
cons[火电机组启停状态约束2_29_55],0.0
cons[火电机组启停状态约束2_29_56],0.0
cons[火电机组启停状态约束2_29_57],0.0
cons[火电机组启停状态约束2_29_58],0.0
cons[火电机组启停状态约束2_29_59],0.0
cons[火电机组启停状态约束2_29_60],0.0
cons[火电机组启停状态约束2_29_61],0.0
cons[火电机组启停状态约束2_29_62],0.0
cons[火电机组启停状态约束2_29_63],0.0
cons[火电机组启停状态约束2_29_64],0.0
cons[火电机组启停状态约束2_29_65],0.0
cons[火电机组启停状态约束2_29_66],0.0
cons[火电机组启停状态约束2_29_67],0.0
cons[火电机组启停状态约束2_29_68],0.0
cons[火电机组启停状态约束2_29_69],0.0
cons[火电机组启停状态约束2_29_70],0.0
cons[火电机组启停状态约束2_29_71],0.0
cons[火电机组启停状态约束2_29_72],0.0
cons[火电机组启停状态约束2_29_73],0.0
cons[火电机组启停状态约束2_29_74],0.0
cons[火电机组启停状态约束2_29_75],0.0
cons[火电机组启停状态约束2_29_76],0.0
cons[火电机组启停状态约束2_29_77],0.0
cons[火电机组启停状态约束2_29_78],0.0
cons[火电机组启停状态约束2_29_79],0.0
cons[火电机组启停状态约束2_29_80],0.0
cons[火电机组启停状态约束2_29_81],0.0
cons[火电机组启停状态约束2_29_82],0.0
cons[火电机组启停状态约束2_29_83],0.0
cons[火电机组启停状态约束2_29_84],0.0
cons[火电机组启停状态约束2_29_85],0.0
cons[火电机组启停状态约束2_29_86],0.0
cons[火电机组启停状态约束2_29_87],0.0
cons[火电机组启停状态约束2_29_88],0.0
cons[火电机组启停状态约束2_29_89],0.0
cons[火电机组启停状态约束2_29_90],0.0
cons[火电机组启停状态约束2_29_91],0.0
cons[火电机组启停状态约束2_29_92],0.0
cons[火电机组启停状态约束2_29_93],0.0
cons[火电机组启停状态约束2_29_94],0.0
cons[火电机组启停状态约束2_29_95],0.0
cons[火电机组启停状态约束2_30_0],0.0
cons[火电机组启停状态约束2_30_1],0.0
cons[火电机组启停状态约束2_30_2],0.0
cons[火电机组启停状态约束2_30_3],0.0
cons[火电机组启停状态约束2_30_4],0.0
cons[火电机组启停状态约束2_30_5],0.0
cons[火电机组启停状态约束2_30_6],0.0
cons[火电机组启停状态约束2_30_7],0.0
cons[火电机组启停状态约束2_30_8],0.0
cons[火电机组启停状态约束2_30_9],0.0
cons[火电机组启停状态约束2_30_10],0.0
cons[火电机组启停状态约束2_30_11],0.0
cons[火电机组启停状态约束2_30_12],0.0
cons[火电机组启停状态约束2_30_13],0.0
cons[火电机组启停状态约束2_30_14],0.0
cons[火电机组启停状态约束2_30_15],0.0
cons[火电机组启停状态约束2_30_16],0.0
cons[火电机组启停状态约束2_30_17],0.0
cons[火电机组启停状态约束2_30_18],0.0
cons[火电机组启停状态约束2_30_19],0.0
cons[火电机组启停状态约束2_30_20],0.0
cons[火电机组启停状态约束2_30_21],0.0
cons[火电机组启停状态约束2_30_22],0.0
cons[火电机组启停状态约束2_30_23],0.0
cons[火电机组启停状态约束2_30_24],0.0
cons[火电机组启停状态约束2_30_25],0.0
cons[火电机组启停状态约束2_30_26],0.0
cons[火电机组启停状态约束2_30_27],0.0
cons[火电机组启停状态约束2_30_28],0.0
cons[火电机组启停状态约束2_30_29],0.0
cons[火电机组启停状态约束2_30_30],0.0
cons[火电机组启停状态约束2_30_31],0.0
cons[火电机组启停状态约束2_30_32],0.0
cons[火电机组启停状态约束2_30_33],0.0
cons[火电机组启停状态约束2_30_34],0.0
cons[火电机组启停状态约束2_30_35],0.0
cons[火电机组启停状态约束2_30_36],0.0
cons[火电机组启停状态约束2_30_37],0.0
cons[火电机组启停状态约束2_30_38],0.0
cons[火电机组启停状态约束2_30_39],0.0
cons[火电机组启停状态约束2_30_40],0.0
cons[火电机组启停状态约束2_30_41],0.0
cons[火电机组启停状态约束2_30_42],0.0
cons[火电机组启停状态约束2_30_43],0.0
cons[火电机组启停状态约束2_30_44],0.0
cons[火电机组启停状态约束2_30_45],0.0
cons[火电机组启停状态约束2_30_46],0.0
cons[火电机组启停状态约束2_30_47],0.0
cons[火电机组启停状态约束2_30_48],0.0
cons[火电机组启停状态约束2_30_49],0.0
cons[火电机组启停状态约束2_30_50],0.0
cons[火电机组启停状态约束2_30_51],0.0
cons[火电机组启停状态约束2_30_52],0.0
cons[火电机组启停状态约束2_30_53],0.0
cons[火电机组启停状态约束2_30_54],0.0
cons[火电机组启停状态约束2_30_55],0.0
cons[火电机组启停状态约束2_30_56],0.0
cons[火电机组启停状态约束2_30_57],0.0
cons[火电机组启停状态约束2_30_58],0.0
cons[火电机组启停状态约束2_30_59],0.0
cons[火电机组启停状态约束2_30_60],0.0
cons[火电机组启停状态约束2_30_61],0.0
cons[火电机组启停状态约束2_30_62],0.0
cons[火电机组启停状态约束2_30_63],0.0
cons[火电机组启停状态约束2_30_64],0.0
cons[火电机组启停状态约束2_30_65],0.0
cons[火电机组启停状态约束2_30_66],0.0
cons[火电机组启停状态约束2_30_67],0.0
cons[火电机组启停状态约束2_30_68],0.0
cons[火电机组启停状态约束2_30_69],0.0
cons[火电机组启停状态约束2_30_70],0.0
cons[火电机组启停状态约束2_30_71],0.0
cons[火电机组启停状态约束2_30_72],0.0
cons[火电机组启停状态约束2_30_73],0.0
cons[火电机组启停状态约束2_30_74],0.0
cons[火电机组启停状态约束2_30_75],0.0
cons[火电机组启停状态约束2_30_76],0.0
cons[火电机组启停状态约束2_30_77],0.0
cons[火电机组启停状态约束2_30_78],0.0
cons[火电机组启停状态约束2_30_79],0.0
cons[火电机组启停状态约束2_30_80],0.0
cons[火电机组启停状态约束2_30_81],0.0
cons[火电机组启停状态约束2_30_82],0.0
cons[火电机组启停状态约束2_30_83],0.0
cons[火电机组启停状态约束2_30_84],0.0
cons[火电机组启停状态约束2_30_85],0.0
cons[火电机组启停状态约束2_30_86],0.0
cons[火电机组启停状态约束2_30_87],0.0
cons[火电机组启停状态约束2_30_88],0.0
cons[火电机组启停状态约束2_30_89],0.0
cons[火电机组启停状态约束2_30_90],0.0
cons[火电机组启停状态约束2_30_91],0.0
cons[火电机组启停状态约束2_30_92],0.0
cons[火电机组启停状态约束2_30_93],0.0
cons[火电机组启停状态约束2_30_94],0.0
cons[火电机组启停状态约束2_30_95],0.0
cons[火电机组启停状态约束2_31_0],0.0
cons[火电机组启停状态约束2_31_1],0.0
cons[火电机组启停状态约束2_31_2],0.0
cons[火电机组启停状态约束2_31_3],0.0
cons[火电机组启停状态约束2_31_4],0.0
cons[火电机组启停状态约束2_31_5],0.0
cons[火电机组启停状态约束2_31_6],0.0
cons[火电机组启停状态约束2_31_7],0.0
cons[火电机组启停状态约束2_31_8],0.0
cons[火电机组启停状态约束2_31_9],0.0
cons[火电机组启停状态约束2_31_10],0.0
cons[火电机组启停状态约束2_31_11],0.0
cons[火电机组启停状态约束2_31_12],0.0
cons[火电机组启停状态约束2_31_13],0.0
cons[火电机组启停状态约束2_31_14],0.0
cons[火电机组启停状态约束2_31_15],0.0
cons[火电机组启停状态约束2_31_16],0.0
cons[火电机组启停状态约束2_31_17],0.0
cons[火电机组启停状态约束2_31_18],0.0
cons[火电机组启停状态约束2_31_19],0.0
cons[火电机组启停状态约束2_31_20],0.0
cons[火电机组启停状态约束2_31_21],0.0
cons[火电机组启停状态约束2_31_22],0.0
cons[火电机组启停状态约束2_31_23],0.0
cons[火电机组启停状态约束2_31_24],0.0
cons[火电机组启停状态约束2_31_25],0.0
cons[火电机组启停状态约束2_31_26],0.0
cons[火电机组启停状态约束2_31_27],0.0
cons[火电机组启停状态约束2_31_28],0.0
cons[火电机组启停状态约束2_31_29],0.0
cons[火电机组启停状态约束2_31_30],0.0
cons[火电机组启停状态约束2_31_31],0.0
cons[火电机组启停状态约束2_31_32],0.0
cons[火电机组启停状态约束2_31_33],0.0
cons[火电机组启停状态约束2_31_34],0.0
cons[火电机组启停状态约束2_31_35],0.0
cons[火电机组启停状态约束2_31_36],0.0
cons[火电机组启停状态约束2_31_37],0.0
cons[火电机组启停状态约束2_31_38],0.0
cons[火电机组启停状态约束2_31_39],0.0
cons[火电机组启停状态约束2_31_40],0.0
cons[火电机组启停状态约束2_31_41],0.0
cons[火电机组启停状态约束2_31_42],0.0
cons[火电机组启停状态约束2_31_43],0.0
cons[火电机组启停状态约束2_31_44],0.0
cons[火电机组启停状态约束2_31_45],0.0
cons[火电机组启停状态约束2_31_46],0.0
cons[火电机组启停状态约束2_31_47],0.0
cons[火电机组启停状态约束2_31_48],0.0
cons[火电机组启停状态约束2_31_49],0.0
cons[火电机组启停状态约束2_31_50],0.0
cons[火电机组启停状态约束2_31_51],0.0
cons[火电机组启停状态约束2_31_52],0.0
cons[火电机组启停状态约束2_31_53],0.0
cons[火电机组启停状态约束2_31_54],0.0
cons[火电机组启停状态约束2_31_55],0.0
cons[火电机组启停状态约束2_31_56],0.0
cons[火电机组启停状态约束2_31_57],0.0
cons[火电机组启停状态约束2_31_58],0.0
cons[火电机组启停状态约束2_31_59],0.0
cons[火电机组启停状态约束2_31_60],0.0
cons[火电机组启停状态约束2_31_61],0.0
cons[火电机组启停状态约束2_31_62],0.0
cons[火电机组启停状态约束2_31_63],0.0
cons[火电机组启停状态约束2_31_64],0.0
cons[火电机组启停状态约束2_31_65],0.0
cons[火电机组启停状态约束2_31_66],0.0
cons[火电机组启停状态约束2_31_67],0.0
cons[火电机组启停状态约束2_31_68],0.0
cons[火电机组启停状态约束2_31_69],0.0
cons[火电机组启停状态约束2_31_70],0.0
cons[火电机组启停状态约束2_31_71],0.0
cons[火电机组启停状态约束2_31_72],0.0
cons[火电机组启停状态约束2_31_73],0.0
cons[火电机组启停状态约束2_31_74],0.0
cons[火电机组启停状态约束2_31_75],0.0
cons[火电机组启停状态约束2_31_76],0.0
cons[火电机组启停状态约束2_31_77],0.0
cons[火电机组启停状态约束2_31_78],0.0
cons[火电机组启停状态约束2_31_79],0.0
cons[火电机组启停状态约束2_31_80],0.0
cons[火电机组启停状态约束2_31_81],0.0
cons[火电机组启停状态约束2_31_82],0.0
cons[火电机组启停状态约束2_31_83],0.0
cons[火电机组启停状态约束2_31_84],0.0
cons[火电机组启停状态约束2_31_85],0.0
cons[火电机组启停状态约束2_31_86],0.0
cons[火电机组启停状态约束2_31_87],0.0
cons[火电机组启停状态约束2_31_88],0.0
cons[火电机组启停状态约束2_31_89],0.0
cons[火电机组启停状态约束2_31_90],0.0
cons[火电机组启停状态约束2_31_91],0.0
cons[火电机组启停状态约束2_31_92],0.0
cons[火电机组启停状态约束2_31_93],0.0
cons[火电机组启停状态约束2_31_94],0.0
cons[火电机组启停状态约束2_31_95],0.0
cons[火电机组最大启停次数约束_0],0.0
cons[火电机组最大启停次数约束_1],0.0
cons[火电机组最大启停次数约束_2],0.0
cons[火电机组最大启停次数约束_3],0.0
cons[火电机组最大启停次数约束_4],0.0
cons[火电机组最大启停次数约束_5],0.0
cons[火电机组最大启停次数约束_6],0.0
cons[火电机组最大启停次数约束_7],0.0
cons[火电机组最大启停次数约束_8],0.0
cons[火电机组最大启停次数约束_9],0.0
cons[火电机组最大启停次数约束_10],0.0
cons[火电机组最大启停次数约束_11],0.0
cons[火电机组最大启停次数约束_12],0.0
cons[火电机组最大启停次数约束_13],0.0
cons[火电机组最大启停次数约束_14],0.0
cons[火电机组最大启停次数约束_15],0.0
cons[火电机组最大启停次数约束_16],0.0
cons[火电机组最大启停次数约束_17],0.0
cons[火电机组最大启停次数约束_18],0.0
cons[火电机组最大启停次数约束_19],0.0
cons[火电机组最大启停次数约束_20],0.0
cons[火电机组最大启停次数约束_21],0.0
cons[火电机组最大启停次数约束_22],0.0
cons[火电机组最大启停次数约束_23],0.0
cons[火电机组最大启停次数约束_24],0.0
cons[火电机组最大启停次数约束_25],0.0
cons[火电机组最大启停次数约束_26],0.0
cons[火电机组最大启停次数约束_27],0.0
cons[火电机组最大启停次数约束_28],0.0
cons[火电机组最大启停次数约束_29],0.0
cons[火电机组最大启停次数约束_30],0.0
cons[火电机组最大启停次数约束_31],0.0
cons[火电机组最小开机时间约束1_0_0],0.0
cons[火电机组最小开机时间约束1_0_1],0.0
cons[火电机组最小开机时间约束1_0_2],0.0
cons[火电机组最小开机时间约束1_0_3],0.0
cons[火电机组最小开机时间约束1_0_4],0.0
cons[火电机组最小开机时间约束1_0_5],0.0
cons[火电机组最小开机时间约束1_0_6],0.0
cons[火电机组最小开机时间约束1_0_7],0.0
cons[火电机组最小开机时间约束1_0_8],0.0
cons[火电机组最小开机时间约束1_0_9],0.0
cons[火电机组最小开机时间约束1_0_10],0.0
cons[火电机组最小开机时间约束1_0_11],0.0
cons[火电机组最小开机时间约束1_0_12],0.0
cons[火电机组最小开机时间约束1_0_13],0.0
cons[火电机组最小开机时间约束1_0_14],0.0
cons[火电机组最小开机时间约束1_0_15],0.0
cons[火电机组最小开机时间约束1_0_16],0.0
cons[火电机组最小开机时间约束1_0_17],0.0
cons[火电机组最小开机时间约束1_0_18],0.0
cons[火电机组最小开机时间约束1_0_19],0.0
cons[火电机组最小开机时间约束1_0_20],0.0
cons[火电机组最小开机时间约束1_0_21],0.0
cons[火电机组最小开机时间约束1_0_22],0.0
cons[火电机组最小开机时间约束1_0_23],0.0
cons[火电机组最小开机时间约束1_0_24],0.0
cons[火电机组最小开机时间约束1_0_25],0.0
cons[火电机组最小开机时间约束1_0_26],0.0
cons[火电机组最小开机时间约束1_0_27],0.0
cons[火电机组最小开机时间约束1_0_28],0.0
cons[火电机组最小开机时间约束1_0_29],0.0
cons[火电机组最小开机时间约束1_0_30],0.0
cons[火电机组最小开机时间约束1_0_31],0.0
cons[火电机组最小开机时间约束1_0_32],0.0
cons[火电机组最小开机时间约束1_0_33],0.0
cons[火电机组最小开机时间约束1_0_34],0.0
cons[火电机组最小开机时间约束1_0_35],0.0
cons[火电机组最小开机时间约束1_0_36],0.0
cons[火电机组最小开机时间约束1_0_37],0.0
cons[火电机组最小开机时间约束1_0_38],0.0
cons[火电机组最小开机时间约束1_0_39],0.0
cons[火电机组最小开机时间约束1_0_40],0.0
cons[火电机组最小开机时间约束1_0_41],0.0
cons[火电机组最小开机时间约束1_0_42],0.0
cons[火电机组最小开机时间约束1_0_43],0.0
cons[火电机组最小开机时间约束1_0_44],0.0
cons[火电机组最小开机时间约束1_0_45],0.0
cons[火电机组最小开机时间约束1_0_46],0.0
cons[火电机组最小开机时间约束1_0_47],0.0
cons[火电机组最小开机时间约束1_0_48],0.0
cons[火电机组最小开机时间约束1_0_49],0.0
cons[火电机组最小开机时间约束1_0_50],0.0
cons[火电机组最小开机时间约束1_0_51],0.0
cons[火电机组最小开机时间约束1_0_52],0.0
cons[火电机组最小开机时间约束1_0_53],0.0
cons[火电机组最小开机时间约束1_0_54],0.0
cons[火电机组最小开机时间约束1_0_55],0.0
cons[火电机组最小开机时间约束1_0_56],0.0
cons[火电机组最小开机时间约束1_0_57],0.0
cons[火电机组最小开机时间约束1_0_58],0.0
cons[火电机组最小开机时间约束1_0_59],0.0
cons[火电机组最小开机时间约束1_0_60],0.0
cons[火电机组最小开机时间约束1_0_61],0.0
cons[火电机组最小开机时间约束1_0_62],0.0
cons[火电机组最小开机时间约束1_0_63],0.0
cons[火电机组最小开机时间约束2_0_64],0.0
cons[火电机组最小开机时间约束2_0_65],0.0
cons[火电机组最小开机时间约束2_0_66],0.0
cons[火电机组最小开机时间约束2_0_67],0.0
cons[火电机组最小开机时间约束2_0_68],0.0
cons[火电机组最小开机时间约束2_0_69],0.0
cons[火电机组最小开机时间约束2_0_70],0.0
cons[火电机组最小开机时间约束2_0_71],0.0
cons[火电机组最小开机时间约束2_0_72],0.0
cons[火电机组最小开机时间约束2_0_73],0.0
cons[火电机组最小开机时间约束2_0_74],0.0
cons[火电机组最小开机时间约束2_0_75],0.0
cons[火电机组最小开机时间约束2_0_76],0.0
cons[火电机组最小开机时间约束2_0_77],0.0
cons[火电机组最小开机时间约束2_0_78],0.0
cons[火电机组最小开机时间约束2_0_79],0.0
cons[火电机组最小开机时间约束2_0_80],0.0
cons[火电机组最小开机时间约束2_0_81],0.0
cons[火电机组最小开机时间约束2_0_82],0.0
cons[火电机组最小开机时间约束2_0_83],0.0
cons[火电机组最小开机时间约束2_0_84],0.0
cons[火电机组最小开机时间约束2_0_85],0.0
cons[火电机组最小开机时间约束2_0_86],0.0
cons[火电机组最小开机时间约束2_0_87],0.0
cons[火电机组最小开机时间约束2_0_88],0.0
cons[火电机组最小开机时间约束2_0_89],0.0
cons[火电机组最小开机时间约束2_0_90],0.0
cons[火电机组最小开机时间约束2_0_91],0.0
cons[火电机组最小开机时间约束2_0_92],0.0
cons[火电机组最小开机时间约束2_0_93],0.0
cons[火电机组最小开机时间约束2_0_94],0.0
cons[火电机组最小开机时间约束2_0_95],0.0
cons[火电机组最小停机时间约束1_0_0],0.0
cons[火电机组最小停机时间约束1_0_1],0.0
cons[火电机组最小停机时间约束1_0_2],0.0
cons[火电机组最小停机时间约束1_0_3],0.0
cons[火电机组最小停机时间约束1_0_4],0.0
cons[火电机组最小停机时间约束1_0_5],0.0
cons[火电机组最小停机时间约束1_0_6],0.0
cons[火电机组最小停机时间约束1_0_7],0.0
cons[火电机组最小停机时间约束1_0_8],0.0
cons[火电机组最小停机时间约束1_0_9],0.0
cons[火电机组最小停机时间约束1_0_10],0.0
cons[火电机组最小停机时间约束1_0_11],0.0
cons[火电机组最小停机时间约束1_0_12],0.0
cons[火电机组最小停机时间约束1_0_13],0.0
cons[火电机组最小停机时间约束1_0_14],0.0
cons[火电机组最小停机时间约束1_0_15],0.0
cons[火电机组最小停机时间约束1_0_16],0.0
cons[火电机组最小停机时间约束1_0_17],0.0
cons[火电机组最小停机时间约束1_0_18],0.0
cons[火电机组最小停机时间约束1_0_19],0.0
cons[火电机组最小停机时间约束1_0_20],0.0
cons[火电机组最小停机时间约束1_0_21],0.0
cons[火电机组最小停机时间约束1_0_22],0.0
cons[火电机组最小停机时间约束1_0_23],0.0
cons[火电机组最小停机时间约束1_0_24],0.0
cons[火电机组最小停机时间约束1_0_25],0.0
cons[火电机组最小停机时间约束1_0_26],0.0
cons[火电机组最小停机时间约束1_0_27],0.0
cons[火电机组最小停机时间约束1_0_28],0.0
cons[火电机组最小停机时间约束1_0_29],0.0
cons[火电机组最小停机时间约束1_0_30],0.0
cons[火电机组最小停机时间约束1_0_31],0.0
cons[火电机组最小停机时间约束1_0_32],0.0
cons[火电机组最小停机时间约束1_0_33],0.0
cons[火电机组最小停机时间约束1_0_34],0.0
cons[火电机组最小停机时间约束1_0_35],0.0
cons[火电机组最小停机时间约束1_0_36],0.0
cons[火电机组最小停机时间约束1_0_37],0.0
cons[火电机组最小停机时间约束1_0_38],0.0
cons[火电机组最小停机时间约束1_0_39],0.0
cons[火电机组最小停机时间约束1_0_40],0.0
cons[火电机组最小停机时间约束1_0_41],0.0
cons[火电机组最小停机时间约束1_0_42],0.0
cons[火电机组最小停机时间约束1_0_43],0.0
cons[火电机组最小停机时间约束1_0_44],0.0
cons[火电机组最小停机时间约束1_0_45],0.0
cons[火电机组最小停机时间约束1_0_46],0.0
cons[火电机组最小停机时间约束1_0_47],0.0
cons[火电机组最小停机时间约束1_0_48],0.0
cons[火电机组最小停机时间约束1_0_49],0.0
cons[火电机组最小停机时间约束1_0_50],0.0
cons[火电机组最小停机时间约束1_0_51],0.0
cons[火电机组最小停机时间约束1_0_52],0.0
cons[火电机组最小停机时间约束1_0_53],0.0
cons[火电机组最小停机时间约束1_0_54],0.0
cons[火电机组最小停机时间约束1_0_55],0.0
cons[火电机组最小停机时间约束1_0_56],0.0
cons[火电机组最小停机时间约束1_0_57],0.0
cons[火电机组最小停机时间约束1_0_58],0.0
cons[火电机组最小停机时间约束1_0_59],0.0
cons[火电机组最小停机时间约束1_0_60],0.0
cons[火电机组最小停机时间约束1_0_61],0.0
cons[火电机组最小停机时间约束1_0_62],0.0
cons[火电机组最小停机时间约束1_0_63],0.0
cons[火电机组最小停机时间约束1_0_64],0.0
cons[火电机组最小停机时间约束1_0_65],0.0
cons[火电机组最小停机时间约束1_0_66],0.0
cons[火电机组最小停机时间约束1_0_67],0.0
cons[火电机组最小停机时间约束1_0_68],0.0
cons[火电机组最小停机时间约束1_0_69],0.0
cons[火电机组最小停机时间约束1_0_70],0.0
cons[火电机组最小停机时间约束1_0_71],0.0
cons[火电机组最小停机时间约束1_0_72],0.0
cons[火电机组最小停机时间约束1_0_73],0.0
cons[火电机组最小停机时间约束1_0_74],0.0
cons[火电机组最小停机时间约束1_0_75],0.0
cons[火电机组最小停机时间约束2_0_76],0.0
cons[火电机组最小停机时间约束2_0_77],0.0
cons[火电机组最小停机时间约束2_0_78],0.0
cons[火电机组最小停机时间约束2_0_79],0.0
cons[火电机组最小停机时间约束2_0_80],0.0
cons[火电机组最小停机时间约束2_0_81],0.0
cons[火电机组最小停机时间约束2_0_82],0.0
cons[火电机组最小停机时间约束2_0_83],0.0
cons[火电机组最小停机时间约束2_0_84],0.0
cons[火电机组最小停机时间约束2_0_85],0.0
cons[火电机组最小停机时间约束2_0_86],0.0
cons[火电机组最小停机时间约束2_0_87],0.0
cons[火电机组最小停机时间约束2_0_88],0.0
cons[火电机组最小停机时间约束2_0_89],0.0
cons[火电机组最小停机时间约束2_0_90],0.0
cons[火电机组最小停机时间约束2_0_91],0.0
cons[火电机组最小停机时间约束2_0_92],0.0
cons[火电机组最小停机时间约束2_0_93],0.0
cons[火电机组最小停机时间约束2_0_94],0.0
cons[火电机组最小停机时间约束2_0_95],0.0
cons[火电机组最小开机时间约束1_1_0],0.0
cons[火电机组最小开机时间约束1_1_1],0.0
cons[火电机组最小开机时间约束1_1_2],0.0
cons[火电机组最小开机时间约束1_1_3],0.0
cons[火电机组最小开机时间约束1_1_4],0.0
cons[火电机组最小开机时间约束1_1_5],0.0
cons[火电机组最小开机时间约束1_1_6],0.0
cons[火电机组最小开机时间约束1_1_7],0.0
cons[火电机组最小开机时间约束1_1_8],0.0
cons[火电机组最小开机时间约束1_1_9],0.0
cons[火电机组最小开机时间约束1_1_10],0.0
cons[火电机组最小开机时间约束1_1_11],0.0
cons[火电机组最小开机时间约束1_1_12],0.0
cons[火电机组最小开机时间约束1_1_13],0.0
cons[火电机组最小开机时间约束1_1_14],0.0
cons[火电机组最小开机时间约束1_1_15],0.0
cons[火电机组最小开机时间约束1_1_16],0.0
cons[火电机组最小开机时间约束1_1_17],0.0
cons[火电机组最小开机时间约束1_1_18],0.0
cons[火电机组最小开机时间约束1_1_19],0.0
cons[火电机组最小开机时间约束1_1_20],0.0
cons[火电机组最小开机时间约束1_1_21],0.0
cons[火电机组最小开机时间约束1_1_22],0.0
cons[火电机组最小开机时间约束1_1_23],0.0
cons[火电机组最小开机时间约束1_1_24],0.0
cons[火电机组最小开机时间约束1_1_25],0.0
cons[火电机组最小开机时间约束1_1_26],0.0
cons[火电机组最小开机时间约束1_1_27],0.0
cons[火电机组最小开机时间约束1_1_28],0.0
cons[火电机组最小开机时间约束1_1_29],0.0
cons[火电机组最小开机时间约束1_1_30],0.0
cons[火电机组最小开机时间约束1_1_31],0.0
cons[火电机组最小开机时间约束1_1_32],0.0
cons[火电机组最小开机时间约束1_1_33],0.0
cons[火电机组最小开机时间约束1_1_34],0.0
cons[火电机组最小开机时间约束1_1_35],0.0
cons[火电机组最小开机时间约束1_1_36],0.0
cons[火电机组最小开机时间约束1_1_37],0.0
cons[火电机组最小开机时间约束1_1_38],0.0
cons[火电机组最小开机时间约束1_1_39],0.0
cons[火电机组最小开机时间约束1_1_40],0.0
cons[火电机组最小开机时间约束1_1_41],0.0
cons[火电机组最小开机时间约束1_1_42],0.0
cons[火电机组最小开机时间约束1_1_43],0.0
cons[火电机组最小开机时间约束1_1_44],0.0
cons[火电机组最小开机时间约束1_1_45],0.0
cons[火电机组最小开机时间约束1_1_46],0.0
cons[火电机组最小开机时间约束1_1_47],0.0
cons[火电机组最小开机时间约束1_1_48],0.0
cons[火电机组最小开机时间约束1_1_49],0.0
cons[火电机组最小开机时间约束1_1_50],0.0
cons[火电机组最小开机时间约束1_1_51],0.0
cons[火电机组最小开机时间约束1_1_52],0.0
cons[火电机组最小开机时间约束1_1_53],0.0
cons[火电机组最小开机时间约束1_1_54],0.0
cons[火电机组最小开机时间约束1_1_55],0.0
cons[火电机组最小开机时间约束1_1_56],0.0
cons[火电机组最小开机时间约束1_1_57],0.0
cons[火电机组最小开机时间约束1_1_58],0.0
cons[火电机组最小开机时间约束1_1_59],0.0
cons[火电机组最小开机时间约束1_1_60],0.0
cons[火电机组最小开机时间约束1_1_61],0.0
cons[火电机组最小开机时间约束1_1_62],0.0
cons[火电机组最小开机时间约束1_1_63],0.0
cons[火电机组最小开机时间约束2_1_64],0.0
cons[火电机组最小开机时间约束2_1_65],0.0
cons[火电机组最小开机时间约束2_1_66],0.0
cons[火电机组最小开机时间约束2_1_67],0.0
cons[火电机组最小开机时间约束2_1_68],0.0
cons[火电机组最小开机时间约束2_1_69],0.0
cons[火电机组最小开机时间约束2_1_70],0.0
cons[火电机组最小开机时间约束2_1_71],0.0
cons[火电机组最小开机时间约束2_1_72],0.0
cons[火电机组最小开机时间约束2_1_73],0.0
cons[火电机组最小开机时间约束2_1_74],0.0
cons[火电机组最小开机时间约束2_1_75],0.0
cons[火电机组最小开机时间约束2_1_76],0.0
cons[火电机组最小开机时间约束2_1_77],0.0
cons[火电机组最小开机时间约束2_1_78],0.0
cons[火电机组最小开机时间约束2_1_79],0.0
cons[火电机组最小开机时间约束2_1_80],0.0
cons[火电机组最小开机时间约束2_1_81],0.0
cons[火电机组最小开机时间约束2_1_82],0.0
cons[火电机组最小开机时间约束2_1_83],0.0
cons[火电机组最小开机时间约束2_1_84],0.0
cons[火电机组最小开机时间约束2_1_85],0.0
cons[火电机组最小开机时间约束2_1_86],0.0
cons[火电机组最小开机时间约束2_1_87],0.0
cons[火电机组最小开机时间约束2_1_88],0.0
cons[火电机组最小开机时间约束2_1_89],0.0
cons[火电机组最小开机时间约束2_1_90],0.0
cons[火电机组最小开机时间约束2_1_91],0.0
cons[火电机组最小开机时间约束2_1_92],0.0
cons[火电机组最小开机时间约束2_1_93],0.0
cons[火电机组最小开机时间约束2_1_94],0.0
cons[火电机组最小开机时间约束2_1_95],0.0
cons[火电机组最小停机时间约束1_1_0],0.0
cons[火电机组最小停机时间约束1_1_1],0.0
cons[火电机组最小停机时间约束1_1_2],0.0
cons[火电机组最小停机时间约束1_1_3],0.0
cons[火电机组最小停机时间约束1_1_4],0.0
cons[火电机组最小停机时间约束1_1_5],0.0
cons[火电机组最小停机时间约束1_1_6],0.0
cons[火电机组最小停机时间约束1_1_7],0.0
cons[火电机组最小停机时间约束1_1_8],0.0
cons[火电机组最小停机时间约束1_1_9],0.0
cons[火电机组最小停机时间约束1_1_10],0.0
cons[火电机组最小停机时间约束1_1_11],0.0
cons[火电机组最小停机时间约束1_1_12],0.0
cons[火电机组最小停机时间约束1_1_13],0.0
cons[火电机组最小停机时间约束1_1_14],0.0
cons[火电机组最小停机时间约束1_1_15],0.0
cons[火电机组最小停机时间约束1_1_16],0.0
cons[火电机组最小停机时间约束1_1_17],0.0
cons[火电机组最小停机时间约束1_1_18],0.0
cons[火电机组最小停机时间约束1_1_19],0.0
cons[火电机组最小停机时间约束1_1_20],0.0
cons[火电机组最小停机时间约束1_1_21],0.0
cons[火电机组最小停机时间约束1_1_22],0.0
cons[火电机组最小停机时间约束1_1_23],0.0
cons[火电机组最小停机时间约束1_1_24],0.0
cons[火电机组最小停机时间约束1_1_25],0.0
cons[火电机组最小停机时间约束1_1_26],0.0
cons[火电机组最小停机时间约束1_1_27],0.0
cons[火电机组最小停机时间约束1_1_28],0.0
cons[火电机组最小停机时间约束1_1_29],0.0
cons[火电机组最小停机时间约束1_1_30],0.0
cons[火电机组最小停机时间约束1_1_31],0.0
cons[火电机组最小停机时间约束1_1_32],0.0
cons[火电机组最小停机时间约束1_1_33],0.0
cons[火电机组最小停机时间约束1_1_34],0.0
cons[火电机组最小停机时间约束1_1_35],0.0
cons[火电机组最小停机时间约束1_1_36],0.0
cons[火电机组最小停机时间约束1_1_37],0.0
cons[火电机组最小停机时间约束1_1_38],0.0
cons[火电机组最小停机时间约束1_1_39],0.0
cons[火电机组最小停机时间约束1_1_40],0.0
cons[火电机组最小停机时间约束1_1_41],0.0
cons[火电机组最小停机时间约束1_1_42],0.0
cons[火电机组最小停机时间约束1_1_43],0.0
cons[火电机组最小停机时间约束1_1_44],0.0
cons[火电机组最小停机时间约束1_1_45],0.0
cons[火电机组最小停机时间约束1_1_46],0.0
cons[火电机组最小停机时间约束1_1_47],0.0
cons[火电机组最小停机时间约束1_1_48],0.0
cons[火电机组最小停机时间约束1_1_49],0.0
cons[火电机组最小停机时间约束1_1_50],0.0
cons[火电机组最小停机时间约束1_1_51],0.0
cons[火电机组最小停机时间约束1_1_52],0.0
cons[火电机组最小停机时间约束1_1_53],0.0
cons[火电机组最小停机时间约束1_1_54],0.0
cons[火电机组最小停机时间约束1_1_55],0.0
cons[火电机组最小停机时间约束1_1_56],0.0
cons[火电机组最小停机时间约束1_1_57],0.0
cons[火电机组最小停机时间约束1_1_58],0.0
cons[火电机组最小停机时间约束1_1_59],0.0
cons[火电机组最小停机时间约束1_1_60],0.0
cons[火电机组最小停机时间约束1_1_61],0.0
cons[火电机组最小停机时间约束1_1_62],0.0
cons[火电机组最小停机时间约束1_1_63],0.0
cons[火电机组最小停机时间约束1_1_64],0.0
cons[火电机组最小停机时间约束1_1_65],0.0
cons[火电机组最小停机时间约束1_1_66],0.0
cons[火电机组最小停机时间约束1_1_67],0.0
cons[火电机组最小停机时间约束1_1_68],0.0
cons[火电机组最小停机时间约束1_1_69],0.0
cons[火电机组最小停机时间约束1_1_70],0.0
cons[火电机组最小停机时间约束1_1_71],0.0
cons[火电机组最小停机时间约束1_1_72],0.0
cons[火电机组最小停机时间约束1_1_73],0.0
cons[火电机组最小停机时间约束1_1_74],0.0
cons[火电机组最小停机时间约束1_1_75],0.0
cons[火电机组最小停机时间约束2_1_76],0.0
cons[火电机组最小停机时间约束2_1_77],0.0
cons[火电机组最小停机时间约束2_1_78],0.0
cons[火电机组最小停机时间约束2_1_79],0.0
cons[火电机组最小停机时间约束2_1_80],0.0
cons[火电机组最小停机时间约束2_1_81],0.0
cons[火电机组最小停机时间约束2_1_82],0.0
cons[火电机组最小停机时间约束2_1_83],0.0
cons[火电机组最小停机时间约束2_1_84],0.0
cons[火电机组最小停机时间约束2_1_85],0.0
cons[火电机组最小停机时间约束2_1_86],0.0
cons[火电机组最小停机时间约束2_1_87],0.0
cons[火电机组最小停机时间约束2_1_88],0.0
cons[火电机组最小停机时间约束2_1_89],0.0
cons[火电机组最小停机时间约束2_1_90],0.0
cons[火电机组最小停机时间约束2_1_91],0.0
cons[火电机组最小停机时间约束2_1_92],0.0
cons[火电机组最小停机时间约束2_1_93],0.0
cons[火电机组最小停机时间约束2_1_94],0.0
cons[火电机组最小停机时间约束2_1_95],0.0
cons[火电机组最小开机时间约束1_2_0],0.0
cons[火电机组最小开机时间约束1_2_1],0.0
cons[火电机组最小开机时间约束1_2_2],0.0
cons[火电机组最小开机时间约束1_2_3],0.0
cons[火电机组最小开机时间约束1_2_4],0.0
cons[火电机组最小开机时间约束1_2_5],0.0
cons[火电机组最小开机时间约束1_2_6],0.0
cons[火电机组最小开机时间约束1_2_7],0.0
cons[火电机组最小开机时间约束1_2_8],0.0
cons[火电机组最小开机时间约束1_2_9],0.0
cons[火电机组最小开机时间约束1_2_10],0.0
cons[火电机组最小开机时间约束1_2_11],0.0
cons[火电机组最小开机时间约束1_2_12],0.0
cons[火电机组最小开机时间约束1_2_13],0.0
cons[火电机组最小开机时间约束1_2_14],0.0
cons[火电机组最小开机时间约束1_2_15],0.0
cons[火电机组最小开机时间约束1_2_16],0.0
cons[火电机组最小开机时间约束1_2_17],0.0
cons[火电机组最小开机时间约束1_2_18],0.0
cons[火电机组最小开机时间约束1_2_19],0.0
cons[火电机组最小开机时间约束1_2_20],0.0
cons[火电机组最小开机时间约束1_2_21],0.0
cons[火电机组最小开机时间约束1_2_22],0.0
cons[火电机组最小开机时间约束1_2_23],0.0
cons[火电机组最小开机时间约束1_2_24],0.0
cons[火电机组最小开机时间约束1_2_25],0.0
cons[火电机组最小开机时间约束1_2_26],0.0
cons[火电机组最小开机时间约束1_2_27],0.0
cons[火电机组最小开机时间约束1_2_28],0.0
cons[火电机组最小开机时间约束1_2_29],0.0
cons[火电机组最小开机时间约束1_2_30],0.0
cons[火电机组最小开机时间约束1_2_31],0.0
cons[火电机组最小开机时间约束1_2_32],0.0
cons[火电机组最小开机时间约束1_2_33],0.0
cons[火电机组最小开机时间约束1_2_34],0.0
cons[火电机组最小开机时间约束1_2_35],0.0
cons[火电机组最小开机时间约束1_2_36],0.0
cons[火电机组最小开机时间约束1_2_37],0.0
cons[火电机组最小开机时间约束1_2_38],0.0
cons[火电机组最小开机时间约束1_2_39],0.0
cons[火电机组最小开机时间约束1_2_40],0.0
cons[火电机组最小开机时间约束1_2_41],0.0
cons[火电机组最小开机时间约束1_2_42],0.0
cons[火电机组最小开机时间约束1_2_43],0.0
cons[火电机组最小开机时间约束1_2_44],0.0
cons[火电机组最小开机时间约束1_2_45],0.0
cons[火电机组最小开机时间约束1_2_46],0.0
cons[火电机组最小开机时间约束1_2_47],0.0
cons[火电机组最小开机时间约束1_2_48],0.0
cons[火电机组最小开机时间约束1_2_49],0.0
cons[火电机组最小开机时间约束1_2_50],0.0
cons[火电机组最小开机时间约束1_2_51],0.0
cons[火电机组最小开机时间约束1_2_52],0.0
cons[火电机组最小开机时间约束1_2_53],0.0
cons[火电机组最小开机时间约束1_2_54],0.0
cons[火电机组最小开机时间约束1_2_55],0.0
cons[火电机组最小开机时间约束1_2_56],0.0
cons[火电机组最小开机时间约束1_2_57],0.0
cons[火电机组最小开机时间约束1_2_58],0.0
cons[火电机组最小开机时间约束1_2_59],0.0
cons[火电机组最小开机时间约束1_2_60],0.0
cons[火电机组最小开机时间约束1_2_61],0.0
cons[火电机组最小开机时间约束1_2_62],0.0
cons[火电机组最小开机时间约束1_2_63],0.0
cons[火电机组最小开机时间约束2_2_64],0.0
cons[火电机组最小开机时间约束2_2_65],0.0
cons[火电机组最小开机时间约束2_2_66],0.0
cons[火电机组最小开机时间约束2_2_67],0.0
cons[火电机组最小开机时间约束2_2_68],0.0
cons[火电机组最小开机时间约束2_2_69],0.0
cons[火电机组最小开机时间约束2_2_70],0.0
cons[火电机组最小开机时间约束2_2_71],0.0
cons[火电机组最小开机时间约束2_2_72],0.0
cons[火电机组最小开机时间约束2_2_73],0.0
cons[火电机组最小开机时间约束2_2_74],0.0
cons[火电机组最小开机时间约束2_2_75],0.0
cons[火电机组最小开机时间约束2_2_76],0.0
cons[火电机组最小开机时间约束2_2_77],0.0
cons[火电机组最小开机时间约束2_2_78],0.0
cons[火电机组最小开机时间约束2_2_79],0.0
cons[火电机组最小开机时间约束2_2_80],0.0
cons[火电机组最小开机时间约束2_2_81],0.0
cons[火电机组最小开机时间约束2_2_82],0.0
cons[火电机组最小开机时间约束2_2_83],0.0
cons[火电机组最小开机时间约束2_2_84],0.0
cons[火电机组最小开机时间约束2_2_85],0.0
cons[火电机组最小开机时间约束2_2_86],0.0
cons[火电机组最小开机时间约束2_2_87],0.0
cons[火电机组最小开机时间约束2_2_88],0.0
cons[火电机组最小开机时间约束2_2_89],0.0
cons[火电机组最小开机时间约束2_2_90],0.0
cons[火电机组最小开机时间约束2_2_91],0.0
cons[火电机组最小开机时间约束2_2_92],0.0
cons[火电机组最小开机时间约束2_2_93],0.0
cons[火电机组最小开机时间约束2_2_94],0.0
cons[火电机组最小开机时间约束2_2_95],0.0
cons[火电机组最小停机时间约束1_2_0],0.0
cons[火电机组最小停机时间约束1_2_1],0.0
cons[火电机组最小停机时间约束1_2_2],0.0
cons[火电机组最小停机时间约束1_2_3],0.0
cons[火电机组最小停机时间约束1_2_4],0.0
cons[火电机组最小停机时间约束1_2_5],0.0
cons[火电机组最小停机时间约束1_2_6],0.0
cons[火电机组最小停机时间约束1_2_7],0.0
cons[火电机组最小停机时间约束1_2_8],0.0
cons[火电机组最小停机时间约束1_2_9],0.0
cons[火电机组最小停机时间约束1_2_10],0.0
cons[火电机组最小停机时间约束1_2_11],0.0
cons[火电机组最小停机时间约束1_2_12],0.0
cons[火电机组最小停机时间约束1_2_13],0.0
cons[火电机组最小停机时间约束1_2_14],0.0
cons[火电机组最小停机时间约束1_2_15],0.0
cons[火电机组最小停机时间约束1_2_16],0.0
cons[火电机组最小停机时间约束1_2_17],0.0
cons[火电机组最小停机时间约束1_2_18],0.0
cons[火电机组最小停机时间约束1_2_19],0.0
cons[火电机组最小停机时间约束1_2_20],0.0
cons[火电机组最小停机时间约束1_2_21],0.0
cons[火电机组最小停机时间约束1_2_22],0.0
cons[火电机组最小停机时间约束1_2_23],0.0
cons[火电机组最小停机时间约束1_2_24],0.0
cons[火电机组最小停机时间约束1_2_25],0.0
cons[火电机组最小停机时间约束1_2_26],0.0
cons[火电机组最小停机时间约束1_2_27],0.0
cons[火电机组最小停机时间约束1_2_28],0.0
cons[火电机组最小停机时间约束1_2_29],0.0
cons[火电机组最小停机时间约束1_2_30],0.0
cons[火电机组最小停机时间约束1_2_31],0.0
cons[火电机组最小停机时间约束1_2_32],0.0
cons[火电机组最小停机时间约束1_2_33],0.0
cons[火电机组最小停机时间约束1_2_34],0.0
cons[火电机组最小停机时间约束1_2_35],0.0
cons[火电机组最小停机时间约束1_2_36],0.0
cons[火电机组最小停机时间约束1_2_37],0.0
cons[火电机组最小停机时间约束1_2_38],0.0
cons[火电机组最小停机时间约束1_2_39],0.0
cons[火电机组最小停机时间约束1_2_40],0.0
cons[火电机组最小停机时间约束1_2_41],0.0
cons[火电机组最小停机时间约束1_2_42],0.0
cons[火电机组最小停机时间约束1_2_43],0.0
cons[火电机组最小停机时间约束1_2_44],0.0
cons[火电机组最小停机时间约束1_2_45],0.0
cons[火电机组最小停机时间约束1_2_46],0.0
cons[火电机组最小停机时间约束1_2_47],0.0
cons[火电机组最小停机时间约束1_2_48],0.0
cons[火电机组最小停机时间约束1_2_49],0.0
cons[火电机组最小停机时间约束1_2_50],0.0
cons[火电机组最小停机时间约束1_2_51],0.0
cons[火电机组最小停机时间约束1_2_52],0.0
cons[火电机组最小停机时间约束1_2_53],0.0
cons[火电机组最小停机时间约束1_2_54],0.0
cons[火电机组最小停机时间约束1_2_55],0.0
cons[火电机组最小停机时间约束1_2_56],0.0
cons[火电机组最小停机时间约束1_2_57],0.0
cons[火电机组最小停机时间约束1_2_58],0.0
cons[火电机组最小停机时间约束1_2_59],0.0
cons[火电机组最小停机时间约束1_2_60],0.0
cons[火电机组最小停机时间约束1_2_61],0.0
cons[火电机组最小停机时间约束1_2_62],0.0
cons[火电机组最小停机时间约束1_2_63],0.0
cons[火电机组最小停机时间约束1_2_64],0.0
cons[火电机组最小停机时间约束1_2_65],0.0
cons[火电机组最小停机时间约束1_2_66],0.0
cons[火电机组最小停机时间约束1_2_67],0.0
cons[火电机组最小停机时间约束1_2_68],0.0
cons[火电机组最小停机时间约束1_2_69],0.0
cons[火电机组最小停机时间约束1_2_70],0.0
cons[火电机组最小停机时间约束1_2_71],0.0
cons[火电机组最小停机时间约束1_2_72],0.0
cons[火电机组最小停机时间约束1_2_73],0.0
cons[火电机组最小停机时间约束1_2_74],0.0
cons[火电机组最小停机时间约束1_2_75],0.0
cons[火电机组最小停机时间约束2_2_76],0.0
cons[火电机组最小停机时间约束2_2_77],0.0
cons[火电机组最小停机时间约束2_2_78],0.0
cons[火电机组最小停机时间约束2_2_79],0.0
cons[火电机组最小停机时间约束2_2_80],0.0
cons[火电机组最小停机时间约束2_2_81],0.0
cons[火电机组最小停机时间约束2_2_82],0.0
cons[火电机组最小停机时间约束2_2_83],0.0
cons[火电机组最小停机时间约束2_2_84],0.0
cons[火电机组最小停机时间约束2_2_85],0.0
cons[火电机组最小停机时间约束2_2_86],0.0
cons[火电机组最小停机时间约束2_2_87],0.0
cons[火电机组最小停机时间约束2_2_88],0.0
cons[火电机组最小停机时间约束2_2_89],0.0
cons[火电机组最小停机时间约束2_2_90],0.0
cons[火电机组最小停机时间约束2_2_91],0.0
cons[火电机组最小停机时间约束2_2_92],0.0
cons[火电机组最小停机时间约束2_2_93],0.0
cons[火电机组最小停机时间约束2_2_94],0.0
cons[火电机组最小停机时间约束2_2_95],0.0
cons[火电机组最小开机时间约束1_3_0],0.0
cons[火电机组最小开机时间约束1_3_1],0.0
cons[火电机组最小开机时间约束1_3_2],0.0
cons[火电机组最小开机时间约束1_3_3],0.0
cons[火电机组最小开机时间约束1_3_4],0.0
cons[火电机组最小开机时间约束1_3_5],0.0
cons[火电机组最小开机时间约束1_3_6],0.0
cons[火电机组最小开机时间约束1_3_7],0.0
cons[火电机组最小开机时间约束1_3_8],0.0
cons[火电机组最小开机时间约束1_3_9],0.0
cons[火电机组最小开机时间约束1_3_10],0.0
cons[火电机组最小开机时间约束1_3_11],0.0
cons[火电机组最小开机时间约束1_3_12],0.0
cons[火电机组最小开机时间约束1_3_13],0.0
cons[火电机组最小开机时间约束1_3_14],0.0
cons[火电机组最小开机时间约束1_3_15],0.0
cons[火电机组最小开机时间约束1_3_16],0.0
cons[火电机组最小开机时间约束1_3_17],0.0
cons[火电机组最小开机时间约束1_3_18],0.0
cons[火电机组最小开机时间约束1_3_19],0.0
cons[火电机组最小开机时间约束1_3_20],0.0
cons[火电机组最小开机时间约束1_3_21],0.0
cons[火电机组最小开机时间约束1_3_22],0.0
cons[火电机组最小开机时间约束1_3_23],0.0
cons[火电机组最小开机时间约束1_3_24],0.0
cons[火电机组最小开机时间约束1_3_25],0.0
cons[火电机组最小开机时间约束1_3_26],0.0
cons[火电机组最小开机时间约束1_3_27],0.0
cons[火电机组最小开机时间约束1_3_28],0.0
cons[火电机组最小开机时间约束1_3_29],0.0
cons[火电机组最小开机时间约束1_3_30],0.0
cons[火电机组最小开机时间约束1_3_31],0.0
cons[火电机组最小开机时间约束1_3_32],0.0
cons[火电机组最小开机时间约束1_3_33],0.0
cons[火电机组最小开机时间约束1_3_34],0.0
cons[火电机组最小开机时间约束1_3_35],0.0
cons[火电机组最小开机时间约束1_3_36],0.0
cons[火电机组最小开机时间约束1_3_37],0.0
cons[火电机组最小开机时间约束1_3_38],0.0
cons[火电机组最小开机时间约束1_3_39],0.0
cons[火电机组最小开机时间约束1_3_40],0.0
cons[火电机组最小开机时间约束1_3_41],0.0
cons[火电机组最小开机时间约束1_3_42],0.0
cons[火电机组最小开机时间约束1_3_43],0.0
cons[火电机组最小开机时间约束1_3_44],0.0
cons[火电机组最小开机时间约束1_3_45],0.0
cons[火电机组最小开机时间约束1_3_46],0.0
cons[火电机组最小开机时间约束1_3_47],0.0
cons[火电机组最小开机时间约束1_3_48],0.0
cons[火电机组最小开机时间约束1_3_49],0.0
cons[火电机组最小开机时间约束1_3_50],0.0
cons[火电机组最小开机时间约束1_3_51],0.0
cons[火电机组最小开机时间约束1_3_52],0.0
cons[火电机组最小开机时间约束1_3_53],0.0
cons[火电机组最小开机时间约束1_3_54],0.0
cons[火电机组最小开机时间约束1_3_55],0.0
cons[火电机组最小开机时间约束1_3_56],0.0
cons[火电机组最小开机时间约束1_3_57],0.0
cons[火电机组最小开机时间约束1_3_58],0.0
cons[火电机组最小开机时间约束1_3_59],0.0
cons[火电机组最小开机时间约束1_3_60],0.0
cons[火电机组最小开机时间约束1_3_61],0.0
cons[火电机组最小开机时间约束1_3_62],0.0
cons[火电机组最小开机时间约束1_3_63],0.0
cons[火电机组最小开机时间约束2_3_64],0.0
cons[火电机组最小开机时间约束2_3_65],0.0
cons[火电机组最小开机时间约束2_3_66],0.0
cons[火电机组最小开机时间约束2_3_67],0.0
cons[火电机组最小开机时间约束2_3_68],0.0
cons[火电机组最小开机时间约束2_3_69],0.0
cons[火电机组最小开机时间约束2_3_70],0.0
cons[火电机组最小开机时间约束2_3_71],0.0
cons[火电机组最小开机时间约束2_3_72],0.0
cons[火电机组最小开机时间约束2_3_73],0.0
cons[火电机组最小开机时间约束2_3_74],0.0
cons[火电机组最小开机时间约束2_3_75],0.0
cons[火电机组最小开机时间约束2_3_76],0.0
cons[火电机组最小开机时间约束2_3_77],0.0
cons[火电机组最小开机时间约束2_3_78],0.0
cons[火电机组最小开机时间约束2_3_79],0.0
cons[火电机组最小开机时间约束2_3_80],0.0
cons[火电机组最小开机时间约束2_3_81],0.0
cons[火电机组最小开机时间约束2_3_82],0.0
cons[火电机组最小开机时间约束2_3_83],0.0
cons[火电机组最小开机时间约束2_3_84],0.0
cons[火电机组最小开机时间约束2_3_85],0.0
cons[火电机组最小开机时间约束2_3_86],0.0
cons[火电机组最小开机时间约束2_3_87],0.0
cons[火电机组最小开机时间约束2_3_88],0.0
cons[火电机组最小开机时间约束2_3_89],0.0
cons[火电机组最小开机时间约束2_3_90],0.0
cons[火电机组最小开机时间约束2_3_91],0.0
cons[火电机组最小开机时间约束2_3_92],0.0
cons[火电机组最小开机时间约束2_3_93],0.0
cons[火电机组最小开机时间约束2_3_94],0.0
cons[火电机组最小开机时间约束2_3_95],0.0
cons[火电机组最小停机时间约束1_3_0],0.0
cons[火电机组最小停机时间约束1_3_1],0.0
cons[火电机组最小停机时间约束1_3_2],0.0
cons[火电机组最小停机时间约束1_3_3],0.0
cons[火电机组最小停机时间约束1_3_4],0.0
cons[火电机组最小停机时间约束1_3_5],0.0
cons[火电机组最小停机时间约束1_3_6],0.0
cons[火电机组最小停机时间约束1_3_7],0.0
cons[火电机组最小停机时间约束1_3_8],0.0
cons[火电机组最小停机时间约束1_3_9],0.0
cons[火电机组最小停机时间约束1_3_10],0.0
cons[火电机组最小停机时间约束1_3_11],0.0
cons[火电机组最小停机时间约束1_3_12],0.0
cons[火电机组最小停机时间约束1_3_13],0.0
cons[火电机组最小停机时间约束1_3_14],0.0
cons[火电机组最小停机时间约束1_3_15],0.0
cons[火电机组最小停机时间约束1_3_16],0.0
cons[火电机组最小停机时间约束1_3_17],0.0
cons[火电机组最小停机时间约束1_3_18],0.0
cons[火电机组最小停机时间约束1_3_19],0.0
cons[火电机组最小停机时间约束1_3_20],0.0
cons[火电机组最小停机时间约束1_3_21],0.0
cons[火电机组最小停机时间约束1_3_22],0.0
cons[火电机组最小停机时间约束1_3_23],0.0
cons[火电机组最小停机时间约束1_3_24],0.0
cons[火电机组最小停机时间约束1_3_25],0.0
cons[火电机组最小停机时间约束1_3_26],0.0
cons[火电机组最小停机时间约束1_3_27],0.0
cons[火电机组最小停机时间约束1_3_28],0.0
cons[火电机组最小停机时间约束1_3_29],0.0
cons[火电机组最小停机时间约束1_3_30],0.0
cons[火电机组最小停机时间约束1_3_31],0.0
cons[火电机组最小停机时间约束1_3_32],0.0
cons[火电机组最小停机时间约束1_3_33],0.0
cons[火电机组最小停机时间约束1_3_34],0.0
cons[火电机组最小停机时间约束1_3_35],0.0
cons[火电机组最小停机时间约束1_3_36],0.0
cons[火电机组最小停机时间约束1_3_37],0.0
cons[火电机组最小停机时间约束1_3_38],0.0
cons[火电机组最小停机时间约束1_3_39],0.0
cons[火电机组最小停机时间约束1_3_40],0.0
cons[火电机组最小停机时间约束1_3_41],0.0
cons[火电机组最小停机时间约束1_3_42],0.0
cons[火电机组最小停机时间约束1_3_43],0.0
cons[火电机组最小停机时间约束1_3_44],0.0
cons[火电机组最小停机时间约束1_3_45],0.0
cons[火电机组最小停机时间约束1_3_46],0.0
cons[火电机组最小停机时间约束1_3_47],0.0
cons[火电机组最小停机时间约束1_3_48],0.0
cons[火电机组最小停机时间约束1_3_49],0.0
cons[火电机组最小停机时间约束1_3_50],0.0
cons[火电机组最小停机时间约束1_3_51],0.0
cons[火电机组最小停机时间约束1_3_52],0.0
cons[火电机组最小停机时间约束1_3_53],0.0
cons[火电机组最小停机时间约束1_3_54],0.0
cons[火电机组最小停机时间约束1_3_55],0.0
cons[火电机组最小停机时间约束1_3_56],0.0
cons[火电机组最小停机时间约束1_3_57],0.0
cons[火电机组最小停机时间约束1_3_58],0.0
cons[火电机组最小停机时间约束1_3_59],0.0
cons[火电机组最小停机时间约束1_3_60],0.0
cons[火电机组最小停机时间约束1_3_61],0.0
cons[火电机组最小停机时间约束1_3_62],0.0
cons[火电机组最小停机时间约束1_3_63],0.0
cons[火电机组最小停机时间约束1_3_64],0.0
cons[火电机组最小停机时间约束1_3_65],0.0
cons[火电机组最小停机时间约束1_3_66],0.0
cons[火电机组最小停机时间约束1_3_67],0.0
cons[火电机组最小停机时间约束1_3_68],0.0
cons[火电机组最小停机时间约束1_3_69],0.0
cons[火电机组最小停机时间约束1_3_70],0.0
cons[火电机组最小停机时间约束1_3_71],0.0
cons[火电机组最小停机时间约束1_3_72],0.0
cons[火电机组最小停机时间约束1_3_73],0.0
cons[火电机组最小停机时间约束1_3_74],0.0
cons[火电机组最小停机时间约束1_3_75],0.0
cons[火电机组最小停机时间约束2_3_76],0.0
cons[火电机组最小停机时间约束2_3_77],0.0
cons[火电机组最小停机时间约束2_3_78],0.0
cons[火电机组最小停机时间约束2_3_79],0.0
cons[火电机组最小停机时间约束2_3_80],0.0
cons[火电机组最小停机时间约束2_3_81],0.0
cons[火电机组最小停机时间约束2_3_82],0.0
cons[火电机组最小停机时间约束2_3_83],0.0
cons[火电机组最小停机时间约束2_3_84],0.0
cons[火电机组最小停机时间约束2_3_85],0.0
cons[火电机组最小停机时间约束2_3_86],0.0
cons[火电机组最小停机时间约束2_3_87],0.0
cons[火电机组最小停机时间约束2_3_88],0.0
cons[火电机组最小停机时间约束2_3_89],0.0
cons[火电机组最小停机时间约束2_3_90],0.0
cons[火电机组最小停机时间约束2_3_91],0.0
cons[火电机组最小停机时间约束2_3_92],0.0
cons[火电机组最小停机时间约束2_3_93],0.0
cons[火电机组最小停机时间约束2_3_94],0.0
cons[火电机组最小停机时间约束2_3_95],0.0
cons[火电机组最小开机时间约束1_4_0],0.0
cons[火电机组最小开机时间约束1_4_1],0.0
cons[火电机组最小开机时间约束1_4_2],0.0
cons[火电机组最小开机时间约束1_4_3],0.0
cons[火电机组最小开机时间约束1_4_4],0.0
cons[火电机组最小开机时间约束1_4_5],0.0
cons[火电机组最小开机时间约束1_4_6],0.0
cons[火电机组最小开机时间约束1_4_7],0.0
cons[火电机组最小开机时间约束1_4_8],0.0
cons[火电机组最小开机时间约束1_4_9],0.0
cons[火电机组最小开机时间约束1_4_10],0.0
cons[火电机组最小开机时间约束1_4_11],0.0
cons[火电机组最小开机时间约束1_4_12],0.0
cons[火电机组最小开机时间约束1_4_13],0.0
cons[火电机组最小开机时间约束1_4_14],0.0
cons[火电机组最小开机时间约束1_4_15],0.0
cons[火电机组最小开机时间约束1_4_16],0.0
cons[火电机组最小开机时间约束1_4_17],0.0
cons[火电机组最小开机时间约束1_4_18],0.0
cons[火电机组最小开机时间约束1_4_19],0.0
cons[火电机组最小开机时间约束1_4_20],0.0
cons[火电机组最小开机时间约束1_4_21],0.0
cons[火电机组最小开机时间约束1_4_22],0.0
cons[火电机组最小开机时间约束1_4_23],0.0
cons[火电机组最小开机时间约束1_4_24],0.0
cons[火电机组最小开机时间约束1_4_25],0.0
cons[火电机组最小开机时间约束1_4_26],0.0
cons[火电机组最小开机时间约束1_4_27],0.0
cons[火电机组最小开机时间约束1_4_28],0.0
cons[火电机组最小开机时间约束1_4_29],0.0
cons[火电机组最小开机时间约束1_4_30],0.0
cons[火电机组最小开机时间约束1_4_31],0.0
cons[火电机组最小开机时间约束1_4_32],0.0
cons[火电机组最小开机时间约束1_4_33],0.0
cons[火电机组最小开机时间约束1_4_34],0.0
cons[火电机组最小开机时间约束1_4_35],0.0
cons[火电机组最小开机时间约束1_4_36],0.0
cons[火电机组最小开机时间约束1_4_37],0.0
cons[火电机组最小开机时间约束1_4_38],0.0
cons[火电机组最小开机时间约束1_4_39],0.0
cons[火电机组最小开机时间约束1_4_40],0.0
cons[火电机组最小开机时间约束1_4_41],0.0
cons[火电机组最小开机时间约束1_4_42],0.0
cons[火电机组最小开机时间约束1_4_43],0.0
cons[火电机组最小开机时间约束1_4_44],0.0
cons[火电机组最小开机时间约束1_4_45],0.0
cons[火电机组最小开机时间约束1_4_46],0.0
cons[火电机组最小开机时间约束1_4_47],0.0
cons[火电机组最小开机时间约束1_4_48],0.0
cons[火电机组最小开机时间约束1_4_49],0.0
cons[火电机组最小开机时间约束1_4_50],0.0
cons[火电机组最小开机时间约束1_4_51],0.0
cons[火电机组最小开机时间约束1_4_52],0.0
cons[火电机组最小开机时间约束1_4_53],0.0
cons[火电机组最小开机时间约束1_4_54],0.0
cons[火电机组最小开机时间约束1_4_55],0.0
cons[火电机组最小开机时间约束1_4_56],0.0
cons[火电机组最小开机时间约束1_4_57],0.0
cons[火电机组最小开机时间约束1_4_58],0.0
cons[火电机组最小开机时间约束1_4_59],0.0
cons[火电机组最小开机时间约束1_4_60],0.0
cons[火电机组最小开机时间约束1_4_61],0.0
cons[火电机组最小开机时间约束1_4_62],0.0
cons[火电机组最小开机时间约束1_4_63],0.0
cons[火电机组最小开机时间约束2_4_64],0.0
cons[火电机组最小开机时间约束2_4_65],0.0
cons[火电机组最小开机时间约束2_4_66],0.0
cons[火电机组最小开机时间约束2_4_67],0.0
cons[火电机组最小开机时间约束2_4_68],0.0
cons[火电机组最小开机时间约束2_4_69],0.0
cons[火电机组最小开机时间约束2_4_70],0.0
cons[火电机组最小开机时间约束2_4_71],0.0
cons[火电机组最小开机时间约束2_4_72],0.0
cons[火电机组最小开机时间约束2_4_73],0.0
cons[火电机组最小开机时间约束2_4_74],0.0
cons[火电机组最小开机时间约束2_4_75],0.0
cons[火电机组最小开机时间约束2_4_76],0.0
cons[火电机组最小开机时间约束2_4_77],0.0
cons[火电机组最小开机时间约束2_4_78],0.0
cons[火电机组最小开机时间约束2_4_79],0.0
cons[火电机组最小开机时间约束2_4_80],0.0
cons[火电机组最小开机时间约束2_4_81],0.0
cons[火电机组最小开机时间约束2_4_82],0.0
cons[火电机组最小开机时间约束2_4_83],0.0
cons[火电机组最小开机时间约束2_4_84],0.0
cons[火电机组最小开机时间约束2_4_85],0.0
cons[火电机组最小开机时间约束2_4_86],0.0
cons[火电机组最小开机时间约束2_4_87],0.0
cons[火电机组最小开机时间约束2_4_88],0.0
cons[火电机组最小开机时间约束2_4_89],0.0
cons[火电机组最小开机时间约束2_4_90],0.0
cons[火电机组最小开机时间约束2_4_91],0.0
cons[火电机组最小开机时间约束2_4_92],0.0
cons[火电机组最小开机时间约束2_4_93],0.0
cons[火电机组最小开机时间约束2_4_94],0.0
cons[火电机组最小开机时间约束2_4_95],0.0
cons[火电机组最小停机时间约束1_4_0],0.0
cons[火电机组最小停机时间约束1_4_1],0.0
cons[火电机组最小停机时间约束1_4_2],0.0
cons[火电机组最小停机时间约束1_4_3],0.0
cons[火电机组最小停机时间约束1_4_4],0.0
cons[火电机组最小停机时间约束1_4_5],0.0
cons[火电机组最小停机时间约束1_4_6],0.0
cons[火电机组最小停机时间约束1_4_7],0.0
cons[火电机组最小停机时间约束1_4_8],0.0
cons[火电机组最小停机时间约束1_4_9],0.0
cons[火电机组最小停机时间约束1_4_10],0.0
cons[火电机组最小停机时间约束1_4_11],0.0
cons[火电机组最小停机时间约束1_4_12],0.0
cons[火电机组最小停机时间约束1_4_13],0.0
cons[火电机组最小停机时间约束1_4_14],0.0
cons[火电机组最小停机时间约束1_4_15],0.0
cons[火电机组最小停机时间约束1_4_16],0.0
cons[火电机组最小停机时间约束1_4_17],0.0
cons[火电机组最小停机时间约束1_4_18],0.0
cons[火电机组最小停机时间约束1_4_19],0.0
cons[火电机组最小停机时间约束1_4_20],0.0
cons[火电机组最小停机时间约束1_4_21],0.0
cons[火电机组最小停机时间约束1_4_22],0.0
cons[火电机组最小停机时间约束1_4_23],0.0
cons[火电机组最小停机时间约束1_4_24],0.0
cons[火电机组最小停机时间约束1_4_25],0.0
cons[火电机组最小停机时间约束1_4_26],0.0
cons[火电机组最小停机时间约束1_4_27],0.0
cons[火电机组最小停机时间约束1_4_28],0.0
cons[火电机组最小停机时间约束1_4_29],0.0
cons[火电机组最小停机时间约束1_4_30],0.0
cons[火电机组最小停机时间约束1_4_31],0.0
cons[火电机组最小停机时间约束1_4_32],0.0
cons[火电机组最小停机时间约束1_4_33],0.0
cons[火电机组最小停机时间约束1_4_34],0.0
cons[火电机组最小停机时间约束1_4_35],0.0
cons[火电机组最小停机时间约束1_4_36],0.0
cons[火电机组最小停机时间约束1_4_37],0.0
cons[火电机组最小停机时间约束1_4_38],0.0
cons[火电机组最小停机时间约束1_4_39],0.0
cons[火电机组最小停机时间约束1_4_40],0.0
cons[火电机组最小停机时间约束1_4_41],0.0
cons[火电机组最小停机时间约束1_4_42],0.0
cons[火电机组最小停机时间约束1_4_43],0.0
cons[火电机组最小停机时间约束1_4_44],0.0
cons[火电机组最小停机时间约束1_4_45],0.0
cons[火电机组最小停机时间约束1_4_46],0.0
cons[火电机组最小停机时间约束1_4_47],0.0
cons[火电机组最小停机时间约束1_4_48],0.0
cons[火电机组最小停机时间约束1_4_49],0.0
cons[火电机组最小停机时间约束1_4_50],0.0
cons[火电机组最小停机时间约束1_4_51],0.0
cons[火电机组最小停机时间约束1_4_52],0.0
cons[火电机组最小停机时间约束1_4_53],0.0
cons[火电机组最小停机时间约束1_4_54],0.0
cons[火电机组最小停机时间约束1_4_55],0.0
cons[火电机组最小停机时间约束1_4_56],0.0
cons[火电机组最小停机时间约束1_4_57],0.0
cons[火电机组最小停机时间约束1_4_58],0.0
cons[火电机组最小停机时间约束1_4_59],0.0
cons[火电机组最小停机时间约束1_4_60],0.0
cons[火电机组最小停机时间约束1_4_61],0.0
cons[火电机组最小停机时间约束1_4_62],0.0
cons[火电机组最小停机时间约束1_4_63],0.0
cons[火电机组最小停机时间约束1_4_64],0.0
cons[火电机组最小停机时间约束1_4_65],0.0
cons[火电机组最小停机时间约束1_4_66],0.0
cons[火电机组最小停机时间约束1_4_67],0.0
cons[火电机组最小停机时间约束1_4_68],0.0
cons[火电机组最小停机时间约束1_4_69],0.0
cons[火电机组最小停机时间约束1_4_70],0.0
cons[火电机组最小停机时间约束1_4_71],0.0
cons[火电机组最小停机时间约束1_4_72],0.0
cons[火电机组最小停机时间约束1_4_73],0.0
cons[火电机组最小停机时间约束1_4_74],0.0
cons[火电机组最小停机时间约束1_4_75],0.0
cons[火电机组最小停机时间约束2_4_76],0.0
cons[火电机组最小停机时间约束2_4_77],0.0
cons[火电机组最小停机时间约束2_4_78],0.0
cons[火电机组最小停机时间约束2_4_79],0.0
cons[火电机组最小停机时间约束2_4_80],0.0
cons[火电机组最小停机时间约束2_4_81],0.0
cons[火电机组最小停机时间约束2_4_82],0.0
cons[火电机组最小停机时间约束2_4_83],0.0
cons[火电机组最小停机时间约束2_4_84],0.0
cons[火电机组最小停机时间约束2_4_85],0.0
cons[火电机组最小停机时间约束2_4_86],0.0
cons[火电机组最小停机时间约束2_4_87],0.0
cons[火电机组最小停机时间约束2_4_88],0.0
cons[火电机组最小停机时间约束2_4_89],0.0
cons[火电机组最小停机时间约束2_4_90],0.0
cons[火电机组最小停机时间约束2_4_91],0.0
cons[火电机组最小停机时间约束2_4_92],0.0
cons[火电机组最小停机时间约束2_4_93],0.0
cons[火电机组最小停机时间约束2_4_94],0.0
cons[火电机组最小停机时间约束2_4_95],0.0
cons[火电机组最小开机时间约束1_5_0],0.0
cons[火电机组最小开机时间约束1_5_1],0.0
cons[火电机组最小开机时间约束1_5_2],0.0
cons[火电机组最小开机时间约束1_5_3],0.0
cons[火电机组最小开机时间约束1_5_4],0.0
cons[火电机组最小开机时间约束1_5_5],0.0
cons[火电机组最小开机时间约束1_5_6],0.0
cons[火电机组最小开机时间约束1_5_7],0.0
cons[火电机组最小开机时间约束1_5_8],0.0
cons[火电机组最小开机时间约束1_5_9],0.0
cons[火电机组最小开机时间约束1_5_10],0.0
cons[火电机组最小开机时间约束1_5_11],0.0
cons[火电机组最小开机时间约束1_5_12],0.0
cons[火电机组最小开机时间约束1_5_13],0.0
cons[火电机组最小开机时间约束1_5_14],0.0
cons[火电机组最小开机时间约束1_5_15],0.0
cons[火电机组最小开机时间约束1_5_16],0.0
cons[火电机组最小开机时间约束1_5_17],0.0
cons[火电机组最小开机时间约束1_5_18],0.0
cons[火电机组最小开机时间约束1_5_19],0.0
cons[火电机组最小开机时间约束1_5_20],0.0
cons[火电机组最小开机时间约束1_5_21],0.0
cons[火电机组最小开机时间约束1_5_22],0.0
cons[火电机组最小开机时间约束1_5_23],0.0
cons[火电机组最小开机时间约束1_5_24],0.0
cons[火电机组最小开机时间约束1_5_25],0.0
cons[火电机组最小开机时间约束1_5_26],0.0
cons[火电机组最小开机时间约束1_5_27],0.0
cons[火电机组最小开机时间约束1_5_28],0.0
cons[火电机组最小开机时间约束1_5_29],0.0
cons[火电机组最小开机时间约束1_5_30],0.0
cons[火电机组最小开机时间约束1_5_31],0.0
cons[火电机组最小开机时间约束1_5_32],0.0
cons[火电机组最小开机时间约束1_5_33],0.0
cons[火电机组最小开机时间约束1_5_34],0.0
cons[火电机组最小开机时间约束1_5_35],0.0
cons[火电机组最小开机时间约束1_5_36],0.0
cons[火电机组最小开机时间约束1_5_37],0.0
cons[火电机组最小开机时间约束1_5_38],0.0
cons[火电机组最小开机时间约束1_5_39],0.0
cons[火电机组最小开机时间约束1_5_40],0.0
cons[火电机组最小开机时间约束1_5_41],0.0
cons[火电机组最小开机时间约束1_5_42],0.0
cons[火电机组最小开机时间约束1_5_43],0.0
cons[火电机组最小开机时间约束1_5_44],0.0
cons[火电机组最小开机时间约束1_5_45],0.0
cons[火电机组最小开机时间约束1_5_46],0.0
cons[火电机组最小开机时间约束1_5_47],0.0
cons[火电机组最小开机时间约束1_5_48],0.0
cons[火电机组最小开机时间约束1_5_49],0.0
cons[火电机组最小开机时间约束1_5_50],0.0
cons[火电机组最小开机时间约束1_5_51],0.0
cons[火电机组最小开机时间约束1_5_52],0.0
cons[火电机组最小开机时间约束1_5_53],0.0
cons[火电机组最小开机时间约束1_5_54],0.0
cons[火电机组最小开机时间约束1_5_55],0.0
cons[火电机组最小开机时间约束1_5_56],0.0
cons[火电机组最小开机时间约束1_5_57],0.0
cons[火电机组最小开机时间约束1_5_58],0.0
cons[火电机组最小开机时间约束1_5_59],0.0
cons[火电机组最小开机时间约束1_5_60],0.0
cons[火电机组最小开机时间约束1_5_61],0.0
cons[火电机组最小开机时间约束1_5_62],0.0
cons[火电机组最小开机时间约束1_5_63],0.0
cons[火电机组最小开机时间约束2_5_64],0.0
cons[火电机组最小开机时间约束2_5_65],0.0
cons[火电机组最小开机时间约束2_5_66],0.0
cons[火电机组最小开机时间约束2_5_67],0.0
cons[火电机组最小开机时间约束2_5_68],0.0
cons[火电机组最小开机时间约束2_5_69],0.0
cons[火电机组最小开机时间约束2_5_70],0.0
cons[火电机组最小开机时间约束2_5_71],0.0
cons[火电机组最小开机时间约束2_5_72],0.0
cons[火电机组最小开机时间约束2_5_73],0.0
cons[火电机组最小开机时间约束2_5_74],0.0
cons[火电机组最小开机时间约束2_5_75],0.0
cons[火电机组最小开机时间约束2_5_76],0.0
cons[火电机组最小开机时间约束2_5_77],0.0
cons[火电机组最小开机时间约束2_5_78],0.0
cons[火电机组最小开机时间约束2_5_79],0.0
cons[火电机组最小开机时间约束2_5_80],0.0
cons[火电机组最小开机时间约束2_5_81],0.0
cons[火电机组最小开机时间约束2_5_82],0.0
cons[火电机组最小开机时间约束2_5_83],0.0
cons[火电机组最小开机时间约束2_5_84],0.0
cons[火电机组最小开机时间约束2_5_85],0.0
cons[火电机组最小开机时间约束2_5_86],0.0
cons[火电机组最小开机时间约束2_5_87],0.0
cons[火电机组最小开机时间约束2_5_88],0.0
cons[火电机组最小开机时间约束2_5_89],0.0
cons[火电机组最小开机时间约束2_5_90],0.0
cons[火电机组最小开机时间约束2_5_91],0.0
cons[火电机组最小开机时间约束2_5_92],0.0
cons[火电机组最小开机时间约束2_5_93],0.0
cons[火电机组最小开机时间约束2_5_94],0.0
cons[火电机组最小开机时间约束2_5_95],0.0
cons[火电机组最小停机时间约束1_5_0],0.0
cons[火电机组最小停机时间约束1_5_1],0.0
cons[火电机组最小停机时间约束1_5_2],0.0
cons[火电机组最小停机时间约束1_5_3],0.0
cons[火电机组最小停机时间约束1_5_4],0.0
cons[火电机组最小停机时间约束1_5_5],0.0
cons[火电机组最小停机时间约束1_5_6],0.0
cons[火电机组最小停机时间约束1_5_7],0.0
cons[火电机组最小停机时间约束1_5_8],0.0
cons[火电机组最小停机时间约束1_5_9],0.0
cons[火电机组最小停机时间约束1_5_10],0.0
cons[火电机组最小停机时间约束1_5_11],0.0
cons[火电机组最小停机时间约束1_5_12],0.0
cons[火电机组最小停机时间约束1_5_13],0.0
cons[火电机组最小停机时间约束1_5_14],0.0
cons[火电机组最小停机时间约束1_5_15],0.0
cons[火电机组最小停机时间约束1_5_16],0.0
cons[火电机组最小停机时间约束1_5_17],0.0
cons[火电机组最小停机时间约束1_5_18],0.0
cons[火电机组最小停机时间约束1_5_19],0.0
cons[火电机组最小停机时间约束1_5_20],0.0
cons[火电机组最小停机时间约束1_5_21],0.0
cons[火电机组最小停机时间约束1_5_22],0.0
cons[火电机组最小停机时间约束1_5_23],0.0
cons[火电机组最小停机时间约束1_5_24],0.0
cons[火电机组最小停机时间约束1_5_25],0.0
cons[火电机组最小停机时间约束1_5_26],0.0
cons[火电机组最小停机时间约束1_5_27],0.0
cons[火电机组最小停机时间约束1_5_28],0.0
cons[火电机组最小停机时间约束1_5_29],0.0
cons[火电机组最小停机时间约束1_5_30],0.0
cons[火电机组最小停机时间约束1_5_31],0.0
cons[火电机组最小停机时间约束1_5_32],0.0
cons[火电机组最小停机时间约束1_5_33],0.0
cons[火电机组最小停机时间约束1_5_34],0.0
cons[火电机组最小停机时间约束1_5_35],0.0
cons[火电机组最小停机时间约束1_5_36],0.0
cons[火电机组最小停机时间约束1_5_37],0.0
cons[火电机组最小停机时间约束1_5_38],0.0
cons[火电机组最小停机时间约束1_5_39],0.0
cons[火电机组最小停机时间约束1_5_40],0.0
cons[火电机组最小停机时间约束1_5_41],0.0
cons[火电机组最小停机时间约束1_5_42],0.0
cons[火电机组最小停机时间约束1_5_43],0.0
cons[火电机组最小停机时间约束1_5_44],0.0
cons[火电机组最小停机时间约束1_5_45],0.0
cons[火电机组最小停机时间约束1_5_46],0.0
cons[火电机组最小停机时间约束1_5_47],0.0
cons[火电机组最小停机时间约束1_5_48],0.0
cons[火电机组最小停机时间约束1_5_49],0.0
cons[火电机组最小停机时间约束1_5_50],0.0
cons[火电机组最小停机时间约束1_5_51],0.0
cons[火电机组最小停机时间约束1_5_52],0.0
cons[火电机组最小停机时间约束1_5_53],0.0
cons[火电机组最小停机时间约束1_5_54],0.0
cons[火电机组最小停机时间约束1_5_55],0.0
cons[火电机组最小停机时间约束1_5_56],0.0
cons[火电机组最小停机时间约束1_5_57],0.0
cons[火电机组最小停机时间约束1_5_58],0.0
cons[火电机组最小停机时间约束1_5_59],0.0
cons[火电机组最小停机时间约束1_5_60],0.0
cons[火电机组最小停机时间约束1_5_61],0.0
cons[火电机组最小停机时间约束1_5_62],0.0
cons[火电机组最小停机时间约束1_5_63],0.0
cons[火电机组最小停机时间约束1_5_64],0.0
cons[火电机组最小停机时间约束1_5_65],0.0
cons[火电机组最小停机时间约束1_5_66],0.0
cons[火电机组最小停机时间约束1_5_67],0.0
cons[火电机组最小停机时间约束1_5_68],0.0
cons[火电机组最小停机时间约束1_5_69],0.0
cons[火电机组最小停机时间约束1_5_70],0.0
cons[火电机组最小停机时间约束1_5_71],0.0
cons[火电机组最小停机时间约束1_5_72],0.0
cons[火电机组最小停机时间约束1_5_73],0.0
cons[火电机组最小停机时间约束1_5_74],0.0
cons[火电机组最小停机时间约束1_5_75],0.0
cons[火电机组最小停机时间约束2_5_76],0.0
cons[火电机组最小停机时间约束2_5_77],0.0
cons[火电机组最小停机时间约束2_5_78],0.0
cons[火电机组最小停机时间约束2_5_79],0.0
cons[火电机组最小停机时间约束2_5_80],0.0
cons[火电机组最小停机时间约束2_5_81],0.0
cons[火电机组最小停机时间约束2_5_82],0.0
cons[火电机组最小停机时间约束2_5_83],0.0
cons[火电机组最小停机时间约束2_5_84],0.0
cons[火电机组最小停机时间约束2_5_85],0.0
cons[火电机组最小停机时间约束2_5_86],0.0
cons[火电机组最小停机时间约束2_5_87],0.0
cons[火电机组最小停机时间约束2_5_88],0.0
cons[火电机组最小停机时间约束2_5_89],0.0
cons[火电机组最小停机时间约束2_5_90],0.0
cons[火电机组最小停机时间约束2_5_91],0.0
cons[火电机组最小停机时间约束2_5_92],0.0
cons[火电机组最小停机时间约束2_5_93],0.0
cons[火电机组最小停机时间约束2_5_94],0.0
cons[火电机组最小停机时间约束2_5_95],0.0
cons[火电机组最小开机时间约束1_6_0],0.0
cons[火电机组最小开机时间约束1_6_1],0.0
cons[火电机组最小开机时间约束1_6_2],0.0
cons[火电机组最小开机时间约束1_6_3],0.0
cons[火电机组最小开机时间约束1_6_4],0.0
cons[火电机组最小开机时间约束1_6_5],0.0
cons[火电机组最小开机时间约束1_6_6],0.0
cons[火电机组最小开机时间约束1_6_7],0.0
cons[火电机组最小开机时间约束1_6_8],0.0
cons[火电机组最小开机时间约束1_6_9],0.0
cons[火电机组最小开机时间约束1_6_10],0.0
cons[火电机组最小开机时间约束1_6_11],0.0
cons[火电机组最小开机时间约束1_6_12],0.0
cons[火电机组最小开机时间约束1_6_13],0.0
cons[火电机组最小开机时间约束1_6_14],0.0
cons[火电机组最小开机时间约束1_6_15],0.0
cons[火电机组最小开机时间约束1_6_16],0.0
cons[火电机组最小开机时间约束1_6_17],0.0
cons[火电机组最小开机时间约束1_6_18],0.0
cons[火电机组最小开机时间约束1_6_19],0.0
cons[火电机组最小开机时间约束1_6_20],0.0
cons[火电机组最小开机时间约束1_6_21],0.0
cons[火电机组最小开机时间约束1_6_22],0.0
cons[火电机组最小开机时间约束1_6_23],0.0
cons[火电机组最小开机时间约束1_6_24],0.0
cons[火电机组最小开机时间约束1_6_25],0.0
cons[火电机组最小开机时间约束1_6_26],0.0
cons[火电机组最小开机时间约束1_6_27],0.0
cons[火电机组最小开机时间约束1_6_28],0.0
cons[火电机组最小开机时间约束1_6_29],0.0
cons[火电机组最小开机时间约束1_6_30],0.0
cons[火电机组最小开机时间约束1_6_31],0.0
cons[火电机组最小开机时间约束1_6_32],0.0
cons[火电机组最小开机时间约束1_6_33],0.0
cons[火电机组最小开机时间约束1_6_34],0.0
cons[火电机组最小开机时间约束1_6_35],0.0
cons[火电机组最小开机时间约束1_6_36],0.0
cons[火电机组最小开机时间约束1_6_37],0.0
cons[火电机组最小开机时间约束1_6_38],0.0
cons[火电机组最小开机时间约束1_6_39],0.0
cons[火电机组最小开机时间约束1_6_40],0.0
cons[火电机组最小开机时间约束1_6_41],0.0
cons[火电机组最小开机时间约束1_6_42],0.0
cons[火电机组最小开机时间约束1_6_43],0.0
cons[火电机组最小开机时间约束1_6_44],0.0
cons[火电机组最小开机时间约束1_6_45],0.0
cons[火电机组最小开机时间约束1_6_46],0.0
cons[火电机组最小开机时间约束1_6_47],0.0
cons[火电机组最小开机时间约束1_6_48],0.0
cons[火电机组最小开机时间约束1_6_49],0.0
cons[火电机组最小开机时间约束1_6_50],0.0
cons[火电机组最小开机时间约束1_6_51],0.0
cons[火电机组最小开机时间约束1_6_52],0.0
cons[火电机组最小开机时间约束1_6_53],0.0
cons[火电机组最小开机时间约束1_6_54],0.0
cons[火电机组最小开机时间约束1_6_55],0.0
cons[火电机组最小开机时间约束1_6_56],0.0
cons[火电机组最小开机时间约束1_6_57],0.0
cons[火电机组最小开机时间约束1_6_58],0.0
cons[火电机组最小开机时间约束1_6_59],0.0
cons[火电机组最小开机时间约束1_6_60],0.0
cons[火电机组最小开机时间约束1_6_61],0.0
cons[火电机组最小开机时间约束1_6_62],0.0
cons[火电机组最小开机时间约束1_6_63],0.0
cons[火电机组最小开机时间约束2_6_64],0.0
cons[火电机组最小开机时间约束2_6_65],0.0
cons[火电机组最小开机时间约束2_6_66],0.0
cons[火电机组最小开机时间约束2_6_67],0.0
cons[火电机组最小开机时间约束2_6_68],0.0
cons[火电机组最小开机时间约束2_6_69],0.0
cons[火电机组最小开机时间约束2_6_70],0.0
cons[火电机组最小开机时间约束2_6_71],0.0
cons[火电机组最小开机时间约束2_6_72],0.0
cons[火电机组最小开机时间约束2_6_73],0.0
cons[火电机组最小开机时间约束2_6_74],0.0
cons[火电机组最小开机时间约束2_6_75],0.0
cons[火电机组最小开机时间约束2_6_76],0.0
cons[火电机组最小开机时间约束2_6_77],0.0
cons[火电机组最小开机时间约束2_6_78],0.0
cons[火电机组最小开机时间约束2_6_79],0.0
cons[火电机组最小开机时间约束2_6_80],0.0
cons[火电机组最小开机时间约束2_6_81],0.0
cons[火电机组最小开机时间约束2_6_82],0.0
cons[火电机组最小开机时间约束2_6_83],0.0
cons[火电机组最小开机时间约束2_6_84],0.0
cons[火电机组最小开机时间约束2_6_85],0.0
cons[火电机组最小开机时间约束2_6_86],0.0
cons[火电机组最小开机时间约束2_6_87],0.0
cons[火电机组最小开机时间约束2_6_88],0.0
cons[火电机组最小开机时间约束2_6_89],0.0
cons[火电机组最小开机时间约束2_6_90],0.0
cons[火电机组最小开机时间约束2_6_91],0.0
cons[火电机组最小开机时间约束2_6_92],0.0
cons[火电机组最小开机时间约束2_6_93],0.0
cons[火电机组最小开机时间约束2_6_94],0.0
cons[火电机组最小开机时间约束2_6_95],0.0
cons[火电机组最小停机时间约束1_6_0],0.0
cons[火电机组最小停机时间约束1_6_1],0.0
cons[火电机组最小停机时间约束1_6_2],0.0
cons[火电机组最小停机时间约束1_6_3],0.0
cons[火电机组最小停机时间约束1_6_4],0.0
cons[火电机组最小停机时间约束1_6_5],0.0
cons[火电机组最小停机时间约束1_6_6],0.0
cons[火电机组最小停机时间约束1_6_7],0.0
cons[火电机组最小停机时间约束1_6_8],0.0
cons[火电机组最小停机时间约束1_6_9],0.0
cons[火电机组最小停机时间约束1_6_10],0.0
cons[火电机组最小停机时间约束1_6_11],0.0
cons[火电机组最小停机时间约束1_6_12],0.0
cons[火电机组最小停机时间约束1_6_13],0.0
cons[火电机组最小停机时间约束1_6_14],0.0
cons[火电机组最小停机时间约束1_6_15],0.0
cons[火电机组最小停机时间约束1_6_16],0.0
cons[火电机组最小停机时间约束1_6_17],0.0
cons[火电机组最小停机时间约束1_6_18],0.0
cons[火电机组最小停机时间约束1_6_19],0.0
cons[火电机组最小停机时间约束1_6_20],0.0
cons[火电机组最小停机时间约束1_6_21],0.0
cons[火电机组最小停机时间约束1_6_22],0.0
cons[火电机组最小停机时间约束1_6_23],0.0
cons[火电机组最小停机时间约束1_6_24],0.0
cons[火电机组最小停机时间约束1_6_25],0.0
cons[火电机组最小停机时间约束1_6_26],0.0
cons[火电机组最小停机时间约束1_6_27],0.0
cons[火电机组最小停机时间约束1_6_28],0.0
cons[火电机组最小停机时间约束1_6_29],0.0
cons[火电机组最小停机时间约束1_6_30],0.0
cons[火电机组最小停机时间约束1_6_31],0.0
cons[火电机组最小停机时间约束1_6_32],0.0
cons[火电机组最小停机时间约束1_6_33],0.0
cons[火电机组最小停机时间约束1_6_34],0.0
cons[火电机组最小停机时间约束1_6_35],0.0
cons[火电机组最小停机时间约束1_6_36],0.0
cons[火电机组最小停机时间约束1_6_37],0.0
cons[火电机组最小停机时间约束1_6_38],0.0
cons[火电机组最小停机时间约束1_6_39],0.0
cons[火电机组最小停机时间约束1_6_40],0.0
cons[火电机组最小停机时间约束1_6_41],0.0
cons[火电机组最小停机时间约束1_6_42],0.0
cons[火电机组最小停机时间约束1_6_43],0.0
cons[火电机组最小停机时间约束1_6_44],0.0
cons[火电机组最小停机时间约束1_6_45],0.0
cons[火电机组最小停机时间约束1_6_46],0.0
cons[火电机组最小停机时间约束1_6_47],0.0
cons[火电机组最小停机时间约束1_6_48],0.0
cons[火电机组最小停机时间约束1_6_49],0.0
cons[火电机组最小停机时间约束1_6_50],0.0
cons[火电机组最小停机时间约束1_6_51],0.0
cons[火电机组最小停机时间约束1_6_52],0.0
cons[火电机组最小停机时间约束1_6_53],0.0
cons[火电机组最小停机时间约束1_6_54],0.0
cons[火电机组最小停机时间约束1_6_55],0.0
cons[火电机组最小停机时间约束1_6_56],0.0
cons[火电机组最小停机时间约束1_6_57],0.0
cons[火电机组最小停机时间约束1_6_58],0.0
cons[火电机组最小停机时间约束1_6_59],0.0
cons[火电机组最小停机时间约束1_6_60],0.0
cons[火电机组最小停机时间约束1_6_61],0.0
cons[火电机组最小停机时间约束1_6_62],0.0
cons[火电机组最小停机时间约束1_6_63],0.0
cons[火电机组最小停机时间约束1_6_64],0.0
cons[火电机组最小停机时间约束1_6_65],0.0
cons[火电机组最小停机时间约束1_6_66],0.0
cons[火电机组最小停机时间约束1_6_67],0.0
cons[火电机组最小停机时间约束1_6_68],0.0
cons[火电机组最小停机时间约束1_6_69],0.0
cons[火电机组最小停机时间约束1_6_70],0.0
cons[火电机组最小停机时间约束1_6_71],0.0
cons[火电机组最小停机时间约束1_6_72],0.0
cons[火电机组最小停机时间约束1_6_73],0.0
cons[火电机组最小停机时间约束1_6_74],0.0
cons[火电机组最小停机时间约束1_6_75],0.0
cons[火电机组最小停机时间约束2_6_76],0.0
cons[火电机组最小停机时间约束2_6_77],0.0
cons[火电机组最小停机时间约束2_6_78],0.0
cons[火电机组最小停机时间约束2_6_79],0.0
cons[火电机组最小停机时间约束2_6_80],0.0
cons[火电机组最小停机时间约束2_6_81],0.0
cons[火电机组最小停机时间约束2_6_82],0.0
cons[火电机组最小停机时间约束2_6_83],0.0
cons[火电机组最小停机时间约束2_6_84],0.0
cons[火电机组最小停机时间约束2_6_85],0.0
cons[火电机组最小停机时间约束2_6_86],0.0
cons[火电机组最小停机时间约束2_6_87],0.0
cons[火电机组最小停机时间约束2_6_88],0.0
cons[火电机组最小停机时间约束2_6_89],0.0
cons[火电机组最小停机时间约束2_6_90],0.0
cons[火电机组最小停机时间约束2_6_91],0.0
cons[火电机组最小停机时间约束2_6_92],0.0
cons[火电机组最小停机时间约束2_6_93],0.0
cons[火电机组最小停机时间约束2_6_94],0.0
cons[火电机组最小停机时间约束2_6_95],0.0
cons[火电机组最小开机时间约束1_7_0],0.0
cons[火电机组最小开机时间约束1_7_1],0.0
cons[火电机组最小开机时间约束1_7_2],0.0
cons[火电机组最小开机时间约束1_7_3],0.0
cons[火电机组最小开机时间约束1_7_4],0.0
cons[火电机组最小开机时间约束1_7_5],0.0
cons[火电机组最小开机时间约束1_7_6],0.0
cons[火电机组最小开机时间约束1_7_7],0.0
cons[火电机组最小开机时间约束1_7_8],0.0
cons[火电机组最小开机时间约束1_7_9],0.0
cons[火电机组最小开机时间约束1_7_10],0.0
cons[火电机组最小开机时间约束1_7_11],0.0
cons[火电机组最小开机时间约束1_7_12],0.0
cons[火电机组最小开机时间约束1_7_13],0.0
cons[火电机组最小开机时间约束1_7_14],0.0
cons[火电机组最小开机时间约束1_7_15],0.0
cons[火电机组最小开机时间约束1_7_16],0.0
cons[火电机组最小开机时间约束1_7_17],0.0
cons[火电机组最小开机时间约束1_7_18],0.0
cons[火电机组最小开机时间约束1_7_19],0.0
cons[火电机组最小开机时间约束1_7_20],0.0
cons[火电机组最小开机时间约束1_7_21],0.0
cons[火电机组最小开机时间约束1_7_22],0.0
cons[火电机组最小开机时间约束1_7_23],0.0
cons[火电机组最小开机时间约束1_7_24],0.0
cons[火电机组最小开机时间约束1_7_25],0.0
cons[火电机组最小开机时间约束1_7_26],0.0
cons[火电机组最小开机时间约束1_7_27],0.0
cons[火电机组最小开机时间约束1_7_28],0.0
cons[火电机组最小开机时间约束1_7_29],0.0
cons[火电机组最小开机时间约束1_7_30],0.0
cons[火电机组最小开机时间约束1_7_31],0.0
cons[火电机组最小开机时间约束1_7_32],0.0
cons[火电机组最小开机时间约束1_7_33],0.0
cons[火电机组最小开机时间约束1_7_34],0.0
cons[火电机组最小开机时间约束1_7_35],0.0
cons[火电机组最小开机时间约束1_7_36],0.0
cons[火电机组最小开机时间约束1_7_37],0.0
cons[火电机组最小开机时间约束1_7_38],0.0
cons[火电机组最小开机时间约束1_7_39],0.0
cons[火电机组最小开机时间约束1_7_40],0.0
cons[火电机组最小开机时间约束1_7_41],0.0
cons[火电机组最小开机时间约束1_7_42],0.0
cons[火电机组最小开机时间约束1_7_43],0.0
cons[火电机组最小开机时间约束1_7_44],0.0
cons[火电机组最小开机时间约束1_7_45],0.0
cons[火电机组最小开机时间约束1_7_46],0.0
cons[火电机组最小开机时间约束1_7_47],0.0
cons[火电机组最小开机时间约束1_7_48],0.0
cons[火电机组最小开机时间约束1_7_49],0.0
cons[火电机组最小开机时间约束1_7_50],0.0
cons[火电机组最小开机时间约束1_7_51],0.0
cons[火电机组最小开机时间约束1_7_52],0.0
cons[火电机组最小开机时间约束1_7_53],0.0
cons[火电机组最小开机时间约束1_7_54],0.0
cons[火电机组最小开机时间约束1_7_55],0.0
cons[火电机组最小开机时间约束1_7_56],0.0
cons[火电机组最小开机时间约束1_7_57],0.0
cons[火电机组最小开机时间约束1_7_58],0.0
cons[火电机组最小开机时间约束1_7_59],0.0
cons[火电机组最小开机时间约束1_7_60],0.0
cons[火电机组最小开机时间约束1_7_61],0.0
cons[火电机组最小开机时间约束1_7_62],0.0
cons[火电机组最小开机时间约束1_7_63],0.0
cons[火电机组最小开机时间约束2_7_64],0.0
cons[火电机组最小开机时间约束2_7_65],0.0
cons[火电机组最小开机时间约束2_7_66],0.0
cons[火电机组最小开机时间约束2_7_67],0.0
cons[火电机组最小开机时间约束2_7_68],0.0
cons[火电机组最小开机时间约束2_7_69],0.0
cons[火电机组最小开机时间约束2_7_70],0.0
cons[火电机组最小开机时间约束2_7_71],0.0
cons[火电机组最小开机时间约束2_7_72],0.0
cons[火电机组最小开机时间约束2_7_73],0.0
cons[火电机组最小开机时间约束2_7_74],0.0
cons[火电机组最小开机时间约束2_7_75],0.0
cons[火电机组最小开机时间约束2_7_76],0.0
cons[火电机组最小开机时间约束2_7_77],0.0
cons[火电机组最小开机时间约束2_7_78],0.0
cons[火电机组最小开机时间约束2_7_79],0.0
cons[火电机组最小开机时间约束2_7_80],0.0
cons[火电机组最小开机时间约束2_7_81],0.0
cons[火电机组最小开机时间约束2_7_82],0.0
cons[火电机组最小开机时间约束2_7_83],0.0
cons[火电机组最小开机时间约束2_7_84],0.0
cons[火电机组最小开机时间约束2_7_85],0.0
cons[火电机组最小开机时间约束2_7_86],0.0
cons[火电机组最小开机时间约束2_7_87],0.0
cons[火电机组最小开机时间约束2_7_88],0.0
cons[火电机组最小开机时间约束2_7_89],0.0
cons[火电机组最小开机时间约束2_7_90],0.0
cons[火电机组最小开机时间约束2_7_91],0.0
cons[火电机组最小开机时间约束2_7_92],0.0
cons[火电机组最小开机时间约束2_7_93],0.0
cons[火电机组最小开机时间约束2_7_94],0.0
cons[火电机组最小开机时间约束2_7_95],0.0
cons[火电机组最小停机时间约束1_7_0],0.0
cons[火电机组最小停机时间约束1_7_1],0.0
cons[火电机组最小停机时间约束1_7_2],0.0
cons[火电机组最小停机时间约束1_7_3],0.0
cons[火电机组最小停机时间约束1_7_4],0.0
cons[火电机组最小停机时间约束1_7_5],0.0
cons[火电机组最小停机时间约束1_7_6],0.0
cons[火电机组最小停机时间约束1_7_7],0.0
cons[火电机组最小停机时间约束1_7_8],0.0
cons[火电机组最小停机时间约束1_7_9],0.0
cons[火电机组最小停机时间约束1_7_10],0.0
cons[火电机组最小停机时间约束1_7_11],0.0
cons[火电机组最小停机时间约束1_7_12],0.0
cons[火电机组最小停机时间约束1_7_13],0.0
cons[火电机组最小停机时间约束1_7_14],0.0
cons[火电机组最小停机时间约束1_7_15],0.0
cons[火电机组最小停机时间约束1_7_16],0.0
cons[火电机组最小停机时间约束1_7_17],0.0
cons[火电机组最小停机时间约束1_7_18],0.0
cons[火电机组最小停机时间约束1_7_19],0.0
cons[火电机组最小停机时间约束1_7_20],0.0
cons[火电机组最小停机时间约束1_7_21],0.0
cons[火电机组最小停机时间约束1_7_22],0.0
cons[火电机组最小停机时间约束1_7_23],0.0
cons[火电机组最小停机时间约束1_7_24],0.0
cons[火电机组最小停机时间约束1_7_25],0.0
cons[火电机组最小停机时间约束1_7_26],0.0
cons[火电机组最小停机时间约束1_7_27],0.0
cons[火电机组最小停机时间约束1_7_28],0.0
cons[火电机组最小停机时间约束1_7_29],0.0
cons[火电机组最小停机时间约束1_7_30],0.0
cons[火电机组最小停机时间约束1_7_31],0.0
cons[火电机组最小停机时间约束1_7_32],0.0
cons[火电机组最小停机时间约束1_7_33],0.0
cons[火电机组最小停机时间约束1_7_34],0.0
cons[火电机组最小停机时间约束1_7_35],0.0
cons[火电机组最小停机时间约束1_7_36],0.0
cons[火电机组最小停机时间约束1_7_37],0.0
cons[火电机组最小停机时间约束1_7_38],0.0
cons[火电机组最小停机时间约束1_7_39],0.0
cons[火电机组最小停机时间约束1_7_40],0.0
cons[火电机组最小停机时间约束1_7_41],0.0
cons[火电机组最小停机时间约束1_7_42],0.0
cons[火电机组最小停机时间约束1_7_43],0.0
cons[火电机组最小停机时间约束1_7_44],0.0
cons[火电机组最小停机时间约束1_7_45],0.0
cons[火电机组最小停机时间约束1_7_46],0.0
cons[火电机组最小停机时间约束1_7_47],0.0
cons[火电机组最小停机时间约束1_7_48],0.0
cons[火电机组最小停机时间约束1_7_49],0.0
cons[火电机组最小停机时间约束1_7_50],0.0
cons[火电机组最小停机时间约束1_7_51],0.0
cons[火电机组最小停机时间约束1_7_52],0.0
cons[火电机组最小停机时间约束1_7_53],0.0
cons[火电机组最小停机时间约束1_7_54],0.0
cons[火电机组最小停机时间约束1_7_55],0.0
cons[火电机组最小停机时间约束1_7_56],0.0
cons[火电机组最小停机时间约束1_7_57],0.0
cons[火电机组最小停机时间约束1_7_58],0.0
cons[火电机组最小停机时间约束1_7_59],0.0
cons[火电机组最小停机时间约束1_7_60],0.0
cons[火电机组最小停机时间约束1_7_61],0.0
cons[火电机组最小停机时间约束1_7_62],0.0
cons[火电机组最小停机时间约束1_7_63],0.0
cons[火电机组最小停机时间约束1_7_64],0.0
cons[火电机组最小停机时间约束1_7_65],0.0
cons[火电机组最小停机时间约束1_7_66],0.0
cons[火电机组最小停机时间约束1_7_67],0.0
cons[火电机组最小停机时间约束1_7_68],0.0
cons[火电机组最小停机时间约束1_7_69],0.0
cons[火电机组最小停机时间约束1_7_70],0.0
cons[火电机组最小停机时间约束1_7_71],0.0
cons[火电机组最小停机时间约束1_7_72],0.0
cons[火电机组最小停机时间约束1_7_73],0.0
cons[火电机组最小停机时间约束1_7_74],0.0
cons[火电机组最小停机时间约束1_7_75],0.0
cons[火电机组最小停机时间约束2_7_76],0.0
cons[火电机组最小停机时间约束2_7_77],0.0
cons[火电机组最小停机时间约束2_7_78],0.0
cons[火电机组最小停机时间约束2_7_79],0.0
cons[火电机组最小停机时间约束2_7_80],0.0
cons[火电机组最小停机时间约束2_7_81],0.0
cons[火电机组最小停机时间约束2_7_82],0.0
cons[火电机组最小停机时间约束2_7_83],0.0
cons[火电机组最小停机时间约束2_7_84],0.0
cons[火电机组最小停机时间约束2_7_85],0.0
cons[火电机组最小停机时间约束2_7_86],0.0
cons[火电机组最小停机时间约束2_7_87],0.0
cons[火电机组最小停机时间约束2_7_88],0.0
cons[火电机组最小停机时间约束2_7_89],0.0
cons[火电机组最小停机时间约束2_7_90],0.0
cons[火电机组最小停机时间约束2_7_91],0.0
cons[火电机组最小停机时间约束2_7_92],0.0
cons[火电机组最小停机时间约束2_7_93],0.0
cons[火电机组最小停机时间约束2_7_94],0.0
cons[火电机组最小停机时间约束2_7_95],0.0
cons[火电机组最小开机时间约束1_8_0],0.0
cons[火电机组最小开机时间约束1_8_1],0.0
cons[火电机组最小开机时间约束1_8_2],0.0
cons[火电机组最小开机时间约束1_8_3],0.0
cons[火电机组最小开机时间约束1_8_4],0.0
cons[火电机组最小开机时间约束1_8_5],0.0
cons[火电机组最小开机时间约束1_8_6],0.0
cons[火电机组最小开机时间约束1_8_7],0.0
cons[火电机组最小开机时间约束1_8_8],0.0
cons[火电机组最小开机时间约束1_8_9],0.0
cons[火电机组最小开机时间约束1_8_10],0.0
cons[火电机组最小开机时间约束1_8_11],0.0
cons[火电机组最小开机时间约束1_8_12],0.0
cons[火电机组最小开机时间约束1_8_13],0.0
cons[火电机组最小开机时间约束1_8_14],0.0
cons[火电机组最小开机时间约束1_8_15],0.0
cons[火电机组最小开机时间约束1_8_16],0.0
cons[火电机组最小开机时间约束1_8_17],0.0
cons[火电机组最小开机时间约束1_8_18],0.0
cons[火电机组最小开机时间约束1_8_19],0.0
cons[火电机组最小开机时间约束1_8_20],0.0
cons[火电机组最小开机时间约束1_8_21],0.0
cons[火电机组最小开机时间约束1_8_22],0.0
cons[火电机组最小开机时间约束1_8_23],0.0
cons[火电机组最小开机时间约束1_8_24],0.0
cons[火电机组最小开机时间约束1_8_25],0.0
cons[火电机组最小开机时间约束1_8_26],0.0
cons[火电机组最小开机时间约束1_8_27],0.0
cons[火电机组最小开机时间约束1_8_28],0.0
cons[火电机组最小开机时间约束1_8_29],0.0
cons[火电机组最小开机时间约束1_8_30],0.0
cons[火电机组最小开机时间约束1_8_31],0.0
cons[火电机组最小开机时间约束1_8_32],0.0
cons[火电机组最小开机时间约束1_8_33],0.0
cons[火电机组最小开机时间约束1_8_34],0.0
cons[火电机组最小开机时间约束1_8_35],0.0
cons[火电机组最小开机时间约束1_8_36],0.0
cons[火电机组最小开机时间约束1_8_37],0.0
cons[火电机组最小开机时间约束1_8_38],0.0
cons[火电机组最小开机时间约束1_8_39],0.0
cons[火电机组最小开机时间约束1_8_40],0.0
cons[火电机组最小开机时间约束1_8_41],0.0
cons[火电机组最小开机时间约束1_8_42],0.0
cons[火电机组最小开机时间约束1_8_43],0.0
cons[火电机组最小开机时间约束1_8_44],0.0
cons[火电机组最小开机时间约束1_8_45],0.0
cons[火电机组最小开机时间约束1_8_46],0.0
cons[火电机组最小开机时间约束1_8_47],0.0
cons[火电机组最小开机时间约束1_8_48],0.0
cons[火电机组最小开机时间约束1_8_49],0.0
cons[火电机组最小开机时间约束1_8_50],0.0
cons[火电机组最小开机时间约束1_8_51],0.0
cons[火电机组最小开机时间约束1_8_52],0.0
cons[火电机组最小开机时间约束1_8_53],0.0
cons[火电机组最小开机时间约束1_8_54],0.0
cons[火电机组最小开机时间约束1_8_55],0.0
cons[火电机组最小开机时间约束1_8_56],0.0
cons[火电机组最小开机时间约束1_8_57],0.0
cons[火电机组最小开机时间约束1_8_58],0.0
cons[火电机组最小开机时间约束1_8_59],0.0
cons[火电机组最小开机时间约束1_8_60],0.0
cons[火电机组最小开机时间约束1_8_61],0.0
cons[火电机组最小开机时间约束1_8_62],0.0
cons[火电机组最小开机时间约束1_8_63],0.0
cons[火电机组最小开机时间约束1_8_64],0.0
cons[火电机组最小开机时间约束1_8_65],0.0
cons[火电机组最小开机时间约束1_8_66],0.0
cons[火电机组最小开机时间约束1_8_67],0.0
cons[火电机组最小开机时间约束1_8_68],0.0
cons[火电机组最小开机时间约束1_8_69],0.0
cons[火电机组最小开机时间约束1_8_70],0.0
cons[火电机组最小开机时间约束1_8_71],0.0
cons[火电机组最小开机时间约束1_8_72],0.0
cons[火电机组最小开机时间约束1_8_73],0.0
cons[火电机组最小开机时间约束1_8_74],0.0
cons[火电机组最小开机时间约束1_8_75],0.0
cons[火电机组最小开机时间约束2_8_76],0.0
cons[火电机组最小开机时间约束2_8_77],0.0
cons[火电机组最小开机时间约束2_8_78],0.0
cons[火电机组最小开机时间约束2_8_79],0.0
cons[火电机组最小开机时间约束2_8_80],0.0
cons[火电机组最小开机时间约束2_8_81],0.0
cons[火电机组最小开机时间约束2_8_82],0.0
cons[火电机组最小开机时间约束2_8_83],0.0
cons[火电机组最小开机时间约束2_8_84],0.0
cons[火电机组最小开机时间约束2_8_85],0.0
cons[火电机组最小开机时间约束2_8_86],0.0
cons[火电机组最小开机时间约束2_8_87],0.0
cons[火电机组最小开机时间约束2_8_88],0.0
cons[火电机组最小开机时间约束2_8_89],0.0
cons[火电机组最小开机时间约束2_8_90],0.0
cons[火电机组最小开机时间约束2_8_91],0.0
cons[火电机组最小开机时间约束2_8_92],0.0
cons[火电机组最小开机时间约束2_8_93],0.0
cons[火电机组最小开机时间约束2_8_94],0.0
cons[火电机组最小开机时间约束2_8_95],0.0
cons[火电机组最小停机时间约束1_8_0],0.0
cons[火电机组最小停机时间约束1_8_1],0.0
cons[火电机组最小停机时间约束1_8_2],0.0
cons[火电机组最小停机时间约束1_8_3],0.0
cons[火电机组最小停机时间约束1_8_4],0.0
cons[火电机组最小停机时间约束1_8_5],0.0
cons[火电机组最小停机时间约束1_8_6],0.0
cons[火电机组最小停机时间约束1_8_7],0.0
cons[火电机组最小停机时间约束1_8_8],0.0
cons[火电机组最小停机时间约束1_8_9],0.0
cons[火电机组最小停机时间约束1_8_10],0.0
cons[火电机组最小停机时间约束1_8_11],0.0
cons[火电机组最小停机时间约束1_8_12],0.0
cons[火电机组最小停机时间约束1_8_13],0.0
cons[火电机组最小停机时间约束1_8_14],0.0
cons[火电机组最小停机时间约束1_8_15],0.0
cons[火电机组最小停机时间约束1_8_16],0.0
cons[火电机组最小停机时间约束1_8_17],0.0
cons[火电机组最小停机时间约束1_8_18],0.0
cons[火电机组最小停机时间约束1_8_19],0.0
cons[火电机组最小停机时间约束1_8_20],0.0
cons[火电机组最小停机时间约束1_8_21],0.0
cons[火电机组最小停机时间约束1_8_22],0.0
cons[火电机组最小停机时间约束1_8_23],0.0
cons[火电机组最小停机时间约束1_8_24],0.0
cons[火电机组最小停机时间约束1_8_25],0.0
cons[火电机组最小停机时间约束1_8_26],0.0
cons[火电机组最小停机时间约束1_8_27],0.0
cons[火电机组最小停机时间约束1_8_28],0.0
cons[火电机组最小停机时间约束1_8_29],0.0
cons[火电机组最小停机时间约束1_8_30],0.0
cons[火电机组最小停机时间约束1_8_31],0.0
cons[火电机组最小停机时间约束1_8_32],0.0
cons[火电机组最小停机时间约束1_8_33],0.0
cons[火电机组最小停机时间约束1_8_34],0.0
cons[火电机组最小停机时间约束1_8_35],0.0
cons[火电机组最小停机时间约束1_8_36],0.0
cons[火电机组最小停机时间约束1_8_37],0.0
cons[火电机组最小停机时间约束1_8_38],0.0
cons[火电机组最小停机时间约束1_8_39],0.0
cons[火电机组最小停机时间约束1_8_40],0.0
cons[火电机组最小停机时间约束1_8_41],0.0
cons[火电机组最小停机时间约束1_8_42],0.0
cons[火电机组最小停机时间约束1_8_43],0.0
cons[火电机组最小停机时间约束1_8_44],0.0
cons[火电机组最小停机时间约束1_8_45],0.0
cons[火电机组最小停机时间约束1_8_46],0.0
cons[火电机组最小停机时间约束1_8_47],0.0
cons[火电机组最小停机时间约束1_8_48],0.0
cons[火电机组最小停机时间约束1_8_49],0.0
cons[火电机组最小停机时间约束1_8_50],0.0
cons[火电机组最小停机时间约束1_8_51],0.0
cons[火电机组最小停机时间约束1_8_52],0.0
cons[火电机组最小停机时间约束1_8_53],0.0
cons[火电机组最小停机时间约束1_8_54],0.0
cons[火电机组最小停机时间约束1_8_55],0.0
cons[火电机组最小停机时间约束1_8_56],0.0
cons[火电机组最小停机时间约束1_8_57],0.0
cons[火电机组最小停机时间约束1_8_58],0.0
cons[火电机组最小停机时间约束1_8_59],0.0
cons[火电机组最小停机时间约束1_8_60],0.0
cons[火电机组最小停机时间约束1_8_61],0.0
cons[火电机组最小停机时间约束1_8_62],0.0
cons[火电机组最小停机时间约束1_8_63],0.0
cons[火电机组最小停机时间约束1_8_64],0.0
cons[火电机组最小停机时间约束1_8_65],0.0
cons[火电机组最小停机时间约束1_8_66],0.0
cons[火电机组最小停机时间约束1_8_67],0.0
cons[火电机组最小停机时间约束1_8_68],0.0
cons[火电机组最小停机时间约束1_8_69],0.0
cons[火电机组最小停机时间约束1_8_70],0.0
cons[火电机组最小停机时间约束1_8_71],0.0
cons[火电机组最小停机时间约束1_8_72],0.0
cons[火电机组最小停机时间约束1_8_73],0.0
cons[火电机组最小停机时间约束1_8_74],0.0
cons[火电机组最小停机时间约束1_8_75],0.0
cons[火电机组最小停机时间约束1_8_76],0.0
cons[火电机组最小停机时间约束1_8_77],0.0
cons[火电机组最小停机时间约束1_8_78],0.0
cons[火电机组最小停机时间约束1_8_79],0.0
cons[火电机组最小停机时间约束2_8_80],0.0
cons[火电机组最小停机时间约束2_8_81],0.0
cons[火电机组最小停机时间约束2_8_82],0.0
cons[火电机组最小停机时间约束2_8_83],0.0
cons[火电机组最小停机时间约束2_8_84],0.0
cons[火电机组最小停机时间约束2_8_85],0.0
cons[火电机组最小停机时间约束2_8_86],0.0
cons[火电机组最小停机时间约束2_8_87],0.0
cons[火电机组最小停机时间约束2_8_88],0.0
cons[火电机组最小停机时间约束2_8_89],0.0
cons[火电机组最小停机时间约束2_8_90],0.0
cons[火电机组最小停机时间约束2_8_91],0.0
cons[火电机组最小停机时间约束2_8_92],0.0
cons[火电机组最小停机时间约束2_8_93],0.0
cons[火电机组最小停机时间约束2_8_94],0.0
cons[火电机组最小停机时间约束2_8_95],0.0
cons[火电机组最小开机时间约束1_9_0],0.0
cons[火电机组最小开机时间约束1_9_1],0.0
cons[火电机组最小开机时间约束1_9_2],0.0
cons[火电机组最小开机时间约束1_9_3],0.0
cons[火电机组最小开机时间约束1_9_4],0.0
cons[火电机组最小开机时间约束1_9_5],0.0
cons[火电机组最小开机时间约束1_9_6],0.0
cons[火电机组最小开机时间约束1_9_7],0.0
cons[火电机组最小开机时间约束1_9_8],0.0
cons[火电机组最小开机时间约束1_9_9],0.0
cons[火电机组最小开机时间约束1_9_10],0.0
cons[火电机组最小开机时间约束1_9_11],0.0
cons[火电机组最小开机时间约束1_9_12],0.0
cons[火电机组最小开机时间约束1_9_13],0.0
cons[火电机组最小开机时间约束1_9_14],0.0
cons[火电机组最小开机时间约束1_9_15],0.0
cons[火电机组最小开机时间约束1_9_16],0.0
cons[火电机组最小开机时间约束1_9_17],0.0
cons[火电机组最小开机时间约束1_9_18],0.0
cons[火电机组最小开机时间约束1_9_19],0.0
cons[火电机组最小开机时间约束1_9_20],0.0
cons[火电机组最小开机时间约束1_9_21],0.0
cons[火电机组最小开机时间约束1_9_22],0.0
cons[火电机组最小开机时间约束1_9_23],0.0
cons[火电机组最小开机时间约束1_9_24],0.0
cons[火电机组最小开机时间约束1_9_25],0.0
cons[火电机组最小开机时间约束1_9_26],0.0
cons[火电机组最小开机时间约束1_9_27],0.0
cons[火电机组最小开机时间约束1_9_28],0.0
cons[火电机组最小开机时间约束1_9_29],0.0
cons[火电机组最小开机时间约束1_9_30],0.0
cons[火电机组最小开机时间约束1_9_31],0.0
cons[火电机组最小开机时间约束1_9_32],0.0
cons[火电机组最小开机时间约束1_9_33],0.0
cons[火电机组最小开机时间约束1_9_34],0.0
cons[火电机组最小开机时间约束1_9_35],0.0
cons[火电机组最小开机时间约束1_9_36],0.0
cons[火电机组最小开机时间约束1_9_37],0.0
cons[火电机组最小开机时间约束1_9_38],0.0
cons[火电机组最小开机时间约束1_9_39],0.0
cons[火电机组最小开机时间约束1_9_40],0.0
cons[火电机组最小开机时间约束1_9_41],0.0
cons[火电机组最小开机时间约束1_9_42],0.0
cons[火电机组最小开机时间约束1_9_43],0.0
cons[火电机组最小开机时间约束1_9_44],0.0
cons[火电机组最小开机时间约束1_9_45],0.0
cons[火电机组最小开机时间约束1_9_46],0.0
cons[火电机组最小开机时间约束1_9_47],0.0
cons[火电机组最小开机时间约束1_9_48],0.0
cons[火电机组最小开机时间约束1_9_49],0.0
cons[火电机组最小开机时间约束1_9_50],0.0
cons[火电机组最小开机时间约束1_9_51],0.0
cons[火电机组最小开机时间约束1_9_52],0.0
cons[火电机组最小开机时间约束1_9_53],0.0
cons[火电机组最小开机时间约束1_9_54],0.0
cons[火电机组最小开机时间约束1_9_55],0.0
cons[火电机组最小开机时间约束1_9_56],0.0
cons[火电机组最小开机时间约束1_9_57],0.0
cons[火电机组最小开机时间约束1_9_58],0.0
cons[火电机组最小开机时间约束1_9_59],0.0
cons[火电机组最小开机时间约束1_9_60],0.0
cons[火电机组最小开机时间约束1_9_61],0.0
cons[火电机组最小开机时间约束1_9_62],0.0
cons[火电机组最小开机时间约束1_9_63],0.0
cons[火电机组最小开机时间约束1_9_64],0.0
cons[火电机组最小开机时间约束1_9_65],0.0
cons[火电机组最小开机时间约束1_9_66],0.0
cons[火电机组最小开机时间约束1_9_67],0.0
cons[火电机组最小开机时间约束1_9_68],0.0
cons[火电机组最小开机时间约束1_9_69],0.0
cons[火电机组最小开机时间约束1_9_70],0.0
cons[火电机组最小开机时间约束1_9_71],0.0
cons[火电机组最小开机时间约束1_9_72],0.0
cons[火电机组最小开机时间约束1_9_73],0.0
cons[火电机组最小开机时间约束1_9_74],0.0
cons[火电机组最小开机时间约束1_9_75],0.0
cons[火电机组最小开机时间约束2_9_76],0.0
cons[火电机组最小开机时间约束2_9_77],0.0
cons[火电机组最小开机时间约束2_9_78],0.0
cons[火电机组最小开机时间约束2_9_79],0.0
cons[火电机组最小开机时间约束2_9_80],0.0
cons[火电机组最小开机时间约束2_9_81],0.0
cons[火电机组最小开机时间约束2_9_82],0.0
cons[火电机组最小开机时间约束2_9_83],0.0
cons[火电机组最小开机时间约束2_9_84],0.0
cons[火电机组最小开机时间约束2_9_85],0.0
cons[火电机组最小开机时间约束2_9_86],0.0
cons[火电机组最小开机时间约束2_9_87],0.0
cons[火电机组最小开机时间约束2_9_88],0.0
cons[火电机组最小开机时间约束2_9_89],0.0
cons[火电机组最小开机时间约束2_9_90],0.0
cons[火电机组最小开机时间约束2_9_91],0.0
cons[火电机组最小开机时间约束2_9_92],0.0
cons[火电机组最小开机时间约束2_9_93],0.0
cons[火电机组最小开机时间约束2_9_94],0.0
cons[火电机组最小开机时间约束2_9_95],0.0
cons[火电机组最小停机时间约束1_9_0],0.0
cons[火电机组最小停机时间约束1_9_1],0.0
cons[火电机组最小停机时间约束1_9_2],0.0
cons[火电机组最小停机时间约束1_9_3],0.0
cons[火电机组最小停机时间约束1_9_4],0.0
cons[火电机组最小停机时间约束1_9_5],0.0
cons[火电机组最小停机时间约束1_9_6],0.0
cons[火电机组最小停机时间约束1_9_7],0.0
cons[火电机组最小停机时间约束1_9_8],0.0
cons[火电机组最小停机时间约束1_9_9],0.0
cons[火电机组最小停机时间约束1_9_10],0.0
cons[火电机组最小停机时间约束1_9_11],0.0
cons[火电机组最小停机时间约束1_9_12],0.0
cons[火电机组最小停机时间约束1_9_13],0.0
cons[火电机组最小停机时间约束1_9_14],0.0
cons[火电机组最小停机时间约束1_9_15],0.0
cons[火电机组最小停机时间约束1_9_16],0.0
cons[火电机组最小停机时间约束1_9_17],0.0
cons[火电机组最小停机时间约束1_9_18],0.0
cons[火电机组最小停机时间约束1_9_19],0.0
cons[火电机组最小停机时间约束1_9_20],0.0
cons[火电机组最小停机时间约束1_9_21],0.0
cons[火电机组最小停机时间约束1_9_22],0.0
cons[火电机组最小停机时间约束1_9_23],0.0
cons[火电机组最小停机时间约束1_9_24],0.0
cons[火电机组最小停机时间约束1_9_25],0.0
cons[火电机组最小停机时间约束1_9_26],0.0
cons[火电机组最小停机时间约束1_9_27],0.0
cons[火电机组最小停机时间约束1_9_28],0.0
cons[火电机组最小停机时间约束1_9_29],0.0
cons[火电机组最小停机时间约束1_9_30],0.0
cons[火电机组最小停机时间约束1_9_31],0.0
cons[火电机组最小停机时间约束1_9_32],0.0
cons[火电机组最小停机时间约束1_9_33],0.0
cons[火电机组最小停机时间约束1_9_34],0.0
cons[火电机组最小停机时间约束1_9_35],0.0
cons[火电机组最小停机时间约束1_9_36],0.0
cons[火电机组最小停机时间约束1_9_37],0.0
cons[火电机组最小停机时间约束1_9_38],0.0
cons[火电机组最小停机时间约束1_9_39],0.0
cons[火电机组最小停机时间约束1_9_40],0.0
cons[火电机组最小停机时间约束1_9_41],0.0
cons[火电机组最小停机时间约束1_9_42],0.0
cons[火电机组最小停机时间约束1_9_43],0.0
cons[火电机组最小停机时间约束1_9_44],0.0
cons[火电机组最小停机时间约束1_9_45],0.0
cons[火电机组最小停机时间约束1_9_46],0.0
cons[火电机组最小停机时间约束1_9_47],0.0
cons[火电机组最小停机时间约束1_9_48],0.0
cons[火电机组最小停机时间约束1_9_49],0.0
cons[火电机组最小停机时间约束1_9_50],0.0
cons[火电机组最小停机时间约束1_9_51],0.0
cons[火电机组最小停机时间约束1_9_52],0.0
cons[火电机组最小停机时间约束1_9_53],0.0
cons[火电机组最小停机时间约束1_9_54],0.0
cons[火电机组最小停机时间约束1_9_55],0.0
cons[火电机组最小停机时间约束1_9_56],0.0
cons[火电机组最小停机时间约束1_9_57],0.0
cons[火电机组最小停机时间约束1_9_58],0.0
cons[火电机组最小停机时间约束1_9_59],0.0
cons[火电机组最小停机时间约束1_9_60],0.0
cons[火电机组最小停机时间约束1_9_61],0.0
cons[火电机组最小停机时间约束1_9_62],0.0
cons[火电机组最小停机时间约束1_9_63],0.0
cons[火电机组最小停机时间约束1_9_64],0.0
cons[火电机组最小停机时间约束1_9_65],0.0
cons[火电机组最小停机时间约束1_9_66],0.0
cons[火电机组最小停机时间约束1_9_67],0.0
cons[火电机组最小停机时间约束1_9_68],0.0
cons[火电机组最小停机时间约束1_9_69],0.0
cons[火电机组最小停机时间约束1_9_70],0.0
cons[火电机组最小停机时间约束1_9_71],0.0
cons[火电机组最小停机时间约束1_9_72],0.0
cons[火电机组最小停机时间约束1_9_73],0.0
cons[火电机组最小停机时间约束1_9_74],0.0
cons[火电机组最小停机时间约束1_9_75],0.0
cons[火电机组最小停机时间约束1_9_76],0.0
cons[火电机组最小停机时间约束1_9_77],0.0
cons[火电机组最小停机时间约束1_9_78],0.0
cons[火电机组最小停机时间约束1_9_79],0.0
cons[火电机组最小停机时间约束2_9_80],0.0
cons[火电机组最小停机时间约束2_9_81],0.0
cons[火电机组最小停机时间约束2_9_82],0.0
cons[火电机组最小停机时间约束2_9_83],0.0
cons[火电机组最小停机时间约束2_9_84],0.0
cons[火电机组最小停机时间约束2_9_85],0.0
cons[火电机组最小停机时间约束2_9_86],0.0
cons[火电机组最小停机时间约束2_9_87],0.0
cons[火电机组最小停机时间约束2_9_88],0.0
cons[火电机组最小停机时间约束2_9_89],0.0
cons[火电机组最小停机时间约束2_9_90],0.0
cons[火电机组最小停机时间约束2_9_91],0.0
cons[火电机组最小停机时间约束2_9_92],0.0
cons[火电机组最小停机时间约束2_9_93],0.0
cons[火电机组最小停机时间约束2_9_94],0.0
cons[火电机组最小停机时间约束2_9_95],0.0
cons[火电机组最小开机时间约束1_10_0],0.0
cons[火电机组最小开机时间约束1_10_1],0.0
cons[火电机组最小开机时间约束1_10_2],0.0
cons[火电机组最小开机时间约束1_10_3],0.0
cons[火电机组最小开机时间约束1_10_4],0.0
cons[火电机组最小开机时间约束1_10_5],0.0
cons[火电机组最小开机时间约束1_10_6],0.0
cons[火电机组最小开机时间约束1_10_7],0.0
cons[火电机组最小开机时间约束1_10_8],0.0
cons[火电机组最小开机时间约束1_10_9],0.0
cons[火电机组最小开机时间约束1_10_10],0.0
cons[火电机组最小开机时间约束1_10_11],0.0
cons[火电机组最小开机时间约束1_10_12],0.0
cons[火电机组最小开机时间约束1_10_13],0.0
cons[火电机组最小开机时间约束1_10_14],0.0
cons[火电机组最小开机时间约束1_10_15],0.0
cons[火电机组最小开机时间约束1_10_16],0.0
cons[火电机组最小开机时间约束1_10_17],0.0
cons[火电机组最小开机时间约束1_10_18],0.0
cons[火电机组最小开机时间约束1_10_19],0.0
cons[火电机组最小开机时间约束1_10_20],0.0
cons[火电机组最小开机时间约束1_10_21],0.0
cons[火电机组最小开机时间约束1_10_22],0.0
cons[火电机组最小开机时间约束1_10_23],0.0
cons[火电机组最小开机时间约束1_10_24],0.0
cons[火电机组最小开机时间约束1_10_25],0.0
cons[火电机组最小开机时间约束1_10_26],0.0
cons[火电机组最小开机时间约束1_10_27],0.0
cons[火电机组最小开机时间约束1_10_28],0.0
cons[火电机组最小开机时间约束1_10_29],0.0
cons[火电机组最小开机时间约束1_10_30],0.0
cons[火电机组最小开机时间约束1_10_31],0.0
cons[火电机组最小开机时间约束1_10_32],0.0
cons[火电机组最小开机时间约束1_10_33],0.0
cons[火电机组最小开机时间约束1_10_34],0.0
cons[火电机组最小开机时间约束1_10_35],0.0
cons[火电机组最小开机时间约束1_10_36],0.0
cons[火电机组最小开机时间约束1_10_37],0.0
cons[火电机组最小开机时间约束1_10_38],0.0
cons[火电机组最小开机时间约束1_10_39],0.0
cons[火电机组最小开机时间约束1_10_40],0.0
cons[火电机组最小开机时间约束1_10_41],0.0
cons[火电机组最小开机时间约束1_10_42],0.0
cons[火电机组最小开机时间约束1_10_43],0.0
cons[火电机组最小开机时间约束1_10_44],0.0
cons[火电机组最小开机时间约束1_10_45],0.0
cons[火电机组最小开机时间约束1_10_46],0.0
cons[火电机组最小开机时间约束1_10_47],0.0
cons[火电机组最小开机时间约束1_10_48],0.0
cons[火电机组最小开机时间约束1_10_49],0.0
cons[火电机组最小开机时间约束1_10_50],0.0
cons[火电机组最小开机时间约束1_10_51],0.0
cons[火电机组最小开机时间约束1_10_52],0.0
cons[火电机组最小开机时间约束1_10_53],0.0
cons[火电机组最小开机时间约束1_10_54],0.0
cons[火电机组最小开机时间约束1_10_55],0.0
cons[火电机组最小开机时间约束1_10_56],0.0
cons[火电机组最小开机时间约束1_10_57],0.0
cons[火电机组最小开机时间约束1_10_58],0.0
cons[火电机组最小开机时间约束1_10_59],0.0
cons[火电机组最小开机时间约束1_10_60],0.0
cons[火电机组最小开机时间约束1_10_61],0.0
cons[火电机组最小开机时间约束1_10_62],0.0
cons[火电机组最小开机时间约束1_10_63],0.0
cons[火电机组最小开机时间约束1_10_64],0.0
cons[火电机组最小开机时间约束1_10_65],0.0
cons[火电机组最小开机时间约束1_10_66],0.0
cons[火电机组最小开机时间约束1_10_67],0.0
cons[火电机组最小开机时间约束1_10_68],0.0
cons[火电机组最小开机时间约束1_10_69],0.0
cons[火电机组最小开机时间约束1_10_70],0.0
cons[火电机组最小开机时间约束1_10_71],0.0
cons[火电机组最小开机时间约束1_10_72],0.0
cons[火电机组最小开机时间约束1_10_73],0.0
cons[火电机组最小开机时间约束1_10_74],0.0
cons[火电机组最小开机时间约束1_10_75],0.0
cons[火电机组最小开机时间约束2_10_76],0.0
cons[火电机组最小开机时间约束2_10_77],0.0
cons[火电机组最小开机时间约束2_10_78],0.0
cons[火电机组最小开机时间约束2_10_79],0.0
cons[火电机组最小开机时间约束2_10_80],0.0
cons[火电机组最小开机时间约束2_10_81],0.0
cons[火电机组最小开机时间约束2_10_82],0.0
cons[火电机组最小开机时间约束2_10_83],0.0
cons[火电机组最小开机时间约束2_10_84],0.0
cons[火电机组最小开机时间约束2_10_85],0.0
cons[火电机组最小开机时间约束2_10_86],0.0
cons[火电机组最小开机时间约束2_10_87],0.0
cons[火电机组最小开机时间约束2_10_88],0.0
cons[火电机组最小开机时间约束2_10_89],0.0
cons[火电机组最小开机时间约束2_10_90],0.0
cons[火电机组最小开机时间约束2_10_91],0.0
cons[火电机组最小开机时间约束2_10_92],0.0
cons[火电机组最小开机时间约束2_10_93],0.0
cons[火电机组最小开机时间约束2_10_94],0.0
cons[火电机组最小开机时间约束2_10_95],0.0
cons[火电机组最小停机时间约束1_10_0],0.0
cons[火电机组最小停机时间约束1_10_1],0.0
cons[火电机组最小停机时间约束1_10_2],0.0
cons[火电机组最小停机时间约束1_10_3],0.0
cons[火电机组最小停机时间约束1_10_4],0.0
cons[火电机组最小停机时间约束1_10_5],0.0
cons[火电机组最小停机时间约束1_10_6],0.0
cons[火电机组最小停机时间约束1_10_7],0.0
cons[火电机组最小停机时间约束1_10_8],0.0
cons[火电机组最小停机时间约束1_10_9],0.0
cons[火电机组最小停机时间约束1_10_10],0.0
cons[火电机组最小停机时间约束1_10_11],0.0
cons[火电机组最小停机时间约束1_10_12],0.0
cons[火电机组最小停机时间约束1_10_13],0.0
cons[火电机组最小停机时间约束1_10_14],0.0
cons[火电机组最小停机时间约束1_10_15],0.0
cons[火电机组最小停机时间约束1_10_16],0.0
cons[火电机组最小停机时间约束1_10_17],0.0
cons[火电机组最小停机时间约束1_10_18],0.0
cons[火电机组最小停机时间约束1_10_19],0.0
cons[火电机组最小停机时间约束1_10_20],0.0
cons[火电机组最小停机时间约束1_10_21],0.0
cons[火电机组最小停机时间约束1_10_22],0.0
cons[火电机组最小停机时间约束1_10_23],0.0
cons[火电机组最小停机时间约束1_10_24],0.0
cons[火电机组最小停机时间约束1_10_25],0.0
cons[火电机组最小停机时间约束1_10_26],0.0
cons[火电机组最小停机时间约束1_10_27],0.0
cons[火电机组最小停机时间约束1_10_28],0.0
cons[火电机组最小停机时间约束1_10_29],0.0
cons[火电机组最小停机时间约束1_10_30],0.0
cons[火电机组最小停机时间约束1_10_31],0.0
cons[火电机组最小停机时间约束1_10_32],0.0
cons[火电机组最小停机时间约束1_10_33],0.0
cons[火电机组最小停机时间约束1_10_34],0.0
cons[火电机组最小停机时间约束1_10_35],0.0
cons[火电机组最小停机时间约束1_10_36],0.0
cons[火电机组最小停机时间约束1_10_37],0.0
cons[火电机组最小停机时间约束1_10_38],0.0
cons[火电机组最小停机时间约束1_10_39],0.0
cons[火电机组最小停机时间约束1_10_40],0.0
cons[火电机组最小停机时间约束1_10_41],0.0
cons[火电机组最小停机时间约束1_10_42],0.0
cons[火电机组最小停机时间约束1_10_43],0.0
cons[火电机组最小停机时间约束1_10_44],0.0
cons[火电机组最小停机时间约束1_10_45],0.0
cons[火电机组最小停机时间约束1_10_46],0.0
cons[火电机组最小停机时间约束1_10_47],0.0
cons[火电机组最小停机时间约束1_10_48],0.0
cons[火电机组最小停机时间约束1_10_49],0.0
cons[火电机组最小停机时间约束1_10_50],0.0
cons[火电机组最小停机时间约束1_10_51],0.0
cons[火电机组最小停机时间约束1_10_52],0.0
cons[火电机组最小停机时间约束1_10_53],0.0
cons[火电机组最小停机时间约束1_10_54],0.0
cons[火电机组最小停机时间约束1_10_55],0.0
cons[火电机组最小停机时间约束1_10_56],0.0
cons[火电机组最小停机时间约束1_10_57],0.0
cons[火电机组最小停机时间约束1_10_58],0.0
cons[火电机组最小停机时间约束1_10_59],0.0
cons[火电机组最小停机时间约束1_10_60],0.0
cons[火电机组最小停机时间约束1_10_61],0.0
cons[火电机组最小停机时间约束1_10_62],0.0
cons[火电机组最小停机时间约束1_10_63],0.0
cons[火电机组最小停机时间约束1_10_64],0.0
cons[火电机组最小停机时间约束1_10_65],0.0
cons[火电机组最小停机时间约束1_10_66],0.0
cons[火电机组最小停机时间约束1_10_67],0.0
cons[火电机组最小停机时间约束1_10_68],0.0
cons[火电机组最小停机时间约束1_10_69],0.0
cons[火电机组最小停机时间约束1_10_70],0.0
cons[火电机组最小停机时间约束1_10_71],0.0
cons[火电机组最小停机时间约束1_10_72],0.0
cons[火电机组最小停机时间约束1_10_73],0.0
cons[火电机组最小停机时间约束1_10_74],0.0
cons[火电机组最小停机时间约束1_10_75],0.0
cons[火电机组最小停机时间约束1_10_76],0.0
cons[火电机组最小停机时间约束1_10_77],0.0
cons[火电机组最小停机时间约束1_10_78],0.0
cons[火电机组最小停机时间约束1_10_79],0.0
cons[火电机组最小停机时间约束2_10_80],0.0
cons[火电机组最小停机时间约束2_10_81],0.0
cons[火电机组最小停机时间约束2_10_82],0.0
cons[火电机组最小停机时间约束2_10_83],0.0
cons[火电机组最小停机时间约束2_10_84],0.0
cons[火电机组最小停机时间约束2_10_85],0.0
cons[火电机组最小停机时间约束2_10_86],0.0
cons[火电机组最小停机时间约束2_10_87],0.0
cons[火电机组最小停机时间约束2_10_88],0.0
cons[火电机组最小停机时间约束2_10_89],0.0
cons[火电机组最小停机时间约束2_10_90],0.0
cons[火电机组最小停机时间约束2_10_91],0.0
cons[火电机组最小停机时间约束2_10_92],0.0
cons[火电机组最小停机时间约束2_10_93],0.0
cons[火电机组最小停机时间约束2_10_94],0.0
cons[火电机组最小停机时间约束2_10_95],0.0
cons[火电机组最小开机时间约束1_11_0],0.0
cons[火电机组最小开机时间约束1_11_1],0.0
cons[火电机组最小开机时间约束1_11_2],0.0
cons[火电机组最小开机时间约束1_11_3],0.0
cons[火电机组最小开机时间约束1_11_4],0.0
cons[火电机组最小开机时间约束1_11_5],0.0
cons[火电机组最小开机时间约束1_11_6],0.0
cons[火电机组最小开机时间约束1_11_7],0.0
cons[火电机组最小开机时间约束1_11_8],0.0
cons[火电机组最小开机时间约束1_11_9],0.0
cons[火电机组最小开机时间约束1_11_10],0.0
cons[火电机组最小开机时间约束1_11_11],0.0
cons[火电机组最小开机时间约束1_11_12],0.0
cons[火电机组最小开机时间约束1_11_13],0.0
cons[火电机组最小开机时间约束1_11_14],0.0
cons[火电机组最小开机时间约束1_11_15],0.0
cons[火电机组最小开机时间约束1_11_16],0.0
cons[火电机组最小开机时间约束1_11_17],0.0
cons[火电机组最小开机时间约束1_11_18],0.0
cons[火电机组最小开机时间约束1_11_19],0.0
cons[火电机组最小开机时间约束1_11_20],0.0
cons[火电机组最小开机时间约束1_11_21],0.0
cons[火电机组最小开机时间约束1_11_22],0.0
cons[火电机组最小开机时间约束1_11_23],0.0
cons[火电机组最小开机时间约束1_11_24],0.0
cons[火电机组最小开机时间约束1_11_25],0.0
cons[火电机组最小开机时间约束1_11_26],0.0
cons[火电机组最小开机时间约束1_11_27],0.0
cons[火电机组最小开机时间约束1_11_28],0.0
cons[火电机组最小开机时间约束1_11_29],0.0
cons[火电机组最小开机时间约束1_11_30],0.0
cons[火电机组最小开机时间约束1_11_31],0.0
cons[火电机组最小开机时间约束1_11_32],0.0
cons[火电机组最小开机时间约束1_11_33],0.0
cons[火电机组最小开机时间约束1_11_34],0.0
cons[火电机组最小开机时间约束1_11_35],0.0
cons[火电机组最小开机时间约束1_11_36],0.0
cons[火电机组最小开机时间约束1_11_37],0.0
cons[火电机组最小开机时间约束1_11_38],0.0
cons[火电机组最小开机时间约束1_11_39],0.0
cons[火电机组最小开机时间约束1_11_40],0.0
cons[火电机组最小开机时间约束1_11_41],0.0
cons[火电机组最小开机时间约束1_11_42],0.0
cons[火电机组最小开机时间约束1_11_43],0.0
cons[火电机组最小开机时间约束1_11_44],0.0
cons[火电机组最小开机时间约束1_11_45],0.0
cons[火电机组最小开机时间约束1_11_46],0.0
cons[火电机组最小开机时间约束1_11_47],0.0
cons[火电机组最小开机时间约束1_11_48],0.0
cons[火电机组最小开机时间约束1_11_49],0.0
cons[火电机组最小开机时间约束1_11_50],0.0
cons[火电机组最小开机时间约束1_11_51],0.0
cons[火电机组最小开机时间约束1_11_52],0.0
cons[火电机组最小开机时间约束1_11_53],0.0
cons[火电机组最小开机时间约束1_11_54],0.0
cons[火电机组最小开机时间约束1_11_55],0.0
cons[火电机组最小开机时间约束1_11_56],0.0
cons[火电机组最小开机时间约束1_11_57],0.0
cons[火电机组最小开机时间约束1_11_58],0.0
cons[火电机组最小开机时间约束1_11_59],0.0
cons[火电机组最小开机时间约束1_11_60],0.0
cons[火电机组最小开机时间约束1_11_61],0.0
cons[火电机组最小开机时间约束1_11_62],0.0
cons[火电机组最小开机时间约束1_11_63],0.0
cons[火电机组最小开机时间约束1_11_64],0.0
cons[火电机组最小开机时间约束1_11_65],0.0
cons[火电机组最小开机时间约束1_11_66],0.0
cons[火电机组最小开机时间约束1_11_67],0.0
cons[火电机组最小开机时间约束1_11_68],0.0
cons[火电机组最小开机时间约束1_11_69],0.0
cons[火电机组最小开机时间约束1_11_70],0.0
cons[火电机组最小开机时间约束1_11_71],0.0
cons[火电机组最小开机时间约束1_11_72],0.0
cons[火电机组最小开机时间约束1_11_73],0.0
cons[火电机组最小开机时间约束1_11_74],0.0
cons[火电机组最小开机时间约束1_11_75],0.0
cons[火电机组最小开机时间约束2_11_76],0.0
cons[火电机组最小开机时间约束2_11_77],0.0
cons[火电机组最小开机时间约束2_11_78],0.0
cons[火电机组最小开机时间约束2_11_79],0.0
cons[火电机组最小开机时间约束2_11_80],0.0
cons[火电机组最小开机时间约束2_11_81],0.0
cons[火电机组最小开机时间约束2_11_82],0.0
cons[火电机组最小开机时间约束2_11_83],0.0
cons[火电机组最小开机时间约束2_11_84],0.0
cons[火电机组最小开机时间约束2_11_85],0.0
cons[火电机组最小开机时间约束2_11_86],0.0
cons[火电机组最小开机时间约束2_11_87],0.0
cons[火电机组最小开机时间约束2_11_88],0.0
cons[火电机组最小开机时间约束2_11_89],0.0
cons[火电机组最小开机时间约束2_11_90],0.0
cons[火电机组最小开机时间约束2_11_91],0.0
cons[火电机组最小开机时间约束2_11_92],0.0
cons[火电机组最小开机时间约束2_11_93],0.0
cons[火电机组最小开机时间约束2_11_94],0.0
cons[火电机组最小开机时间约束2_11_95],0.0
cons[火电机组最小停机时间约束1_11_0],0.0
cons[火电机组最小停机时间约束1_11_1],0.0
cons[火电机组最小停机时间约束1_11_2],0.0
cons[火电机组最小停机时间约束1_11_3],0.0
cons[火电机组最小停机时间约束1_11_4],0.0
cons[火电机组最小停机时间约束1_11_5],0.0
cons[火电机组最小停机时间约束1_11_6],0.0
cons[火电机组最小停机时间约束1_11_7],0.0
cons[火电机组最小停机时间约束1_11_8],0.0
cons[火电机组最小停机时间约束1_11_9],0.0
cons[火电机组最小停机时间约束1_11_10],0.0
cons[火电机组最小停机时间约束1_11_11],0.0
cons[火电机组最小停机时间约束1_11_12],0.0
cons[火电机组最小停机时间约束1_11_13],0.0
cons[火电机组最小停机时间约束1_11_14],0.0
cons[火电机组最小停机时间约束1_11_15],0.0
cons[火电机组最小停机时间约束1_11_16],0.0
cons[火电机组最小停机时间约束1_11_17],0.0
cons[火电机组最小停机时间约束1_11_18],0.0
cons[火电机组最小停机时间约束1_11_19],0.0
cons[火电机组最小停机时间约束1_11_20],0.0
cons[火电机组最小停机时间约束1_11_21],0.0
cons[火电机组最小停机时间约束1_11_22],0.0
cons[火电机组最小停机时间约束1_11_23],0.0
cons[火电机组最小停机时间约束1_11_24],0.0
cons[火电机组最小停机时间约束1_11_25],0.0
cons[火电机组最小停机时间约束1_11_26],0.0
cons[火电机组最小停机时间约束1_11_27],0.0
cons[火电机组最小停机时间约束1_11_28],0.0
cons[火电机组最小停机时间约束1_11_29],0.0
cons[火电机组最小停机时间约束1_11_30],0.0
cons[火电机组最小停机时间约束1_11_31],0.0
cons[火电机组最小停机时间约束1_11_32],0.0
cons[火电机组最小停机时间约束1_11_33],0.0
cons[火电机组最小停机时间约束1_11_34],0.0
cons[火电机组最小停机时间约束1_11_35],0.0
cons[火电机组最小停机时间约束1_11_36],0.0
cons[火电机组最小停机时间约束1_11_37],0.0
cons[火电机组最小停机时间约束1_11_38],0.0
cons[火电机组最小停机时间约束1_11_39],0.0
cons[火电机组最小停机时间约束1_11_40],0.0
cons[火电机组最小停机时间约束1_11_41],0.0
cons[火电机组最小停机时间约束1_11_42],0.0
cons[火电机组最小停机时间约束1_11_43],0.0
cons[火电机组最小停机时间约束1_11_44],0.0
cons[火电机组最小停机时间约束1_11_45],0.0
cons[火电机组最小停机时间约束1_11_46],0.0
cons[火电机组最小停机时间约束1_11_47],0.0
cons[火电机组最小停机时间约束1_11_48],0.0
cons[火电机组最小停机时间约束1_11_49],0.0
cons[火电机组最小停机时间约束1_11_50],0.0
cons[火电机组最小停机时间约束1_11_51],0.0
cons[火电机组最小停机时间约束1_11_52],0.0
cons[火电机组最小停机时间约束1_11_53],0.0
cons[火电机组最小停机时间约束1_11_54],0.0
cons[火电机组最小停机时间约束1_11_55],0.0
cons[火电机组最小停机时间约束1_11_56],0.0
cons[火电机组最小停机时间约束1_11_57],0.0
cons[火电机组最小停机时间约束1_11_58],0.0
cons[火电机组最小停机时间约束1_11_59],0.0
cons[火电机组最小停机时间约束1_11_60],0.0
cons[火电机组最小停机时间约束1_11_61],0.0
cons[火电机组最小停机时间约束1_11_62],0.0
cons[火电机组最小停机时间约束1_11_63],0.0
cons[火电机组最小停机时间约束1_11_64],0.0
cons[火电机组最小停机时间约束1_11_65],0.0
cons[火电机组最小停机时间约束1_11_66],0.0
cons[火电机组最小停机时间约束1_11_67],0.0
cons[火电机组最小停机时间约束1_11_68],0.0
cons[火电机组最小停机时间约束1_11_69],0.0
cons[火电机组最小停机时间约束1_11_70],0.0
cons[火电机组最小停机时间约束1_11_71],0.0
cons[火电机组最小停机时间约束1_11_72],0.0
cons[火电机组最小停机时间约束1_11_73],0.0
cons[火电机组最小停机时间约束1_11_74],0.0
cons[火电机组最小停机时间约束1_11_75],0.0
cons[火电机组最小停机时间约束1_11_76],0.0
cons[火电机组最小停机时间约束1_11_77],0.0
cons[火电机组最小停机时间约束1_11_78],0.0
cons[火电机组最小停机时间约束1_11_79],0.0
cons[火电机组最小停机时间约束2_11_80],0.0
cons[火电机组最小停机时间约束2_11_81],0.0
cons[火电机组最小停机时间约束2_11_82],0.0
cons[火电机组最小停机时间约束2_11_83],0.0
cons[火电机组最小停机时间约束2_11_84],0.0
cons[火电机组最小停机时间约束2_11_85],0.0
cons[火电机组最小停机时间约束2_11_86],0.0
cons[火电机组最小停机时间约束2_11_87],0.0
cons[火电机组最小停机时间约束2_11_88],0.0
cons[火电机组最小停机时间约束2_11_89],0.0
cons[火电机组最小停机时间约束2_11_90],0.0
cons[火电机组最小停机时间约束2_11_91],0.0
cons[火电机组最小停机时间约束2_11_92],0.0
cons[火电机组最小停机时间约束2_11_93],0.0
cons[火电机组最小停机时间约束2_11_94],0.0
cons[火电机组最小停机时间约束2_11_95],0.0
cons[火电机组最小开机时间约束1_12_0],0.0
cons[火电机组最小开机时间约束1_12_1],0.0
cons[火电机组最小开机时间约束1_12_2],0.0
cons[火电机组最小开机时间约束1_12_3],0.0
cons[火电机组最小开机时间约束1_12_4],0.0
cons[火电机组最小开机时间约束1_12_5],0.0
cons[火电机组最小开机时间约束1_12_6],0.0
cons[火电机组最小开机时间约束1_12_7],0.0
cons[火电机组最小开机时间约束1_12_8],0.0
cons[火电机组最小开机时间约束1_12_9],0.0
cons[火电机组最小开机时间约束1_12_10],0.0
cons[火电机组最小开机时间约束1_12_11],0.0
cons[火电机组最小开机时间约束1_12_12],0.0
cons[火电机组最小开机时间约束1_12_13],0.0
cons[火电机组最小开机时间约束1_12_14],0.0
cons[火电机组最小开机时间约束1_12_15],0.0
cons[火电机组最小开机时间约束1_12_16],0.0
cons[火电机组最小开机时间约束1_12_17],0.0
cons[火电机组最小开机时间约束1_12_18],0.0
cons[火电机组最小开机时间约束1_12_19],0.0
cons[火电机组最小开机时间约束1_12_20],0.0
cons[火电机组最小开机时间约束1_12_21],0.0
cons[火电机组最小开机时间约束1_12_22],0.0
cons[火电机组最小开机时间约束1_12_23],0.0
cons[火电机组最小开机时间约束1_12_24],0.0
cons[火电机组最小开机时间约束1_12_25],0.0
cons[火电机组最小开机时间约束1_12_26],0.0
cons[火电机组最小开机时间约束1_12_27],0.0
cons[火电机组最小开机时间约束1_12_28],0.0
cons[火电机组最小开机时间约束1_12_29],0.0
cons[火电机组最小开机时间约束1_12_30],0.0
cons[火电机组最小开机时间约束1_12_31],0.0
cons[火电机组最小开机时间约束1_12_32],0.0
cons[火电机组最小开机时间约束1_12_33],0.0
cons[火电机组最小开机时间约束1_12_34],0.0
cons[火电机组最小开机时间约束1_12_35],0.0
cons[火电机组最小开机时间约束1_12_36],0.0
cons[火电机组最小开机时间约束1_12_37],0.0
cons[火电机组最小开机时间约束1_12_38],0.0
cons[火电机组最小开机时间约束1_12_39],0.0
cons[火电机组最小开机时间约束1_12_40],0.0
cons[火电机组最小开机时间约束1_12_41],0.0
cons[火电机组最小开机时间约束1_12_42],0.0
cons[火电机组最小开机时间约束1_12_43],0.0
cons[火电机组最小开机时间约束1_12_44],0.0
cons[火电机组最小开机时间约束1_12_45],0.0
cons[火电机组最小开机时间约束1_12_46],0.0
cons[火电机组最小开机时间约束1_12_47],0.0
cons[火电机组最小开机时间约束1_12_48],0.0
cons[火电机组最小开机时间约束1_12_49],0.0
cons[火电机组最小开机时间约束1_12_50],0.0
cons[火电机组最小开机时间约束1_12_51],0.0
cons[火电机组最小开机时间约束1_12_52],0.0
cons[火电机组最小开机时间约束1_12_53],0.0
cons[火电机组最小开机时间约束1_12_54],0.0
cons[火电机组最小开机时间约束1_12_55],0.0
cons[火电机组最小开机时间约束1_12_56],0.0
cons[火电机组最小开机时间约束1_12_57],0.0
cons[火电机组最小开机时间约束1_12_58],0.0
cons[火电机组最小开机时间约束1_12_59],0.0
cons[火电机组最小开机时间约束1_12_60],0.0
cons[火电机组最小开机时间约束1_12_61],0.0
cons[火电机组最小开机时间约束1_12_62],0.0
cons[火电机组最小开机时间约束1_12_63],0.0
cons[火电机组最小开机时间约束1_12_64],0.0
cons[火电机组最小开机时间约束1_12_65],0.0
cons[火电机组最小开机时间约束1_12_66],0.0
cons[火电机组最小开机时间约束1_12_67],0.0
cons[火电机组最小开机时间约束1_12_68],0.0
cons[火电机组最小开机时间约束1_12_69],0.0
cons[火电机组最小开机时间约束1_12_70],0.0
cons[火电机组最小开机时间约束1_12_71],0.0
cons[火电机组最小开机时间约束1_12_72],0.0
cons[火电机组最小开机时间约束1_12_73],0.0
cons[火电机组最小开机时间约束1_12_74],0.0
cons[火电机组最小开机时间约束1_12_75],0.0
cons[火电机组最小开机时间约束2_12_76],0.0
cons[火电机组最小开机时间约束2_12_77],0.0
cons[火电机组最小开机时间约束2_12_78],0.0
cons[火电机组最小开机时间约束2_12_79],0.0
cons[火电机组最小开机时间约束2_12_80],0.0
cons[火电机组最小开机时间约束2_12_81],0.0
cons[火电机组最小开机时间约束2_12_82],0.0
cons[火电机组最小开机时间约束2_12_83],0.0
cons[火电机组最小开机时间约束2_12_84],0.0
cons[火电机组最小开机时间约束2_12_85],0.0
cons[火电机组最小开机时间约束2_12_86],0.0
cons[火电机组最小开机时间约束2_12_87],0.0
cons[火电机组最小开机时间约束2_12_88],0.0
cons[火电机组最小开机时间约束2_12_89],0.0
cons[火电机组最小开机时间约束2_12_90],0.0
cons[火电机组最小开机时间约束2_12_91],0.0
cons[火电机组最小开机时间约束2_12_92],0.0
cons[火电机组最小开机时间约束2_12_93],0.0
cons[火电机组最小开机时间约束2_12_94],0.0
cons[火电机组最小开机时间约束2_12_95],0.0
cons[火电机组最小停机时间约束1_12_0],0.0
cons[火电机组最小停机时间约束1_12_1],0.0
cons[火电机组最小停机时间约束1_12_2],0.0
cons[火电机组最小停机时间约束1_12_3],0.0
cons[火电机组最小停机时间约束1_12_4],0.0
cons[火电机组最小停机时间约束1_12_5],0.0
cons[火电机组最小停机时间约束1_12_6],0.0
cons[火电机组最小停机时间约束1_12_7],0.0
cons[火电机组最小停机时间约束1_12_8],0.0
cons[火电机组最小停机时间约束1_12_9],0.0
cons[火电机组最小停机时间约束1_12_10],0.0
cons[火电机组最小停机时间约束1_12_11],0.0
cons[火电机组最小停机时间约束1_12_12],0.0
cons[火电机组最小停机时间约束1_12_13],0.0
cons[火电机组最小停机时间约束1_12_14],0.0
cons[火电机组最小停机时间约束1_12_15],0.0
cons[火电机组最小停机时间约束1_12_16],0.0
cons[火电机组最小停机时间约束1_12_17],0.0
cons[火电机组最小停机时间约束1_12_18],0.0
cons[火电机组最小停机时间约束1_12_19],0.0
cons[火电机组最小停机时间约束1_12_20],0.0
cons[火电机组最小停机时间约束1_12_21],0.0
cons[火电机组最小停机时间约束1_12_22],0.0
cons[火电机组最小停机时间约束1_12_23],0.0
cons[火电机组最小停机时间约束1_12_24],0.0
cons[火电机组最小停机时间约束1_12_25],0.0
cons[火电机组最小停机时间约束1_12_26],0.0
cons[火电机组最小停机时间约束1_12_27],0.0
cons[火电机组最小停机时间约束1_12_28],0.0
cons[火电机组最小停机时间约束1_12_29],0.0
cons[火电机组最小停机时间约束1_12_30],0.0
cons[火电机组最小停机时间约束1_12_31],0.0
cons[火电机组最小停机时间约束1_12_32],0.0
cons[火电机组最小停机时间约束1_12_33],0.0
cons[火电机组最小停机时间约束1_12_34],0.0
cons[火电机组最小停机时间约束1_12_35],0.0
cons[火电机组最小停机时间约束1_12_36],0.0
cons[火电机组最小停机时间约束1_12_37],0.0
cons[火电机组最小停机时间约束1_12_38],0.0
cons[火电机组最小停机时间约束1_12_39],0.0
cons[火电机组最小停机时间约束1_12_40],0.0
cons[火电机组最小停机时间约束1_12_41],0.0
cons[火电机组最小停机时间约束1_12_42],0.0
cons[火电机组最小停机时间约束1_12_43],0.0
cons[火电机组最小停机时间约束1_12_44],0.0
cons[火电机组最小停机时间约束1_12_45],0.0
cons[火电机组最小停机时间约束1_12_46],0.0
cons[火电机组最小停机时间约束1_12_47],0.0
cons[火电机组最小停机时间约束1_12_48],0.0
cons[火电机组最小停机时间约束1_12_49],0.0
cons[火电机组最小停机时间约束1_12_50],0.0
cons[火电机组最小停机时间约束1_12_51],0.0
cons[火电机组最小停机时间约束1_12_52],0.0
cons[火电机组最小停机时间约束1_12_53],0.0
cons[火电机组最小停机时间约束1_12_54],0.0
cons[火电机组最小停机时间约束1_12_55],0.0
cons[火电机组最小停机时间约束1_12_56],0.0
cons[火电机组最小停机时间约束1_12_57],0.0
cons[火电机组最小停机时间约束1_12_58],0.0
cons[火电机组最小停机时间约束1_12_59],0.0
cons[火电机组最小停机时间约束1_12_60],0.0
cons[火电机组最小停机时间约束1_12_61],0.0
cons[火电机组最小停机时间约束1_12_62],0.0
cons[火电机组最小停机时间约束1_12_63],0.0
cons[火电机组最小停机时间约束1_12_64],0.0
cons[火电机组最小停机时间约束1_12_65],0.0
cons[火电机组最小停机时间约束1_12_66],0.0
cons[火电机组最小停机时间约束1_12_67],0.0
cons[火电机组最小停机时间约束1_12_68],0.0
cons[火电机组最小停机时间约束1_12_69],0.0
cons[火电机组最小停机时间约束1_12_70],0.0
cons[火电机组最小停机时间约束1_12_71],0.0
cons[火电机组最小停机时间约束1_12_72],0.0
cons[火电机组最小停机时间约束1_12_73],0.0
cons[火电机组最小停机时间约束1_12_74],0.0
cons[火电机组最小停机时间约束1_12_75],0.0
cons[火电机组最小停机时间约束1_12_76],0.0
cons[火电机组最小停机时间约束1_12_77],0.0
cons[火电机组最小停机时间约束1_12_78],0.0
cons[火电机组最小停机时间约束1_12_79],0.0
cons[火电机组最小停机时间约束2_12_80],0.0
cons[火电机组最小停机时间约束2_12_81],0.0
cons[火电机组最小停机时间约束2_12_82],0.0
cons[火电机组最小停机时间约束2_12_83],0.0
cons[火电机组最小停机时间约束2_12_84],0.0
cons[火电机组最小停机时间约束2_12_85],0.0
cons[火电机组最小停机时间约束2_12_86],0.0
cons[火电机组最小停机时间约束2_12_87],0.0
cons[火电机组最小停机时间约束2_12_88],0.0
cons[火电机组最小停机时间约束2_12_89],0.0
cons[火电机组最小停机时间约束2_12_90],0.0
cons[火电机组最小停机时间约束2_12_91],0.0
cons[火电机组最小停机时间约束2_12_92],0.0
cons[火电机组最小停机时间约束2_12_93],0.0
cons[火电机组最小停机时间约束2_12_94],0.0
cons[火电机组最小停机时间约束2_12_95],0.0
cons[火电机组最小开机时间约束1_13_0],0.0
cons[火电机组最小开机时间约束1_13_1],0.0
cons[火电机组最小开机时间约束1_13_2],0.0
cons[火电机组最小开机时间约束1_13_3],0.0
cons[火电机组最小开机时间约束1_13_4],0.0
cons[火电机组最小开机时间约束1_13_5],0.0
cons[火电机组最小开机时间约束1_13_6],0.0
cons[火电机组最小开机时间约束1_13_7],0.0
cons[火电机组最小开机时间约束1_13_8],0.0
cons[火电机组最小开机时间约束1_13_9],0.0
cons[火电机组最小开机时间约束1_13_10],0.0
cons[火电机组最小开机时间约束1_13_11],0.0
cons[火电机组最小开机时间约束1_13_12],0.0
cons[火电机组最小开机时间约束1_13_13],0.0
cons[火电机组最小开机时间约束1_13_14],0.0
cons[火电机组最小开机时间约束1_13_15],0.0
cons[火电机组最小开机时间约束1_13_16],0.0
cons[火电机组最小开机时间约束1_13_17],0.0
cons[火电机组最小开机时间约束1_13_18],0.0
cons[火电机组最小开机时间约束1_13_19],0.0
cons[火电机组最小开机时间约束1_13_20],0.0
cons[火电机组最小开机时间约束1_13_21],0.0
cons[火电机组最小开机时间约束1_13_22],0.0
cons[火电机组最小开机时间约束1_13_23],0.0
cons[火电机组最小开机时间约束1_13_24],0.0
cons[火电机组最小开机时间约束1_13_25],0.0
cons[火电机组最小开机时间约束1_13_26],0.0
cons[火电机组最小开机时间约束1_13_27],0.0
cons[火电机组最小开机时间约束1_13_28],0.0
cons[火电机组最小开机时间约束1_13_29],0.0
cons[火电机组最小开机时间约束1_13_30],0.0
cons[火电机组最小开机时间约束1_13_31],0.0
cons[火电机组最小开机时间约束1_13_32],0.0
cons[火电机组最小开机时间约束1_13_33],0.0
cons[火电机组最小开机时间约束1_13_34],0.0
cons[火电机组最小开机时间约束1_13_35],0.0
cons[火电机组最小开机时间约束1_13_36],0.0
cons[火电机组最小开机时间约束1_13_37],0.0
cons[火电机组最小开机时间约束1_13_38],0.0
cons[火电机组最小开机时间约束1_13_39],0.0
cons[火电机组最小开机时间约束1_13_40],0.0
cons[火电机组最小开机时间约束1_13_41],0.0
cons[火电机组最小开机时间约束1_13_42],0.0
cons[火电机组最小开机时间约束1_13_43],0.0
cons[火电机组最小开机时间约束1_13_44],0.0
cons[火电机组最小开机时间约束1_13_45],0.0
cons[火电机组最小开机时间约束1_13_46],0.0
cons[火电机组最小开机时间约束1_13_47],0.0
cons[火电机组最小开机时间约束1_13_48],0.0
cons[火电机组最小开机时间约束1_13_49],0.0
cons[火电机组最小开机时间约束1_13_50],0.0
cons[火电机组最小开机时间约束1_13_51],0.0
cons[火电机组最小开机时间约束1_13_52],0.0
cons[火电机组最小开机时间约束1_13_53],0.0
cons[火电机组最小开机时间约束1_13_54],0.0
cons[火电机组最小开机时间约束1_13_55],0.0
cons[火电机组最小开机时间约束1_13_56],0.0
cons[火电机组最小开机时间约束1_13_57],0.0
cons[火电机组最小开机时间约束1_13_58],0.0
cons[火电机组最小开机时间约束1_13_59],0.0
cons[火电机组最小开机时间约束1_13_60],0.0
cons[火电机组最小开机时间约束1_13_61],0.0
cons[火电机组最小开机时间约束1_13_62],0.0
cons[火电机组最小开机时间约束1_13_63],0.0
cons[火电机组最小开机时间约束1_13_64],0.0
cons[火电机组最小开机时间约束1_13_65],0.0
cons[火电机组最小开机时间约束1_13_66],0.0
cons[火电机组最小开机时间约束1_13_67],0.0
cons[火电机组最小开机时间约束1_13_68],0.0
cons[火电机组最小开机时间约束1_13_69],0.0
cons[火电机组最小开机时间约束1_13_70],0.0
cons[火电机组最小开机时间约束1_13_71],0.0
cons[火电机组最小开机时间约束1_13_72],0.0
cons[火电机组最小开机时间约束1_13_73],0.0
cons[火电机组最小开机时间约束1_13_74],0.0
cons[火电机组最小开机时间约束1_13_75],0.0
cons[火电机组最小开机时间约束2_13_76],0.0
cons[火电机组最小开机时间约束2_13_77],0.0
cons[火电机组最小开机时间约束2_13_78],0.0
cons[火电机组最小开机时间约束2_13_79],0.0
cons[火电机组最小开机时间约束2_13_80],0.0
cons[火电机组最小开机时间约束2_13_81],0.0
cons[火电机组最小开机时间约束2_13_82],0.0
cons[火电机组最小开机时间约束2_13_83],0.0
cons[火电机组最小开机时间约束2_13_84],0.0
cons[火电机组最小开机时间约束2_13_85],0.0
cons[火电机组最小开机时间约束2_13_86],0.0
cons[火电机组最小开机时间约束2_13_87],0.0
cons[火电机组最小开机时间约束2_13_88],0.0
cons[火电机组最小开机时间约束2_13_89],0.0
cons[火电机组最小开机时间约束2_13_90],0.0
cons[火电机组最小开机时间约束2_13_91],0.0
cons[火电机组最小开机时间约束2_13_92],0.0
cons[火电机组最小开机时间约束2_13_93],0.0
cons[火电机组最小开机时间约束2_13_94],0.0
cons[火电机组最小开机时间约束2_13_95],0.0
cons[火电机组最小停机时间约束1_13_0],0.0
cons[火电机组最小停机时间约束1_13_1],0.0
cons[火电机组最小停机时间约束1_13_2],0.0
cons[火电机组最小停机时间约束1_13_3],0.0
cons[火电机组最小停机时间约束1_13_4],0.0
cons[火电机组最小停机时间约束1_13_5],0.0
cons[火电机组最小停机时间约束1_13_6],0.0
cons[火电机组最小停机时间约束1_13_7],0.0
cons[火电机组最小停机时间约束1_13_8],0.0
cons[火电机组最小停机时间约束1_13_9],0.0
cons[火电机组最小停机时间约束1_13_10],0.0
cons[火电机组最小停机时间约束1_13_11],0.0
cons[火电机组最小停机时间约束1_13_12],0.0
cons[火电机组最小停机时间约束1_13_13],0.0
cons[火电机组最小停机时间约束1_13_14],0.0
cons[火电机组最小停机时间约束1_13_15],0.0
cons[火电机组最小停机时间约束1_13_16],0.0
cons[火电机组最小停机时间约束1_13_17],0.0
cons[火电机组最小停机时间约束1_13_18],0.0
cons[火电机组最小停机时间约束1_13_19],0.0
cons[火电机组最小停机时间约束1_13_20],0.0
cons[火电机组最小停机时间约束1_13_21],0.0
cons[火电机组最小停机时间约束1_13_22],0.0
cons[火电机组最小停机时间约束1_13_23],0.0
cons[火电机组最小停机时间约束1_13_24],0.0
cons[火电机组最小停机时间约束1_13_25],0.0
cons[火电机组最小停机时间约束1_13_26],0.0
cons[火电机组最小停机时间约束1_13_27],0.0
cons[火电机组最小停机时间约束1_13_28],0.0
cons[火电机组最小停机时间约束1_13_29],0.0
cons[火电机组最小停机时间约束1_13_30],0.0
cons[火电机组最小停机时间约束1_13_31],0.0
cons[火电机组最小停机时间约束1_13_32],0.0
cons[火电机组最小停机时间约束1_13_33],0.0
cons[火电机组最小停机时间约束1_13_34],0.0
cons[火电机组最小停机时间约束1_13_35],0.0
cons[火电机组最小停机时间约束1_13_36],0.0
cons[火电机组最小停机时间约束1_13_37],0.0
cons[火电机组最小停机时间约束1_13_38],0.0
cons[火电机组最小停机时间约束1_13_39],0.0
cons[火电机组最小停机时间约束1_13_40],0.0
cons[火电机组最小停机时间约束1_13_41],0.0
cons[火电机组最小停机时间约束1_13_42],0.0
cons[火电机组最小停机时间约束1_13_43],0.0
cons[火电机组最小停机时间约束1_13_44],0.0
cons[火电机组最小停机时间约束1_13_45],0.0
cons[火电机组最小停机时间约束1_13_46],0.0
cons[火电机组最小停机时间约束1_13_47],0.0
cons[火电机组最小停机时间约束1_13_48],0.0
cons[火电机组最小停机时间约束1_13_49],0.0
cons[火电机组最小停机时间约束1_13_50],0.0
cons[火电机组最小停机时间约束1_13_51],0.0
cons[火电机组最小停机时间约束1_13_52],0.0
cons[火电机组最小停机时间约束1_13_53],0.0
cons[火电机组最小停机时间约束1_13_54],0.0
cons[火电机组最小停机时间约束1_13_55],0.0
cons[火电机组最小停机时间约束1_13_56],0.0
cons[火电机组最小停机时间约束1_13_57],0.0
cons[火电机组最小停机时间约束1_13_58],0.0
cons[火电机组最小停机时间约束1_13_59],0.0
cons[火电机组最小停机时间约束1_13_60],0.0
cons[火电机组最小停机时间约束1_13_61],0.0
cons[火电机组最小停机时间约束1_13_62],0.0
cons[火电机组最小停机时间约束1_13_63],0.0
cons[火电机组最小停机时间约束1_13_64],0.0
cons[火电机组最小停机时间约束1_13_65],0.0
cons[火电机组最小停机时间约束1_13_66],0.0
cons[火电机组最小停机时间约束1_13_67],0.0
cons[火电机组最小停机时间约束1_13_68],0.0
cons[火电机组最小停机时间约束1_13_69],0.0
cons[火电机组最小停机时间约束1_13_70],0.0
cons[火电机组最小停机时间约束1_13_71],0.0
cons[火电机组最小停机时间约束1_13_72],0.0
cons[火电机组最小停机时间约束1_13_73],0.0
cons[火电机组最小停机时间约束1_13_74],0.0
cons[火电机组最小停机时间约束1_13_75],0.0
cons[火电机组最小停机时间约束1_13_76],0.0
cons[火电机组最小停机时间约束1_13_77],0.0
cons[火电机组最小停机时间约束1_13_78],0.0
cons[火电机组最小停机时间约束1_13_79],0.0
cons[火电机组最小停机时间约束2_13_80],0.0
cons[火电机组最小停机时间约束2_13_81],0.0
cons[火电机组最小停机时间约束2_13_82],0.0
cons[火电机组最小停机时间约束2_13_83],0.0
cons[火电机组最小停机时间约束2_13_84],0.0
cons[火电机组最小停机时间约束2_13_85],0.0
cons[火电机组最小停机时间约束2_13_86],0.0
cons[火电机组最小停机时间约束2_13_87],0.0
cons[火电机组最小停机时间约束2_13_88],0.0
cons[火电机组最小停机时间约束2_13_89],0.0
cons[火电机组最小停机时间约束2_13_90],0.0
cons[火电机组最小停机时间约束2_13_91],0.0
cons[火电机组最小停机时间约束2_13_92],0.0
cons[火电机组最小停机时间约束2_13_93],0.0
cons[火电机组最小停机时间约束2_13_94],0.0
cons[火电机组最小停机时间约束2_13_95],0.0
cons[火电机组最小开机时间约束1_14_0],0.0
cons[火电机组最小开机时间约束1_14_1],0.0
cons[火电机组最小开机时间约束1_14_2],0.0
cons[火电机组最小开机时间约束1_14_3],0.0
cons[火电机组最小开机时间约束1_14_4],0.0
cons[火电机组最小开机时间约束1_14_5],0.0
cons[火电机组最小开机时间约束1_14_6],0.0
cons[火电机组最小开机时间约束1_14_7],0.0
cons[火电机组最小开机时间约束1_14_8],0.0
cons[火电机组最小开机时间约束1_14_9],0.0
cons[火电机组最小开机时间约束1_14_10],0.0
cons[火电机组最小开机时间约束1_14_11],0.0
cons[火电机组最小开机时间约束1_14_12],0.0
cons[火电机组最小开机时间约束1_14_13],0.0
cons[火电机组最小开机时间约束1_14_14],0.0
cons[火电机组最小开机时间约束1_14_15],0.0
cons[火电机组最小开机时间约束1_14_16],0.0
cons[火电机组最小开机时间约束1_14_17],0.0
cons[火电机组最小开机时间约束1_14_18],0.0
cons[火电机组最小开机时间约束1_14_19],0.0
cons[火电机组最小开机时间约束1_14_20],0.0
cons[火电机组最小开机时间约束1_14_21],0.0
cons[火电机组最小开机时间约束1_14_22],0.0
cons[火电机组最小开机时间约束1_14_23],0.0
cons[火电机组最小开机时间约束1_14_24],0.0
cons[火电机组最小开机时间约束1_14_25],0.0
cons[火电机组最小开机时间约束1_14_26],0.0
cons[火电机组最小开机时间约束1_14_27],0.0
cons[火电机组最小开机时间约束1_14_28],0.0
cons[火电机组最小开机时间约束1_14_29],0.0
cons[火电机组最小开机时间约束1_14_30],0.0
cons[火电机组最小开机时间约束1_14_31],0.0
cons[火电机组最小开机时间约束1_14_32],0.0
cons[火电机组最小开机时间约束1_14_33],0.0
cons[火电机组最小开机时间约束1_14_34],0.0
cons[火电机组最小开机时间约束1_14_35],0.0
cons[火电机组最小开机时间约束1_14_36],0.0
cons[火电机组最小开机时间约束1_14_37],0.0
cons[火电机组最小开机时间约束1_14_38],0.0
cons[火电机组最小开机时间约束1_14_39],0.0
cons[火电机组最小开机时间约束1_14_40],0.0
cons[火电机组最小开机时间约束1_14_41],0.0
cons[火电机组最小开机时间约束1_14_42],0.0
cons[火电机组最小开机时间约束1_14_43],0.0
cons[火电机组最小开机时间约束1_14_44],0.0
cons[火电机组最小开机时间约束1_14_45],0.0
cons[火电机组最小开机时间约束1_14_46],0.0
cons[火电机组最小开机时间约束1_14_47],0.0
cons[火电机组最小开机时间约束1_14_48],0.0
cons[火电机组最小开机时间约束1_14_49],0.0
cons[火电机组最小开机时间约束1_14_50],0.0
cons[火电机组最小开机时间约束1_14_51],0.0
cons[火电机组最小开机时间约束1_14_52],0.0
cons[火电机组最小开机时间约束1_14_53],0.0
cons[火电机组最小开机时间约束1_14_54],0.0
cons[火电机组最小开机时间约束1_14_55],0.0
cons[火电机组最小开机时间约束1_14_56],0.0
cons[火电机组最小开机时间约束1_14_57],0.0
cons[火电机组最小开机时间约束1_14_58],0.0
cons[火电机组最小开机时间约束1_14_59],0.0
cons[火电机组最小开机时间约束1_14_60],0.0
cons[火电机组最小开机时间约束1_14_61],0.0
cons[火电机组最小开机时间约束1_14_62],0.0
cons[火电机组最小开机时间约束1_14_63],0.0
cons[火电机组最小开机时间约束1_14_64],0.0
cons[火电机组最小开机时间约束1_14_65],0.0
cons[火电机组最小开机时间约束1_14_66],0.0
cons[火电机组最小开机时间约束1_14_67],0.0
cons[火电机组最小开机时间约束1_14_68],0.0
cons[火电机组最小开机时间约束1_14_69],0.0
cons[火电机组最小开机时间约束1_14_70],0.0
cons[火电机组最小开机时间约束1_14_71],0.0
cons[火电机组最小开机时间约束1_14_72],0.0
cons[火电机组最小开机时间约束1_14_73],0.0
cons[火电机组最小开机时间约束1_14_74],0.0
cons[火电机组最小开机时间约束1_14_75],0.0
cons[火电机组最小开机时间约束2_14_76],0.0
cons[火电机组最小开机时间约束2_14_77],0.0
cons[火电机组最小开机时间约束2_14_78],0.0
cons[火电机组最小开机时间约束2_14_79],0.0
cons[火电机组最小开机时间约束2_14_80],0.0
cons[火电机组最小开机时间约束2_14_81],0.0
cons[火电机组最小开机时间约束2_14_82],0.0
cons[火电机组最小开机时间约束2_14_83],0.0
cons[火电机组最小开机时间约束2_14_84],0.0
cons[火电机组最小开机时间约束2_14_85],0.0
cons[火电机组最小开机时间约束2_14_86],0.0
cons[火电机组最小开机时间约束2_14_87],0.0
cons[火电机组最小开机时间约束2_14_88],0.0
cons[火电机组最小开机时间约束2_14_89],0.0
cons[火电机组最小开机时间约束2_14_90],0.0
cons[火电机组最小开机时间约束2_14_91],0.0
cons[火电机组最小开机时间约束2_14_92],0.0
cons[火电机组最小开机时间约束2_14_93],0.0
cons[火电机组最小开机时间约束2_14_94],0.0
cons[火电机组最小开机时间约束2_14_95],0.0
cons[火电机组最小停机时间约束1_14_0],0.0
cons[火电机组最小停机时间约束1_14_1],0.0
cons[火电机组最小停机时间约束1_14_2],0.0
cons[火电机组最小停机时间约束1_14_3],0.0
cons[火电机组最小停机时间约束1_14_4],0.0
cons[火电机组最小停机时间约束1_14_5],0.0
cons[火电机组最小停机时间约束1_14_6],0.0
cons[火电机组最小停机时间约束1_14_7],0.0
cons[火电机组最小停机时间约束1_14_8],0.0
cons[火电机组最小停机时间约束1_14_9],0.0
cons[火电机组最小停机时间约束1_14_10],0.0
cons[火电机组最小停机时间约束1_14_11],0.0
cons[火电机组最小停机时间约束1_14_12],0.0
cons[火电机组最小停机时间约束1_14_13],0.0
cons[火电机组最小停机时间约束1_14_14],0.0
cons[火电机组最小停机时间约束1_14_15],0.0
cons[火电机组最小停机时间约束1_14_16],0.0
cons[火电机组最小停机时间约束1_14_17],0.0
cons[火电机组最小停机时间约束1_14_18],0.0
cons[火电机组最小停机时间约束1_14_19],0.0
cons[火电机组最小停机时间约束1_14_20],0.0
cons[火电机组最小停机时间约束1_14_21],0.0
cons[火电机组最小停机时间约束1_14_22],0.0
cons[火电机组最小停机时间约束1_14_23],0.0
cons[火电机组最小停机时间约束1_14_24],0.0
cons[火电机组最小停机时间约束1_14_25],0.0
cons[火电机组最小停机时间约束1_14_26],0.0
cons[火电机组最小停机时间约束1_14_27],0.0
cons[火电机组最小停机时间约束1_14_28],0.0
cons[火电机组最小停机时间约束1_14_29],0.0
cons[火电机组最小停机时间约束1_14_30],0.0
cons[火电机组最小停机时间约束1_14_31],0.0
cons[火电机组最小停机时间约束1_14_32],0.0
cons[火电机组最小停机时间约束1_14_33],0.0
cons[火电机组最小停机时间约束1_14_34],0.0
cons[火电机组最小停机时间约束1_14_35],0.0
cons[火电机组最小停机时间约束1_14_36],0.0
cons[火电机组最小停机时间约束1_14_37],0.0
cons[火电机组最小停机时间约束1_14_38],0.0
cons[火电机组最小停机时间约束1_14_39],0.0
cons[火电机组最小停机时间约束1_14_40],0.0
cons[火电机组最小停机时间约束1_14_41],0.0
cons[火电机组最小停机时间约束1_14_42],0.0
cons[火电机组最小停机时间约束1_14_43],0.0
cons[火电机组最小停机时间约束1_14_44],0.0
cons[火电机组最小停机时间约束1_14_45],0.0
cons[火电机组最小停机时间约束1_14_46],0.0
cons[火电机组最小停机时间约束1_14_47],0.0
cons[火电机组最小停机时间约束1_14_48],0.0
cons[火电机组最小停机时间约束1_14_49],0.0
cons[火电机组最小停机时间约束1_14_50],0.0
cons[火电机组最小停机时间约束1_14_51],0.0
cons[火电机组最小停机时间约束1_14_52],0.0
cons[火电机组最小停机时间约束1_14_53],0.0
cons[火电机组最小停机时间约束1_14_54],0.0
cons[火电机组最小停机时间约束1_14_55],0.0
cons[火电机组最小停机时间约束1_14_56],0.0
cons[火电机组最小停机时间约束1_14_57],0.0
cons[火电机组最小停机时间约束1_14_58],0.0
cons[火电机组最小停机时间约束1_14_59],0.0
cons[火电机组最小停机时间约束1_14_60],0.0
cons[火电机组最小停机时间约束1_14_61],0.0
cons[火电机组最小停机时间约束1_14_62],0.0
cons[火电机组最小停机时间约束1_14_63],0.0
cons[火电机组最小停机时间约束1_14_64],0.0
cons[火电机组最小停机时间约束1_14_65],0.0
cons[火电机组最小停机时间约束1_14_66],0.0
cons[火电机组最小停机时间约束1_14_67],0.0
cons[火电机组最小停机时间约束1_14_68],0.0
cons[火电机组最小停机时间约束1_14_69],0.0
cons[火电机组最小停机时间约束1_14_70],0.0
cons[火电机组最小停机时间约束1_14_71],0.0
cons[火电机组最小停机时间约束1_14_72],0.0
cons[火电机组最小停机时间约束1_14_73],0.0
cons[火电机组最小停机时间约束1_14_74],0.0
cons[火电机组最小停机时间约束1_14_75],0.0
cons[火电机组最小停机时间约束1_14_76],0.0
cons[火电机组最小停机时间约束1_14_77],0.0
cons[火电机组最小停机时间约束1_14_78],0.0
cons[火电机组最小停机时间约束1_14_79],0.0
cons[火电机组最小停机时间约束2_14_80],0.0
cons[火电机组最小停机时间约束2_14_81],0.0
cons[火电机组最小停机时间约束2_14_82],0.0
cons[火电机组最小停机时间约束2_14_83],0.0
cons[火电机组最小停机时间约束2_14_84],0.0
cons[火电机组最小停机时间约束2_14_85],0.0
cons[火电机组最小停机时间约束2_14_86],0.0
cons[火电机组最小停机时间约束2_14_87],0.0
cons[火电机组最小停机时间约束2_14_88],0.0
cons[火电机组最小停机时间约束2_14_89],0.0
cons[火电机组最小停机时间约束2_14_90],0.0
cons[火电机组最小停机时间约束2_14_91],0.0
cons[火电机组最小停机时间约束2_14_92],0.0
cons[火电机组最小停机时间约束2_14_93],0.0
cons[火电机组最小停机时间约束2_14_94],0.0
cons[火电机组最小停机时间约束2_14_95],0.0
cons[火电机组最小开机时间约束1_15_0],0.0
cons[火电机组最小开机时间约束1_15_1],0.0
cons[火电机组最小开机时间约束1_15_2],0.0
cons[火电机组最小开机时间约束1_15_3],0.0
cons[火电机组最小开机时间约束1_15_4],0.0
cons[火电机组最小开机时间约束1_15_5],0.0
cons[火电机组最小开机时间约束1_15_6],0.0
cons[火电机组最小开机时间约束1_15_7],0.0
cons[火电机组最小开机时间约束1_15_8],0.0
cons[火电机组最小开机时间约束1_15_9],0.0
cons[火电机组最小开机时间约束1_15_10],0.0
cons[火电机组最小开机时间约束1_15_11],0.0
cons[火电机组最小开机时间约束1_15_12],0.0
cons[火电机组最小开机时间约束1_15_13],0.0
cons[火电机组最小开机时间约束1_15_14],0.0
cons[火电机组最小开机时间约束1_15_15],0.0
cons[火电机组最小开机时间约束1_15_16],0.0
cons[火电机组最小开机时间约束1_15_17],0.0
cons[火电机组最小开机时间约束1_15_18],0.0
cons[火电机组最小开机时间约束1_15_19],0.0
cons[火电机组最小开机时间约束1_15_20],0.0
cons[火电机组最小开机时间约束1_15_21],0.0
cons[火电机组最小开机时间约束1_15_22],0.0
cons[火电机组最小开机时间约束1_15_23],0.0
cons[火电机组最小开机时间约束1_15_24],0.0
cons[火电机组最小开机时间约束1_15_25],0.0
cons[火电机组最小开机时间约束1_15_26],0.0
cons[火电机组最小开机时间约束1_15_27],0.0
cons[火电机组最小开机时间约束1_15_28],0.0
cons[火电机组最小开机时间约束1_15_29],0.0
cons[火电机组最小开机时间约束1_15_30],0.0
cons[火电机组最小开机时间约束1_15_31],0.0
cons[火电机组最小开机时间约束1_15_32],0.0
cons[火电机组最小开机时间约束1_15_33],0.0
cons[火电机组最小开机时间约束1_15_34],0.0
cons[火电机组最小开机时间约束1_15_35],0.0
cons[火电机组最小开机时间约束1_15_36],0.0
cons[火电机组最小开机时间约束1_15_37],0.0
cons[火电机组最小开机时间约束1_15_38],0.0
cons[火电机组最小开机时间约束1_15_39],0.0
cons[火电机组最小开机时间约束1_15_40],0.0
cons[火电机组最小开机时间约束1_15_41],0.0
cons[火电机组最小开机时间约束1_15_42],0.0
cons[火电机组最小开机时间约束1_15_43],0.0
cons[火电机组最小开机时间约束1_15_44],0.0
cons[火电机组最小开机时间约束1_15_45],0.0
cons[火电机组最小开机时间约束1_15_46],0.0
cons[火电机组最小开机时间约束1_15_47],0.0
cons[火电机组最小开机时间约束1_15_48],0.0
cons[火电机组最小开机时间约束1_15_49],0.0
cons[火电机组最小开机时间约束1_15_50],0.0
cons[火电机组最小开机时间约束1_15_51],0.0
cons[火电机组最小开机时间约束1_15_52],0.0
cons[火电机组最小开机时间约束1_15_53],0.0
cons[火电机组最小开机时间约束1_15_54],0.0
cons[火电机组最小开机时间约束1_15_55],0.0
cons[火电机组最小开机时间约束1_15_56],0.0
cons[火电机组最小开机时间约束1_15_57],0.0
cons[火电机组最小开机时间约束1_15_58],0.0
cons[火电机组最小开机时间约束1_15_59],0.0
cons[火电机组最小开机时间约束1_15_60],0.0
cons[火电机组最小开机时间约束1_15_61],0.0
cons[火电机组最小开机时间约束1_15_62],0.0
cons[火电机组最小开机时间约束1_15_63],0.0
cons[火电机组最小开机时间约束1_15_64],0.0
cons[火电机组最小开机时间约束1_15_65],0.0
cons[火电机组最小开机时间约束1_15_66],0.0
cons[火电机组最小开机时间约束1_15_67],0.0
cons[火电机组最小开机时间约束1_15_68],0.0
cons[火电机组最小开机时间约束1_15_69],0.0
cons[火电机组最小开机时间约束1_15_70],0.0
cons[火电机组最小开机时间约束1_15_71],0.0
cons[火电机组最小开机时间约束1_15_72],0.0
cons[火电机组最小开机时间约束1_15_73],0.0
cons[火电机组最小开机时间约束1_15_74],0.0
cons[火电机组最小开机时间约束1_15_75],0.0
cons[火电机组最小开机时间约束2_15_76],0.0
cons[火电机组最小开机时间约束2_15_77],0.0
cons[火电机组最小开机时间约束2_15_78],0.0
cons[火电机组最小开机时间约束2_15_79],0.0
cons[火电机组最小开机时间约束2_15_80],0.0
cons[火电机组最小开机时间约束2_15_81],0.0
cons[火电机组最小开机时间约束2_15_82],0.0
cons[火电机组最小开机时间约束2_15_83],0.0
cons[火电机组最小开机时间约束2_15_84],0.0
cons[火电机组最小开机时间约束2_15_85],0.0
cons[火电机组最小开机时间约束2_15_86],0.0
cons[火电机组最小开机时间约束2_15_87],0.0
cons[火电机组最小开机时间约束2_15_88],0.0
cons[火电机组最小开机时间约束2_15_89],0.0
cons[火电机组最小开机时间约束2_15_90],0.0
cons[火电机组最小开机时间约束2_15_91],0.0
cons[火电机组最小开机时间约束2_15_92],0.0
cons[火电机组最小开机时间约束2_15_93],0.0
cons[火电机组最小开机时间约束2_15_94],0.0
cons[火电机组最小开机时间约束2_15_95],0.0
cons[火电机组最小停机时间约束1_15_0],0.0
cons[火电机组最小停机时间约束1_15_1],0.0
cons[火电机组最小停机时间约束1_15_2],0.0
cons[火电机组最小停机时间约束1_15_3],0.0
cons[火电机组最小停机时间约束1_15_4],0.0
cons[火电机组最小停机时间约束1_15_5],0.0
cons[火电机组最小停机时间约束1_15_6],0.0
cons[火电机组最小停机时间约束1_15_7],0.0
cons[火电机组最小停机时间约束1_15_8],0.0
cons[火电机组最小停机时间约束1_15_9],0.0
cons[火电机组最小停机时间约束1_15_10],0.0
cons[火电机组最小停机时间约束1_15_11],0.0
cons[火电机组最小停机时间约束1_15_12],0.0
cons[火电机组最小停机时间约束1_15_13],0.0
cons[火电机组最小停机时间约束1_15_14],0.0
cons[火电机组最小停机时间约束1_15_15],0.0
cons[火电机组最小停机时间约束1_15_16],0.0
cons[火电机组最小停机时间约束1_15_17],0.0
cons[火电机组最小停机时间约束1_15_18],0.0
cons[火电机组最小停机时间约束1_15_19],0.0
cons[火电机组最小停机时间约束1_15_20],0.0
cons[火电机组最小停机时间约束1_15_21],0.0
cons[火电机组最小停机时间约束1_15_22],0.0
cons[火电机组最小停机时间约束1_15_23],0.0
cons[火电机组最小停机时间约束1_15_24],0.0
cons[火电机组最小停机时间约束1_15_25],0.0
cons[火电机组最小停机时间约束1_15_26],0.0
cons[火电机组最小停机时间约束1_15_27],0.0
cons[火电机组最小停机时间约束1_15_28],0.0
cons[火电机组最小停机时间约束1_15_29],0.0
cons[火电机组最小停机时间约束1_15_30],0.0
cons[火电机组最小停机时间约束1_15_31],0.0
cons[火电机组最小停机时间约束1_15_32],0.0
cons[火电机组最小停机时间约束1_15_33],0.0
cons[火电机组最小停机时间约束1_15_34],0.0
cons[火电机组最小停机时间约束1_15_35],0.0
cons[火电机组最小停机时间约束1_15_36],0.0
cons[火电机组最小停机时间约束1_15_37],0.0
cons[火电机组最小停机时间约束1_15_38],0.0
cons[火电机组最小停机时间约束1_15_39],0.0
cons[火电机组最小停机时间约束1_15_40],0.0
cons[火电机组最小停机时间约束1_15_41],0.0
cons[火电机组最小停机时间约束1_15_42],0.0
cons[火电机组最小停机时间约束1_15_43],0.0
cons[火电机组最小停机时间约束1_15_44],0.0
cons[火电机组最小停机时间约束1_15_45],0.0
cons[火电机组最小停机时间约束1_15_46],0.0
cons[火电机组最小停机时间约束1_15_47],0.0
cons[火电机组最小停机时间约束1_15_48],0.0
cons[火电机组最小停机时间约束1_15_49],0.0
cons[火电机组最小停机时间约束1_15_50],0.0
cons[火电机组最小停机时间约束1_15_51],0.0
cons[火电机组最小停机时间约束1_15_52],0.0
cons[火电机组最小停机时间约束1_15_53],0.0
cons[火电机组最小停机时间约束1_15_54],0.0
cons[火电机组最小停机时间约束1_15_55],0.0
cons[火电机组最小停机时间约束1_15_56],0.0
cons[火电机组最小停机时间约束1_15_57],0.0
cons[火电机组最小停机时间约束1_15_58],0.0
cons[火电机组最小停机时间约束1_15_59],0.0
cons[火电机组最小停机时间约束1_15_60],0.0
cons[火电机组最小停机时间约束1_15_61],0.0
cons[火电机组最小停机时间约束1_15_62],0.0
cons[火电机组最小停机时间约束1_15_63],0.0
cons[火电机组最小停机时间约束1_15_64],0.0
cons[火电机组最小停机时间约束1_15_65],0.0
cons[火电机组最小停机时间约束1_15_66],0.0
cons[火电机组最小停机时间约束1_15_67],0.0
cons[火电机组最小停机时间约束1_15_68],0.0
cons[火电机组最小停机时间约束1_15_69],0.0
cons[火电机组最小停机时间约束1_15_70],0.0
cons[火电机组最小停机时间约束1_15_71],0.0
cons[火电机组最小停机时间约束1_15_72],0.0
cons[火电机组最小停机时间约束1_15_73],0.0
cons[火电机组最小停机时间约束1_15_74],0.0
cons[火电机组最小停机时间约束1_15_75],0.0
cons[火电机组最小停机时间约束1_15_76],0.0
cons[火电机组最小停机时间约束1_15_77],0.0
cons[火电机组最小停机时间约束1_15_78],0.0
cons[火电机组最小停机时间约束1_15_79],0.0
cons[火电机组最小停机时间约束2_15_80],0.0
cons[火电机组最小停机时间约束2_15_81],0.0
cons[火电机组最小停机时间约束2_15_82],0.0
cons[火电机组最小停机时间约束2_15_83],0.0
cons[火电机组最小停机时间约束2_15_84],0.0
cons[火电机组最小停机时间约束2_15_85],0.0
cons[火电机组最小停机时间约束2_15_86],0.0
cons[火电机组最小停机时间约束2_15_87],0.0
cons[火电机组最小停机时间约束2_15_88],0.0
cons[火电机组最小停机时间约束2_15_89],0.0
cons[火电机组最小停机时间约束2_15_90],0.0
cons[火电机组最小停机时间约束2_15_91],0.0
cons[火电机组最小停机时间约束2_15_92],0.0
cons[火电机组最小停机时间约束2_15_93],0.0
cons[火电机组最小停机时间约束2_15_94],0.0
cons[火电机组最小停机时间约束2_15_95],0.0
cons[火电机组最小开机时间约束1_16_0],0.0
cons[火电机组最小开机时间约束1_16_1],0.0
cons[火电机组最小开机时间约束1_16_2],0.0
cons[火电机组最小开机时间约束1_16_3],0.0
cons[火电机组最小开机时间约束1_16_4],0.0
cons[火电机组最小开机时间约束1_16_5],0.0
cons[火电机组最小开机时间约束1_16_6],0.0
cons[火电机组最小开机时间约束1_16_7],0.0
cons[火电机组最小开机时间约束1_16_8],0.0
cons[火电机组最小开机时间约束1_16_9],0.0
cons[火电机组最小开机时间约束1_16_10],0.0
cons[火电机组最小开机时间约束1_16_11],0.0
cons[火电机组最小开机时间约束1_16_12],0.0
cons[火电机组最小开机时间约束1_16_13],0.0
cons[火电机组最小开机时间约束1_16_14],0.0
cons[火电机组最小开机时间约束1_16_15],0.0
cons[火电机组最小开机时间约束1_16_16],0.0
cons[火电机组最小开机时间约束1_16_17],0.0
cons[火电机组最小开机时间约束1_16_18],0.0
cons[火电机组最小开机时间约束1_16_19],0.0
cons[火电机组最小开机时间约束1_16_20],0.0
cons[火电机组最小开机时间约束1_16_21],0.0
cons[火电机组最小开机时间约束1_16_22],0.0
cons[火电机组最小开机时间约束1_16_23],0.0
cons[火电机组最小开机时间约束1_16_24],0.0
cons[火电机组最小开机时间约束1_16_25],0.0
cons[火电机组最小开机时间约束1_16_26],0.0
cons[火电机组最小开机时间约束1_16_27],0.0
cons[火电机组最小开机时间约束1_16_28],0.0
cons[火电机组最小开机时间约束1_16_29],0.0
cons[火电机组最小开机时间约束1_16_30],0.0
cons[火电机组最小开机时间约束1_16_31],0.0
cons[火电机组最小开机时间约束1_16_32],0.0
cons[火电机组最小开机时间约束1_16_33],0.0
cons[火电机组最小开机时间约束1_16_34],0.0
cons[火电机组最小开机时间约束1_16_35],0.0
cons[火电机组最小开机时间约束1_16_36],0.0
cons[火电机组最小开机时间约束1_16_37],0.0
cons[火电机组最小开机时间约束1_16_38],0.0
cons[火电机组最小开机时间约束1_16_39],0.0
cons[火电机组最小开机时间约束1_16_40],0.0
cons[火电机组最小开机时间约束1_16_41],0.0
cons[火电机组最小开机时间约束1_16_42],0.0
cons[火电机组最小开机时间约束1_16_43],0.0
cons[火电机组最小开机时间约束1_16_44],0.0
cons[火电机组最小开机时间约束1_16_45],0.0
cons[火电机组最小开机时间约束1_16_46],0.0
cons[火电机组最小开机时间约束1_16_47],0.0
cons[火电机组最小开机时间约束1_16_48],0.0
cons[火电机组最小开机时间约束1_16_49],0.0
cons[火电机组最小开机时间约束1_16_50],0.0
cons[火电机组最小开机时间约束1_16_51],0.0
cons[火电机组最小开机时间约束1_16_52],0.0
cons[火电机组最小开机时间约束1_16_53],0.0
cons[火电机组最小开机时间约束1_16_54],0.0
cons[火电机组最小开机时间约束1_16_55],0.0
cons[火电机组最小开机时间约束1_16_56],0.0
cons[火电机组最小开机时间约束1_16_57],0.0
cons[火电机组最小开机时间约束1_16_58],0.0
cons[火电机组最小开机时间约束1_16_59],0.0
cons[火电机组最小开机时间约束1_16_60],0.0
cons[火电机组最小开机时间约束1_16_61],0.0
cons[火电机组最小开机时间约束1_16_62],0.0
cons[火电机组最小开机时间约束1_16_63],0.0
cons[火电机组最小开机时间约束1_16_64],0.0
cons[火电机组最小开机时间约束1_16_65],0.0
cons[火电机组最小开机时间约束1_16_66],0.0
cons[火电机组最小开机时间约束1_16_67],0.0
cons[火电机组最小开机时间约束1_16_68],0.0
cons[火电机组最小开机时间约束1_16_69],0.0
cons[火电机组最小开机时间约束1_16_70],0.0
cons[火电机组最小开机时间约束1_16_71],0.0
cons[火电机组最小开机时间约束1_16_72],0.0
cons[火电机组最小开机时间约束1_16_73],0.0
cons[火电机组最小开机时间约束1_16_74],0.0
cons[火电机组最小开机时间约束1_16_75],0.0
cons[火电机组最小开机时间约束2_16_76],0.0
cons[火电机组最小开机时间约束2_16_77],0.0
cons[火电机组最小开机时间约束2_16_78],0.0
cons[火电机组最小开机时间约束2_16_79],0.0
cons[火电机组最小开机时间约束2_16_80],0.0
cons[火电机组最小开机时间约束2_16_81],0.0
cons[火电机组最小开机时间约束2_16_82],0.0
cons[火电机组最小开机时间约束2_16_83],0.0
cons[火电机组最小开机时间约束2_16_84],0.0
cons[火电机组最小开机时间约束2_16_85],0.0
cons[火电机组最小开机时间约束2_16_86],0.0
cons[火电机组最小开机时间约束2_16_87],0.0
cons[火电机组最小开机时间约束2_16_88],0.0
cons[火电机组最小开机时间约束2_16_89],0.0
cons[火电机组最小开机时间约束2_16_90],0.0
cons[火电机组最小开机时间约束2_16_91],0.0
cons[火电机组最小开机时间约束2_16_92],0.0
cons[火电机组最小开机时间约束2_16_93],0.0
cons[火电机组最小开机时间约束2_16_94],0.0
cons[火电机组最小开机时间约束2_16_95],0.0
cons[火电机组最小停机时间约束1_16_0],0.0
cons[火电机组最小停机时间约束1_16_1],0.0
cons[火电机组最小停机时间约束1_16_2],0.0
cons[火电机组最小停机时间约束1_16_3],0.0
cons[火电机组最小停机时间约束1_16_4],0.0
cons[火电机组最小停机时间约束1_16_5],0.0
cons[火电机组最小停机时间约束1_16_6],0.0
cons[火电机组最小停机时间约束1_16_7],0.0
cons[火电机组最小停机时间约束1_16_8],0.0
cons[火电机组最小停机时间约束1_16_9],0.0
cons[火电机组最小停机时间约束1_16_10],0.0
cons[火电机组最小停机时间约束1_16_11],0.0
cons[火电机组最小停机时间约束1_16_12],0.0
cons[火电机组最小停机时间约束1_16_13],0.0
cons[火电机组最小停机时间约束1_16_14],0.0
cons[火电机组最小停机时间约束1_16_15],0.0
cons[火电机组最小停机时间约束1_16_16],0.0
cons[火电机组最小停机时间约束1_16_17],0.0
cons[火电机组最小停机时间约束1_16_18],0.0
cons[火电机组最小停机时间约束1_16_19],0.0
cons[火电机组最小停机时间约束1_16_20],0.0
cons[火电机组最小停机时间约束1_16_21],0.0
cons[火电机组最小停机时间约束1_16_22],0.0
cons[火电机组最小停机时间约束1_16_23],0.0
cons[火电机组最小停机时间约束1_16_24],0.0
cons[火电机组最小停机时间约束1_16_25],0.0
cons[火电机组最小停机时间约束1_16_26],0.0
cons[火电机组最小停机时间约束1_16_27],0.0
cons[火电机组最小停机时间约束1_16_28],0.0
cons[火电机组最小停机时间约束1_16_29],0.0
cons[火电机组最小停机时间约束1_16_30],0.0
cons[火电机组最小停机时间约束1_16_31],0.0
cons[火电机组最小停机时间约束1_16_32],0.0
cons[火电机组最小停机时间约束1_16_33],0.0
cons[火电机组最小停机时间约束1_16_34],0.0
cons[火电机组最小停机时间约束1_16_35],0.0
cons[火电机组最小停机时间约束1_16_36],0.0
cons[火电机组最小停机时间约束1_16_37],0.0
cons[火电机组最小停机时间约束1_16_38],0.0
cons[火电机组最小停机时间约束1_16_39],0.0
cons[火电机组最小停机时间约束1_16_40],0.0
cons[火电机组最小停机时间约束1_16_41],0.0
cons[火电机组最小停机时间约束1_16_42],0.0
cons[火电机组最小停机时间约束1_16_43],0.0
cons[火电机组最小停机时间约束1_16_44],0.0
cons[火电机组最小停机时间约束1_16_45],0.0
cons[火电机组最小停机时间约束1_16_46],0.0
cons[火电机组最小停机时间约束1_16_47],0.0
cons[火电机组最小停机时间约束1_16_48],0.0
cons[火电机组最小停机时间约束1_16_49],0.0
cons[火电机组最小停机时间约束1_16_50],0.0
cons[火电机组最小停机时间约束1_16_51],0.0
cons[火电机组最小停机时间约束1_16_52],0.0
cons[火电机组最小停机时间约束1_16_53],0.0
cons[火电机组最小停机时间约束1_16_54],0.0
cons[火电机组最小停机时间约束1_16_55],0.0
cons[火电机组最小停机时间约束1_16_56],0.0
cons[火电机组最小停机时间约束1_16_57],0.0
cons[火电机组最小停机时间约束1_16_58],0.0
cons[火电机组最小停机时间约束1_16_59],0.0
cons[火电机组最小停机时间约束1_16_60],0.0
cons[火电机组最小停机时间约束1_16_61],0.0
cons[火电机组最小停机时间约束1_16_62],0.0
cons[火电机组最小停机时间约束1_16_63],0.0
cons[火电机组最小停机时间约束1_16_64],0.0
cons[火电机组最小停机时间约束1_16_65],0.0
cons[火电机组最小停机时间约束1_16_66],0.0
cons[火电机组最小停机时间约束1_16_67],0.0
cons[火电机组最小停机时间约束1_16_68],0.0
cons[火电机组最小停机时间约束1_16_69],0.0
cons[火电机组最小停机时间约束1_16_70],0.0
cons[火电机组最小停机时间约束1_16_71],0.0
cons[火电机组最小停机时间约束1_16_72],0.0
cons[火电机组最小停机时间约束1_16_73],0.0
cons[火电机组最小停机时间约束1_16_74],0.0
cons[火电机组最小停机时间约束1_16_75],0.0
cons[火电机组最小停机时间约束1_16_76],0.0
cons[火电机组最小停机时间约束1_16_77],0.0
cons[火电机组最小停机时间约束1_16_78],0.0
cons[火电机组最小停机时间约束1_16_79],0.0
cons[火电机组最小停机时间约束2_16_80],0.0
cons[火电机组最小停机时间约束2_16_81],0.0
cons[火电机组最小停机时间约束2_16_82],0.0
cons[火电机组最小停机时间约束2_16_83],0.0
cons[火电机组最小停机时间约束2_16_84],0.0
cons[火电机组最小停机时间约束2_16_85],0.0
cons[火电机组最小停机时间约束2_16_86],0.0
cons[火电机组最小停机时间约束2_16_87],0.0
cons[火电机组最小停机时间约束2_16_88],0.0
cons[火电机组最小停机时间约束2_16_89],0.0
cons[火电机组最小停机时间约束2_16_90],0.0
cons[火电机组最小停机时间约束2_16_91],0.0
cons[火电机组最小停机时间约束2_16_92],0.0
cons[火电机组最小停机时间约束2_16_93],0.0
cons[火电机组最小停机时间约束2_16_94],0.0
cons[火电机组最小停机时间约束2_16_95],0.0
cons[火电机组最小开机时间约束1_17_0],0.0
cons[火电机组最小开机时间约束1_17_1],0.0
cons[火电机组最小开机时间约束1_17_2],0.0
cons[火电机组最小开机时间约束1_17_3],0.0
cons[火电机组最小开机时间约束1_17_4],0.0
cons[火电机组最小开机时间约束1_17_5],0.0
cons[火电机组最小开机时间约束1_17_6],0.0
cons[火电机组最小开机时间约束1_17_7],0.0
cons[火电机组最小开机时间约束1_17_8],0.0
cons[火电机组最小开机时间约束1_17_9],0.0
cons[火电机组最小开机时间约束1_17_10],0.0
cons[火电机组最小开机时间约束1_17_11],0.0
cons[火电机组最小开机时间约束1_17_12],0.0
cons[火电机组最小开机时间约束1_17_13],0.0
cons[火电机组最小开机时间约束1_17_14],0.0
cons[火电机组最小开机时间约束1_17_15],0.0
cons[火电机组最小开机时间约束1_17_16],0.0
cons[火电机组最小开机时间约束1_17_17],0.0
cons[火电机组最小开机时间约束1_17_18],0.0
cons[火电机组最小开机时间约束1_17_19],0.0
cons[火电机组最小开机时间约束1_17_20],0.0
cons[火电机组最小开机时间约束1_17_21],0.0
cons[火电机组最小开机时间约束1_17_22],0.0
cons[火电机组最小开机时间约束1_17_23],0.0
cons[火电机组最小开机时间约束1_17_24],0.0
cons[火电机组最小开机时间约束1_17_25],0.0
cons[火电机组最小开机时间约束1_17_26],0.0
cons[火电机组最小开机时间约束1_17_27],0.0
cons[火电机组最小开机时间约束1_17_28],0.0
cons[火电机组最小开机时间约束1_17_29],0.0
cons[火电机组最小开机时间约束1_17_30],0.0
cons[火电机组最小开机时间约束1_17_31],0.0
cons[火电机组最小开机时间约束1_17_32],0.0
cons[火电机组最小开机时间约束1_17_33],0.0
cons[火电机组最小开机时间约束1_17_34],0.0
cons[火电机组最小开机时间约束1_17_35],0.0
cons[火电机组最小开机时间约束1_17_36],0.0
cons[火电机组最小开机时间约束1_17_37],0.0
cons[火电机组最小开机时间约束1_17_38],0.0
cons[火电机组最小开机时间约束1_17_39],0.0
cons[火电机组最小开机时间约束1_17_40],0.0
cons[火电机组最小开机时间约束1_17_41],0.0
cons[火电机组最小开机时间约束1_17_42],0.0
cons[火电机组最小开机时间约束1_17_43],0.0
cons[火电机组最小开机时间约束1_17_44],0.0
cons[火电机组最小开机时间约束1_17_45],0.0
cons[火电机组最小开机时间约束1_17_46],0.0
cons[火电机组最小开机时间约束1_17_47],0.0
cons[火电机组最小开机时间约束1_17_48],0.0
cons[火电机组最小开机时间约束1_17_49],0.0
cons[火电机组最小开机时间约束1_17_50],0.0
cons[火电机组最小开机时间约束1_17_51],0.0
cons[火电机组最小开机时间约束1_17_52],0.0
cons[火电机组最小开机时间约束1_17_53],0.0
cons[火电机组最小开机时间约束1_17_54],0.0
cons[火电机组最小开机时间约束1_17_55],0.0
cons[火电机组最小开机时间约束1_17_56],0.0
cons[火电机组最小开机时间约束1_17_57],0.0
cons[火电机组最小开机时间约束1_17_58],0.0
cons[火电机组最小开机时间约束1_17_59],0.0
cons[火电机组最小开机时间约束1_17_60],0.0
cons[火电机组最小开机时间约束1_17_61],0.0
cons[火电机组最小开机时间约束1_17_62],0.0
cons[火电机组最小开机时间约束1_17_63],0.0
cons[火电机组最小开机时间约束1_17_64],0.0
cons[火电机组最小开机时间约束1_17_65],0.0
cons[火电机组最小开机时间约束1_17_66],0.0
cons[火电机组最小开机时间约束1_17_67],0.0
cons[火电机组最小开机时间约束1_17_68],0.0
cons[火电机组最小开机时间约束1_17_69],0.0
cons[火电机组最小开机时间约束1_17_70],0.0
cons[火电机组最小开机时间约束1_17_71],0.0
cons[火电机组最小开机时间约束1_17_72],0.0
cons[火电机组最小开机时间约束1_17_73],0.0
cons[火电机组最小开机时间约束1_17_74],0.0
cons[火电机组最小开机时间约束1_17_75],0.0
cons[火电机组最小开机时间约束2_17_76],0.0
cons[火电机组最小开机时间约束2_17_77],0.0
cons[火电机组最小开机时间约束2_17_78],0.0
cons[火电机组最小开机时间约束2_17_79],0.0
cons[火电机组最小开机时间约束2_17_80],0.0
cons[火电机组最小开机时间约束2_17_81],0.0
cons[火电机组最小开机时间约束2_17_82],0.0
cons[火电机组最小开机时间约束2_17_83],0.0
cons[火电机组最小开机时间约束2_17_84],0.0
cons[火电机组最小开机时间约束2_17_85],0.0
cons[火电机组最小开机时间约束2_17_86],0.0
cons[火电机组最小开机时间约束2_17_87],0.0
cons[火电机组最小开机时间约束2_17_88],0.0
cons[火电机组最小开机时间约束2_17_89],0.0
cons[火电机组最小开机时间约束2_17_90],0.0
cons[火电机组最小开机时间约束2_17_91],0.0
cons[火电机组最小开机时间约束2_17_92],0.0
cons[火电机组最小开机时间约束2_17_93],0.0
cons[火电机组最小开机时间约束2_17_94],0.0
cons[火电机组最小开机时间约束2_17_95],0.0
cons[火电机组最小停机时间约束1_17_0],0.0
cons[火电机组最小停机时间约束1_17_1],0.0
cons[火电机组最小停机时间约束1_17_2],0.0
cons[火电机组最小停机时间约束1_17_3],0.0
cons[火电机组最小停机时间约束1_17_4],0.0
cons[火电机组最小停机时间约束1_17_5],0.0
cons[火电机组最小停机时间约束1_17_6],0.0
cons[火电机组最小停机时间约束1_17_7],0.0
cons[火电机组最小停机时间约束1_17_8],0.0
cons[火电机组最小停机时间约束1_17_9],0.0
cons[火电机组最小停机时间约束1_17_10],0.0
cons[火电机组最小停机时间约束1_17_11],0.0
cons[火电机组最小停机时间约束1_17_12],0.0
cons[火电机组最小停机时间约束1_17_13],0.0
cons[火电机组最小停机时间约束1_17_14],0.0
cons[火电机组最小停机时间约束1_17_15],0.0
cons[火电机组最小停机时间约束1_17_16],0.0
cons[火电机组最小停机时间约束1_17_17],0.0
cons[火电机组最小停机时间约束1_17_18],0.0
cons[火电机组最小停机时间约束1_17_19],0.0
cons[火电机组最小停机时间约束1_17_20],0.0
cons[火电机组最小停机时间约束1_17_21],0.0
cons[火电机组最小停机时间约束1_17_22],0.0
cons[火电机组最小停机时间约束1_17_23],0.0
cons[火电机组最小停机时间约束1_17_24],0.0
cons[火电机组最小停机时间约束1_17_25],0.0
cons[火电机组最小停机时间约束1_17_26],0.0
cons[火电机组最小停机时间约束1_17_27],0.0
cons[火电机组最小停机时间约束1_17_28],0.0
cons[火电机组最小停机时间约束1_17_29],0.0
cons[火电机组最小停机时间约束1_17_30],0.0
cons[火电机组最小停机时间约束1_17_31],0.0
cons[火电机组最小停机时间约束1_17_32],0.0
cons[火电机组最小停机时间约束1_17_33],0.0
cons[火电机组最小停机时间约束1_17_34],0.0
cons[火电机组最小停机时间约束1_17_35],0.0
cons[火电机组最小停机时间约束1_17_36],0.0
cons[火电机组最小停机时间约束1_17_37],0.0
cons[火电机组最小停机时间约束1_17_38],0.0
cons[火电机组最小停机时间约束1_17_39],0.0
cons[火电机组最小停机时间约束1_17_40],0.0
cons[火电机组最小停机时间约束1_17_41],0.0
cons[火电机组最小停机时间约束1_17_42],0.0
cons[火电机组最小停机时间约束1_17_43],0.0
cons[火电机组最小停机时间约束1_17_44],0.0
cons[火电机组最小停机时间约束1_17_45],0.0
cons[火电机组最小停机时间约束1_17_46],0.0
cons[火电机组最小停机时间约束1_17_47],0.0
cons[火电机组最小停机时间约束1_17_48],0.0
cons[火电机组最小停机时间约束1_17_49],0.0
cons[火电机组最小停机时间约束1_17_50],0.0
cons[火电机组最小停机时间约束1_17_51],0.0
cons[火电机组最小停机时间约束1_17_52],0.0
cons[火电机组最小停机时间约束1_17_53],0.0
cons[火电机组最小停机时间约束1_17_54],0.0
cons[火电机组最小停机时间约束1_17_55],0.0
cons[火电机组最小停机时间约束1_17_56],0.0
cons[火电机组最小停机时间约束1_17_57],0.0
cons[火电机组最小停机时间约束1_17_58],0.0
cons[火电机组最小停机时间约束1_17_59],0.0
cons[火电机组最小停机时间约束1_17_60],0.0
cons[火电机组最小停机时间约束1_17_61],0.0
cons[火电机组最小停机时间约束1_17_62],0.0
cons[火电机组最小停机时间约束1_17_63],0.0
cons[火电机组最小停机时间约束1_17_64],0.0
cons[火电机组最小停机时间约束1_17_65],0.0
cons[火电机组最小停机时间约束1_17_66],0.0
cons[火电机组最小停机时间约束1_17_67],0.0
cons[火电机组最小停机时间约束1_17_68],0.0
cons[火电机组最小停机时间约束1_17_69],0.0
cons[火电机组最小停机时间约束1_17_70],0.0
cons[火电机组最小停机时间约束1_17_71],0.0
cons[火电机组最小停机时间约束1_17_72],0.0
cons[火电机组最小停机时间约束1_17_73],0.0
cons[火电机组最小停机时间约束1_17_74],0.0
cons[火电机组最小停机时间约束1_17_75],0.0
cons[火电机组最小停机时间约束1_17_76],0.0
cons[火电机组最小停机时间约束1_17_77],0.0
cons[火电机组最小停机时间约束1_17_78],0.0
cons[火电机组最小停机时间约束1_17_79],0.0
cons[火电机组最小停机时间约束2_17_80],0.0
cons[火电机组最小停机时间约束2_17_81],0.0
cons[火电机组最小停机时间约束2_17_82],0.0
cons[火电机组最小停机时间约束2_17_83],0.0
cons[火电机组最小停机时间约束2_17_84],0.0
cons[火电机组最小停机时间约束2_17_85],0.0
cons[火电机组最小停机时间约束2_17_86],0.0
cons[火电机组最小停机时间约束2_17_87],0.0
cons[火电机组最小停机时间约束2_17_88],0.0
cons[火电机组最小停机时间约束2_17_89],0.0
cons[火电机组最小停机时间约束2_17_90],0.0
cons[火电机组最小停机时间约束2_17_91],0.0
cons[火电机组最小停机时间约束2_17_92],0.0
cons[火电机组最小停机时间约束2_17_93],0.0
cons[火电机组最小停机时间约束2_17_94],0.0
cons[火电机组最小停机时间约束2_17_95],0.0
cons[火电机组最小开机时间约束1_18_0],0.0
cons[火电机组最小开机时间约束1_18_1],0.0
cons[火电机组最小开机时间约束1_18_2],0.0
cons[火电机组最小开机时间约束1_18_3],0.0
cons[火电机组最小开机时间约束1_18_4],0.0
cons[火电机组最小开机时间约束1_18_5],0.0
cons[火电机组最小开机时间约束1_18_6],0.0
cons[火电机组最小开机时间约束1_18_7],0.0
cons[火电机组最小开机时间约束1_18_8],0.0
cons[火电机组最小开机时间约束1_18_9],0.0
cons[火电机组最小开机时间约束1_18_10],0.0
cons[火电机组最小开机时间约束1_18_11],0.0
cons[火电机组最小开机时间约束1_18_12],0.0
cons[火电机组最小开机时间约束1_18_13],0.0
cons[火电机组最小开机时间约束1_18_14],0.0
cons[火电机组最小开机时间约束1_18_15],0.0
cons[火电机组最小开机时间约束1_18_16],0.0
cons[火电机组最小开机时间约束1_18_17],0.0
cons[火电机组最小开机时间约束1_18_18],0.0
cons[火电机组最小开机时间约束1_18_19],0.0
cons[火电机组最小开机时间约束1_18_20],0.0
cons[火电机组最小开机时间约束1_18_21],0.0
cons[火电机组最小开机时间约束1_18_22],0.0
cons[火电机组最小开机时间约束1_18_23],0.0
cons[火电机组最小开机时间约束1_18_24],0.0
cons[火电机组最小开机时间约束1_18_25],0.0
cons[火电机组最小开机时间约束1_18_26],0.0
cons[火电机组最小开机时间约束1_18_27],0.0
cons[火电机组最小开机时间约束1_18_28],0.0
cons[火电机组最小开机时间约束1_18_29],0.0
cons[火电机组最小开机时间约束1_18_30],0.0
cons[火电机组最小开机时间约束1_18_31],0.0
cons[火电机组最小开机时间约束1_18_32],0.0
cons[火电机组最小开机时间约束1_18_33],0.0
cons[火电机组最小开机时间约束1_18_34],0.0
cons[火电机组最小开机时间约束1_18_35],0.0
cons[火电机组最小开机时间约束1_18_36],0.0
cons[火电机组最小开机时间约束1_18_37],0.0
cons[火电机组最小开机时间约束1_18_38],0.0
cons[火电机组最小开机时间约束1_18_39],0.0
cons[火电机组最小开机时间约束1_18_40],0.0
cons[火电机组最小开机时间约束1_18_41],0.0
cons[火电机组最小开机时间约束1_18_42],0.0
cons[火电机组最小开机时间约束1_18_43],0.0
cons[火电机组最小开机时间约束1_18_44],0.0
cons[火电机组最小开机时间约束1_18_45],0.0
cons[火电机组最小开机时间约束1_18_46],0.0
cons[火电机组最小开机时间约束1_18_47],0.0
cons[火电机组最小开机时间约束1_18_48],0.0
cons[火电机组最小开机时间约束1_18_49],0.0
cons[火电机组最小开机时间约束1_18_50],0.0
cons[火电机组最小开机时间约束1_18_51],0.0
cons[火电机组最小开机时间约束1_18_52],0.0
cons[火电机组最小开机时间约束1_18_53],0.0
cons[火电机组最小开机时间约束1_18_54],0.0
cons[火电机组最小开机时间约束1_18_55],0.0
cons[火电机组最小开机时间约束1_18_56],0.0
cons[火电机组最小开机时间约束1_18_57],0.0
cons[火电机组最小开机时间约束1_18_58],0.0
cons[火电机组最小开机时间约束1_18_59],0.0
cons[火电机组最小开机时间约束1_18_60],0.0
cons[火电机组最小开机时间约束1_18_61],0.0
cons[火电机组最小开机时间约束1_18_62],0.0
cons[火电机组最小开机时间约束1_18_63],0.0
cons[火电机组最小开机时间约束1_18_64],0.0
cons[火电机组最小开机时间约束1_18_65],0.0
cons[火电机组最小开机时间约束1_18_66],0.0
cons[火电机组最小开机时间约束1_18_67],0.0
cons[火电机组最小开机时间约束1_18_68],0.0
cons[火电机组最小开机时间约束1_18_69],0.0
cons[火电机组最小开机时间约束1_18_70],0.0
cons[火电机组最小开机时间约束1_18_71],0.0
cons[火电机组最小开机时间约束1_18_72],0.0
cons[火电机组最小开机时间约束1_18_73],0.0
cons[火电机组最小开机时间约束1_18_74],0.0
cons[火电机组最小开机时间约束1_18_75],0.0
cons[火电机组最小开机时间约束2_18_76],0.0
cons[火电机组最小开机时间约束2_18_77],0.0
cons[火电机组最小开机时间约束2_18_78],0.0
cons[火电机组最小开机时间约束2_18_79],0.0
cons[火电机组最小开机时间约束2_18_80],0.0
cons[火电机组最小开机时间约束2_18_81],0.0
cons[火电机组最小开机时间约束2_18_82],0.0
cons[火电机组最小开机时间约束2_18_83],0.0
cons[火电机组最小开机时间约束2_18_84],0.0
cons[火电机组最小开机时间约束2_18_85],0.0
cons[火电机组最小开机时间约束2_18_86],0.0
cons[火电机组最小开机时间约束2_18_87],0.0
cons[火电机组最小开机时间约束2_18_88],0.0
cons[火电机组最小开机时间约束2_18_89],0.0
cons[火电机组最小开机时间约束2_18_90],0.0
cons[火电机组最小开机时间约束2_18_91],0.0
cons[火电机组最小开机时间约束2_18_92],0.0
cons[火电机组最小开机时间约束2_18_93],0.0
cons[火电机组最小开机时间约束2_18_94],0.0
cons[火电机组最小开机时间约束2_18_95],0.0
cons[火电机组最小停机时间约束1_18_0],0.0
cons[火电机组最小停机时间约束1_18_1],0.0
cons[火电机组最小停机时间约束1_18_2],0.0
cons[火电机组最小停机时间约束1_18_3],0.0
cons[火电机组最小停机时间约束1_18_4],0.0
cons[火电机组最小停机时间约束1_18_5],0.0
cons[火电机组最小停机时间约束1_18_6],0.0
cons[火电机组最小停机时间约束1_18_7],0.0
cons[火电机组最小停机时间约束1_18_8],0.0
cons[火电机组最小停机时间约束1_18_9],0.0
cons[火电机组最小停机时间约束1_18_10],0.0
cons[火电机组最小停机时间约束1_18_11],0.0
cons[火电机组最小停机时间约束1_18_12],0.0
cons[火电机组最小停机时间约束1_18_13],0.0
cons[火电机组最小停机时间约束1_18_14],0.0
cons[火电机组最小停机时间约束1_18_15],0.0
cons[火电机组最小停机时间约束1_18_16],0.0
cons[火电机组最小停机时间约束1_18_17],0.0
cons[火电机组最小停机时间约束1_18_18],0.0
cons[火电机组最小停机时间约束1_18_19],0.0
cons[火电机组最小停机时间约束1_18_20],0.0
cons[火电机组最小停机时间约束1_18_21],0.0
cons[火电机组最小停机时间约束1_18_22],0.0
cons[火电机组最小停机时间约束1_18_23],0.0
cons[火电机组最小停机时间约束1_18_24],0.0
cons[火电机组最小停机时间约束1_18_25],0.0
cons[火电机组最小停机时间约束1_18_26],0.0
cons[火电机组最小停机时间约束1_18_27],0.0
cons[火电机组最小停机时间约束1_18_28],0.0
cons[火电机组最小停机时间约束1_18_29],0.0
cons[火电机组最小停机时间约束1_18_30],0.0
cons[火电机组最小停机时间约束1_18_31],0.0
cons[火电机组最小停机时间约束1_18_32],0.0
cons[火电机组最小停机时间约束1_18_33],0.0
cons[火电机组最小停机时间约束1_18_34],0.0
cons[火电机组最小停机时间约束1_18_35],0.0
cons[火电机组最小停机时间约束1_18_36],0.0
cons[火电机组最小停机时间约束1_18_37],0.0
cons[火电机组最小停机时间约束1_18_38],0.0
cons[火电机组最小停机时间约束1_18_39],0.0
cons[火电机组最小停机时间约束1_18_40],0.0
cons[火电机组最小停机时间约束1_18_41],0.0
cons[火电机组最小停机时间约束1_18_42],0.0
cons[火电机组最小停机时间约束1_18_43],0.0
cons[火电机组最小停机时间约束1_18_44],0.0
cons[火电机组最小停机时间约束1_18_45],0.0
cons[火电机组最小停机时间约束1_18_46],0.0
cons[火电机组最小停机时间约束1_18_47],0.0
cons[火电机组最小停机时间约束1_18_48],0.0
cons[火电机组最小停机时间约束1_18_49],0.0
cons[火电机组最小停机时间约束1_18_50],0.0
cons[火电机组最小停机时间约束1_18_51],0.0
cons[火电机组最小停机时间约束1_18_52],0.0
cons[火电机组最小停机时间约束1_18_53],0.0
cons[火电机组最小停机时间约束1_18_54],0.0
cons[火电机组最小停机时间约束1_18_55],0.0
cons[火电机组最小停机时间约束1_18_56],0.0
cons[火电机组最小停机时间约束1_18_57],0.0
cons[火电机组最小停机时间约束1_18_58],0.0
cons[火电机组最小停机时间约束1_18_59],0.0
cons[火电机组最小停机时间约束1_18_60],0.0
cons[火电机组最小停机时间约束1_18_61],0.0
cons[火电机组最小停机时间约束1_18_62],0.0
cons[火电机组最小停机时间约束1_18_63],0.0
cons[火电机组最小停机时间约束1_18_64],0.0
cons[火电机组最小停机时间约束1_18_65],0.0
cons[火电机组最小停机时间约束1_18_66],0.0
cons[火电机组最小停机时间约束1_18_67],0.0
cons[火电机组最小停机时间约束1_18_68],0.0
cons[火电机组最小停机时间约束1_18_69],0.0
cons[火电机组最小停机时间约束1_18_70],0.0
cons[火电机组最小停机时间约束1_18_71],0.0
cons[火电机组最小停机时间约束1_18_72],0.0
cons[火电机组最小停机时间约束1_18_73],0.0
cons[火电机组最小停机时间约束1_18_74],0.0
cons[火电机组最小停机时间约束1_18_75],0.0
cons[火电机组最小停机时间约束1_18_76],0.0
cons[火电机组最小停机时间约束1_18_77],0.0
cons[火电机组最小停机时间约束1_18_78],0.0
cons[火电机组最小停机时间约束1_18_79],0.0
cons[火电机组最小停机时间约束2_18_80],0.0
cons[火电机组最小停机时间约束2_18_81],0.0
cons[火电机组最小停机时间约束2_18_82],0.0
cons[火电机组最小停机时间约束2_18_83],0.0
cons[火电机组最小停机时间约束2_18_84],0.0
cons[火电机组最小停机时间约束2_18_85],0.0
cons[火电机组最小停机时间约束2_18_86],0.0
cons[火电机组最小停机时间约束2_18_87],0.0
cons[火电机组最小停机时间约束2_18_88],0.0
cons[火电机组最小停机时间约束2_18_89],0.0
cons[火电机组最小停机时间约束2_18_90],0.0
cons[火电机组最小停机时间约束2_18_91],0.0
cons[火电机组最小停机时间约束2_18_92],0.0
cons[火电机组最小停机时间约束2_18_93],0.0
cons[火电机组最小停机时间约束2_18_94],0.0
cons[火电机组最小停机时间约束2_18_95],0.0
cons[火电机组最小开机时间约束1_19_0],0.0
cons[火电机组最小开机时间约束1_19_1],0.0
cons[火电机组最小开机时间约束1_19_2],0.0
cons[火电机组最小开机时间约束1_19_3],0.0
cons[火电机组最小开机时间约束1_19_4],0.0
cons[火电机组最小开机时间约束1_19_5],0.0
cons[火电机组最小开机时间约束1_19_6],0.0
cons[火电机组最小开机时间约束1_19_7],0.0
cons[火电机组最小开机时间约束1_19_8],0.0
cons[火电机组最小开机时间约束1_19_9],0.0
cons[火电机组最小开机时间约束1_19_10],0.0
cons[火电机组最小开机时间约束1_19_11],0.0
cons[火电机组最小开机时间约束1_19_12],0.0
cons[火电机组最小开机时间约束1_19_13],0.0
cons[火电机组最小开机时间约束1_19_14],0.0
cons[火电机组最小开机时间约束1_19_15],0.0
cons[火电机组最小开机时间约束1_19_16],0.0
cons[火电机组最小开机时间约束1_19_17],0.0
cons[火电机组最小开机时间约束1_19_18],0.0
cons[火电机组最小开机时间约束1_19_19],0.0
cons[火电机组最小开机时间约束1_19_20],0.0
cons[火电机组最小开机时间约束1_19_21],0.0
cons[火电机组最小开机时间约束1_19_22],0.0
cons[火电机组最小开机时间约束1_19_23],0.0
cons[火电机组最小开机时间约束1_19_24],0.0
cons[火电机组最小开机时间约束1_19_25],0.0
cons[火电机组最小开机时间约束1_19_26],0.0
cons[火电机组最小开机时间约束1_19_27],0.0
cons[火电机组最小开机时间约束1_19_28],0.0
cons[火电机组最小开机时间约束1_19_29],0.0
cons[火电机组最小开机时间约束1_19_30],0.0
cons[火电机组最小开机时间约束1_19_31],0.0
cons[火电机组最小开机时间约束1_19_32],0.0
cons[火电机组最小开机时间约束1_19_33],0.0
cons[火电机组最小开机时间约束1_19_34],0.0
cons[火电机组最小开机时间约束1_19_35],0.0
cons[火电机组最小开机时间约束1_19_36],0.0
cons[火电机组最小开机时间约束1_19_37],0.0
cons[火电机组最小开机时间约束1_19_38],0.0
cons[火电机组最小开机时间约束1_19_39],0.0
cons[火电机组最小开机时间约束1_19_40],0.0
cons[火电机组最小开机时间约束1_19_41],0.0
cons[火电机组最小开机时间约束1_19_42],0.0
cons[火电机组最小开机时间约束1_19_43],0.0
cons[火电机组最小开机时间约束1_19_44],0.0
cons[火电机组最小开机时间约束1_19_45],0.0
cons[火电机组最小开机时间约束1_19_46],0.0
cons[火电机组最小开机时间约束1_19_47],0.0
cons[火电机组最小开机时间约束1_19_48],0.0
cons[火电机组最小开机时间约束1_19_49],0.0
cons[火电机组最小开机时间约束1_19_50],0.0
cons[火电机组最小开机时间约束1_19_51],0.0
cons[火电机组最小开机时间约束1_19_52],0.0
cons[火电机组最小开机时间约束1_19_53],0.0
cons[火电机组最小开机时间约束1_19_54],0.0
cons[火电机组最小开机时间约束1_19_55],0.0
cons[火电机组最小开机时间约束1_19_56],0.0
cons[火电机组最小开机时间约束1_19_57],0.0
cons[火电机组最小开机时间约束1_19_58],0.0
cons[火电机组最小开机时间约束1_19_59],0.0
cons[火电机组最小开机时间约束1_19_60],0.0
cons[火电机组最小开机时间约束1_19_61],0.0
cons[火电机组最小开机时间约束1_19_62],0.0
cons[火电机组最小开机时间约束1_19_63],0.0
cons[火电机组最小开机时间约束1_19_64],0.0
cons[火电机组最小开机时间约束1_19_65],0.0
cons[火电机组最小开机时间约束1_19_66],0.0
cons[火电机组最小开机时间约束1_19_67],0.0
cons[火电机组最小开机时间约束1_19_68],0.0
cons[火电机组最小开机时间约束1_19_69],0.0
cons[火电机组最小开机时间约束1_19_70],0.0
cons[火电机组最小开机时间约束1_19_71],0.0
cons[火电机组最小开机时间约束1_19_72],0.0
cons[火电机组最小开机时间约束1_19_73],0.0
cons[火电机组最小开机时间约束1_19_74],0.0
cons[火电机组最小开机时间约束1_19_75],0.0
cons[火电机组最小开机时间约束2_19_76],0.0
cons[火电机组最小开机时间约束2_19_77],0.0
cons[火电机组最小开机时间约束2_19_78],0.0
cons[火电机组最小开机时间约束2_19_79],0.0
cons[火电机组最小开机时间约束2_19_80],0.0
cons[火电机组最小开机时间约束2_19_81],0.0
cons[火电机组最小开机时间约束2_19_82],0.0
cons[火电机组最小开机时间约束2_19_83],0.0
cons[火电机组最小开机时间约束2_19_84],0.0
cons[火电机组最小开机时间约束2_19_85],0.0
cons[火电机组最小开机时间约束2_19_86],0.0
cons[火电机组最小开机时间约束2_19_87],0.0
cons[火电机组最小开机时间约束2_19_88],0.0
cons[火电机组最小开机时间约束2_19_89],0.0
cons[火电机组最小开机时间约束2_19_90],0.0
cons[火电机组最小开机时间约束2_19_91],0.0
cons[火电机组最小开机时间约束2_19_92],0.0
cons[火电机组最小开机时间约束2_19_93],0.0
cons[火电机组最小开机时间约束2_19_94],0.0
cons[火电机组最小开机时间约束2_19_95],0.0
cons[火电机组最小停机时间约束1_19_0],0.0
cons[火电机组最小停机时间约束1_19_1],0.0
cons[火电机组最小停机时间约束1_19_2],0.0
cons[火电机组最小停机时间约束1_19_3],0.0
cons[火电机组最小停机时间约束1_19_4],0.0
cons[火电机组最小停机时间约束1_19_5],0.0
cons[火电机组最小停机时间约束1_19_6],0.0
cons[火电机组最小停机时间约束1_19_7],0.0
cons[火电机组最小停机时间约束1_19_8],0.0
cons[火电机组最小停机时间约束1_19_9],0.0
cons[火电机组最小停机时间约束1_19_10],0.0
cons[火电机组最小停机时间约束1_19_11],0.0
cons[火电机组最小停机时间约束1_19_12],0.0
cons[火电机组最小停机时间约束1_19_13],0.0
cons[火电机组最小停机时间约束1_19_14],0.0
cons[火电机组最小停机时间约束1_19_15],0.0
cons[火电机组最小停机时间约束1_19_16],0.0
cons[火电机组最小停机时间约束1_19_17],0.0
cons[火电机组最小停机时间约束1_19_18],0.0
cons[火电机组最小停机时间约束1_19_19],0.0
cons[火电机组最小停机时间约束1_19_20],0.0
cons[火电机组最小停机时间约束1_19_21],0.0
cons[火电机组最小停机时间约束1_19_22],0.0
cons[火电机组最小停机时间约束1_19_23],0.0
cons[火电机组最小停机时间约束1_19_24],0.0
cons[火电机组最小停机时间约束1_19_25],0.0
cons[火电机组最小停机时间约束1_19_26],0.0
cons[火电机组最小停机时间约束1_19_27],0.0
cons[火电机组最小停机时间约束1_19_28],0.0
cons[火电机组最小停机时间约束1_19_29],0.0
cons[火电机组最小停机时间约束1_19_30],0.0
cons[火电机组最小停机时间约束1_19_31],0.0
cons[火电机组最小停机时间约束1_19_32],0.0
cons[火电机组最小停机时间约束1_19_33],0.0
cons[火电机组最小停机时间约束1_19_34],0.0
cons[火电机组最小停机时间约束1_19_35],0.0
cons[火电机组最小停机时间约束1_19_36],0.0
cons[火电机组最小停机时间约束1_19_37],0.0
cons[火电机组最小停机时间约束1_19_38],0.0
cons[火电机组最小停机时间约束1_19_39],0.0
cons[火电机组最小停机时间约束1_19_40],0.0
cons[火电机组最小停机时间约束1_19_41],0.0
cons[火电机组最小停机时间约束1_19_42],0.0
cons[火电机组最小停机时间约束1_19_43],0.0
cons[火电机组最小停机时间约束1_19_44],0.0
cons[火电机组最小停机时间约束1_19_45],0.0
cons[火电机组最小停机时间约束1_19_46],0.0
cons[火电机组最小停机时间约束1_19_47],0.0
cons[火电机组最小停机时间约束1_19_48],0.0
cons[火电机组最小停机时间约束1_19_49],0.0
cons[火电机组最小停机时间约束1_19_50],0.0
cons[火电机组最小停机时间约束1_19_51],0.0
cons[火电机组最小停机时间约束1_19_52],0.0
cons[火电机组最小停机时间约束1_19_53],0.0
cons[火电机组最小停机时间约束1_19_54],0.0
cons[火电机组最小停机时间约束1_19_55],0.0
cons[火电机组最小停机时间约束1_19_56],0.0
cons[火电机组最小停机时间约束1_19_57],0.0
cons[火电机组最小停机时间约束1_19_58],0.0
cons[火电机组最小停机时间约束1_19_59],0.0
cons[火电机组最小停机时间约束1_19_60],0.0
cons[火电机组最小停机时间约束1_19_61],0.0
cons[火电机组最小停机时间约束1_19_62],0.0
cons[火电机组最小停机时间约束1_19_63],0.0
cons[火电机组最小停机时间约束1_19_64],0.0
cons[火电机组最小停机时间约束1_19_65],0.0
cons[火电机组最小停机时间约束1_19_66],0.0
cons[火电机组最小停机时间约束1_19_67],0.0
cons[火电机组最小停机时间约束1_19_68],0.0
cons[火电机组最小停机时间约束1_19_69],0.0
cons[火电机组最小停机时间约束1_19_70],0.0
cons[火电机组最小停机时间约束1_19_71],0.0
cons[火电机组最小停机时间约束1_19_72],0.0
cons[火电机组最小停机时间约束1_19_73],0.0
cons[火电机组最小停机时间约束1_19_74],0.0
cons[火电机组最小停机时间约束1_19_75],0.0
cons[火电机组最小停机时间约束1_19_76],0.0
cons[火电机组最小停机时间约束1_19_77],0.0
cons[火电机组最小停机时间约束1_19_78],0.0
cons[火电机组最小停机时间约束1_19_79],0.0
cons[火电机组最小停机时间约束2_19_80],0.0
cons[火电机组最小停机时间约束2_19_81],0.0
cons[火电机组最小停机时间约束2_19_82],0.0
cons[火电机组最小停机时间约束2_19_83],0.0
cons[火电机组最小停机时间约束2_19_84],0.0
cons[火电机组最小停机时间约束2_19_85],0.0
cons[火电机组最小停机时间约束2_19_86],0.0
cons[火电机组最小停机时间约束2_19_87],0.0
cons[火电机组最小停机时间约束2_19_88],0.0
cons[火电机组最小停机时间约束2_19_89],0.0
cons[火电机组最小停机时间约束2_19_90],0.0
cons[火电机组最小停机时间约束2_19_91],0.0
cons[火电机组最小停机时间约束2_19_92],0.0
cons[火电机组最小停机时间约束2_19_93],0.0
cons[火电机组最小停机时间约束2_19_94],0.0
cons[火电机组最小停机时间约束2_19_95],0.0
cons[火电机组最小开机时间约束1_20_0],0.0
cons[火电机组最小开机时间约束1_20_1],0.0
cons[火电机组最小开机时间约束1_20_2],0.0
cons[火电机组最小开机时间约束1_20_3],0.0
cons[火电机组最小开机时间约束1_20_4],0.0
cons[火电机组最小开机时间约束1_20_5],0.0
cons[火电机组最小开机时间约束1_20_6],0.0
cons[火电机组最小开机时间约束1_20_7],0.0
cons[火电机组最小开机时间约束1_20_8],0.0
cons[火电机组最小开机时间约束1_20_9],0.0
cons[火电机组最小开机时间约束1_20_10],0.0
cons[火电机组最小开机时间约束1_20_11],0.0
cons[火电机组最小开机时间约束1_20_12],0.0
cons[火电机组最小开机时间约束1_20_13],0.0
cons[火电机组最小开机时间约束1_20_14],0.0
cons[火电机组最小开机时间约束1_20_15],0.0
cons[火电机组最小开机时间约束1_20_16],0.0
cons[火电机组最小开机时间约束1_20_17],0.0
cons[火电机组最小开机时间约束1_20_18],0.0
cons[火电机组最小开机时间约束1_20_19],0.0
cons[火电机组最小开机时间约束1_20_20],0.0
cons[火电机组最小开机时间约束1_20_21],0.0
cons[火电机组最小开机时间约束1_20_22],0.0
cons[火电机组最小开机时间约束1_20_23],0.0
cons[火电机组最小开机时间约束1_20_24],0.0
cons[火电机组最小开机时间约束1_20_25],0.0
cons[火电机组最小开机时间约束1_20_26],0.0
cons[火电机组最小开机时间约束1_20_27],0.0
cons[火电机组最小开机时间约束1_20_28],0.0
cons[火电机组最小开机时间约束1_20_29],0.0
cons[火电机组最小开机时间约束1_20_30],0.0
cons[火电机组最小开机时间约束1_20_31],0.0
cons[火电机组最小开机时间约束1_20_32],0.0
cons[火电机组最小开机时间约束1_20_33],0.0
cons[火电机组最小开机时间约束1_20_34],0.0
cons[火电机组最小开机时间约束1_20_35],0.0
cons[火电机组最小开机时间约束1_20_36],0.0
cons[火电机组最小开机时间约束1_20_37],0.0
cons[火电机组最小开机时间约束1_20_38],0.0
cons[火电机组最小开机时间约束1_20_39],0.0
cons[火电机组最小开机时间约束1_20_40],0.0
cons[火电机组最小开机时间约束1_20_41],0.0
cons[火电机组最小开机时间约束1_20_42],0.0
cons[火电机组最小开机时间约束1_20_43],0.0
cons[火电机组最小开机时间约束1_20_44],0.0
cons[火电机组最小开机时间约束1_20_45],0.0
cons[火电机组最小开机时间约束1_20_46],0.0
cons[火电机组最小开机时间约束1_20_47],0.0
cons[火电机组最小开机时间约束1_20_48],0.0
cons[火电机组最小开机时间约束1_20_49],0.0
cons[火电机组最小开机时间约束1_20_50],0.0
cons[火电机组最小开机时间约束1_20_51],0.0
cons[火电机组最小开机时间约束1_20_52],0.0
cons[火电机组最小开机时间约束1_20_53],0.0
cons[火电机组最小开机时间约束1_20_54],0.0
cons[火电机组最小开机时间约束1_20_55],0.0
cons[火电机组最小开机时间约束1_20_56],0.0
cons[火电机组最小开机时间约束1_20_57],0.0
cons[火电机组最小开机时间约束1_20_58],0.0
cons[火电机组最小开机时间约束1_20_59],0.0
cons[火电机组最小开机时间约束1_20_60],0.0
cons[火电机组最小开机时间约束1_20_61],0.0
cons[火电机组最小开机时间约束1_20_62],0.0
cons[火电机组最小开机时间约束1_20_63],0.0
cons[火电机组最小开机时间约束1_20_64],0.0
cons[火电机组最小开机时间约束1_20_65],0.0
cons[火电机组最小开机时间约束1_20_66],0.0
cons[火电机组最小开机时间约束1_20_67],0.0
cons[火电机组最小开机时间约束1_20_68],0.0
cons[火电机组最小开机时间约束1_20_69],0.0
cons[火电机组最小开机时间约束1_20_70],0.0
cons[火电机组最小开机时间约束1_20_71],0.0
cons[火电机组最小开机时间约束1_20_72],0.0
cons[火电机组最小开机时间约束1_20_73],0.0
cons[火电机组最小开机时间约束1_20_74],0.0
cons[火电机组最小开机时间约束1_20_75],0.0
cons[火电机组最小开机时间约束2_20_76],0.0
cons[火电机组最小开机时间约束2_20_77],0.0
cons[火电机组最小开机时间约束2_20_78],0.0
cons[火电机组最小开机时间约束2_20_79],0.0
cons[火电机组最小开机时间约束2_20_80],0.0
cons[火电机组最小开机时间约束2_20_81],0.0
cons[火电机组最小开机时间约束2_20_82],0.0
cons[火电机组最小开机时间约束2_20_83],0.0
cons[火电机组最小开机时间约束2_20_84],0.0
cons[火电机组最小开机时间约束2_20_85],0.0
cons[火电机组最小开机时间约束2_20_86],0.0
cons[火电机组最小开机时间约束2_20_87],0.0
cons[火电机组最小开机时间约束2_20_88],0.0
cons[火电机组最小开机时间约束2_20_89],0.0
cons[火电机组最小开机时间约束2_20_90],0.0
cons[火电机组最小开机时间约束2_20_91],0.0
cons[火电机组最小开机时间约束2_20_92],0.0
cons[火电机组最小开机时间约束2_20_93],0.0
cons[火电机组最小开机时间约束2_20_94],0.0
cons[火电机组最小开机时间约束2_20_95],0.0
cons[火电机组最小停机时间约束1_20_0],0.0
cons[火电机组最小停机时间约束1_20_1],0.0
cons[火电机组最小停机时间约束1_20_2],0.0
cons[火电机组最小停机时间约束1_20_3],0.0
cons[火电机组最小停机时间约束1_20_4],0.0
cons[火电机组最小停机时间约束1_20_5],0.0
cons[火电机组最小停机时间约束1_20_6],0.0
cons[火电机组最小停机时间约束1_20_7],0.0
cons[火电机组最小停机时间约束1_20_8],0.0
cons[火电机组最小停机时间约束1_20_9],0.0
cons[火电机组最小停机时间约束1_20_10],0.0
cons[火电机组最小停机时间约束1_20_11],0.0
cons[火电机组最小停机时间约束1_20_12],0.0
cons[火电机组最小停机时间约束1_20_13],0.0
cons[火电机组最小停机时间约束1_20_14],0.0
cons[火电机组最小停机时间约束1_20_15],0.0
cons[火电机组最小停机时间约束1_20_16],0.0
cons[火电机组最小停机时间约束1_20_17],0.0
cons[火电机组最小停机时间约束1_20_18],0.0
cons[火电机组最小停机时间约束1_20_19],0.0
cons[火电机组最小停机时间约束1_20_20],0.0
cons[火电机组最小停机时间约束1_20_21],0.0
cons[火电机组最小停机时间约束1_20_22],0.0
cons[火电机组最小停机时间约束1_20_23],0.0
cons[火电机组最小停机时间约束1_20_24],0.0
cons[火电机组最小停机时间约束1_20_25],0.0
cons[火电机组最小停机时间约束1_20_26],0.0
cons[火电机组最小停机时间约束1_20_27],0.0
cons[火电机组最小停机时间约束1_20_28],0.0
cons[火电机组最小停机时间约束1_20_29],0.0
cons[火电机组最小停机时间约束1_20_30],0.0
cons[火电机组最小停机时间约束1_20_31],0.0
cons[火电机组最小停机时间约束1_20_32],0.0
cons[火电机组最小停机时间约束1_20_33],0.0
cons[火电机组最小停机时间约束1_20_34],0.0
cons[火电机组最小停机时间约束1_20_35],0.0
cons[火电机组最小停机时间约束1_20_36],0.0
cons[火电机组最小停机时间约束1_20_37],0.0
cons[火电机组最小停机时间约束1_20_38],0.0
cons[火电机组最小停机时间约束1_20_39],0.0
cons[火电机组最小停机时间约束1_20_40],0.0
cons[火电机组最小停机时间约束1_20_41],0.0
cons[火电机组最小停机时间约束1_20_42],0.0
cons[火电机组最小停机时间约束1_20_43],0.0
cons[火电机组最小停机时间约束1_20_44],0.0
cons[火电机组最小停机时间约束1_20_45],0.0
cons[火电机组最小停机时间约束1_20_46],0.0
cons[火电机组最小停机时间约束1_20_47],0.0
cons[火电机组最小停机时间约束1_20_48],0.0
cons[火电机组最小停机时间约束1_20_49],0.0
cons[火电机组最小停机时间约束1_20_50],0.0
cons[火电机组最小停机时间约束1_20_51],0.0
cons[火电机组最小停机时间约束1_20_52],0.0
cons[火电机组最小停机时间约束1_20_53],0.0
cons[火电机组最小停机时间约束1_20_54],0.0
cons[火电机组最小停机时间约束1_20_55],0.0
cons[火电机组最小停机时间约束1_20_56],0.0
cons[火电机组最小停机时间约束1_20_57],0.0
cons[火电机组最小停机时间约束1_20_58],0.0
cons[火电机组最小停机时间约束1_20_59],0.0
cons[火电机组最小停机时间约束1_20_60],0.0
cons[火电机组最小停机时间约束1_20_61],0.0
cons[火电机组最小停机时间约束1_20_62],0.0
cons[火电机组最小停机时间约束1_20_63],0.0
cons[火电机组最小停机时间约束1_20_64],0.0
cons[火电机组最小停机时间约束1_20_65],0.0
cons[火电机组最小停机时间约束1_20_66],0.0
cons[火电机组最小停机时间约束1_20_67],0.0
cons[火电机组最小停机时间约束1_20_68],0.0
cons[火电机组最小停机时间约束1_20_69],0.0
cons[火电机组最小停机时间约束1_20_70],0.0
cons[火电机组最小停机时间约束1_20_71],0.0
cons[火电机组最小停机时间约束1_20_72],0.0
cons[火电机组最小停机时间约束1_20_73],0.0
cons[火电机组最小停机时间约束1_20_74],0.0
cons[火电机组最小停机时间约束1_20_75],0.0
cons[火电机组最小停机时间约束1_20_76],0.0
cons[火电机组最小停机时间约束1_20_77],0.0
cons[火电机组最小停机时间约束1_20_78],0.0
cons[火电机组最小停机时间约束1_20_79],0.0
cons[火电机组最小停机时间约束2_20_80],0.0
cons[火电机组最小停机时间约束2_20_81],0.0
cons[火电机组最小停机时间约束2_20_82],0.0
cons[火电机组最小停机时间约束2_20_83],0.0
cons[火电机组最小停机时间约束2_20_84],0.0
cons[火电机组最小停机时间约束2_20_85],0.0
cons[火电机组最小停机时间约束2_20_86],0.0
cons[火电机组最小停机时间约束2_20_87],0.0
cons[火电机组最小停机时间约束2_20_88],0.0
cons[火电机组最小停机时间约束2_20_89],0.0
cons[火电机组最小停机时间约束2_20_90],0.0
cons[火电机组最小停机时间约束2_20_91],0.0
cons[火电机组最小停机时间约束2_20_92],0.0
cons[火电机组最小停机时间约束2_20_93],0.0
cons[火电机组最小停机时间约束2_20_94],0.0
cons[火电机组最小停机时间约束2_20_95],0.0
cons[火电机组最小开机时间约束1_21_0],0.0
cons[火电机组最小开机时间约束1_21_1],0.0
cons[火电机组最小开机时间约束1_21_2],0.0
cons[火电机组最小开机时间约束1_21_3],0.0
cons[火电机组最小开机时间约束1_21_4],0.0
cons[火电机组最小开机时间约束1_21_5],0.0
cons[火电机组最小开机时间约束1_21_6],0.0
cons[火电机组最小开机时间约束1_21_7],0.0
cons[火电机组最小开机时间约束1_21_8],0.0
cons[火电机组最小开机时间约束1_21_9],0.0
cons[火电机组最小开机时间约束1_21_10],0.0
cons[火电机组最小开机时间约束1_21_11],0.0
cons[火电机组最小开机时间约束1_21_12],0.0
cons[火电机组最小开机时间约束1_21_13],0.0
cons[火电机组最小开机时间约束1_21_14],0.0
cons[火电机组最小开机时间约束1_21_15],0.0
cons[火电机组最小开机时间约束1_21_16],0.0
cons[火电机组最小开机时间约束1_21_17],0.0
cons[火电机组最小开机时间约束1_21_18],0.0
cons[火电机组最小开机时间约束1_21_19],0.0
cons[火电机组最小开机时间约束1_21_20],0.0
cons[火电机组最小开机时间约束1_21_21],0.0
cons[火电机组最小开机时间约束1_21_22],0.0
cons[火电机组最小开机时间约束1_21_23],0.0
cons[火电机组最小开机时间约束1_21_24],0.0
cons[火电机组最小开机时间约束1_21_25],0.0
cons[火电机组最小开机时间约束1_21_26],0.0
cons[火电机组最小开机时间约束1_21_27],0.0
cons[火电机组最小开机时间约束1_21_28],0.0
cons[火电机组最小开机时间约束1_21_29],0.0
cons[火电机组最小开机时间约束1_21_30],0.0
cons[火电机组最小开机时间约束1_21_31],0.0
cons[火电机组最小开机时间约束1_21_32],0.0
cons[火电机组最小开机时间约束1_21_33],0.0
cons[火电机组最小开机时间约束1_21_34],0.0
cons[火电机组最小开机时间约束1_21_35],0.0
cons[火电机组最小开机时间约束1_21_36],0.0
cons[火电机组最小开机时间约束1_21_37],0.0
cons[火电机组最小开机时间约束1_21_38],0.0
cons[火电机组最小开机时间约束1_21_39],0.0
cons[火电机组最小开机时间约束1_21_40],0.0
cons[火电机组最小开机时间约束1_21_41],0.0
cons[火电机组最小开机时间约束1_21_42],0.0
cons[火电机组最小开机时间约束1_21_43],0.0
cons[火电机组最小开机时间约束1_21_44],0.0
cons[火电机组最小开机时间约束1_21_45],0.0
cons[火电机组最小开机时间约束1_21_46],0.0
cons[火电机组最小开机时间约束1_21_47],0.0
cons[火电机组最小开机时间约束1_21_48],0.0
cons[火电机组最小开机时间约束1_21_49],0.0
cons[火电机组最小开机时间约束1_21_50],0.0
cons[火电机组最小开机时间约束1_21_51],0.0
cons[火电机组最小开机时间约束1_21_52],0.0
cons[火电机组最小开机时间约束1_21_53],0.0
cons[火电机组最小开机时间约束1_21_54],0.0
cons[火电机组最小开机时间约束1_21_55],0.0
cons[火电机组最小开机时间约束1_21_56],0.0
cons[火电机组最小开机时间约束1_21_57],0.0
cons[火电机组最小开机时间约束1_21_58],0.0
cons[火电机组最小开机时间约束1_21_59],0.0
cons[火电机组最小开机时间约束1_21_60],0.0
cons[火电机组最小开机时间约束1_21_61],0.0
cons[火电机组最小开机时间约束1_21_62],0.0
cons[火电机组最小开机时间约束1_21_63],0.0
cons[火电机组最小开机时间约束1_21_64],0.0
cons[火电机组最小开机时间约束1_21_65],0.0
cons[火电机组最小开机时间约束1_21_66],0.0
cons[火电机组最小开机时间约束1_21_67],0.0
cons[火电机组最小开机时间约束1_21_68],0.0
cons[火电机组最小开机时间约束1_21_69],0.0
cons[火电机组最小开机时间约束1_21_70],0.0
cons[火电机组最小开机时间约束1_21_71],0.0
cons[火电机组最小开机时间约束1_21_72],0.0
cons[火电机组最小开机时间约束1_21_73],0.0
cons[火电机组最小开机时间约束1_21_74],0.0
cons[火电机组最小开机时间约束1_21_75],0.0
cons[火电机组最小开机时间约束2_21_76],0.0
cons[火电机组最小开机时间约束2_21_77],0.0
cons[火电机组最小开机时间约束2_21_78],0.0
cons[火电机组最小开机时间约束2_21_79],0.0
cons[火电机组最小开机时间约束2_21_80],0.0
cons[火电机组最小开机时间约束2_21_81],0.0
cons[火电机组最小开机时间约束2_21_82],0.0
cons[火电机组最小开机时间约束2_21_83],0.0
cons[火电机组最小开机时间约束2_21_84],0.0
cons[火电机组最小开机时间约束2_21_85],0.0
cons[火电机组最小开机时间约束2_21_86],0.0
cons[火电机组最小开机时间约束2_21_87],0.0
cons[火电机组最小开机时间约束2_21_88],0.0
cons[火电机组最小开机时间约束2_21_89],0.0
cons[火电机组最小开机时间约束2_21_90],0.0
cons[火电机组最小开机时间约束2_21_91],0.0
cons[火电机组最小开机时间约束2_21_92],0.0
cons[火电机组最小开机时间约束2_21_93],0.0
cons[火电机组最小开机时间约束2_21_94],0.0
cons[火电机组最小开机时间约束2_21_95],0.0
cons[火电机组最小停机时间约束1_21_0],0.0
cons[火电机组最小停机时间约束1_21_1],0.0
cons[火电机组最小停机时间约束1_21_2],0.0
cons[火电机组最小停机时间约束1_21_3],0.0
cons[火电机组最小停机时间约束1_21_4],0.0
cons[火电机组最小停机时间约束1_21_5],0.0
cons[火电机组最小停机时间约束1_21_6],0.0
cons[火电机组最小停机时间约束1_21_7],0.0
cons[火电机组最小停机时间约束1_21_8],0.0
cons[火电机组最小停机时间约束1_21_9],0.0
cons[火电机组最小停机时间约束1_21_10],0.0
cons[火电机组最小停机时间约束1_21_11],0.0
cons[火电机组最小停机时间约束1_21_12],0.0
cons[火电机组最小停机时间约束1_21_13],0.0
cons[火电机组最小停机时间约束1_21_14],0.0
cons[火电机组最小停机时间约束1_21_15],0.0
cons[火电机组最小停机时间约束1_21_16],0.0
cons[火电机组最小停机时间约束1_21_17],0.0
cons[火电机组最小停机时间约束1_21_18],0.0
cons[火电机组最小停机时间约束1_21_19],0.0
cons[火电机组最小停机时间约束1_21_20],0.0
cons[火电机组最小停机时间约束1_21_21],0.0
cons[火电机组最小停机时间约束1_21_22],0.0
cons[火电机组最小停机时间约束1_21_23],0.0
cons[火电机组最小停机时间约束1_21_24],0.0
cons[火电机组最小停机时间约束1_21_25],0.0
cons[火电机组最小停机时间约束1_21_26],0.0
cons[火电机组最小停机时间约束1_21_27],0.0
cons[火电机组最小停机时间约束1_21_28],0.0
cons[火电机组最小停机时间约束1_21_29],0.0
cons[火电机组最小停机时间约束1_21_30],0.0
cons[火电机组最小停机时间约束1_21_31],0.0
cons[火电机组最小停机时间约束1_21_32],0.0
cons[火电机组最小停机时间约束1_21_33],0.0
cons[火电机组最小停机时间约束1_21_34],0.0
cons[火电机组最小停机时间约束1_21_35],0.0
cons[火电机组最小停机时间约束1_21_36],0.0
cons[火电机组最小停机时间约束1_21_37],0.0
cons[火电机组最小停机时间约束1_21_38],0.0
cons[火电机组最小停机时间约束1_21_39],0.0
cons[火电机组最小停机时间约束1_21_40],0.0
cons[火电机组最小停机时间约束1_21_41],0.0
cons[火电机组最小停机时间约束1_21_42],0.0
cons[火电机组最小停机时间约束1_21_43],0.0
cons[火电机组最小停机时间约束1_21_44],0.0
cons[火电机组最小停机时间约束1_21_45],0.0
cons[火电机组最小停机时间约束1_21_46],0.0
cons[火电机组最小停机时间约束1_21_47],0.0
cons[火电机组最小停机时间约束1_21_48],0.0
cons[火电机组最小停机时间约束1_21_49],0.0
cons[火电机组最小停机时间约束1_21_50],0.0
cons[火电机组最小停机时间约束1_21_51],0.0
cons[火电机组最小停机时间约束1_21_52],0.0
cons[火电机组最小停机时间约束1_21_53],0.0
cons[火电机组最小停机时间约束1_21_54],0.0
cons[火电机组最小停机时间约束1_21_55],0.0
cons[火电机组最小停机时间约束1_21_56],0.0
cons[火电机组最小停机时间约束1_21_57],0.0
cons[火电机组最小停机时间约束1_21_58],0.0
cons[火电机组最小停机时间约束1_21_59],0.0
cons[火电机组最小停机时间约束1_21_60],0.0
cons[火电机组最小停机时间约束1_21_61],0.0
cons[火电机组最小停机时间约束1_21_62],0.0
cons[火电机组最小停机时间约束1_21_63],0.0
cons[火电机组最小停机时间约束1_21_64],0.0
cons[火电机组最小停机时间约束1_21_65],0.0
cons[火电机组最小停机时间约束1_21_66],0.0
cons[火电机组最小停机时间约束1_21_67],0.0
cons[火电机组最小停机时间约束1_21_68],0.0
cons[火电机组最小停机时间约束1_21_69],0.0
cons[火电机组最小停机时间约束1_21_70],0.0
cons[火电机组最小停机时间约束1_21_71],0.0
cons[火电机组最小停机时间约束1_21_72],0.0
cons[火电机组最小停机时间约束1_21_73],0.0
cons[火电机组最小停机时间约束1_21_74],0.0
cons[火电机组最小停机时间约束1_21_75],0.0
cons[火电机组最小停机时间约束1_21_76],0.0
cons[火电机组最小停机时间约束1_21_77],0.0
cons[火电机组最小停机时间约束1_21_78],0.0
cons[火电机组最小停机时间约束1_21_79],0.0
cons[火电机组最小停机时间约束2_21_80],0.0
cons[火电机组最小停机时间约束2_21_81],0.0
cons[火电机组最小停机时间约束2_21_82],0.0
cons[火电机组最小停机时间约束2_21_83],0.0
cons[火电机组最小停机时间约束2_21_84],0.0
cons[火电机组最小停机时间约束2_21_85],0.0
cons[火电机组最小停机时间约束2_21_86],0.0
cons[火电机组最小停机时间约束2_21_87],0.0
cons[火电机组最小停机时间约束2_21_88],0.0
cons[火电机组最小停机时间约束2_21_89],0.0
cons[火电机组最小停机时间约束2_21_90],0.0
cons[火电机组最小停机时间约束2_21_91],0.0
cons[火电机组最小停机时间约束2_21_92],0.0
cons[火电机组最小停机时间约束2_21_93],0.0
cons[火电机组最小停机时间约束2_21_94],0.0
cons[火电机组最小停机时间约束2_21_95],0.0
cons[火电机组最小开机时间约束1_22_0],0.0
cons[火电机组最小开机时间约束1_22_1],0.0
cons[火电机组最小开机时间约束1_22_2],0.0
cons[火电机组最小开机时间约束1_22_3],0.0
cons[火电机组最小开机时间约束1_22_4],0.0
cons[火电机组最小开机时间约束1_22_5],0.0
cons[火电机组最小开机时间约束1_22_6],0.0
cons[火电机组最小开机时间约束1_22_7],0.0
cons[火电机组最小开机时间约束1_22_8],0.0
cons[火电机组最小开机时间约束1_22_9],0.0
cons[火电机组最小开机时间约束1_22_10],0.0
cons[火电机组最小开机时间约束1_22_11],0.0
cons[火电机组最小开机时间约束1_22_12],0.0
cons[火电机组最小开机时间约束1_22_13],0.0
cons[火电机组最小开机时间约束1_22_14],0.0
cons[火电机组最小开机时间约束1_22_15],0.0
cons[火电机组最小开机时间约束1_22_16],0.0
cons[火电机组最小开机时间约束1_22_17],0.0
cons[火电机组最小开机时间约束1_22_18],0.0
cons[火电机组最小开机时间约束1_22_19],0.0
cons[火电机组最小开机时间约束1_22_20],0.0
cons[火电机组最小开机时间约束1_22_21],0.0
cons[火电机组最小开机时间约束1_22_22],0.0
cons[火电机组最小开机时间约束1_22_23],0.0
cons[火电机组最小开机时间约束1_22_24],0.0
cons[火电机组最小开机时间约束1_22_25],0.0
cons[火电机组最小开机时间约束1_22_26],0.0
cons[火电机组最小开机时间约束1_22_27],0.0
cons[火电机组最小开机时间约束1_22_28],0.0
cons[火电机组最小开机时间约束1_22_29],0.0
cons[火电机组最小开机时间约束1_22_30],0.0
cons[火电机组最小开机时间约束1_22_31],0.0
cons[火电机组最小开机时间约束1_22_32],0.0
cons[火电机组最小开机时间约束1_22_33],0.0
cons[火电机组最小开机时间约束1_22_34],0.0
cons[火电机组最小开机时间约束1_22_35],0.0
cons[火电机组最小开机时间约束1_22_36],0.0
cons[火电机组最小开机时间约束1_22_37],0.0
cons[火电机组最小开机时间约束1_22_38],0.0
cons[火电机组最小开机时间约束1_22_39],0.0
cons[火电机组最小开机时间约束1_22_40],0.0
cons[火电机组最小开机时间约束1_22_41],0.0
cons[火电机组最小开机时间约束1_22_42],0.0
cons[火电机组最小开机时间约束1_22_43],0.0
cons[火电机组最小开机时间约束1_22_44],0.0
cons[火电机组最小开机时间约束1_22_45],0.0
cons[火电机组最小开机时间约束1_22_46],0.0
cons[火电机组最小开机时间约束1_22_47],0.0
cons[火电机组最小开机时间约束1_22_48],0.0
cons[火电机组最小开机时间约束1_22_49],0.0
cons[火电机组最小开机时间约束1_22_50],0.0
cons[火电机组最小开机时间约束1_22_51],0.0
cons[火电机组最小开机时间约束1_22_52],0.0
cons[火电机组最小开机时间约束1_22_53],0.0
cons[火电机组最小开机时间约束1_22_54],0.0
cons[火电机组最小开机时间约束1_22_55],0.0
cons[火电机组最小开机时间约束1_22_56],0.0
cons[火电机组最小开机时间约束1_22_57],0.0
cons[火电机组最小开机时间约束1_22_58],0.0
cons[火电机组最小开机时间约束1_22_59],0.0
cons[火电机组最小开机时间约束1_22_60],0.0
cons[火电机组最小开机时间约束1_22_61],0.0
cons[火电机组最小开机时间约束1_22_62],0.0
cons[火电机组最小开机时间约束1_22_63],0.0
cons[火电机组最小开机时间约束1_22_64],0.0
cons[火电机组最小开机时间约束1_22_65],0.0
cons[火电机组最小开机时间约束1_22_66],0.0
cons[火电机组最小开机时间约束1_22_67],0.0
cons[火电机组最小开机时间约束1_22_68],0.0
cons[火电机组最小开机时间约束1_22_69],0.0
cons[火电机组最小开机时间约束1_22_70],0.0
cons[火电机组最小开机时间约束1_22_71],0.0
cons[火电机组最小开机时间约束1_22_72],0.0
cons[火电机组最小开机时间约束1_22_73],0.0
cons[火电机组最小开机时间约束1_22_74],0.0
cons[火电机组最小开机时间约束1_22_75],0.0
cons[火电机组最小开机时间约束2_22_76],0.0
cons[火电机组最小开机时间约束2_22_77],0.0
cons[火电机组最小开机时间约束2_22_78],0.0
cons[火电机组最小开机时间约束2_22_79],0.0
cons[火电机组最小开机时间约束2_22_80],0.0
cons[火电机组最小开机时间约束2_22_81],0.0
cons[火电机组最小开机时间约束2_22_82],0.0
cons[火电机组最小开机时间约束2_22_83],0.0
cons[火电机组最小开机时间约束2_22_84],0.0
cons[火电机组最小开机时间约束2_22_85],0.0
cons[火电机组最小开机时间约束2_22_86],0.0
cons[火电机组最小开机时间约束2_22_87],0.0
cons[火电机组最小开机时间约束2_22_88],0.0
cons[火电机组最小开机时间约束2_22_89],0.0
cons[火电机组最小开机时间约束2_22_90],0.0
cons[火电机组最小开机时间约束2_22_91],0.0
cons[火电机组最小开机时间约束2_22_92],0.0
cons[火电机组最小开机时间约束2_22_93],0.0
cons[火电机组最小开机时间约束2_22_94],0.0
cons[火电机组最小开机时间约束2_22_95],0.0
cons[火电机组最小停机时间约束1_22_0],0.0
cons[火电机组最小停机时间约束1_22_1],0.0
cons[火电机组最小停机时间约束1_22_2],0.0
cons[火电机组最小停机时间约束1_22_3],0.0
cons[火电机组最小停机时间约束1_22_4],0.0
cons[火电机组最小停机时间约束1_22_5],0.0
cons[火电机组最小停机时间约束1_22_6],0.0
cons[火电机组最小停机时间约束1_22_7],0.0
cons[火电机组最小停机时间约束1_22_8],0.0
cons[火电机组最小停机时间约束1_22_9],0.0
cons[火电机组最小停机时间约束1_22_10],0.0
cons[火电机组最小停机时间约束1_22_11],0.0
cons[火电机组最小停机时间约束1_22_12],0.0
cons[火电机组最小停机时间约束1_22_13],0.0
cons[火电机组最小停机时间约束1_22_14],0.0
cons[火电机组最小停机时间约束1_22_15],0.0
cons[火电机组最小停机时间约束1_22_16],0.0
cons[火电机组最小停机时间约束1_22_17],0.0
cons[火电机组最小停机时间约束1_22_18],0.0
cons[火电机组最小停机时间约束1_22_19],0.0
cons[火电机组最小停机时间约束1_22_20],0.0
cons[火电机组最小停机时间约束1_22_21],0.0
cons[火电机组最小停机时间约束1_22_22],0.0
cons[火电机组最小停机时间约束1_22_23],0.0
cons[火电机组最小停机时间约束1_22_24],0.0
cons[火电机组最小停机时间约束1_22_25],0.0
cons[火电机组最小停机时间约束1_22_26],0.0
cons[火电机组最小停机时间约束1_22_27],0.0
cons[火电机组最小停机时间约束1_22_28],0.0
cons[火电机组最小停机时间约束1_22_29],0.0
cons[火电机组最小停机时间约束1_22_30],0.0
cons[火电机组最小停机时间约束1_22_31],0.0
cons[火电机组最小停机时间约束1_22_32],0.0
cons[火电机组最小停机时间约束1_22_33],0.0
cons[火电机组最小停机时间约束1_22_34],0.0
cons[火电机组最小停机时间约束1_22_35],0.0
cons[火电机组最小停机时间约束1_22_36],0.0
cons[火电机组最小停机时间约束1_22_37],0.0
cons[火电机组最小停机时间约束1_22_38],0.0
cons[火电机组最小停机时间约束1_22_39],0.0
cons[火电机组最小停机时间约束1_22_40],0.0
cons[火电机组最小停机时间约束1_22_41],0.0
cons[火电机组最小停机时间约束1_22_42],0.0
cons[火电机组最小停机时间约束1_22_43],0.0
cons[火电机组最小停机时间约束1_22_44],0.0
cons[火电机组最小停机时间约束1_22_45],0.0
cons[火电机组最小停机时间约束1_22_46],0.0
cons[火电机组最小停机时间约束1_22_47],0.0
cons[火电机组最小停机时间约束1_22_48],0.0
cons[火电机组最小停机时间约束1_22_49],0.0
cons[火电机组最小停机时间约束1_22_50],0.0
cons[火电机组最小停机时间约束1_22_51],0.0
cons[火电机组最小停机时间约束1_22_52],0.0
cons[火电机组最小停机时间约束1_22_53],0.0
cons[火电机组最小停机时间约束1_22_54],0.0
cons[火电机组最小停机时间约束1_22_55],0.0
cons[火电机组最小停机时间约束1_22_56],0.0
cons[火电机组最小停机时间约束1_22_57],0.0
cons[火电机组最小停机时间约束1_22_58],0.0
cons[火电机组最小停机时间约束1_22_59],0.0
cons[火电机组最小停机时间约束1_22_60],0.0
cons[火电机组最小停机时间约束1_22_61],0.0
cons[火电机组最小停机时间约束1_22_62],0.0
cons[火电机组最小停机时间约束1_22_63],0.0
cons[火电机组最小停机时间约束1_22_64],0.0
cons[火电机组最小停机时间约束1_22_65],0.0
cons[火电机组最小停机时间约束1_22_66],0.0
cons[火电机组最小停机时间约束1_22_67],0.0
cons[火电机组最小停机时间约束1_22_68],0.0
cons[火电机组最小停机时间约束1_22_69],0.0
cons[火电机组最小停机时间约束1_22_70],0.0
cons[火电机组最小停机时间约束1_22_71],0.0
cons[火电机组最小停机时间约束1_22_72],0.0
cons[火电机组最小停机时间约束1_22_73],0.0
cons[火电机组最小停机时间约束1_22_74],0.0
cons[火电机组最小停机时间约束1_22_75],0.0
cons[火电机组最小停机时间约束1_22_76],0.0
cons[火电机组最小停机时间约束1_22_77],0.0
cons[火电机组最小停机时间约束1_22_78],0.0
cons[火电机组最小停机时间约束1_22_79],0.0
cons[火电机组最小停机时间约束2_22_80],0.0
cons[火电机组最小停机时间约束2_22_81],0.0
cons[火电机组最小停机时间约束2_22_82],0.0
cons[火电机组最小停机时间约束2_22_83],0.0
cons[火电机组最小停机时间约束2_22_84],0.0
cons[火电机组最小停机时间约束2_22_85],0.0
cons[火电机组最小停机时间约束2_22_86],0.0
cons[火电机组最小停机时间约束2_22_87],0.0
cons[火电机组最小停机时间约束2_22_88],0.0
cons[火电机组最小停机时间约束2_22_89],0.0
cons[火电机组最小停机时间约束2_22_90],0.0
cons[火电机组最小停机时间约束2_22_91],0.0
cons[火电机组最小停机时间约束2_22_92],0.0
cons[火电机组最小停机时间约束2_22_93],0.0
cons[火电机组最小停机时间约束2_22_94],0.0
cons[火电机组最小停机时间约束2_22_95],0.0
cons[火电机组最小开机时间约束1_23_0],0.0
cons[火电机组最小开机时间约束1_23_1],0.0
cons[火电机组最小开机时间约束1_23_2],0.0
cons[火电机组最小开机时间约束1_23_3],0.0
cons[火电机组最小开机时间约束1_23_4],0.0
cons[火电机组最小开机时间约束1_23_5],0.0
cons[火电机组最小开机时间约束1_23_6],0.0
cons[火电机组最小开机时间约束1_23_7],0.0
cons[火电机组最小开机时间约束1_23_8],0.0
cons[火电机组最小开机时间约束1_23_9],0.0
cons[火电机组最小开机时间约束1_23_10],0.0
cons[火电机组最小开机时间约束1_23_11],0.0
cons[火电机组最小开机时间约束1_23_12],0.0
cons[火电机组最小开机时间约束1_23_13],0.0
cons[火电机组最小开机时间约束1_23_14],0.0
cons[火电机组最小开机时间约束1_23_15],0.0
cons[火电机组最小开机时间约束1_23_16],0.0
cons[火电机组最小开机时间约束1_23_17],0.0
cons[火电机组最小开机时间约束1_23_18],0.0
cons[火电机组最小开机时间约束1_23_19],0.0
cons[火电机组最小开机时间约束1_23_20],0.0
cons[火电机组最小开机时间约束1_23_21],0.0
cons[火电机组最小开机时间约束1_23_22],0.0
cons[火电机组最小开机时间约束1_23_23],0.0
cons[火电机组最小开机时间约束1_23_24],0.0
cons[火电机组最小开机时间约束1_23_25],0.0
cons[火电机组最小开机时间约束1_23_26],0.0
cons[火电机组最小开机时间约束1_23_27],0.0
cons[火电机组最小开机时间约束1_23_28],0.0
cons[火电机组最小开机时间约束1_23_29],0.0
cons[火电机组最小开机时间约束1_23_30],0.0
cons[火电机组最小开机时间约束1_23_31],0.0
cons[火电机组最小开机时间约束1_23_32],0.0
cons[火电机组最小开机时间约束1_23_33],0.0
cons[火电机组最小开机时间约束1_23_34],0.0
cons[火电机组最小开机时间约束1_23_35],0.0
cons[火电机组最小开机时间约束1_23_36],0.0
cons[火电机组最小开机时间约束1_23_37],0.0
cons[火电机组最小开机时间约束1_23_38],0.0
cons[火电机组最小开机时间约束1_23_39],0.0
cons[火电机组最小开机时间约束1_23_40],0.0
cons[火电机组最小开机时间约束1_23_41],0.0
cons[火电机组最小开机时间约束1_23_42],0.0
cons[火电机组最小开机时间约束1_23_43],0.0
cons[火电机组最小开机时间约束1_23_44],0.0
cons[火电机组最小开机时间约束1_23_45],0.0
cons[火电机组最小开机时间约束1_23_46],0.0
cons[火电机组最小开机时间约束1_23_47],0.0
cons[火电机组最小开机时间约束1_23_48],0.0
cons[火电机组最小开机时间约束1_23_49],0.0
cons[火电机组最小开机时间约束1_23_50],0.0
cons[火电机组最小开机时间约束1_23_51],0.0
cons[火电机组最小开机时间约束1_23_52],0.0
cons[火电机组最小开机时间约束1_23_53],0.0
cons[火电机组最小开机时间约束1_23_54],0.0
cons[火电机组最小开机时间约束1_23_55],0.0
cons[火电机组最小开机时间约束1_23_56],0.0
cons[火电机组最小开机时间约束1_23_57],0.0
cons[火电机组最小开机时间约束1_23_58],0.0
cons[火电机组最小开机时间约束1_23_59],0.0
cons[火电机组最小开机时间约束1_23_60],0.0
cons[火电机组最小开机时间约束1_23_61],0.0
cons[火电机组最小开机时间约束1_23_62],0.0
cons[火电机组最小开机时间约束1_23_63],0.0
cons[火电机组最小开机时间约束1_23_64],0.0
cons[火电机组最小开机时间约束1_23_65],0.0
cons[火电机组最小开机时间约束1_23_66],0.0
cons[火电机组最小开机时间约束1_23_67],0.0
cons[火电机组最小开机时间约束1_23_68],0.0
cons[火电机组最小开机时间约束1_23_69],0.0
cons[火电机组最小开机时间约束1_23_70],0.0
cons[火电机组最小开机时间约束1_23_71],0.0
cons[火电机组最小开机时间约束1_23_72],0.0
cons[火电机组最小开机时间约束1_23_73],0.0
cons[火电机组最小开机时间约束1_23_74],0.0
cons[火电机组最小开机时间约束1_23_75],0.0
cons[火电机组最小开机时间约束2_23_76],0.0
cons[火电机组最小开机时间约束2_23_77],0.0
cons[火电机组最小开机时间约束2_23_78],0.0
cons[火电机组最小开机时间约束2_23_79],0.0
cons[火电机组最小开机时间约束2_23_80],0.0
cons[火电机组最小开机时间约束2_23_81],0.0
cons[火电机组最小开机时间约束2_23_82],0.0
cons[火电机组最小开机时间约束2_23_83],0.0
cons[火电机组最小开机时间约束2_23_84],0.0
cons[火电机组最小开机时间约束2_23_85],0.0
cons[火电机组最小开机时间约束2_23_86],0.0
cons[火电机组最小开机时间约束2_23_87],0.0
cons[火电机组最小开机时间约束2_23_88],0.0
cons[火电机组最小开机时间约束2_23_89],0.0
cons[火电机组最小开机时间约束2_23_90],0.0
cons[火电机组最小开机时间约束2_23_91],0.0
cons[火电机组最小开机时间约束2_23_92],0.0
cons[火电机组最小开机时间约束2_23_93],0.0
cons[火电机组最小开机时间约束2_23_94],0.0
cons[火电机组最小开机时间约束2_23_95],0.0
cons[火电机组最小停机时间约束1_23_0],0.0
cons[火电机组最小停机时间约束1_23_1],0.0
cons[火电机组最小停机时间约束1_23_2],0.0
cons[火电机组最小停机时间约束1_23_3],0.0
cons[火电机组最小停机时间约束1_23_4],0.0
cons[火电机组最小停机时间约束1_23_5],0.0
cons[火电机组最小停机时间约束1_23_6],0.0
cons[火电机组最小停机时间约束1_23_7],0.0
cons[火电机组最小停机时间约束1_23_8],0.0
cons[火电机组最小停机时间约束1_23_9],0.0
cons[火电机组最小停机时间约束1_23_10],0.0
cons[火电机组最小停机时间约束1_23_11],0.0
cons[火电机组最小停机时间约束1_23_12],0.0
cons[火电机组最小停机时间约束1_23_13],0.0
cons[火电机组最小停机时间约束1_23_14],0.0
cons[火电机组最小停机时间约束1_23_15],0.0
cons[火电机组最小停机时间约束1_23_16],0.0
cons[火电机组最小停机时间约束1_23_17],0.0
cons[火电机组最小停机时间约束1_23_18],0.0
cons[火电机组最小停机时间约束1_23_19],0.0
cons[火电机组最小停机时间约束1_23_20],0.0
cons[火电机组最小停机时间约束1_23_21],0.0
cons[火电机组最小停机时间约束1_23_22],0.0
cons[火电机组最小停机时间约束1_23_23],0.0
cons[火电机组最小停机时间约束1_23_24],0.0
cons[火电机组最小停机时间约束1_23_25],0.0
cons[火电机组最小停机时间约束1_23_26],0.0
cons[火电机组最小停机时间约束1_23_27],0.0
cons[火电机组最小停机时间约束1_23_28],0.0
cons[火电机组最小停机时间约束1_23_29],0.0
cons[火电机组最小停机时间约束1_23_30],0.0
cons[火电机组最小停机时间约束1_23_31],0.0
cons[火电机组最小停机时间约束1_23_32],0.0
cons[火电机组最小停机时间约束1_23_33],0.0
cons[火电机组最小停机时间约束1_23_34],0.0
cons[火电机组最小停机时间约束1_23_35],0.0
cons[火电机组最小停机时间约束1_23_36],0.0
cons[火电机组最小停机时间约束1_23_37],0.0
cons[火电机组最小停机时间约束1_23_38],0.0
cons[火电机组最小停机时间约束1_23_39],0.0
cons[火电机组最小停机时间约束1_23_40],0.0
cons[火电机组最小停机时间约束1_23_41],0.0
cons[火电机组最小停机时间约束1_23_42],0.0
cons[火电机组最小停机时间约束1_23_43],0.0
cons[火电机组最小停机时间约束1_23_44],0.0
cons[火电机组最小停机时间约束1_23_45],0.0
cons[火电机组最小停机时间约束1_23_46],0.0
cons[火电机组最小停机时间约束1_23_47],0.0
cons[火电机组最小停机时间约束1_23_48],0.0
cons[火电机组最小停机时间约束1_23_49],0.0
cons[火电机组最小停机时间约束1_23_50],0.0
cons[火电机组最小停机时间约束1_23_51],0.0
cons[火电机组最小停机时间约束1_23_52],0.0
cons[火电机组最小停机时间约束1_23_53],0.0
cons[火电机组最小停机时间约束1_23_54],0.0
cons[火电机组最小停机时间约束1_23_55],0.0
cons[火电机组最小停机时间约束1_23_56],0.0
cons[火电机组最小停机时间约束1_23_57],0.0
cons[火电机组最小停机时间约束1_23_58],0.0
cons[火电机组最小停机时间约束1_23_59],0.0
cons[火电机组最小停机时间约束1_23_60],0.0
cons[火电机组最小停机时间约束1_23_61],0.0
cons[火电机组最小停机时间约束1_23_62],0.0
cons[火电机组最小停机时间约束1_23_63],0.0
cons[火电机组最小停机时间约束1_23_64],0.0
cons[火电机组最小停机时间约束1_23_65],0.0
cons[火电机组最小停机时间约束1_23_66],0.0
cons[火电机组最小停机时间约束1_23_67],0.0
cons[火电机组最小停机时间约束1_23_68],0.0
cons[火电机组最小停机时间约束1_23_69],0.0
cons[火电机组最小停机时间约束1_23_70],0.0
cons[火电机组最小停机时间约束1_23_71],0.0
cons[火电机组最小停机时间约束1_23_72],0.0
cons[火电机组最小停机时间约束1_23_73],0.0
cons[火电机组最小停机时间约束1_23_74],0.0
cons[火电机组最小停机时间约束1_23_75],0.0
cons[火电机组最小停机时间约束1_23_76],0.0
cons[火电机组最小停机时间约束1_23_77],0.0
cons[火电机组最小停机时间约束1_23_78],0.0
cons[火电机组最小停机时间约束1_23_79],0.0
cons[火电机组最小停机时间约束2_23_80],0.0
cons[火电机组最小停机时间约束2_23_81],0.0
cons[火电机组最小停机时间约束2_23_82],0.0
cons[火电机组最小停机时间约束2_23_83],0.0
cons[火电机组最小停机时间约束2_23_84],0.0
cons[火电机组最小停机时间约束2_23_85],0.0
cons[火电机组最小停机时间约束2_23_86],0.0
cons[火电机组最小停机时间约束2_23_87],0.0
cons[火电机组最小停机时间约束2_23_88],0.0
cons[火电机组最小停机时间约束2_23_89],0.0
cons[火电机组最小停机时间约束2_23_90],0.0
cons[火电机组最小停机时间约束2_23_91],0.0
cons[火电机组最小停机时间约束2_23_92],0.0
cons[火电机组最小停机时间约束2_23_93],0.0
cons[火电机组最小停机时间约束2_23_94],0.0
cons[火电机组最小停机时间约束2_23_95],0.0
cons[火电机组最小开机时间约束1_24_0],0.0
cons[火电机组最小开机时间约束1_24_1],0.0
cons[火电机组最小开机时间约束1_24_2],0.0
cons[火电机组最小开机时间约束1_24_3],0.0
cons[火电机组最小开机时间约束1_24_4],0.0
cons[火电机组最小开机时间约束1_24_5],0.0
cons[火电机组最小开机时间约束1_24_6],0.0
cons[火电机组最小开机时间约束1_24_7],0.0
cons[火电机组最小开机时间约束1_24_8],0.0
cons[火电机组最小开机时间约束1_24_9],0.0
cons[火电机组最小开机时间约束1_24_10],0.0
cons[火电机组最小开机时间约束1_24_11],0.0
cons[火电机组最小开机时间约束1_24_12],0.0
cons[火电机组最小开机时间约束1_24_13],0.0
cons[火电机组最小开机时间约束1_24_14],0.0
cons[火电机组最小开机时间约束1_24_15],0.0
cons[火电机组最小开机时间约束1_24_16],0.0
cons[火电机组最小开机时间约束1_24_17],0.0
cons[火电机组最小开机时间约束1_24_18],0.0
cons[火电机组最小开机时间约束1_24_19],0.0
cons[火电机组最小开机时间约束1_24_20],0.0
cons[火电机组最小开机时间约束1_24_21],0.0
cons[火电机组最小开机时间约束1_24_22],0.0
cons[火电机组最小开机时间约束1_24_23],0.0
cons[火电机组最小开机时间约束1_24_24],0.0
cons[火电机组最小开机时间约束1_24_25],0.0
cons[火电机组最小开机时间约束1_24_26],0.0
cons[火电机组最小开机时间约束1_24_27],0.0
cons[火电机组最小开机时间约束1_24_28],0.0
cons[火电机组最小开机时间约束1_24_29],0.0
cons[火电机组最小开机时间约束1_24_30],0.0
cons[火电机组最小开机时间约束1_24_31],0.0
cons[火电机组最小开机时间约束1_24_32],0.0
cons[火电机组最小开机时间约束1_24_33],0.0
cons[火电机组最小开机时间约束1_24_34],0.0
cons[火电机组最小开机时间约束1_24_35],0.0
cons[火电机组最小开机时间约束1_24_36],0.0
cons[火电机组最小开机时间约束1_24_37],0.0
cons[火电机组最小开机时间约束1_24_38],0.0
cons[火电机组最小开机时间约束1_24_39],0.0
cons[火电机组最小开机时间约束1_24_40],0.0
cons[火电机组最小开机时间约束1_24_41],0.0
cons[火电机组最小开机时间约束1_24_42],0.0
cons[火电机组最小开机时间约束1_24_43],0.0
cons[火电机组最小开机时间约束1_24_44],0.0
cons[火电机组最小开机时间约束1_24_45],0.0
cons[火电机组最小开机时间约束1_24_46],0.0
cons[火电机组最小开机时间约束1_24_47],0.0
cons[火电机组最小开机时间约束1_24_48],0.0
cons[火电机组最小开机时间约束1_24_49],0.0
cons[火电机组最小开机时间约束1_24_50],0.0
cons[火电机组最小开机时间约束1_24_51],0.0
cons[火电机组最小开机时间约束1_24_52],0.0
cons[火电机组最小开机时间约束1_24_53],0.0
cons[火电机组最小开机时间约束1_24_54],0.0
cons[火电机组最小开机时间约束1_24_55],0.0
cons[火电机组最小开机时间约束1_24_56],0.0
cons[火电机组最小开机时间约束1_24_57],0.0
cons[火电机组最小开机时间约束1_24_58],0.0
cons[火电机组最小开机时间约束1_24_59],0.0
cons[火电机组最小开机时间约束1_24_60],0.0
cons[火电机组最小开机时间约束1_24_61],0.0
cons[火电机组最小开机时间约束1_24_62],0.0
cons[火电机组最小开机时间约束1_24_63],0.0
cons[火电机组最小开机时间约束1_24_64],0.0
cons[火电机组最小开机时间约束1_24_65],0.0
cons[火电机组最小开机时间约束1_24_66],0.0
cons[火电机组最小开机时间约束1_24_67],0.0
cons[火电机组最小开机时间约束1_24_68],0.0
cons[火电机组最小开机时间约束1_24_69],0.0
cons[火电机组最小开机时间约束1_24_70],0.0
cons[火电机组最小开机时间约束1_24_71],0.0
cons[火电机组最小开机时间约束2_24_72],0.0
cons[火电机组最小开机时间约束2_24_73],0.0
cons[火电机组最小开机时间约束2_24_74],0.0
cons[火电机组最小开机时间约束2_24_75],0.0
cons[火电机组最小开机时间约束2_24_76],0.0
cons[火电机组最小开机时间约束2_24_77],0.0
cons[火电机组最小开机时间约束2_24_78],0.0
cons[火电机组最小开机时间约束2_24_79],0.0
cons[火电机组最小开机时间约束2_24_80],0.0
cons[火电机组最小开机时间约束2_24_81],0.0
cons[火电机组最小开机时间约束2_24_82],0.0
cons[火电机组最小开机时间约束2_24_83],0.0
cons[火电机组最小开机时间约束2_24_84],0.0
cons[火电机组最小开机时间约束2_24_85],0.0
cons[火电机组最小开机时间约束2_24_86],0.0
cons[火电机组最小开机时间约束2_24_87],0.0
cons[火电机组最小开机时间约束2_24_88],0.0
cons[火电机组最小开机时间约束2_24_89],0.0
cons[火电机组最小开机时间约束2_24_90],0.0
cons[火电机组最小开机时间约束2_24_91],0.0
cons[火电机组最小开机时间约束2_24_92],0.0
cons[火电机组最小开机时间约束2_24_93],0.0
cons[火电机组最小开机时间约束2_24_94],0.0
cons[火电机组最小开机时间约束2_24_95],0.0
cons[火电机组最小停机时间约束1_24_0],0.0
cons[火电机组最小停机时间约束1_24_1],0.0
cons[火电机组最小停机时间约束1_24_2],0.0
cons[火电机组最小停机时间约束1_24_3],0.0
cons[火电机组最小停机时间约束1_24_4],0.0
cons[火电机组最小停机时间约束1_24_5],0.0
cons[火电机组最小停机时间约束1_24_6],0.0
cons[火电机组最小停机时间约束1_24_7],0.0
cons[火电机组最小停机时间约束1_24_8],0.0
cons[火电机组最小停机时间约束1_24_9],0.0
cons[火电机组最小停机时间约束1_24_10],0.0
cons[火电机组最小停机时间约束1_24_11],0.0
cons[火电机组最小停机时间约束1_24_12],0.0
cons[火电机组最小停机时间约束1_24_13],0.0
cons[火电机组最小停机时间约束1_24_14],0.0
cons[火电机组最小停机时间约束1_24_15],0.0
cons[火电机组最小停机时间约束1_24_16],0.0
cons[火电机组最小停机时间约束1_24_17],0.0
cons[火电机组最小停机时间约束1_24_18],0.0
cons[火电机组最小停机时间约束1_24_19],0.0
cons[火电机组最小停机时间约束1_24_20],0.0
cons[火电机组最小停机时间约束1_24_21],0.0
cons[火电机组最小停机时间约束1_24_22],0.0
cons[火电机组最小停机时间约束1_24_23],0.0
cons[火电机组最小停机时间约束1_24_24],0.0
cons[火电机组最小停机时间约束1_24_25],0.0
cons[火电机组最小停机时间约束1_24_26],0.0
cons[火电机组最小停机时间约束1_24_27],0.0
cons[火电机组最小停机时间约束1_24_28],0.0
cons[火电机组最小停机时间约束1_24_29],0.0
cons[火电机组最小停机时间约束1_24_30],0.0
cons[火电机组最小停机时间约束1_24_31],0.0
cons[火电机组最小停机时间约束1_24_32],0.0
cons[火电机组最小停机时间约束1_24_33],0.0
cons[火电机组最小停机时间约束1_24_34],0.0
cons[火电机组最小停机时间约束1_24_35],0.0
cons[火电机组最小停机时间约束1_24_36],0.0
cons[火电机组最小停机时间约束1_24_37],0.0
cons[火电机组最小停机时间约束1_24_38],0.0
cons[火电机组最小停机时间约束1_24_39],0.0
cons[火电机组最小停机时间约束1_24_40],0.0
cons[火电机组最小停机时间约束1_24_41],0.0
cons[火电机组最小停机时间约束1_24_42],0.0
cons[火电机组最小停机时间约束1_24_43],0.0
cons[火电机组最小停机时间约束1_24_44],0.0
cons[火电机组最小停机时间约束1_24_45],0.0
cons[火电机组最小停机时间约束1_24_46],0.0
cons[火电机组最小停机时间约束1_24_47],0.0
cons[火电机组最小停机时间约束1_24_48],0.0
cons[火电机组最小停机时间约束1_24_49],0.0
cons[火电机组最小停机时间约束1_24_50],0.0
cons[火电机组最小停机时间约束1_24_51],0.0
cons[火电机组最小停机时间约束1_24_52],0.0
cons[火电机组最小停机时间约束1_24_53],0.0
cons[火电机组最小停机时间约束1_24_54],0.0
cons[火电机组最小停机时间约束1_24_55],0.0
cons[火电机组最小停机时间约束1_24_56],0.0
cons[火电机组最小停机时间约束1_24_57],0.0
cons[火电机组最小停机时间约束1_24_58],0.0
cons[火电机组最小停机时间约束1_24_59],0.0
cons[火电机组最小停机时间约束1_24_60],0.0
cons[火电机组最小停机时间约束1_24_61],0.0
cons[火电机组最小停机时间约束1_24_62],0.0
cons[火电机组最小停机时间约束1_24_63],0.0
cons[火电机组最小停机时间约束1_24_64],0.0
cons[火电机组最小停机时间约束1_24_65],0.0
cons[火电机组最小停机时间约束1_24_66],0.0
cons[火电机组最小停机时间约束1_24_67],0.0
cons[火电机组最小停机时间约束1_24_68],0.0
cons[火电机组最小停机时间约束1_24_69],0.0
cons[火电机组最小停机时间约束1_24_70],0.0
cons[火电机组最小停机时间约束1_24_71],0.0
cons[火电机组最小停机时间约束1_24_72],0.0
cons[火电机组最小停机时间约束1_24_73],0.0
cons[火电机组最小停机时间约束1_24_74],0.0
cons[火电机组最小停机时间约束1_24_75],0.0
cons[火电机组最小停机时间约束1_24_76],0.0
cons[火电机组最小停机时间约束1_24_77],0.0
cons[火电机组最小停机时间约束1_24_78],0.0
cons[火电机组最小停机时间约束1_24_79],0.0
cons[火电机组最小停机时间约束2_24_80],0.0
cons[火电机组最小停机时间约束2_24_81],0.0
cons[火电机组最小停机时间约束2_24_82],0.0
cons[火电机组最小停机时间约束2_24_83],0.0
cons[火电机组最小停机时间约束2_24_84],0.0
cons[火电机组最小停机时间约束2_24_85],0.0
cons[火电机组最小停机时间约束2_24_86],0.0
cons[火电机组最小停机时间约束2_24_87],0.0
cons[火电机组最小停机时间约束2_24_88],0.0
cons[火电机组最小停机时间约束2_24_89],0.0
cons[火电机组最小停机时间约束2_24_90],0.0
cons[火电机组最小停机时间约束2_24_91],0.0
cons[火电机组最小停机时间约束2_24_92],0.0
cons[火电机组最小停机时间约束2_24_93],0.0
cons[火电机组最小停机时间约束2_24_94],0.0
cons[火电机组最小停机时间约束2_24_95],0.0
cons[火电机组最小开机时间约束1_25_0],0.0
cons[火电机组最小开机时间约束1_25_1],0.0
cons[火电机组最小开机时间约束1_25_2],0.0
cons[火电机组最小开机时间约束1_25_3],0.0
cons[火电机组最小开机时间约束1_25_4],0.0
cons[火电机组最小开机时间约束1_25_5],0.0
cons[火电机组最小开机时间约束1_25_6],0.0
cons[火电机组最小开机时间约束1_25_7],0.0
cons[火电机组最小开机时间约束1_25_8],0.0
cons[火电机组最小开机时间约束1_25_9],0.0
cons[火电机组最小开机时间约束1_25_10],0.0
cons[火电机组最小开机时间约束1_25_11],0.0
cons[火电机组最小开机时间约束1_25_12],0.0
cons[火电机组最小开机时间约束1_25_13],0.0
cons[火电机组最小开机时间约束1_25_14],0.0
cons[火电机组最小开机时间约束1_25_15],0.0
cons[火电机组最小开机时间约束1_25_16],0.0
cons[火电机组最小开机时间约束1_25_17],0.0
cons[火电机组最小开机时间约束1_25_18],0.0
cons[火电机组最小开机时间约束1_25_19],0.0
cons[火电机组最小开机时间约束1_25_20],0.0
cons[火电机组最小开机时间约束1_25_21],0.0
cons[火电机组最小开机时间约束1_25_22],0.0
cons[火电机组最小开机时间约束1_25_23],0.0
cons[火电机组最小开机时间约束1_25_24],0.0
cons[火电机组最小开机时间约束1_25_25],0.0
cons[火电机组最小开机时间约束1_25_26],0.0
cons[火电机组最小开机时间约束1_25_27],0.0
cons[火电机组最小开机时间约束1_25_28],0.0
cons[火电机组最小开机时间约束1_25_29],0.0
cons[火电机组最小开机时间约束1_25_30],0.0
cons[火电机组最小开机时间约束1_25_31],0.0
cons[火电机组最小开机时间约束1_25_32],0.0
cons[火电机组最小开机时间约束1_25_33],0.0
cons[火电机组最小开机时间约束1_25_34],0.0
cons[火电机组最小开机时间约束1_25_35],0.0
cons[火电机组最小开机时间约束1_25_36],0.0
cons[火电机组最小开机时间约束1_25_37],0.0
cons[火电机组最小开机时间约束1_25_38],0.0
cons[火电机组最小开机时间约束1_25_39],0.0
cons[火电机组最小开机时间约束1_25_40],0.0
cons[火电机组最小开机时间约束1_25_41],0.0
cons[火电机组最小开机时间约束1_25_42],0.0
cons[火电机组最小开机时间约束1_25_43],0.0
cons[火电机组最小开机时间约束1_25_44],0.0
cons[火电机组最小开机时间约束1_25_45],0.0
cons[火电机组最小开机时间约束1_25_46],0.0
cons[火电机组最小开机时间约束1_25_47],0.0
cons[火电机组最小开机时间约束1_25_48],0.0
cons[火电机组最小开机时间约束1_25_49],0.0
cons[火电机组最小开机时间约束1_25_50],0.0
cons[火电机组最小开机时间约束1_25_51],0.0
cons[火电机组最小开机时间约束1_25_52],0.0
cons[火电机组最小开机时间约束1_25_53],0.0
cons[火电机组最小开机时间约束1_25_54],0.0
cons[火电机组最小开机时间约束1_25_55],0.0
cons[火电机组最小开机时间约束1_25_56],0.0
cons[火电机组最小开机时间约束1_25_57],0.0
cons[火电机组最小开机时间约束1_25_58],0.0
cons[火电机组最小开机时间约束1_25_59],0.0
cons[火电机组最小开机时间约束1_25_60],0.0
cons[火电机组最小开机时间约束1_25_61],0.0
cons[火电机组最小开机时间约束1_25_62],0.0
cons[火电机组最小开机时间约束1_25_63],0.0
cons[火电机组最小开机时间约束1_25_64],0.0
cons[火电机组最小开机时间约束1_25_65],0.0
cons[火电机组最小开机时间约束1_25_66],0.0
cons[火电机组最小开机时间约束1_25_67],0.0
cons[火电机组最小开机时间约束1_25_68],0.0
cons[火电机组最小开机时间约束1_25_69],0.0
cons[火电机组最小开机时间约束1_25_70],0.0
cons[火电机组最小开机时间约束1_25_71],0.0
cons[火电机组最小开机时间约束2_25_72],0.0
cons[火电机组最小开机时间约束2_25_73],0.0
cons[火电机组最小开机时间约束2_25_74],0.0
cons[火电机组最小开机时间约束2_25_75],0.0
cons[火电机组最小开机时间约束2_25_76],0.0
cons[火电机组最小开机时间约束2_25_77],0.0
cons[火电机组最小开机时间约束2_25_78],0.0
cons[火电机组最小开机时间约束2_25_79],0.0
cons[火电机组最小开机时间约束2_25_80],0.0
cons[火电机组最小开机时间约束2_25_81],0.0
cons[火电机组最小开机时间约束2_25_82],0.0
cons[火电机组最小开机时间约束2_25_83],0.0
cons[火电机组最小开机时间约束2_25_84],0.0
cons[火电机组最小开机时间约束2_25_85],0.0
cons[火电机组最小开机时间约束2_25_86],0.0
cons[火电机组最小开机时间约束2_25_87],0.0
cons[火电机组最小开机时间约束2_25_88],0.0
cons[火电机组最小开机时间约束2_25_89],0.0
cons[火电机组最小开机时间约束2_25_90],0.0
cons[火电机组最小开机时间约束2_25_91],0.0
cons[火电机组最小开机时间约束2_25_92],0.0
cons[火电机组最小开机时间约束2_25_93],0.0
cons[火电机组最小开机时间约束2_25_94],0.0
cons[火电机组最小开机时间约束2_25_95],0.0
cons[火电机组最小停机时间约束1_25_0],0.0
cons[火电机组最小停机时间约束1_25_1],0.0
cons[火电机组最小停机时间约束1_25_2],0.0
cons[火电机组最小停机时间约束1_25_3],0.0
cons[火电机组最小停机时间约束1_25_4],0.0
cons[火电机组最小停机时间约束1_25_5],0.0
cons[火电机组最小停机时间约束1_25_6],0.0
cons[火电机组最小停机时间约束1_25_7],0.0
cons[火电机组最小停机时间约束1_25_8],0.0
cons[火电机组最小停机时间约束1_25_9],0.0
cons[火电机组最小停机时间约束1_25_10],0.0
cons[火电机组最小停机时间约束1_25_11],0.0
cons[火电机组最小停机时间约束1_25_12],0.0
cons[火电机组最小停机时间约束1_25_13],0.0
cons[火电机组最小停机时间约束1_25_14],0.0
cons[火电机组最小停机时间约束1_25_15],0.0
cons[火电机组最小停机时间约束1_25_16],0.0
cons[火电机组最小停机时间约束1_25_17],0.0
cons[火电机组最小停机时间约束1_25_18],0.0
cons[火电机组最小停机时间约束1_25_19],0.0
cons[火电机组最小停机时间约束1_25_20],0.0
cons[火电机组最小停机时间约束1_25_21],0.0
cons[火电机组最小停机时间约束1_25_22],0.0
cons[火电机组最小停机时间约束1_25_23],0.0
cons[火电机组最小停机时间约束1_25_24],0.0
cons[火电机组最小停机时间约束1_25_25],0.0
cons[火电机组最小停机时间约束1_25_26],0.0
cons[火电机组最小停机时间约束1_25_27],0.0
cons[火电机组最小停机时间约束1_25_28],0.0
cons[火电机组最小停机时间约束1_25_29],0.0
cons[火电机组最小停机时间约束1_25_30],0.0
cons[火电机组最小停机时间约束1_25_31],0.0
cons[火电机组最小停机时间约束1_25_32],0.0
cons[火电机组最小停机时间约束1_25_33],0.0
cons[火电机组最小停机时间约束1_25_34],0.0
cons[火电机组最小停机时间约束1_25_35],0.0
cons[火电机组最小停机时间约束1_25_36],0.0
cons[火电机组最小停机时间约束1_25_37],0.0
cons[火电机组最小停机时间约束1_25_38],0.0
cons[火电机组最小停机时间约束1_25_39],0.0
cons[火电机组最小停机时间约束1_25_40],0.0
cons[火电机组最小停机时间约束1_25_41],0.0
cons[火电机组最小停机时间约束1_25_42],0.0
cons[火电机组最小停机时间约束1_25_43],0.0
cons[火电机组最小停机时间约束1_25_44],0.0
cons[火电机组最小停机时间约束1_25_45],0.0
cons[火电机组最小停机时间约束1_25_46],0.0
cons[火电机组最小停机时间约束1_25_47],0.0
cons[火电机组最小停机时间约束1_25_48],0.0
cons[火电机组最小停机时间约束1_25_49],0.0
cons[火电机组最小停机时间约束1_25_50],0.0
cons[火电机组最小停机时间约束1_25_51],0.0
cons[火电机组最小停机时间约束1_25_52],0.0
cons[火电机组最小停机时间约束1_25_53],0.0
cons[火电机组最小停机时间约束1_25_54],0.0
cons[火电机组最小停机时间约束1_25_55],0.0
cons[火电机组最小停机时间约束1_25_56],0.0
cons[火电机组最小停机时间约束1_25_57],0.0
cons[火电机组最小停机时间约束1_25_58],0.0
cons[火电机组最小停机时间约束1_25_59],0.0
cons[火电机组最小停机时间约束1_25_60],0.0
cons[火电机组最小停机时间约束1_25_61],0.0
cons[火电机组最小停机时间约束1_25_62],0.0
cons[火电机组最小停机时间约束1_25_63],0.0
cons[火电机组最小停机时间约束1_25_64],0.0
cons[火电机组最小停机时间约束1_25_65],0.0
cons[火电机组最小停机时间约束1_25_66],0.0
cons[火电机组最小停机时间约束1_25_67],0.0
cons[火电机组最小停机时间约束1_25_68],0.0
cons[火电机组最小停机时间约束1_25_69],0.0
cons[火电机组最小停机时间约束1_25_70],0.0
cons[火电机组最小停机时间约束1_25_71],0.0
cons[火电机组最小停机时间约束1_25_72],0.0
cons[火电机组最小停机时间约束1_25_73],0.0
cons[火电机组最小停机时间约束1_25_74],0.0
cons[火电机组最小停机时间约束1_25_75],0.0
cons[火电机组最小停机时间约束1_25_76],0.0
cons[火电机组最小停机时间约束1_25_77],0.0
cons[火电机组最小停机时间约束1_25_78],0.0
cons[火电机组最小停机时间约束1_25_79],0.0
cons[火电机组最小停机时间约束2_25_80],0.0
cons[火电机组最小停机时间约束2_25_81],0.0
cons[火电机组最小停机时间约束2_25_82],0.0
cons[火电机组最小停机时间约束2_25_83],0.0
cons[火电机组最小停机时间约束2_25_84],0.0
cons[火电机组最小停机时间约束2_25_85],0.0
cons[火电机组最小停机时间约束2_25_86],0.0
cons[火电机组最小停机时间约束2_25_87],0.0
cons[火电机组最小停机时间约束2_25_88],0.0
cons[火电机组最小停机时间约束2_25_89],0.0
cons[火电机组最小停机时间约束2_25_90],0.0
cons[火电机组最小停机时间约束2_25_91],0.0
cons[火电机组最小停机时间约束2_25_92],0.0
cons[火电机组最小停机时间约束2_25_93],0.0
cons[火电机组最小停机时间约束2_25_94],0.0
cons[火电机组最小停机时间约束2_25_95],0.0
cons[火电机组最小开机时间约束1_26_0],0.0
cons[火电机组最小开机时间约束1_26_1],0.0
cons[火电机组最小开机时间约束1_26_2],0.0
cons[火电机组最小开机时间约束1_26_3],0.0
cons[火电机组最小开机时间约束1_26_4],0.0
cons[火电机组最小开机时间约束1_26_5],0.0
cons[火电机组最小开机时间约束1_26_6],0.0
cons[火电机组最小开机时间约束1_26_7],0.0
cons[火电机组最小开机时间约束1_26_8],0.0
cons[火电机组最小开机时间约束1_26_9],0.0
cons[火电机组最小开机时间约束1_26_10],0.0
cons[火电机组最小开机时间约束1_26_11],0.0
cons[火电机组最小开机时间约束1_26_12],0.0
cons[火电机组最小开机时间约束1_26_13],0.0
cons[火电机组最小开机时间约束1_26_14],0.0
cons[火电机组最小开机时间约束1_26_15],0.0
cons[火电机组最小开机时间约束1_26_16],0.0
cons[火电机组最小开机时间约束1_26_17],0.0
cons[火电机组最小开机时间约束1_26_18],0.0
cons[火电机组最小开机时间约束1_26_19],0.0
cons[火电机组最小开机时间约束1_26_20],0.0
cons[火电机组最小开机时间约束1_26_21],0.0
cons[火电机组最小开机时间约束1_26_22],0.0
cons[火电机组最小开机时间约束1_26_23],0.0
cons[火电机组最小开机时间约束1_26_24],0.0
cons[火电机组最小开机时间约束1_26_25],0.0
cons[火电机组最小开机时间约束1_26_26],0.0
cons[火电机组最小开机时间约束1_26_27],0.0
cons[火电机组最小开机时间约束1_26_28],0.0
cons[火电机组最小开机时间约束1_26_29],0.0
cons[火电机组最小开机时间约束1_26_30],0.0
cons[火电机组最小开机时间约束1_26_31],0.0
cons[火电机组最小开机时间约束1_26_32],0.0
cons[火电机组最小开机时间约束1_26_33],0.0
cons[火电机组最小开机时间约束1_26_34],0.0
cons[火电机组最小开机时间约束1_26_35],0.0
cons[火电机组最小开机时间约束1_26_36],0.0
cons[火电机组最小开机时间约束1_26_37],0.0
cons[火电机组最小开机时间约束1_26_38],0.0
cons[火电机组最小开机时间约束1_26_39],0.0
cons[火电机组最小开机时间约束1_26_40],0.0
cons[火电机组最小开机时间约束1_26_41],0.0
cons[火电机组最小开机时间约束1_26_42],0.0
cons[火电机组最小开机时间约束1_26_43],0.0
cons[火电机组最小开机时间约束1_26_44],0.0
cons[火电机组最小开机时间约束1_26_45],0.0
cons[火电机组最小开机时间约束1_26_46],0.0
cons[火电机组最小开机时间约束1_26_47],0.0
cons[火电机组最小开机时间约束1_26_48],0.0
cons[火电机组最小开机时间约束1_26_49],0.0
cons[火电机组最小开机时间约束1_26_50],0.0
cons[火电机组最小开机时间约束1_26_51],0.0
cons[火电机组最小开机时间约束1_26_52],0.0
cons[火电机组最小开机时间约束1_26_53],0.0
cons[火电机组最小开机时间约束1_26_54],0.0
cons[火电机组最小开机时间约束1_26_55],0.0
cons[火电机组最小开机时间约束1_26_56],0.0
cons[火电机组最小开机时间约束1_26_57],0.0
cons[火电机组最小开机时间约束1_26_58],0.0
cons[火电机组最小开机时间约束1_26_59],0.0
cons[火电机组最小开机时间约束1_26_60],0.0
cons[火电机组最小开机时间约束1_26_61],0.0
cons[火电机组最小开机时间约束1_26_62],0.0
cons[火电机组最小开机时间约束1_26_63],0.0
cons[火电机组最小开机时间约束1_26_64],0.0
cons[火电机组最小开机时间约束1_26_65],0.0
cons[火电机组最小开机时间约束1_26_66],0.0
cons[火电机组最小开机时间约束1_26_67],0.0
cons[火电机组最小开机时间约束1_26_68],0.0
cons[火电机组最小开机时间约束1_26_69],0.0
cons[火电机组最小开机时间约束1_26_70],0.0
cons[火电机组最小开机时间约束1_26_71],0.0
cons[火电机组最小开机时间约束2_26_72],0.0
cons[火电机组最小开机时间约束2_26_73],0.0
cons[火电机组最小开机时间约束2_26_74],0.0
cons[火电机组最小开机时间约束2_26_75],0.0
cons[火电机组最小开机时间约束2_26_76],0.0
cons[火电机组最小开机时间约束2_26_77],0.0
cons[火电机组最小开机时间约束2_26_78],0.0
cons[火电机组最小开机时间约束2_26_79],0.0
cons[火电机组最小开机时间约束2_26_80],0.0
cons[火电机组最小开机时间约束2_26_81],0.0
cons[火电机组最小开机时间约束2_26_82],0.0
cons[火电机组最小开机时间约束2_26_83],0.0
cons[火电机组最小开机时间约束2_26_84],0.0
cons[火电机组最小开机时间约束2_26_85],0.0
cons[火电机组最小开机时间约束2_26_86],0.0
cons[火电机组最小开机时间约束2_26_87],0.0
cons[火电机组最小开机时间约束2_26_88],0.0
cons[火电机组最小开机时间约束2_26_89],0.0
cons[火电机组最小开机时间约束2_26_90],0.0
cons[火电机组最小开机时间约束2_26_91],0.0
cons[火电机组最小开机时间约束2_26_92],0.0
cons[火电机组最小开机时间约束2_26_93],0.0
cons[火电机组最小开机时间约束2_26_94],0.0
cons[火电机组最小开机时间约束2_26_95],0.0
cons[火电机组最小停机时间约束1_26_0],0.0
cons[火电机组最小停机时间约束1_26_1],0.0
cons[火电机组最小停机时间约束1_26_2],0.0
cons[火电机组最小停机时间约束1_26_3],0.0
cons[火电机组最小停机时间约束1_26_4],0.0
cons[火电机组最小停机时间约束1_26_5],0.0
cons[火电机组最小停机时间约束1_26_6],0.0
cons[火电机组最小停机时间约束1_26_7],0.0
cons[火电机组最小停机时间约束1_26_8],0.0
cons[火电机组最小停机时间约束1_26_9],0.0
cons[火电机组最小停机时间约束1_26_10],0.0
cons[火电机组最小停机时间约束1_26_11],0.0
cons[火电机组最小停机时间约束1_26_12],0.0
cons[火电机组最小停机时间约束1_26_13],0.0
cons[火电机组最小停机时间约束1_26_14],0.0
cons[火电机组最小停机时间约束1_26_15],0.0
cons[火电机组最小停机时间约束1_26_16],0.0
cons[火电机组最小停机时间约束1_26_17],0.0
cons[火电机组最小停机时间约束1_26_18],0.0
cons[火电机组最小停机时间约束1_26_19],0.0
cons[火电机组最小停机时间约束1_26_20],0.0
cons[火电机组最小停机时间约束1_26_21],0.0
cons[火电机组最小停机时间约束1_26_22],0.0
cons[火电机组最小停机时间约束1_26_23],0.0
cons[火电机组最小停机时间约束1_26_24],0.0
cons[火电机组最小停机时间约束1_26_25],0.0
cons[火电机组最小停机时间约束1_26_26],0.0
cons[火电机组最小停机时间约束1_26_27],0.0
cons[火电机组最小停机时间约束1_26_28],0.0
cons[火电机组最小停机时间约束1_26_29],0.0
cons[火电机组最小停机时间约束1_26_30],0.0
cons[火电机组最小停机时间约束1_26_31],0.0
cons[火电机组最小停机时间约束1_26_32],0.0
cons[火电机组最小停机时间约束1_26_33],0.0
cons[火电机组最小停机时间约束1_26_34],0.0
cons[火电机组最小停机时间约束1_26_35],0.0
cons[火电机组最小停机时间约束1_26_36],0.0
cons[火电机组最小停机时间约束1_26_37],0.0
cons[火电机组最小停机时间约束1_26_38],0.0
cons[火电机组最小停机时间约束1_26_39],0.0
cons[火电机组最小停机时间约束1_26_40],0.0
cons[火电机组最小停机时间约束1_26_41],0.0
cons[火电机组最小停机时间约束1_26_42],0.0
cons[火电机组最小停机时间约束1_26_43],0.0
cons[火电机组最小停机时间约束1_26_44],0.0
cons[火电机组最小停机时间约束1_26_45],0.0
cons[火电机组最小停机时间约束1_26_46],0.0
cons[火电机组最小停机时间约束1_26_47],0.0
cons[火电机组最小停机时间约束1_26_48],0.0
cons[火电机组最小停机时间约束1_26_49],0.0
cons[火电机组最小停机时间约束1_26_50],0.0
cons[火电机组最小停机时间约束1_26_51],0.0
cons[火电机组最小停机时间约束1_26_52],0.0
cons[火电机组最小停机时间约束1_26_53],0.0
cons[火电机组最小停机时间约束1_26_54],0.0
cons[火电机组最小停机时间约束1_26_55],0.0
cons[火电机组最小停机时间约束1_26_56],0.0
cons[火电机组最小停机时间约束1_26_57],0.0
cons[火电机组最小停机时间约束1_26_58],0.0
cons[火电机组最小停机时间约束1_26_59],0.0
cons[火电机组最小停机时间约束1_26_60],0.0
cons[火电机组最小停机时间约束1_26_61],0.0
cons[火电机组最小停机时间约束1_26_62],0.0
cons[火电机组最小停机时间约束1_26_63],0.0
cons[火电机组最小停机时间约束1_26_64],0.0
cons[火电机组最小停机时间约束1_26_65],0.0
cons[火电机组最小停机时间约束1_26_66],0.0
cons[火电机组最小停机时间约束1_26_67],0.0
cons[火电机组最小停机时间约束1_26_68],0.0
cons[火电机组最小停机时间约束1_26_69],0.0
cons[火电机组最小停机时间约束1_26_70],0.0
cons[火电机组最小停机时间约束1_26_71],0.0
cons[火电机组最小停机时间约束1_26_72],0.0
cons[火电机组最小停机时间约束1_26_73],0.0
cons[火电机组最小停机时间约束1_26_74],0.0
cons[火电机组最小停机时间约束1_26_75],0.0
cons[火电机组最小停机时间约束1_26_76],0.0
cons[火电机组最小停机时间约束1_26_77],0.0
cons[火电机组最小停机时间约束1_26_78],0.0
cons[火电机组最小停机时间约束1_26_79],0.0
cons[火电机组最小停机时间约束2_26_80],0.0
cons[火电机组最小停机时间约束2_26_81],0.0
cons[火电机组最小停机时间约束2_26_82],0.0
cons[火电机组最小停机时间约束2_26_83],0.0
cons[火电机组最小停机时间约束2_26_84],0.0
cons[火电机组最小停机时间约束2_26_85],0.0
cons[火电机组最小停机时间约束2_26_86],0.0
cons[火电机组最小停机时间约束2_26_87],0.0
cons[火电机组最小停机时间约束2_26_88],0.0
cons[火电机组最小停机时间约束2_26_89],0.0
cons[火电机组最小停机时间约束2_26_90],0.0
cons[火电机组最小停机时间约束2_26_91],0.0
cons[火电机组最小停机时间约束2_26_92],0.0
cons[火电机组最小停机时间约束2_26_93],0.0
cons[火电机组最小停机时间约束2_26_94],0.0
cons[火电机组最小停机时间约束2_26_95],0.0
cons[火电机组最小开机时间约束1_27_0],0.0
cons[火电机组最小开机时间约束1_27_1],0.0
cons[火电机组最小开机时间约束1_27_2],0.0
cons[火电机组最小开机时间约束1_27_3],0.0
cons[火电机组最小开机时间约束1_27_4],0.0
cons[火电机组最小开机时间约束1_27_5],0.0
cons[火电机组最小开机时间约束1_27_6],0.0
cons[火电机组最小开机时间约束1_27_7],0.0
cons[火电机组最小开机时间约束1_27_8],0.0
cons[火电机组最小开机时间约束1_27_9],0.0
cons[火电机组最小开机时间约束1_27_10],0.0
cons[火电机组最小开机时间约束1_27_11],0.0
cons[火电机组最小开机时间约束1_27_12],0.0
cons[火电机组最小开机时间约束1_27_13],0.0
cons[火电机组最小开机时间约束1_27_14],0.0
cons[火电机组最小开机时间约束1_27_15],0.0
cons[火电机组最小开机时间约束1_27_16],0.0
cons[火电机组最小开机时间约束1_27_17],0.0
cons[火电机组最小开机时间约束1_27_18],0.0
cons[火电机组最小开机时间约束1_27_19],0.0
cons[火电机组最小开机时间约束1_27_20],0.0
cons[火电机组最小开机时间约束1_27_21],0.0
cons[火电机组最小开机时间约束1_27_22],0.0
cons[火电机组最小开机时间约束1_27_23],0.0
cons[火电机组最小开机时间约束1_27_24],0.0
cons[火电机组最小开机时间约束1_27_25],0.0
cons[火电机组最小开机时间约束1_27_26],0.0
cons[火电机组最小开机时间约束1_27_27],0.0
cons[火电机组最小开机时间约束1_27_28],0.0
cons[火电机组最小开机时间约束1_27_29],0.0
cons[火电机组最小开机时间约束1_27_30],0.0
cons[火电机组最小开机时间约束1_27_31],0.0
cons[火电机组最小开机时间约束1_27_32],0.0
cons[火电机组最小开机时间约束1_27_33],0.0
cons[火电机组最小开机时间约束1_27_34],0.0
cons[火电机组最小开机时间约束1_27_35],0.0
cons[火电机组最小开机时间约束1_27_36],0.0
cons[火电机组最小开机时间约束1_27_37],0.0
cons[火电机组最小开机时间约束1_27_38],0.0
cons[火电机组最小开机时间约束1_27_39],0.0
cons[火电机组最小开机时间约束1_27_40],0.0
cons[火电机组最小开机时间约束1_27_41],0.0
cons[火电机组最小开机时间约束1_27_42],0.0
cons[火电机组最小开机时间约束1_27_43],0.0
cons[火电机组最小开机时间约束1_27_44],0.0
cons[火电机组最小开机时间约束1_27_45],0.0
cons[火电机组最小开机时间约束1_27_46],0.0
cons[火电机组最小开机时间约束1_27_47],0.0
cons[火电机组最小开机时间约束1_27_48],0.0
cons[火电机组最小开机时间约束1_27_49],0.0
cons[火电机组最小开机时间约束1_27_50],0.0
cons[火电机组最小开机时间约束1_27_51],0.0
cons[火电机组最小开机时间约束1_27_52],0.0
cons[火电机组最小开机时间约束1_27_53],0.0
cons[火电机组最小开机时间约束1_27_54],0.0
cons[火电机组最小开机时间约束1_27_55],0.0
cons[火电机组最小开机时间约束1_27_56],0.0
cons[火电机组最小开机时间约束1_27_57],0.0
cons[火电机组最小开机时间约束1_27_58],0.0
cons[火电机组最小开机时间约束1_27_59],0.0
cons[火电机组最小开机时间约束1_27_60],0.0
cons[火电机组最小开机时间约束1_27_61],0.0
cons[火电机组最小开机时间约束1_27_62],0.0
cons[火电机组最小开机时间约束1_27_63],0.0
cons[火电机组最小开机时间约束1_27_64],0.0
cons[火电机组最小开机时间约束1_27_65],0.0
cons[火电机组最小开机时间约束1_27_66],0.0
cons[火电机组最小开机时间约束1_27_67],0.0
cons[火电机组最小开机时间约束1_27_68],0.0
cons[火电机组最小开机时间约束1_27_69],0.0
cons[火电机组最小开机时间约束1_27_70],0.0
cons[火电机组最小开机时间约束1_27_71],0.0
cons[火电机组最小开机时间约束2_27_72],0.0
cons[火电机组最小开机时间约束2_27_73],0.0
cons[火电机组最小开机时间约束2_27_74],0.0
cons[火电机组最小开机时间约束2_27_75],0.0
cons[火电机组最小开机时间约束2_27_76],0.0
cons[火电机组最小开机时间约束2_27_77],0.0
cons[火电机组最小开机时间约束2_27_78],0.0
cons[火电机组最小开机时间约束2_27_79],0.0
cons[火电机组最小开机时间约束2_27_80],0.0
cons[火电机组最小开机时间约束2_27_81],0.0
cons[火电机组最小开机时间约束2_27_82],0.0
cons[火电机组最小开机时间约束2_27_83],0.0
cons[火电机组最小开机时间约束2_27_84],0.0
cons[火电机组最小开机时间约束2_27_85],0.0
cons[火电机组最小开机时间约束2_27_86],0.0
cons[火电机组最小开机时间约束2_27_87],0.0
cons[火电机组最小开机时间约束2_27_88],0.0
cons[火电机组最小开机时间约束2_27_89],0.0
cons[火电机组最小开机时间约束2_27_90],0.0
cons[火电机组最小开机时间约束2_27_91],0.0
cons[火电机组最小开机时间约束2_27_92],0.0
cons[火电机组最小开机时间约束2_27_93],0.0
cons[火电机组最小开机时间约束2_27_94],0.0
cons[火电机组最小开机时间约束2_27_95],0.0
cons[火电机组最小停机时间约束1_27_0],0.0
cons[火电机组最小停机时间约束1_27_1],0.0
cons[火电机组最小停机时间约束1_27_2],0.0
cons[火电机组最小停机时间约束1_27_3],0.0
cons[火电机组最小停机时间约束1_27_4],0.0
cons[火电机组最小停机时间约束1_27_5],0.0
cons[火电机组最小停机时间约束1_27_6],0.0
cons[火电机组最小停机时间约束1_27_7],0.0
cons[火电机组最小停机时间约束1_27_8],0.0
cons[火电机组最小停机时间约束1_27_9],0.0
cons[火电机组最小停机时间约束1_27_10],0.0
cons[火电机组最小停机时间约束1_27_11],0.0
cons[火电机组最小停机时间约束1_27_12],0.0
cons[火电机组最小停机时间约束1_27_13],0.0
cons[火电机组最小停机时间约束1_27_14],0.0
cons[火电机组最小停机时间约束1_27_15],0.0
cons[火电机组最小停机时间约束1_27_16],0.0
cons[火电机组最小停机时间约束1_27_17],0.0
cons[火电机组最小停机时间约束1_27_18],0.0
cons[火电机组最小停机时间约束1_27_19],0.0
cons[火电机组最小停机时间约束1_27_20],0.0
cons[火电机组最小停机时间约束1_27_21],0.0
cons[火电机组最小停机时间约束1_27_22],0.0
cons[火电机组最小停机时间约束1_27_23],0.0
cons[火电机组最小停机时间约束1_27_24],0.0
cons[火电机组最小停机时间约束1_27_25],0.0
cons[火电机组最小停机时间约束1_27_26],0.0
cons[火电机组最小停机时间约束1_27_27],0.0
cons[火电机组最小停机时间约束1_27_28],0.0
cons[火电机组最小停机时间约束1_27_29],0.0
cons[火电机组最小停机时间约束1_27_30],0.0
cons[火电机组最小停机时间约束1_27_31],0.0
cons[火电机组最小停机时间约束1_27_32],0.0
cons[火电机组最小停机时间约束1_27_33],0.0
cons[火电机组最小停机时间约束1_27_34],0.0
cons[火电机组最小停机时间约束1_27_35],0.0
cons[火电机组最小停机时间约束1_27_36],0.0
cons[火电机组最小停机时间约束1_27_37],0.0
cons[火电机组最小停机时间约束1_27_38],0.0
cons[火电机组最小停机时间约束1_27_39],0.0
cons[火电机组最小停机时间约束1_27_40],0.0
cons[火电机组最小停机时间约束1_27_41],0.0
cons[火电机组最小停机时间约束1_27_42],0.0
cons[火电机组最小停机时间约束1_27_43],0.0
cons[火电机组最小停机时间约束1_27_44],0.0
cons[火电机组最小停机时间约束1_27_45],0.0
cons[火电机组最小停机时间约束1_27_46],0.0
cons[火电机组最小停机时间约束1_27_47],0.0
cons[火电机组最小停机时间约束1_27_48],0.0
cons[火电机组最小停机时间约束1_27_49],0.0
cons[火电机组最小停机时间约束1_27_50],0.0
cons[火电机组最小停机时间约束1_27_51],0.0
cons[火电机组最小停机时间约束1_27_52],0.0
cons[火电机组最小停机时间约束1_27_53],0.0
cons[火电机组最小停机时间约束1_27_54],0.0
cons[火电机组最小停机时间约束1_27_55],0.0
cons[火电机组最小停机时间约束1_27_56],0.0
cons[火电机组最小停机时间约束1_27_57],0.0
cons[火电机组最小停机时间约束1_27_58],0.0
cons[火电机组最小停机时间约束1_27_59],0.0
cons[火电机组最小停机时间约束1_27_60],0.0
cons[火电机组最小停机时间约束1_27_61],0.0
cons[火电机组最小停机时间约束1_27_62],0.0
cons[火电机组最小停机时间约束1_27_63],0.0
cons[火电机组最小停机时间约束1_27_64],0.0
cons[火电机组最小停机时间约束1_27_65],0.0
cons[火电机组最小停机时间约束1_27_66],0.0
cons[火电机组最小停机时间约束1_27_67],0.0
cons[火电机组最小停机时间约束1_27_68],0.0
cons[火电机组最小停机时间约束1_27_69],0.0
cons[火电机组最小停机时间约束1_27_70],0.0
cons[火电机组最小停机时间约束1_27_71],0.0
cons[火电机组最小停机时间约束1_27_72],0.0
cons[火电机组最小停机时间约束1_27_73],0.0
cons[火电机组最小停机时间约束1_27_74],0.0
cons[火电机组最小停机时间约束1_27_75],0.0
cons[火电机组最小停机时间约束1_27_76],0.0
cons[火电机组最小停机时间约束1_27_77],0.0
cons[火电机组最小停机时间约束1_27_78],0.0
cons[火电机组最小停机时间约束1_27_79],0.0
cons[火电机组最小停机时间约束2_27_80],0.0
cons[火电机组最小停机时间约束2_27_81],0.0
cons[火电机组最小停机时间约束2_27_82],0.0
cons[火电机组最小停机时间约束2_27_83],0.0
cons[火电机组最小停机时间约束2_27_84],0.0
cons[火电机组最小停机时间约束2_27_85],0.0
cons[火电机组最小停机时间约束2_27_86],0.0
cons[火电机组最小停机时间约束2_27_87],0.0
cons[火电机组最小停机时间约束2_27_88],0.0
cons[火电机组最小停机时间约束2_27_89],0.0
cons[火电机组最小停机时间约束2_27_90],0.0
cons[火电机组最小停机时间约束2_27_91],0.0
cons[火电机组最小停机时间约束2_27_92],0.0
cons[火电机组最小停机时间约束2_27_93],0.0
cons[火电机组最小停机时间约束2_27_94],0.0
cons[火电机组最小停机时间约束2_27_95],0.0
cons[火电机组最小开机时间约束1_28_0],0.0
cons[火电机组最小开机时间约束1_28_1],0.0
cons[火电机组最小开机时间约束1_28_2],0.0
cons[火电机组最小开机时间约束1_28_3],0.0
cons[火电机组最小开机时间约束1_28_4],0.0
cons[火电机组最小开机时间约束1_28_5],0.0
cons[火电机组最小开机时间约束1_28_6],0.0
cons[火电机组最小开机时间约束1_28_7],0.0
cons[火电机组最小开机时间约束1_28_8],0.0
cons[火电机组最小开机时间约束1_28_9],0.0
cons[火电机组最小开机时间约束1_28_10],0.0
cons[火电机组最小开机时间约束1_28_11],0.0
cons[火电机组最小开机时间约束1_28_12],0.0
cons[火电机组最小开机时间约束1_28_13],0.0
cons[火电机组最小开机时间约束1_28_14],0.0
cons[火电机组最小开机时间约束1_28_15],0.0
cons[火电机组最小开机时间约束1_28_16],0.0
cons[火电机组最小开机时间约束1_28_17],0.0
cons[火电机组最小开机时间约束1_28_18],0.0
cons[火电机组最小开机时间约束1_28_19],0.0
cons[火电机组最小开机时间约束1_28_20],0.0
cons[火电机组最小开机时间约束1_28_21],0.0
cons[火电机组最小开机时间约束1_28_22],0.0
cons[火电机组最小开机时间约束1_28_23],0.0
cons[火电机组最小开机时间约束1_28_24],0.0
cons[火电机组最小开机时间约束1_28_25],0.0
cons[火电机组最小开机时间约束1_28_26],0.0
cons[火电机组最小开机时间约束1_28_27],0.0
cons[火电机组最小开机时间约束1_28_28],0.0
cons[火电机组最小开机时间约束1_28_29],0.0
cons[火电机组最小开机时间约束1_28_30],0.0
cons[火电机组最小开机时间约束1_28_31],0.0
cons[火电机组最小开机时间约束1_28_32],0.0
cons[火电机组最小开机时间约束1_28_33],0.0
cons[火电机组最小开机时间约束1_28_34],0.0
cons[火电机组最小开机时间约束1_28_35],0.0
cons[火电机组最小开机时间约束1_28_36],0.0
cons[火电机组最小开机时间约束1_28_37],0.0
cons[火电机组最小开机时间约束1_28_38],0.0
cons[火电机组最小开机时间约束1_28_39],0.0
cons[火电机组最小开机时间约束1_28_40],0.0
cons[火电机组最小开机时间约束1_28_41],0.0
cons[火电机组最小开机时间约束1_28_42],0.0
cons[火电机组最小开机时间约束1_28_43],0.0
cons[火电机组最小开机时间约束1_28_44],0.0
cons[火电机组最小开机时间约束1_28_45],0.0
cons[火电机组最小开机时间约束1_28_46],0.0
cons[火电机组最小开机时间约束1_28_47],0.0
cons[火电机组最小开机时间约束1_28_48],0.0
cons[火电机组最小开机时间约束1_28_49],0.0
cons[火电机组最小开机时间约束1_28_50],0.0
cons[火电机组最小开机时间约束1_28_51],0.0
cons[火电机组最小开机时间约束1_28_52],0.0
cons[火电机组最小开机时间约束1_28_53],0.0
cons[火电机组最小开机时间约束1_28_54],0.0
cons[火电机组最小开机时间约束1_28_55],0.0
cons[火电机组最小开机时间约束1_28_56],0.0
cons[火电机组最小开机时间约束1_28_57],0.0
cons[火电机组最小开机时间约束1_28_58],0.0
cons[火电机组最小开机时间约束1_28_59],0.0
cons[火电机组最小开机时间约束1_28_60],0.0
cons[火电机组最小开机时间约束1_28_61],0.0
cons[火电机组最小开机时间约束1_28_62],0.0
cons[火电机组最小开机时间约束1_28_63],0.0
cons[火电机组最小开机时间约束1_28_64],0.0
cons[火电机组最小开机时间约束1_28_65],0.0
cons[火电机组最小开机时间约束1_28_66],0.0
cons[火电机组最小开机时间约束1_28_67],0.0
cons[火电机组最小开机时间约束1_28_68],0.0
cons[火电机组最小开机时间约束1_28_69],0.0
cons[火电机组最小开机时间约束1_28_70],0.0
cons[火电机组最小开机时间约束1_28_71],0.0
cons[火电机组最小开机时间约束2_28_72],0.0
cons[火电机组最小开机时间约束2_28_73],0.0
cons[火电机组最小开机时间约束2_28_74],0.0
cons[火电机组最小开机时间约束2_28_75],0.0
cons[火电机组最小开机时间约束2_28_76],0.0
cons[火电机组最小开机时间约束2_28_77],0.0
cons[火电机组最小开机时间约束2_28_78],0.0
cons[火电机组最小开机时间约束2_28_79],0.0
cons[火电机组最小开机时间约束2_28_80],0.0
cons[火电机组最小开机时间约束2_28_81],0.0
cons[火电机组最小开机时间约束2_28_82],0.0
cons[火电机组最小开机时间约束2_28_83],0.0
cons[火电机组最小开机时间约束2_28_84],0.0
cons[火电机组最小开机时间约束2_28_85],0.0
cons[火电机组最小开机时间约束2_28_86],0.0
cons[火电机组最小开机时间约束2_28_87],0.0
cons[火电机组最小开机时间约束2_28_88],0.0
cons[火电机组最小开机时间约束2_28_89],0.0
cons[火电机组最小开机时间约束2_28_90],0.0
cons[火电机组最小开机时间约束2_28_91],0.0
cons[火电机组最小开机时间约束2_28_92],0.0
cons[火电机组最小开机时间约束2_28_93],0.0
cons[火电机组最小开机时间约束2_28_94],0.0
cons[火电机组最小开机时间约束2_28_95],0.0
cons[火电机组最小停机时间约束1_28_0],0.0
cons[火电机组最小停机时间约束1_28_1],0.0
cons[火电机组最小停机时间约束1_28_2],0.0
cons[火电机组最小停机时间约束1_28_3],0.0
cons[火电机组最小停机时间约束1_28_4],0.0
cons[火电机组最小停机时间约束1_28_5],0.0
cons[火电机组最小停机时间约束1_28_6],0.0
cons[火电机组最小停机时间约束1_28_7],0.0
cons[火电机组最小停机时间约束1_28_8],0.0
cons[火电机组最小停机时间约束1_28_9],0.0
cons[火电机组最小停机时间约束1_28_10],0.0
cons[火电机组最小停机时间约束1_28_11],0.0
cons[火电机组最小停机时间约束1_28_12],0.0
cons[火电机组最小停机时间约束1_28_13],0.0
cons[火电机组最小停机时间约束1_28_14],0.0
cons[火电机组最小停机时间约束1_28_15],0.0
cons[火电机组最小停机时间约束1_28_16],0.0
cons[火电机组最小停机时间约束1_28_17],0.0
cons[火电机组最小停机时间约束1_28_18],0.0
cons[火电机组最小停机时间约束1_28_19],0.0
cons[火电机组最小停机时间约束1_28_20],0.0
cons[火电机组最小停机时间约束1_28_21],0.0
cons[火电机组最小停机时间约束1_28_22],0.0
cons[火电机组最小停机时间约束1_28_23],0.0
cons[火电机组最小停机时间约束1_28_24],0.0
cons[火电机组最小停机时间约束1_28_25],0.0
cons[火电机组最小停机时间约束1_28_26],0.0
cons[火电机组最小停机时间约束1_28_27],0.0
cons[火电机组最小停机时间约束1_28_28],0.0
cons[火电机组最小停机时间约束1_28_29],0.0
cons[火电机组最小停机时间约束1_28_30],0.0
cons[火电机组最小停机时间约束1_28_31],0.0
cons[火电机组最小停机时间约束1_28_32],0.0
cons[火电机组最小停机时间约束1_28_33],0.0
cons[火电机组最小停机时间约束1_28_34],0.0
cons[火电机组最小停机时间约束1_28_35],0.0
cons[火电机组最小停机时间约束1_28_36],0.0
cons[火电机组最小停机时间约束1_28_37],0.0
cons[火电机组最小停机时间约束1_28_38],0.0
cons[火电机组最小停机时间约束1_28_39],0.0
cons[火电机组最小停机时间约束1_28_40],0.0
cons[火电机组最小停机时间约束1_28_41],0.0
cons[火电机组最小停机时间约束1_28_42],0.0
cons[火电机组最小停机时间约束1_28_43],0.0
cons[火电机组最小停机时间约束1_28_44],0.0
cons[火电机组最小停机时间约束1_28_45],0.0
cons[火电机组最小停机时间约束1_28_46],0.0
cons[火电机组最小停机时间约束1_28_47],0.0
cons[火电机组最小停机时间约束1_28_48],0.0
cons[火电机组最小停机时间约束1_28_49],0.0
cons[火电机组最小停机时间约束1_28_50],0.0
cons[火电机组最小停机时间约束1_28_51],0.0
cons[火电机组最小停机时间约束1_28_52],0.0
cons[火电机组最小停机时间约束1_28_53],0.0
cons[火电机组最小停机时间约束1_28_54],0.0
cons[火电机组最小停机时间约束1_28_55],0.0
cons[火电机组最小停机时间约束1_28_56],0.0
cons[火电机组最小停机时间约束1_28_57],0.0
cons[火电机组最小停机时间约束1_28_58],0.0
cons[火电机组最小停机时间约束1_28_59],0.0
cons[火电机组最小停机时间约束1_28_60],0.0
cons[火电机组最小停机时间约束1_28_61],0.0
cons[火电机组最小停机时间约束1_28_62],0.0
cons[火电机组最小停机时间约束1_28_63],0.0
cons[火电机组最小停机时间约束1_28_64],0.0
cons[火电机组最小停机时间约束1_28_65],0.0
cons[火电机组最小停机时间约束1_28_66],0.0
cons[火电机组最小停机时间约束1_28_67],0.0
cons[火电机组最小停机时间约束1_28_68],0.0
cons[火电机组最小停机时间约束1_28_69],0.0
cons[火电机组最小停机时间约束1_28_70],0.0
cons[火电机组最小停机时间约束1_28_71],0.0
cons[火电机组最小停机时间约束1_28_72],0.0
cons[火电机组最小停机时间约束1_28_73],0.0
cons[火电机组最小停机时间约束1_28_74],0.0
cons[火电机组最小停机时间约束1_28_75],0.0
cons[火电机组最小停机时间约束1_28_76],0.0
cons[火电机组最小停机时间约束1_28_77],0.0
cons[火电机组最小停机时间约束1_28_78],0.0
cons[火电机组最小停机时间约束1_28_79],0.0
cons[火电机组最小停机时间约束2_28_80],0.0
cons[火电机组最小停机时间约束2_28_81],0.0
cons[火电机组最小停机时间约束2_28_82],0.0
cons[火电机组最小停机时间约束2_28_83],0.0
cons[火电机组最小停机时间约束2_28_84],0.0
cons[火电机组最小停机时间约束2_28_85],0.0
cons[火电机组最小停机时间约束2_28_86],0.0
cons[火电机组最小停机时间约束2_28_87],0.0
cons[火电机组最小停机时间约束2_28_88],0.0
cons[火电机组最小停机时间约束2_28_89],0.0
cons[火电机组最小停机时间约束2_28_90],0.0
cons[火电机组最小停机时间约束2_28_91],0.0
cons[火电机组最小停机时间约束2_28_92],0.0
cons[火电机组最小停机时间约束2_28_93],0.0
cons[火电机组最小停机时间约束2_28_94],0.0
cons[火电机组最小停机时间约束2_28_95],0.0
cons[火电机组最小开机时间约束1_29_0],0.0
cons[火电机组最小开机时间约束1_29_1],0.0
cons[火电机组最小开机时间约束1_29_2],0.0
cons[火电机组最小开机时间约束1_29_3],0.0
cons[火电机组最小开机时间约束1_29_4],0.0
cons[火电机组最小开机时间约束1_29_5],0.0
cons[火电机组最小开机时间约束1_29_6],0.0
cons[火电机组最小开机时间约束1_29_7],0.0
cons[火电机组最小开机时间约束1_29_8],0.0
cons[火电机组最小开机时间约束1_29_9],0.0
cons[火电机组最小开机时间约束1_29_10],0.0
cons[火电机组最小开机时间约束1_29_11],0.0
cons[火电机组最小开机时间约束1_29_12],0.0
cons[火电机组最小开机时间约束1_29_13],0.0
cons[火电机组最小开机时间约束1_29_14],0.0
cons[火电机组最小开机时间约束1_29_15],0.0
cons[火电机组最小开机时间约束1_29_16],0.0
cons[火电机组最小开机时间约束1_29_17],0.0
cons[火电机组最小开机时间约束1_29_18],0.0
cons[火电机组最小开机时间约束1_29_19],0.0
cons[火电机组最小开机时间约束1_29_20],0.0
cons[火电机组最小开机时间约束1_29_21],0.0
cons[火电机组最小开机时间约束1_29_22],0.0
cons[火电机组最小开机时间约束1_29_23],0.0
cons[火电机组最小开机时间约束1_29_24],0.0
cons[火电机组最小开机时间约束1_29_25],0.0
cons[火电机组最小开机时间约束1_29_26],0.0
cons[火电机组最小开机时间约束1_29_27],0.0
cons[火电机组最小开机时间约束1_29_28],0.0
cons[火电机组最小开机时间约束1_29_29],0.0
cons[火电机组最小开机时间约束1_29_30],0.0
cons[火电机组最小开机时间约束1_29_31],0.0
cons[火电机组最小开机时间约束1_29_32],0.0
cons[火电机组最小开机时间约束1_29_33],0.0
cons[火电机组最小开机时间约束1_29_34],0.0
cons[火电机组最小开机时间约束1_29_35],0.0
cons[火电机组最小开机时间约束1_29_36],0.0
cons[火电机组最小开机时间约束1_29_37],0.0
cons[火电机组最小开机时间约束1_29_38],0.0
cons[火电机组最小开机时间约束1_29_39],0.0
cons[火电机组最小开机时间约束1_29_40],0.0
cons[火电机组最小开机时间约束1_29_41],0.0
cons[火电机组最小开机时间约束1_29_42],0.0
cons[火电机组最小开机时间约束1_29_43],0.0
cons[火电机组最小开机时间约束1_29_44],0.0
cons[火电机组最小开机时间约束1_29_45],0.0
cons[火电机组最小开机时间约束1_29_46],0.0
cons[火电机组最小开机时间约束1_29_47],0.0
cons[火电机组最小开机时间约束1_29_48],0.0
cons[火电机组最小开机时间约束1_29_49],0.0
cons[火电机组最小开机时间约束1_29_50],0.0
cons[火电机组最小开机时间约束1_29_51],0.0
cons[火电机组最小开机时间约束1_29_52],0.0
cons[火电机组最小开机时间约束1_29_53],0.0
cons[火电机组最小开机时间约束1_29_54],0.0
cons[火电机组最小开机时间约束1_29_55],0.0
cons[火电机组最小开机时间约束1_29_56],0.0
cons[火电机组最小开机时间约束1_29_57],0.0
cons[火电机组最小开机时间约束1_29_58],0.0
cons[火电机组最小开机时间约束1_29_59],0.0
cons[火电机组最小开机时间约束1_29_60],0.0
cons[火电机组最小开机时间约束1_29_61],0.0
cons[火电机组最小开机时间约束1_29_62],0.0
cons[火电机组最小开机时间约束1_29_63],0.0
cons[火电机组最小开机时间约束1_29_64],0.0
cons[火电机组最小开机时间约束1_29_65],0.0
cons[火电机组最小开机时间约束1_29_66],0.0
cons[火电机组最小开机时间约束1_29_67],0.0
cons[火电机组最小开机时间约束1_29_68],0.0
cons[火电机组最小开机时间约束1_29_69],0.0
cons[火电机组最小开机时间约束1_29_70],0.0
cons[火电机组最小开机时间约束1_29_71],0.0
cons[火电机组最小开机时间约束2_29_72],0.0
cons[火电机组最小开机时间约束2_29_73],0.0
cons[火电机组最小开机时间约束2_29_74],0.0
cons[火电机组最小开机时间约束2_29_75],0.0
cons[火电机组最小开机时间约束2_29_76],0.0
cons[火电机组最小开机时间约束2_29_77],0.0
cons[火电机组最小开机时间约束2_29_78],0.0
cons[火电机组最小开机时间约束2_29_79],0.0
cons[火电机组最小开机时间约束2_29_80],0.0
cons[火电机组最小开机时间约束2_29_81],0.0
cons[火电机组最小开机时间约束2_29_82],0.0
cons[火电机组最小开机时间约束2_29_83],0.0
cons[火电机组最小开机时间约束2_29_84],0.0
cons[火电机组最小开机时间约束2_29_85],0.0
cons[火电机组最小开机时间约束2_29_86],0.0
cons[火电机组最小开机时间约束2_29_87],0.0
cons[火电机组最小开机时间约束2_29_88],0.0
cons[火电机组最小开机时间约束2_29_89],0.0
cons[火电机组最小开机时间约束2_29_90],0.0
cons[火电机组最小开机时间约束2_29_91],0.0
cons[火电机组最小开机时间约束2_29_92],0.0
cons[火电机组最小开机时间约束2_29_93],0.0
cons[火电机组最小开机时间约束2_29_94],0.0
cons[火电机组最小开机时间约束2_29_95],0.0
cons[火电机组最小停机时间约束1_29_0],0.0
cons[火电机组最小停机时间约束1_29_1],0.0
cons[火电机组最小停机时间约束1_29_2],0.0
cons[火电机组最小停机时间约束1_29_3],0.0
cons[火电机组最小停机时间约束1_29_4],0.0
cons[火电机组最小停机时间约束1_29_5],0.0
cons[火电机组最小停机时间约束1_29_6],0.0
cons[火电机组最小停机时间约束1_29_7],0.0
cons[火电机组最小停机时间约束1_29_8],0.0
cons[火电机组最小停机时间约束1_29_9],0.0
cons[火电机组最小停机时间约束1_29_10],0.0
cons[火电机组最小停机时间约束1_29_11],0.0
cons[火电机组最小停机时间约束1_29_12],0.0
cons[火电机组最小停机时间约束1_29_13],0.0
cons[火电机组最小停机时间约束1_29_14],0.0
cons[火电机组最小停机时间约束1_29_15],0.0
cons[火电机组最小停机时间约束1_29_16],0.0
cons[火电机组最小停机时间约束1_29_17],0.0
cons[火电机组最小停机时间约束1_29_18],0.0
cons[火电机组最小停机时间约束1_29_19],0.0
cons[火电机组最小停机时间约束1_29_20],0.0
cons[火电机组最小停机时间约束1_29_21],0.0
cons[火电机组最小停机时间约束1_29_22],0.0
cons[火电机组最小停机时间约束1_29_23],0.0
cons[火电机组最小停机时间约束1_29_24],0.0
cons[火电机组最小停机时间约束1_29_25],0.0
cons[火电机组最小停机时间约束1_29_26],0.0
cons[火电机组最小停机时间约束1_29_27],0.0
cons[火电机组最小停机时间约束1_29_28],0.0
cons[火电机组最小停机时间约束1_29_29],0.0
cons[火电机组最小停机时间约束1_29_30],0.0
cons[火电机组最小停机时间约束1_29_31],0.0
cons[火电机组最小停机时间约束1_29_32],0.0
cons[火电机组最小停机时间约束1_29_33],0.0
cons[火电机组最小停机时间约束1_29_34],0.0
cons[火电机组最小停机时间约束1_29_35],0.0
cons[火电机组最小停机时间约束1_29_36],0.0
cons[火电机组最小停机时间约束1_29_37],0.0
cons[火电机组最小停机时间约束1_29_38],0.0
cons[火电机组最小停机时间约束1_29_39],0.0
cons[火电机组最小停机时间约束1_29_40],0.0
cons[火电机组最小停机时间约束1_29_41],0.0
cons[火电机组最小停机时间约束1_29_42],0.0
cons[火电机组最小停机时间约束1_29_43],0.0
cons[火电机组最小停机时间约束1_29_44],0.0
cons[火电机组最小停机时间约束1_29_45],0.0
cons[火电机组最小停机时间约束1_29_46],0.0
cons[火电机组最小停机时间约束1_29_47],0.0
cons[火电机组最小停机时间约束1_29_48],0.0
cons[火电机组最小停机时间约束1_29_49],0.0
cons[火电机组最小停机时间约束1_29_50],0.0
cons[火电机组最小停机时间约束1_29_51],0.0
cons[火电机组最小停机时间约束1_29_52],0.0
cons[火电机组最小停机时间约束1_29_53],0.0
cons[火电机组最小停机时间约束1_29_54],0.0
cons[火电机组最小停机时间约束1_29_55],0.0
cons[火电机组最小停机时间约束1_29_56],0.0
cons[火电机组最小停机时间约束1_29_57],0.0
cons[火电机组最小停机时间约束1_29_58],0.0
cons[火电机组最小停机时间约束1_29_59],0.0
cons[火电机组最小停机时间约束1_29_60],0.0
cons[火电机组最小停机时间约束1_29_61],0.0
cons[火电机组最小停机时间约束1_29_62],0.0
cons[火电机组最小停机时间约束1_29_63],0.0
cons[火电机组最小停机时间约束1_29_64],0.0
cons[火电机组最小停机时间约束1_29_65],0.0
cons[火电机组最小停机时间约束1_29_66],0.0
cons[火电机组最小停机时间约束1_29_67],0.0
cons[火电机组最小停机时间约束1_29_68],0.0
cons[火电机组最小停机时间约束1_29_69],0.0
cons[火电机组最小停机时间约束1_29_70],0.0
cons[火电机组最小停机时间约束1_29_71],0.0
cons[火电机组最小停机时间约束1_29_72],0.0
cons[火电机组最小停机时间约束1_29_73],0.0
cons[火电机组最小停机时间约束1_29_74],0.0
cons[火电机组最小停机时间约束1_29_75],0.0
cons[火电机组最小停机时间约束1_29_76],0.0
cons[火电机组最小停机时间约束1_29_77],0.0
cons[火电机组最小停机时间约束1_29_78],0.0
cons[火电机组最小停机时间约束1_29_79],0.0
cons[火电机组最小停机时间约束2_29_80],0.0
cons[火电机组最小停机时间约束2_29_81],0.0
cons[火电机组最小停机时间约束2_29_82],0.0
cons[火电机组最小停机时间约束2_29_83],0.0
cons[火电机组最小停机时间约束2_29_84],0.0
cons[火电机组最小停机时间约束2_29_85],0.0
cons[火电机组最小停机时间约束2_29_86],0.0
cons[火电机组最小停机时间约束2_29_87],0.0
cons[火电机组最小停机时间约束2_29_88],0.0
cons[火电机组最小停机时间约束2_29_89],0.0
cons[火电机组最小停机时间约束2_29_90],0.0
cons[火电机组最小停机时间约束2_29_91],0.0
cons[火电机组最小停机时间约束2_29_92],0.0
cons[火电机组最小停机时间约束2_29_93],0.0
cons[火电机组最小停机时间约束2_29_94],0.0
cons[火电机组最小停机时间约束2_29_95],0.0
cons[火电机组最小开机时间约束1_30_0],0.0
cons[火电机组最小开机时间约束1_30_1],0.0
cons[火电机组最小开机时间约束1_30_2],0.0
cons[火电机组最小开机时间约束1_30_3],0.0
cons[火电机组最小开机时间约束1_30_4],0.0
cons[火电机组最小开机时间约束1_30_5],0.0
cons[火电机组最小开机时间约束1_30_6],0.0
cons[火电机组最小开机时间约束1_30_7],0.0
cons[火电机组最小开机时间约束1_30_8],0.0
cons[火电机组最小开机时间约束1_30_9],0.0
cons[火电机组最小开机时间约束1_30_10],0.0
cons[火电机组最小开机时间约束1_30_11],0.0
cons[火电机组最小开机时间约束1_30_12],0.0
cons[火电机组最小开机时间约束1_30_13],0.0
cons[火电机组最小开机时间约束1_30_14],0.0
cons[火电机组最小开机时间约束1_30_15],0.0
cons[火电机组最小开机时间约束1_30_16],0.0
cons[火电机组最小开机时间约束1_30_17],0.0
cons[火电机组最小开机时间约束1_30_18],0.0
cons[火电机组最小开机时间约束1_30_19],0.0
cons[火电机组最小开机时间约束1_30_20],0.0
cons[火电机组最小开机时间约束1_30_21],0.0
cons[火电机组最小开机时间约束1_30_22],0.0
cons[火电机组最小开机时间约束1_30_23],0.0
cons[火电机组最小开机时间约束1_30_24],0.0
cons[火电机组最小开机时间约束1_30_25],0.0
cons[火电机组最小开机时间约束1_30_26],0.0
cons[火电机组最小开机时间约束1_30_27],0.0
cons[火电机组最小开机时间约束1_30_28],0.0
cons[火电机组最小开机时间约束1_30_29],0.0
cons[火电机组最小开机时间约束1_30_30],0.0
cons[火电机组最小开机时间约束1_30_31],0.0
cons[火电机组最小开机时间约束1_30_32],0.0
cons[火电机组最小开机时间约束1_30_33],0.0
cons[火电机组最小开机时间约束1_30_34],0.0
cons[火电机组最小开机时间约束1_30_35],0.0
cons[火电机组最小开机时间约束1_30_36],0.0
cons[火电机组最小开机时间约束1_30_37],0.0
cons[火电机组最小开机时间约束1_30_38],0.0
cons[火电机组最小开机时间约束1_30_39],0.0
cons[火电机组最小开机时间约束1_30_40],0.0
cons[火电机组最小开机时间约束1_30_41],0.0
cons[火电机组最小开机时间约束1_30_42],0.0
cons[火电机组最小开机时间约束1_30_43],0.0
cons[火电机组最小开机时间约束1_30_44],0.0
cons[火电机组最小开机时间约束1_30_45],0.0
cons[火电机组最小开机时间约束1_30_46],0.0
cons[火电机组最小开机时间约束1_30_47],0.0
cons[火电机组最小开机时间约束1_30_48],0.0
cons[火电机组最小开机时间约束1_30_49],0.0
cons[火电机组最小开机时间约束1_30_50],0.0
cons[火电机组最小开机时间约束1_30_51],0.0
cons[火电机组最小开机时间约束1_30_52],0.0
cons[火电机组最小开机时间约束1_30_53],0.0
cons[火电机组最小开机时间约束1_30_54],0.0
cons[火电机组最小开机时间约束1_30_55],0.0
cons[火电机组最小开机时间约束1_30_56],0.0
cons[火电机组最小开机时间约束1_30_57],0.0
cons[火电机组最小开机时间约束1_30_58],0.0
cons[火电机组最小开机时间约束1_30_59],0.0
cons[火电机组最小开机时间约束1_30_60],0.0
cons[火电机组最小开机时间约束1_30_61],0.0
cons[火电机组最小开机时间约束1_30_62],0.0
cons[火电机组最小开机时间约束1_30_63],0.0
cons[火电机组最小开机时间约束1_30_64],0.0
cons[火电机组最小开机时间约束1_30_65],0.0
cons[火电机组最小开机时间约束1_30_66],0.0
cons[火电机组最小开机时间约束1_30_67],0.0
cons[火电机组最小开机时间约束1_30_68],0.0
cons[火电机组最小开机时间约束1_30_69],0.0
cons[火电机组最小开机时间约束1_30_70],0.0
cons[火电机组最小开机时间约束1_30_71],0.0
cons[火电机组最小开机时间约束2_30_72],0.0
cons[火电机组最小开机时间约束2_30_73],0.0
cons[火电机组最小开机时间约束2_30_74],0.0
cons[火电机组最小开机时间约束2_30_75],0.0
cons[火电机组最小开机时间约束2_30_76],0.0
cons[火电机组最小开机时间约束2_30_77],0.0
cons[火电机组最小开机时间约束2_30_78],0.0
cons[火电机组最小开机时间约束2_30_79],0.0
cons[火电机组最小开机时间约束2_30_80],0.0
cons[火电机组最小开机时间约束2_30_81],0.0
cons[火电机组最小开机时间约束2_30_82],0.0
cons[火电机组最小开机时间约束2_30_83],0.0
cons[火电机组最小开机时间约束2_30_84],0.0
cons[火电机组最小开机时间约束2_30_85],0.0
cons[火电机组最小开机时间约束2_30_86],0.0
cons[火电机组最小开机时间约束2_30_87],0.0
cons[火电机组最小开机时间约束2_30_88],0.0
cons[火电机组最小开机时间约束2_30_89],0.0
cons[火电机组最小开机时间约束2_30_90],0.0
cons[火电机组最小开机时间约束2_30_91],0.0
cons[火电机组最小开机时间约束2_30_92],0.0
cons[火电机组最小开机时间约束2_30_93],0.0
cons[火电机组最小开机时间约束2_30_94],0.0
cons[火电机组最小开机时间约束2_30_95],0.0
cons[火电机组最小停机时间约束1_30_0],0.0
cons[火电机组最小停机时间约束1_30_1],0.0
cons[火电机组最小停机时间约束1_30_2],0.0
cons[火电机组最小停机时间约束1_30_3],0.0
cons[火电机组最小停机时间约束1_30_4],0.0
cons[火电机组最小停机时间约束1_30_5],0.0
cons[火电机组最小停机时间约束1_30_6],0.0
cons[火电机组最小停机时间约束1_30_7],0.0
cons[火电机组最小停机时间约束1_30_8],0.0
cons[火电机组最小停机时间约束1_30_9],0.0
cons[火电机组最小停机时间约束1_30_10],0.0
cons[火电机组最小停机时间约束1_30_11],0.0
cons[火电机组最小停机时间约束1_30_12],0.0
cons[火电机组最小停机时间约束1_30_13],0.0
cons[火电机组最小停机时间约束1_30_14],0.0
cons[火电机组最小停机时间约束1_30_15],0.0
cons[火电机组最小停机时间约束1_30_16],0.0
cons[火电机组最小停机时间约束1_30_17],0.0
cons[火电机组最小停机时间约束1_30_18],0.0
cons[火电机组最小停机时间约束1_30_19],0.0
cons[火电机组最小停机时间约束1_30_20],0.0
cons[火电机组最小停机时间约束1_30_21],0.0
cons[火电机组最小停机时间约束1_30_22],0.0
cons[火电机组最小停机时间约束1_30_23],0.0
cons[火电机组最小停机时间约束1_30_24],0.0
cons[火电机组最小停机时间约束1_30_25],0.0
cons[火电机组最小停机时间约束1_30_26],0.0
cons[火电机组最小停机时间约束1_30_27],0.0
cons[火电机组最小停机时间约束1_30_28],0.0
cons[火电机组最小停机时间约束1_30_29],0.0
cons[火电机组最小停机时间约束1_30_30],0.0
cons[火电机组最小停机时间约束1_30_31],0.0
cons[火电机组最小停机时间约束1_30_32],0.0
cons[火电机组最小停机时间约束1_30_33],0.0
cons[火电机组最小停机时间约束1_30_34],0.0
cons[火电机组最小停机时间约束1_30_35],0.0
cons[火电机组最小停机时间约束1_30_36],0.0
cons[火电机组最小停机时间约束1_30_37],0.0
cons[火电机组最小停机时间约束1_30_38],0.0
cons[火电机组最小停机时间约束1_30_39],0.0
cons[火电机组最小停机时间约束1_30_40],0.0
cons[火电机组最小停机时间约束1_30_41],0.0
cons[火电机组最小停机时间约束1_30_42],0.0
cons[火电机组最小停机时间约束1_30_43],0.0
cons[火电机组最小停机时间约束1_30_44],0.0
cons[火电机组最小停机时间约束1_30_45],0.0
cons[火电机组最小停机时间约束1_30_46],0.0
cons[火电机组最小停机时间约束1_30_47],0.0
cons[火电机组最小停机时间约束1_30_48],0.0
cons[火电机组最小停机时间约束1_30_49],0.0
cons[火电机组最小停机时间约束1_30_50],0.0
cons[火电机组最小停机时间约束1_30_51],0.0
cons[火电机组最小停机时间约束1_30_52],0.0
cons[火电机组最小停机时间约束1_30_53],0.0
cons[火电机组最小停机时间约束1_30_54],0.0
cons[火电机组最小停机时间约束1_30_55],0.0
cons[火电机组最小停机时间约束1_30_56],0.0
cons[火电机组最小停机时间约束1_30_57],0.0
cons[火电机组最小停机时间约束1_30_58],0.0
cons[火电机组最小停机时间约束1_30_59],0.0
cons[火电机组最小停机时间约束1_30_60],0.0
cons[火电机组最小停机时间约束1_30_61],0.0
cons[火电机组最小停机时间约束1_30_62],0.0
cons[火电机组最小停机时间约束1_30_63],0.0
cons[火电机组最小停机时间约束1_30_64],0.0
cons[火电机组最小停机时间约束1_30_65],0.0
cons[火电机组最小停机时间约束1_30_66],0.0
cons[火电机组最小停机时间约束1_30_67],0.0
cons[火电机组最小停机时间约束1_30_68],0.0
cons[火电机组最小停机时间约束1_30_69],0.0
cons[火电机组最小停机时间约束1_30_70],0.0
cons[火电机组最小停机时间约束1_30_71],0.0
cons[火电机组最小停机时间约束1_30_72],0.0
cons[火电机组最小停机时间约束1_30_73],0.0
cons[火电机组最小停机时间约束1_30_74],0.0
cons[火电机组最小停机时间约束1_30_75],0.0
cons[火电机组最小停机时间约束1_30_76],0.0
cons[火电机组最小停机时间约束1_30_77],0.0
cons[火电机组最小停机时间约束1_30_78],0.0
cons[火电机组最小停机时间约束1_30_79],0.0
cons[火电机组最小停机时间约束2_30_80],0.0
cons[火电机组最小停机时间约束2_30_81],0.0
cons[火电机组最小停机时间约束2_30_82],0.0
cons[火电机组最小停机时间约束2_30_83],0.0
cons[火电机组最小停机时间约束2_30_84],0.0
cons[火电机组最小停机时间约束2_30_85],0.0
cons[火电机组最小停机时间约束2_30_86],0.0
cons[火电机组最小停机时间约束2_30_87],0.0
cons[火电机组最小停机时间约束2_30_88],0.0
cons[火电机组最小停机时间约束2_30_89],0.0
cons[火电机组最小停机时间约束2_30_90],0.0
cons[火电机组最小停机时间约束2_30_91],0.0
cons[火电机组最小停机时间约束2_30_92],0.0
cons[火电机组最小停机时间约束2_30_93],0.0
cons[火电机组最小停机时间约束2_30_94],0.0
cons[火电机组最小停机时间约束2_30_95],0.0
cons[火电机组最小开机时间约束1_31_0],0.0
cons[火电机组最小开机时间约束1_31_1],0.0
cons[火电机组最小开机时间约束1_31_2],0.0
cons[火电机组最小开机时间约束1_31_3],0.0
cons[火电机组最小开机时间约束1_31_4],0.0
cons[火电机组最小开机时间约束1_31_5],0.0
cons[火电机组最小开机时间约束1_31_6],0.0
cons[火电机组最小开机时间约束1_31_7],0.0
cons[火电机组最小开机时间约束1_31_8],0.0
cons[火电机组最小开机时间约束1_31_9],0.0
cons[火电机组最小开机时间约束1_31_10],0.0
cons[火电机组最小开机时间约束1_31_11],0.0
cons[火电机组最小开机时间约束1_31_12],0.0
cons[火电机组最小开机时间约束1_31_13],0.0
cons[火电机组最小开机时间约束1_31_14],0.0
cons[火电机组最小开机时间约束1_31_15],0.0
cons[火电机组最小开机时间约束1_31_16],0.0
cons[火电机组最小开机时间约束1_31_17],0.0
cons[火电机组最小开机时间约束1_31_18],0.0
cons[火电机组最小开机时间约束1_31_19],0.0
cons[火电机组最小开机时间约束1_31_20],0.0
cons[火电机组最小开机时间约束1_31_21],0.0
cons[火电机组最小开机时间约束1_31_22],0.0
cons[火电机组最小开机时间约束1_31_23],0.0
cons[火电机组最小开机时间约束1_31_24],0.0
cons[火电机组最小开机时间约束1_31_25],0.0
cons[火电机组最小开机时间约束1_31_26],0.0
cons[火电机组最小开机时间约束1_31_27],0.0
cons[火电机组最小开机时间约束1_31_28],0.0
cons[火电机组最小开机时间约束1_31_29],0.0
cons[火电机组最小开机时间约束1_31_30],0.0
cons[火电机组最小开机时间约束1_31_31],0.0
cons[火电机组最小开机时间约束1_31_32],0.0
cons[火电机组最小开机时间约束1_31_33],0.0
cons[火电机组最小开机时间约束1_31_34],0.0
cons[火电机组最小开机时间约束1_31_35],0.0
cons[火电机组最小开机时间约束1_31_36],0.0
cons[火电机组最小开机时间约束1_31_37],0.0
cons[火电机组最小开机时间约束1_31_38],0.0
cons[火电机组最小开机时间约束1_31_39],0.0
cons[火电机组最小开机时间约束1_31_40],0.0
cons[火电机组最小开机时间约束1_31_41],0.0
cons[火电机组最小开机时间约束1_31_42],0.0
cons[火电机组最小开机时间约束1_31_43],0.0
cons[火电机组最小开机时间约束1_31_44],0.0
cons[火电机组最小开机时间约束1_31_45],0.0
cons[火电机组最小开机时间约束1_31_46],0.0
cons[火电机组最小开机时间约束1_31_47],0.0
cons[火电机组最小开机时间约束1_31_48],0.0
cons[火电机组最小开机时间约束1_31_49],0.0
cons[火电机组最小开机时间约束1_31_50],0.0
cons[火电机组最小开机时间约束1_31_51],0.0
cons[火电机组最小开机时间约束1_31_52],0.0
cons[火电机组最小开机时间约束1_31_53],0.0
cons[火电机组最小开机时间约束1_31_54],0.0
cons[火电机组最小开机时间约束1_31_55],0.0
cons[火电机组最小开机时间约束1_31_56],0.0
cons[火电机组最小开机时间约束1_31_57],0.0
cons[火电机组最小开机时间约束1_31_58],0.0
cons[火电机组最小开机时间约束1_31_59],0.0
cons[火电机组最小开机时间约束1_31_60],0.0
cons[火电机组最小开机时间约束1_31_61],0.0
cons[火电机组最小开机时间约束1_31_62],0.0
cons[火电机组最小开机时间约束1_31_63],0.0
cons[火电机组最小开机时间约束1_31_64],0.0
cons[火电机组最小开机时间约束1_31_65],0.0
cons[火电机组最小开机时间约束1_31_66],0.0
cons[火电机组最小开机时间约束1_31_67],0.0
cons[火电机组最小开机时间约束1_31_68],0.0
cons[火电机组最小开机时间约束1_31_69],0.0
cons[火电机组最小开机时间约束1_31_70],0.0
cons[火电机组最小开机时间约束1_31_71],0.0
cons[火电机组最小开机时间约束2_31_72],0.0
cons[火电机组最小开机时间约束2_31_73],0.0
cons[火电机组最小开机时间约束2_31_74],0.0
cons[火电机组最小开机时间约束2_31_75],0.0
cons[火电机组最小开机时间约束2_31_76],0.0
cons[火电机组最小开机时间约束2_31_77],0.0
cons[火电机组最小开机时间约束2_31_78],0.0
cons[火电机组最小开机时间约束2_31_79],0.0
cons[火电机组最小开机时间约束2_31_80],0.0
cons[火电机组最小开机时间约束2_31_81],0.0
cons[火电机组最小开机时间约束2_31_82],0.0
cons[火电机组最小开机时间约束2_31_83],0.0
cons[火电机组最小开机时间约束2_31_84],0.0
cons[火电机组最小开机时间约束2_31_85],0.0
cons[火电机组最小开机时间约束2_31_86],0.0
cons[火电机组最小开机时间约束2_31_87],0.0
cons[火电机组最小开机时间约束2_31_88],0.0
cons[火电机组最小开机时间约束2_31_89],0.0
cons[火电机组最小开机时间约束2_31_90],0.0
cons[火电机组最小开机时间约束2_31_91],0.0
cons[火电机组最小开机时间约束2_31_92],0.0
cons[火电机组最小开机时间约束2_31_93],0.0
cons[火电机组最小开机时间约束2_31_94],0.0
cons[火电机组最小开机时间约束2_31_95],0.0
cons[火电机组最小停机时间约束1_31_0],0.0
cons[火电机组最小停机时间约束1_31_1],0.0
cons[火电机组最小停机时间约束1_31_2],0.0
cons[火电机组最小停机时间约束1_31_3],0.0
cons[火电机组最小停机时间约束1_31_4],0.0
cons[火电机组最小停机时间约束1_31_5],0.0
cons[火电机组最小停机时间约束1_31_6],0.0
cons[火电机组最小停机时间约束1_31_7],0.0
cons[火电机组最小停机时间约束1_31_8],0.0
cons[火电机组最小停机时间约束1_31_9],0.0
cons[火电机组最小停机时间约束1_31_10],0.0
cons[火电机组最小停机时间约束1_31_11],0.0
cons[火电机组最小停机时间约束1_31_12],0.0
cons[火电机组最小停机时间约束1_31_13],0.0
cons[火电机组最小停机时间约束1_31_14],0.0
cons[火电机组最小停机时间约束1_31_15],0.0
cons[火电机组最小停机时间约束1_31_16],0.0
cons[火电机组最小停机时间约束1_31_17],0.0
cons[火电机组最小停机时间约束1_31_18],0.0
cons[火电机组最小停机时间约束1_31_19],0.0
cons[火电机组最小停机时间约束1_31_20],0.0
cons[火电机组最小停机时间约束1_31_21],0.0
cons[火电机组最小停机时间约束1_31_22],0.0
cons[火电机组最小停机时间约束1_31_23],0.0
cons[火电机组最小停机时间约束1_31_24],0.0
cons[火电机组最小停机时间约束1_31_25],0.0
cons[火电机组最小停机时间约束1_31_26],0.0
cons[火电机组最小停机时间约束1_31_27],0.0
cons[火电机组最小停机时间约束1_31_28],0.0
cons[火电机组最小停机时间约束1_31_29],0.0
cons[火电机组最小停机时间约束1_31_30],0.0
cons[火电机组最小停机时间约束1_31_31],0.0
cons[火电机组最小停机时间约束1_31_32],0.0
cons[火电机组最小停机时间约束1_31_33],0.0
cons[火电机组最小停机时间约束1_31_34],0.0
cons[火电机组最小停机时间约束1_31_35],0.0
cons[火电机组最小停机时间约束1_31_36],0.0
cons[火电机组最小停机时间约束1_31_37],0.0
cons[火电机组最小停机时间约束1_31_38],0.0
cons[火电机组最小停机时间约束1_31_39],0.0
cons[火电机组最小停机时间约束1_31_40],0.0
cons[火电机组最小停机时间约束1_31_41],0.0
cons[火电机组最小停机时间约束1_31_42],0.0
cons[火电机组最小停机时间约束1_31_43],0.0
cons[火电机组最小停机时间约束1_31_44],0.0
cons[火电机组最小停机时间约束1_31_45],0.0
cons[火电机组最小停机时间约束1_31_46],0.0
cons[火电机组最小停机时间约束1_31_47],0.0
cons[火电机组最小停机时间约束1_31_48],0.0
cons[火电机组最小停机时间约束1_31_49],0.0
cons[火电机组最小停机时间约束1_31_50],0.0
cons[火电机组最小停机时间约束1_31_51],0.0
cons[火电机组最小停机时间约束1_31_52],0.0
cons[火电机组最小停机时间约束1_31_53],0.0
cons[火电机组最小停机时间约束1_31_54],0.0
cons[火电机组最小停机时间约束1_31_55],0.0
cons[火电机组最小停机时间约束1_31_56],0.0
cons[火电机组最小停机时间约束1_31_57],0.0
cons[火电机组最小停机时间约束1_31_58],0.0
cons[火电机组最小停机时间约束1_31_59],0.0
cons[火电机组最小停机时间约束1_31_60],0.0
cons[火电机组最小停机时间约束1_31_61],0.0
cons[火电机组最小停机时间约束1_31_62],0.0
cons[火电机组最小停机时间约束1_31_63],0.0
cons[火电机组最小停机时间约束1_31_64],0.0
cons[火电机组最小停机时间约束1_31_65],0.0
cons[火电机组最小停机时间约束1_31_66],0.0
cons[火电机组最小停机时间约束1_31_67],0.0
cons[火电机组最小停机时间约束1_31_68],0.0
cons[火电机组最小停机时间约束1_31_69],0.0
cons[火电机组最小停机时间约束1_31_70],0.0
cons[火电机组最小停机时间约束1_31_71],0.0
cons[火电机组最小停机时间约束1_31_72],0.0
cons[火电机组最小停机时间约束1_31_73],0.0
cons[火电机组最小停机时间约束1_31_74],0.0
cons[火电机组最小停机时间约束1_31_75],0.0
cons[火电机组最小停机时间约束1_31_76],0.0
cons[火电机组最小停机时间约束1_31_77],0.0
cons[火电机组最小停机时间约束1_31_78],0.0
cons[火电机组最小停机时间约束1_31_79],0.0
cons[火电机组最小停机时间约束2_31_80],0.0
cons[火电机组最小停机时间约束2_31_81],0.0
cons[火电机组最小停机时间约束2_31_82],0.0
cons[火电机组最小停机时间约束2_31_83],0.0
cons[火电机组最小停机时间约束2_31_84],0.0
cons[火电机组最小停机时间约束2_31_85],0.0
cons[火电机组最小停机时间约束2_31_86],0.0
cons[火电机组最小停机时间约束2_31_87],0.0
cons[火电机组最小停机时间约束2_31_88],0.0
cons[火电机组最小停机时间约束2_31_89],0.0
cons[火电机组最小停机时间约束2_31_90],0.0
cons[火电机组最小停机时间约束2_31_91],0.0
cons[火电机组最小停机时间约束2_31_92],0.0
cons[火电机组最小停机时间约束2_31_93],0.0
cons[火电机组最小停机时间约束2_31_94],0.0
cons[火电机组最小停机时间约束2_31_95],0.0
cons[火电机组强制开机约束_0],0.0
cons[火电机组强制开机约束_1],0.0
cons[火电机组强制开机约束_2],0.0
cons[火电机组强制开机约束_3],0.0
cons[火电机组强制开机约束_4],0.0
cons[火电机组强制开机约束_5],0.0
cons[火电机组强制开机约束_6],0.0
cons[火电机组强制开机约束_7],0.0
cons[火电机组强制开机约束_8],0.0
cons[火电机组强制开机约束_9],0.0
cons[火电机组强制开机约束_10],0.0
cons[火电机组强制开机约束_11],0.0
cons[火电机组强制开机约束_12],0.0
cons[火电机组强制开机约束_13],0.0
cons[火电机组强制开机约束_14],0.0
cons[火电机组强制开机约束_15],0.0
cons[火电机组强制开机约束_16],0.0
cons[火电机组强制开机约束_17],0.0
cons[火电机组强制开机约束_18],0.0
cons[火电机组强制开机约束_19],0.0
cons[火电机组强制开机约束_20],0.0
cons[火电机组强制开机约束_21],0.0
cons[火电机组强制开机约束_22],0.0
cons[火电机组强制开机约束_23],0.0
cons[火电机组强制开机约束_24],0.0
cons[火电机组强制开机约束_25],0.0
cons[火电机组强制开机约束_26],0.0
cons[火电机组强制开机约束_27],0.0
cons[火电机组强制开机约束_28],0.0
cons[火电机组强制开机约束_29],0.0
cons[火电机组强制开机约束_30],0.0
cons[火电机组强制开机约束_31],0.0
cons[火电机组强制开机约束_32],0.0
cons[火电机组强制开机约束_33],0.0
cons[火电机组强制开机约束_34],0.0
cons[火电机组强制开机约束_35],0.0
cons[火电机组强制开机约束_36],0.0
cons[火电机组强制开机约束_37],0.0
cons[火电机组强制开机约束_38],0.0
cons[火电机组强制开机约束_39],0.0
cons[火电机组强制开机约束_40],0.0
cons[火电机组强制开机约束_41],0.0
cons[火电机组强制开机约束_42],0.0
cons[火电机组强制开机约束_43],0.0
cons[火电机组强制开机约束_44],0.0
cons[火电机组强制开机约束_45],0.0
cons[火电机组强制开机约束_46],0.0
cons[火电机组强制开机约束_47],0.0
cons[火电机组强制开机约束_48],0.0
cons[火电机组强制开机约束_49],0.0
cons[火电机组强制开机约束_50],0.0
cons[火电机组强制开机约束_51],0.0
cons[火电机组强制开机约束_52],0.0
cons[火电机组强制开机约束_53],0.0
cons[火电机组强制开机约束_54],0.0
cons[火电机组强制开机约束_55],0.0
cons[火电机组强制开机约束_56],0.0
cons[火电机组强制开机约束_57],0.0
cons[火电机组强制开机约束_58],0.0
cons[火电机组强制开机约束_59],0.0
cons[火电机组强制开机约束_60],0.0
cons[火电机组强制开机约束_61],0.0
cons[火电机组强制开机约束_62],0.0
cons[火电机组强制开机约束_63],0.0
cons[火电机组强制开机约束_64],0.0
cons[火电机组强制开机约束_65],0.0
cons[火电机组强制开机约束_66],0.0
cons[火电机组强制开机约束_67],0.0
cons[火电机组强制开机约束_68],0.0
cons[火电机组强制开机约束_69],0.0
cons[火电机组强制开机约束_70],0.0
cons[火电机组强制开机约束_71],0.0
cons[火电机组强制开机约束_72],0.0
cons[火电机组强制开机约束_73],0.0
cons[火电机组强制开机约束_74],0.0
cons[火电机组强制开机约束_75],0.0
cons[火电机组强制开机约束_76],0.0
cons[火电机组强制开机约束_77],0.0
cons[火电机组强制开机约束_78],0.0
cons[火电机组强制开机约束_79],0.0
cons[火电机组强制开机约束_80],0.0
cons[火电机组强制开机约束_81],0.0
cons[火电机组强制开机约束_82],0.0
cons[火电机组强制开机约束_83],0.0
cons[火电机组强制开机约束_84],0.0
cons[火电机组强制开机约束_85],0.0
cons[火电机组强制开机约束_86],0.0
cons[火电机组强制开机约束_87],0.0
cons[火电机组强制开机约束_88],0.0
cons[火电机组强制开机约束_89],0.0
cons[火电机组强制开机约束_90],0.0
cons[火电机组强制开机约束_91],0.0
cons[火电机组强制开机约束_92],0.0
cons[火电机组强制开机约束_93],0.0
cons[火电机组强制开机约束_94],0.0
cons[火电机组强制开机约束_95],0.0
cons[火电出力上限约束_0_0],-399.8540000000012
cons[火电出力下限约束_0_0],0.0
cons[火电出力上限约束_0_1],-386.34050000000025
cons[火电出力下限约束_0_1],0.0
cons[火电出力上限约束_0_2],-343.70700000000124
cons[火电出力下限约束_0_2],0.0
cons[火电出力上限约束_0_3],0.0
cons[火电出力下限约束_0_3],0.0
cons[火电出力上限约束_0_4],0.0
cons[火电出力下限约束_0_4],0.0
cons[火电出力上限约束_0_5],0.0
cons[火电出力下限约束_0_5],0.0
cons[火电出力上限约束_0_6],0.0
cons[火电出力下限约束_0_6],0.0
cons[火电出力上限约束_0_7],0.0
cons[火电出力下限约束_0_7],0.0
cons[火电出力上限约束_0_8],0.0
cons[火电出力下限约束_0_8],0.0
cons[火电出力上限约束_0_9],0.0
cons[火电出力下限约束_0_9],0.0
cons[火电出力上限约束_0_10],0.0
cons[火电出力下限约束_0_10],0.0
cons[火电出力上限约束_0_11],0.0
cons[火电出力下限约束_0_11],0.0
cons[火电出力上限约束_0_12],0.0
cons[火电出力下限约束_0_12],0.0
cons[火电出力上限约束_0_13],0.0
cons[火电出力下限约束_0_13],0.0
cons[火电出力上限约束_0_14],0.0
cons[火电出力下限约束_0_14],0.0
cons[火电出力上限约束_0_15],0.0
cons[火电出力下限约束_0_15],0.0
cons[火电出力上限约束_0_16],0.0
cons[火电出力下限约束_0_16],0.0
cons[火电出力上限约束_0_17],0.0
cons[火电出力下限约束_0_17],0.0
cons[火电出力上限约束_0_18],0.0
cons[火电出力下限约束_0_18],0.0
cons[火电出力上限约束_0_19],0.0
cons[火电出力下限约束_0_19],0.0
cons[火电出力上限约束_0_20],0.0
cons[火电出力下限约束_0_20],0.0
cons[火电出力上限约束_0_21],0.0
cons[火电出力下限约束_0_21],0.0
cons[火电出力上限约束_0_22],0.0
cons[火电出力下限约束_0_22],0.0
cons[火电出力上限约束_0_23],0.0
cons[火电出力下限约束_0_23],0.0
cons[火电出力上限约束_0_24],0.0
cons[火电出力下限约束_0_24],0.0
cons[火电出力上限约束_0_25],0.0
cons[火电出力下限约束_0_25],0.0
cons[火电出力上限约束_0_26],0.0
cons[火电出力下限约束_0_26],0.0
cons[火电出力上限约束_0_27],-169.62400000000343
cons[火电出力下限约束_0_27],0.0
cons[火电出力上限约束_0_28],-214.57800000000043
cons[火电出力下限约束_0_28],0.0
cons[火电出力上限约束_0_29],-242.4240000000009
cons[火电出力下限约束_0_29],0.0
cons[火电出力上限约束_0_30],-270.27000000000044
cons[火电出力下限约束_0_30],0.0
cons[火电出力上限约束_0_31],0.0
cons[火电出力下限约束_0_31],0.0
cons[火电出力上限约束_0_32],-298.1160000000009
cons[火电出力下限约束_0_32],0.0
cons[火电出力上限约束_0_33],-307.7620000000006
cons[火电出力下限约束_0_33],0.0
cons[火电出力上限约束_0_34],-307.7620000000006
cons[火电出力下限约束_0_34],0.0
cons[火电出力上限约束_0_35],-307.7620000000006
cons[火电出力下限约束_0_35],0.0
cons[火电出力上限约束_0_36],-307.7620000000006
cons[火电出力下限约束_0_36],0.0
cons[火电出力上限约束_0_37],-298.1160000000009
cons[火电出力下限约束_0_37],0.0
cons[火电出力上限约束_0_38],-298.1160000000009
cons[火电出力下限约束_0_38],0.0
cons[火电出力上限约束_0_39],-298.1160000000009
cons[火电出力下限约束_0_39],0.0
cons[火电出力上限约束_0_40],-298.1160000000009
cons[火电出力下限约束_0_40],0.0
cons[火电出力上限约束_0_41],-298.1160000000009
cons[火电出力下限约束_0_41],0.0
cons[火电出力上限约束_0_42],-298.1160000000009
cons[火电出力下限约束_0_42],0.0
cons[火电出力上限约束_0_43],-298.1160000000009
cons[火电出力下限约束_0_43],0.0
cons[火电出力上限约束_0_44],-298.1160000000009
cons[火电出力下限约束_0_44],0.0
cons[火电出力上限约束_0_45],-297.66100000000006
cons[火电出力下限约束_0_45],0.0
cons[火电出力上限约束_0_46],-297.66100000000006
cons[火电出力下限约束_0_46],0.0
cons[火电出力上限约束_0_47],-297.66100000000006
cons[火电出力下限约束_0_47],0.0
cons[火电出力上限约束_0_48],-297.66100000000006
cons[火电出力下限约束_0_48],0.0
cons[火电出力上限约束_0_49],-297.66100000000006
cons[火电出力下限约束_0_49],0.0
cons[火电出力上限约束_0_50],-297.66100000000006
cons[火电出力下限约束_0_50],0.0
cons[火电出力上限约束_0_51],-297.66100000000006
cons[火电出力下限约束_0_51],0.0
cons[火电出力上限约束_0_52],-297.66100000000006
cons[火电出力下限约束_0_52],0.0
cons[火电出力上限约束_0_53],-270.27000000000044
cons[火电出力下限约束_0_53],0.0
cons[火电出力上限约束_0_54],-270.27000000000044
cons[火电出力下限约束_0_54],0.0
cons[火电出力上限约束_0_55],-270.27000000000044
cons[火电出力下限约束_0_55],0.0
cons[火电出力上限约束_0_56],-270.27000000000044
cons[火电出力下限约束_0_56],0.0
cons[火电出力上限约束_0_57],-270.27000000000044
cons[火电出力下限约束_0_57],0.0
cons[火电出力上限约束_0_58],-270.27000000000044
cons[火电出力下限约束_0_58],0.0
cons[火电出力上限约束_0_59],-297.66100000000006
cons[火电出力下限约束_0_59],0.0
cons[火电出力上限约束_0_60],-298.1160000000009
cons[火电出力下限约束_0_60],0.0
cons[火电出力上限约束_0_61],-325.96200000000044
cons[火电出力下限约束_0_61],0.0
cons[火电出力上限约束_0_62],-353.808
cons[火电出力下限约束_0_62],0.0
cons[火电出力上限约束_0_63],-353.808
cons[火电出力下限约束_0_63],0.0
cons[火电出力上限约束_0_64],-381.65400000000227
cons[火电出力下限约束_0_64],0.0
cons[火电出力上限约束_0_65],-389.7530000000006
cons[火电出力下限约束_0_65],0.0
cons[火电出力上限约束_0_66],-409.5000000000009
cons[火电出力下限约束_0_66],0.0
cons[火电出力上限约束_0_67],-409.5000000000009
cons[火电出力下限约束_0_67],0.0
cons[火电出力上限约束_0_68],-409.5000000000009
cons[火电出力下限约束_0_68],0.0
cons[火电出力上限约束_0_69],-409.5000000000009
cons[火电出力下限约束_0_69],0.0
cons[火电出力上限约束_0_70],-409.5000000000009
cons[火电出力下限约束_0_70],0.0
cons[火电出力上限约束_0_71],-431.8860000000004
cons[火电出力下限约束_0_71],0.0
cons[火电出力上限约束_0_72],-435.799
cons[火电出力下限约束_0_72],0.0
cons[火电出力上限约束_0_73],-445.9000000000033
cons[火电出力下限约束_0_73],0.0
cons[火电出力上限约束_0_74],-477.4315000000006
cons[火电出力下限约束_0_74],0.0
cons[火电出力上限约束_0_75],-477.4315000000006
cons[火电出力下限约束_0_75],0.0
cons[火电出力上限约束_0_76],-435.799
cons[火电出力下限约束_0_76],0.0
cons[火电出力上限约束_0_77],-431.8860000000004
cons[火电出力下限约束_0_77],0.0
cons[火电出力上限约束_0_78],-409.5000000000009
cons[火电出力下限约束_0_78],0.0
cons[火电出力上限约束_0_79],-409.5000000000009
cons[火电出力下限约束_0_79],0.0
cons[火电出力上限约束_0_80],-389.7530000000006
cons[火电出力下限约束_0_80],0.0
cons[火电出力上限约束_0_81],-386.34050000000025
cons[火电出力下限约束_0_81],0.0
cons[火电出力上限约束_0_82],-381.65400000000227
cons[火电出力下限约束_0_82],0.0
cons[火电出力上限约束_0_83],-353.808
cons[火电出力下限约束_0_83],0.0
cons[火电出力上限约束_0_84],-353.808
cons[火电出力下限约束_0_84],0.0
cons[火电出力上限约束_0_85],-353.808
cons[火电出力下限约束_0_85],0.0
cons[火电出力上限约束_0_86],-353.808
cons[火电出力下限约束_0_86],0.0
cons[火电出力上限约束_0_87],-343.70700000000124
cons[火电出力下限约束_0_87],0.0
cons[火电出力上限约束_0_88],-298.1160000000009
cons[火电出力下限约束_0_88],0.0
cons[火电出力上限约束_0_89],-270.27000000000044
cons[火电出力下限约束_0_89],0.0
cons[火电出力上限约束_0_90],-242.4240000000009
cons[火电出力下限约束_0_90],0.0
cons[火电出力上限约束_0_91],-214.57800000000043
cons[火电出力下限约束_0_91],0.0
cons[火电出力上限约束_0_92],-169.62400000000343
cons[火电出力下限约束_0_92],0.0
cons[火电出力上限约束_0_93],0.0
cons[火电出力下限约束_0_93],0.0
cons[火电出力上限约束_0_94],0.0
cons[火电出力下限约束_0_94],0.0
cons[火电出力上限约束_0_95],0.0
cons[火电出力下限约束_0_95],0.0
cons[火电出力上限约束_1_0],-399.8540000000012
cons[火电出力下限约束_1_0],0.0
cons[火电出力上限约束_1_1],-386.34050000000025
cons[火电出力下限约束_1_1],0.0
cons[火电出力上限约束_1_2],-343.70700000000124
cons[火电出力下限约束_1_2],0.0
cons[火电出力上限约束_1_3],0.0
cons[火电出力下限约束_1_3],0.0
cons[火电出力上限约束_1_4],0.0
cons[火电出力下限约束_1_4],0.0
cons[火电出力上限约束_1_5],0.0
cons[火电出力下限约束_1_5],0.0
cons[火电出力上限约束_1_6],0.0
cons[火电出力下限约束_1_6],0.0
cons[火电出力上限约束_1_7],0.0
cons[火电出力下限约束_1_7],0.0
cons[火电出力上限约束_1_8],0.0
cons[火电出力下限约束_1_8],0.0
cons[火电出力上限约束_1_9],0.0
cons[火电出力下限约束_1_9],0.0
cons[火电出力上限约束_1_10],0.0
cons[火电出力下限约束_1_10],0.0
cons[火电出力上限约束_1_11],0.0
cons[火电出力下限约束_1_11],0.0
cons[火电出力上限约束_1_12],0.0
cons[火电出力下限约束_1_12],0.0
cons[火电出力上限约束_1_13],0.0
cons[火电出力下限约束_1_13],0.0
cons[火电出力上限约束_1_14],0.0
cons[火电出力下限约束_1_14],0.0
cons[火电出力上限约束_1_15],0.0
cons[火电出力下限约束_1_15],0.0
cons[火电出力上限约束_1_16],0.0
cons[火电出力下限约束_1_16],0.0
cons[火电出力上限约束_1_17],0.0
cons[火电出力下限约束_1_17],0.0
cons[火电出力上限约束_1_18],0.0
cons[火电出力下限约束_1_18],0.0
cons[火电出力上限约束_1_19],0.0
cons[火电出力下限约束_1_19],0.0
cons[火电出力上限约束_1_20],0.0
cons[火电出力下限约束_1_20],0.0
cons[火电出力上限约束_1_21],0.0
cons[火电出力下限约束_1_21],0.0
cons[火电出力上限约束_1_22],0.0
cons[火电出力下限约束_1_22],0.0
cons[火电出力上限约束_1_23],0.0
cons[火电出力下限约束_1_23],0.0
cons[火电出力上限约束_1_24],0.0
cons[火电出力下限约束_1_24],0.0
cons[火电出力上限约束_1_25],0.0
cons[火电出力下限约束_1_25],0.0
cons[火电出力上限约束_1_26],0.0
cons[火电出力下限约束_1_26],0.0
cons[火电出力上限约束_1_27],-169.62400000000343
cons[火电出力下限约束_1_27],0.0
cons[火电出力上限约束_1_28],-214.57800000000043
cons[火电出力下限约束_1_28],0.0
cons[火电出力上限约束_1_29],-242.4240000000009
cons[火电出力下限约束_1_29],0.0
cons[火电出力上限约束_1_30],-270.27000000000044
cons[火电出力下限约束_1_30],0.0
cons[火电出力上限约束_1_31],0.0
cons[火电出力下限约束_1_31],0.0
cons[火电出力上限约束_1_32],-298.1160000000009
cons[火电出力下限约束_1_32],0.0
cons[火电出力上限约束_1_33],-307.7620000000006
cons[火电出力下限约束_1_33],0.0
cons[火电出力上限约束_1_34],-307.7620000000006
cons[火电出力下限约束_1_34],0.0
cons[火电出力上限约束_1_35],-307.7620000000006
cons[火电出力下限约束_1_35],0.0
cons[火电出力上限约束_1_36],-307.7620000000006
cons[火电出力下限约束_1_36],0.0
cons[火电出力上限约束_1_37],-298.1160000000009
cons[火电出力下限约束_1_37],0.0
cons[火电出力上限约束_1_38],-298.1160000000009
cons[火电出力下限约束_1_38],0.0
cons[火电出力上限约束_1_39],-298.1160000000009
cons[火电出力下限约束_1_39],0.0
cons[火电出力上限约束_1_40],-298.1160000000009
cons[火电出力下限约束_1_40],0.0
cons[火电出力上限约束_1_41],-298.1160000000009
cons[火电出力下限约束_1_41],0.0
cons[火电出力上限约束_1_42],-298.1160000000009
cons[火电出力下限约束_1_42],0.0
cons[火电出力上限约束_1_43],-298.1160000000009
cons[火电出力下限约束_1_43],0.0
cons[火电出力上限约束_1_44],-298.1160000000009
cons[火电出力下限约束_1_44],0.0
cons[火电出力上限约束_1_45],-297.66100000000006
cons[火电出力下限约束_1_45],0.0
cons[火电出力上限约束_1_46],-297.66100000000006
cons[火电出力下限约束_1_46],0.0
cons[火电出力上限约束_1_47],-297.66100000000006
cons[火电出力下限约束_1_47],0.0
cons[火电出力上限约束_1_48],-297.66100000000006
cons[火电出力下限约束_1_48],0.0
cons[火电出力上限约束_1_49],-297.66100000000006
cons[火电出力下限约束_1_49],0.0
cons[火电出力上限约束_1_50],-297.66100000000006
cons[火电出力下限约束_1_50],0.0
cons[火电出力上限约束_1_51],-297.66100000000006
cons[火电出力下限约束_1_51],0.0
cons[火电出力上限约束_1_52],-297.66100000000006
cons[火电出力下限约束_1_52],0.0
cons[火电出力上限约束_1_53],-270.27000000000044
cons[火电出力下限约束_1_53],0.0
cons[火电出力上限约束_1_54],-270.27000000000044
cons[火电出力下限约束_1_54],0.0
cons[火电出力上限约束_1_55],-270.27000000000044
cons[火电出力下限约束_1_55],0.0
cons[火电出力上限约束_1_56],-270.27000000000044
cons[火电出力下限约束_1_56],0.0
cons[火电出力上限约束_1_57],-270.27000000000044
cons[火电出力下限约束_1_57],0.0
cons[火电出力上限约束_1_58],-270.27000000000044
cons[火电出力下限约束_1_58],0.0
cons[火电出力上限约束_1_59],-297.66100000000006
cons[火电出力下限约束_1_59],0.0
cons[火电出力上限约束_1_60],-298.1160000000009
cons[火电出力下限约束_1_60],0.0
cons[火电出力上限约束_1_61],-325.96200000000044
cons[火电出力下限约束_1_61],0.0
cons[火电出力上限约束_1_62],-353.808
cons[火电出力下限约束_1_62],0.0
cons[火电出力上限约束_1_63],-353.808
cons[火电出力下限约束_1_63],0.0
cons[火电出力上限约束_1_64],-381.65400000000227
cons[火电出力下限约束_1_64],0.0
cons[火电出力上限约束_1_65],-389.7530000000006
cons[火电出力下限约束_1_65],0.0
cons[火电出力上限约束_1_66],-409.5000000000009
cons[火电出力下限约束_1_66],0.0
cons[火电出力上限约束_1_67],-409.5000000000009
cons[火电出力下限约束_1_67],0.0
cons[火电出力上限约束_1_68],-409.5000000000009
cons[火电出力下限约束_1_68],0.0
cons[火电出力上限约束_1_69],-409.5000000000009
cons[火电出力下限约束_1_69],0.0
cons[火电出力上限约束_1_70],-409.5000000000009
cons[火电出力下限约束_1_70],0.0
cons[火电出力上限约束_1_71],-431.8860000000004
cons[火电出力下限约束_1_71],0.0
cons[火电出力上限约束_1_72],-435.799
cons[火电出力下限约束_1_72],0.0
cons[火电出力上限约束_1_73],-445.9000000000033
cons[火电出力下限约束_1_73],0.0
cons[火电出力上限约束_1_74],-477.4315000000006
cons[火电出力下限约束_1_74],0.0
cons[火电出力上限约束_1_75],-477.4315000000006
cons[火电出力下限约束_1_75],0.0
cons[火电出力上限约束_1_76],-435.799
cons[火电出力下限约束_1_76],0.0
cons[火电出力上限约束_1_77],-431.8860000000004
cons[火电出力下限约束_1_77],0.0
cons[火电出力上限约束_1_78],-409.5000000000009
cons[火电出力下限约束_1_78],0.0
cons[火电出力上限约束_1_79],-409.5000000000009
cons[火电出力下限约束_1_79],0.0
cons[火电出力上限约束_1_80],-389.7530000000006
cons[火电出力下限约束_1_80],0.0
cons[火电出力上限约束_1_81],-386.34050000000025
cons[火电出力下限约束_1_81],0.0
cons[火电出力上限约束_1_82],-381.65400000000227
cons[火电出力下限约束_1_82],0.0
cons[火电出力上限约束_1_83],-353.808
cons[火电出力下限约束_1_83],0.0
cons[火电出力上限约束_1_84],-353.808
cons[火电出力下限约束_1_84],0.0
cons[火电出力上限约束_1_85],-353.808
cons[火电出力下限约束_1_85],0.0
cons[火电出力上限约束_1_86],-353.808
cons[火电出力下限约束_1_86],0.0
cons[火电出力上限约束_1_87],-343.70700000000124
cons[火电出力下限约束_1_87],0.0
cons[火电出力上限约束_1_88],-298.1160000000009
cons[火电出力下限约束_1_88],0.0
cons[火电出力上限约束_1_89],-270.27000000000044
cons[火电出力下限约束_1_89],0.0
cons[火电出力上限约束_1_90],-242.4240000000009
cons[火电出力下限约束_1_90],0.0
cons[火电出力上限约束_1_91],-214.57800000000043
cons[火电出力下限约束_1_91],0.0
cons[火电出力上限约束_1_92],-169.62400000000343
cons[火电出力下限约束_1_92],0.0
cons[火电出力上限约束_1_93],0.0
cons[火电出力下限约束_1_93],0.0
cons[火电出力上限约束_1_94],0.0
cons[火电出力下限约束_1_94],0.0
cons[火电出力上限约束_1_95],0.0
cons[火电出力下限约束_1_95],0.0
cons[火电出力上限约束_2_0],-6210.204000000001
cons[火电出力下限约束_2_0],0.0
cons[火电出力上限约束_2_1],-6196.6905
cons[火电出力下限约束_2_1],0.0
cons[火电出力上限约束_2_2],-6154.057000000001
cons[火电出力下限约束_2_2],0.0
cons[火电出力上限约束_2_3],-6118.112
cons[火电出力下限约束_2_3],0.0
cons[火电出力上限约束_2_4],-6108.0109999999995
cons[火电出力下限约束_2_4],0.0
cons[火电出力上限约束_2_5],-5883.423000000001
cons[火电出力下限约束_2_5],0.0
cons[火电出力上限约束_2_6],-5810.349999999999
cons[火电出力下限约束_2_6],0.0
cons[火电出力上限约束_2_7],-5782.504
cons[火电出力下限约束_2_7],0.0
cons[火电出力上限约束_2_8],-5726.812
cons[火电出力下限约束_2_8],0.0
cons[火电出力上限约束_2_9],-5698.966
cons[火电出力下限约束_2_9],0.0
cons[火电出力上限约束_2_10],-5671.12
cons[火电出力下限约束_2_10],0.0
cons[火电出力上限约束_2_11],-5643.274
cons[火电出力下限约束_2_11],0.0
cons[火电出力上限约束_2_12],-5643.274000000001
cons[火电出力下限约束_2_12],0.0
cons[火电出力上限约束_2_13],-5643.274000000001
cons[火电出力下限约束_2_13],0.0
cons[火电出力上限约束_2_14],-5643.274000000001
cons[火电出力下限约束_2_14],0.0
cons[火电出力上限约束_2_15],-5643.274000000001
cons[火电出力下限约束_2_15],0.0
cons[火电出力上限约束_2_16],-5643.274000000001
cons[火电出力下限约束_2_16],0.0
cons[火电出力上限约束_2_17],-5643.274000000001
cons[火电出力下限约束_2_17],0.0
cons[火电出力上限约束_2_18],-5643.274000000001
cons[火电出力下限约束_2_18],0.0
cons[火电出力上限约束_2_19],-5643.274000000001
cons[火电出力下限约束_2_19],0.0
cons[火电出力上限约束_2_20],-5643.274000000001
cons[火电出力下限约束_2_20],0.0
cons[火电出力上限约束_2_21],-5317.767
cons[火电出力下限约束_2_21],0.0
cons[火电出力上限约束_2_22],-6108.0109999999995
cons[火电出力下限约束_2_22],0.0
cons[火电出力上限约束_2_23],-5726.812
cons[火电出力下限约束_2_23],0.0
cons[火电出力上限约束_2_24],-5754.657999999999
cons[火电出力下限约束_2_24],0.0
cons[火电出力上限约束_2_25],0.0
cons[火电出力下限约束_2_25],-214.57800000000043
cons[火电出力上限约束_2_26],0.0
cons[火电出力下限约束_2_26],-81.35400000000027
cons[火电出力上限约束_2_27],0.0
cons[火电出力下限约束_2_27],0.0
cons[火电出力上限约束_2_28],0.0
cons[火电出力下限约束_2_28],0.0
cons[火电出力上限约束_2_29],0.0
cons[火电出力下限约束_2_29],0.0
cons[火电出力上限约束_2_30],0.0
cons[火电出力下限约束_2_30],0.0
cons[火电出力上限约束_2_31],0.0
cons[火电出力下限约束_2_31],0.0
cons[火电出力上限约束_2_32],0.0
cons[火电出力下限约束_2_32],0.0
cons[火电出力上限约束_2_33],0.0
cons[火电出力下限约束_2_33],0.0
cons[火电出力上限约束_2_34],0.0
cons[火电出力下限约束_2_34],0.0
cons[火电出力上限约束_2_35],0.0
cons[火电出力下限约束_2_35],0.0
cons[火电出力上限约束_2_36],0.0
cons[火电出力下限约束_2_36],0.0
cons[火电出力上限约束_2_37],0.0
cons[火电出力下限约束_2_37],0.0
cons[火电出力上限约束_2_38],0.0
cons[火电出力下限约束_2_38],0.0
cons[火电出力上限约束_2_39],0.0
cons[火电出力下限约束_2_39],0.0
cons[火电出力上限约束_2_40],0.0
cons[火电出力下限约束_2_40],0.0
cons[火电出力上限约束_2_41],0.0
cons[火电出力下限约束_2_41],0.0
cons[火电出力上限约束_2_42],0.0
cons[火电出力下限约束_2_42],0.0
cons[火电出力上限约束_2_43],0.0
cons[火电出力下限约束_2_43],0.0
cons[火电出力上限约束_2_44],0.0
cons[火电出力下限约束_2_44],0.0
cons[火电出力上限约束_2_45],0.0
cons[火电出力下限约束_2_45],0.0
cons[火电出力上限约束_2_46],0.0
cons[火电出力下限约束_2_46],0.0
cons[火电出力上限约束_2_47],0.0
cons[火电出力下限约束_2_47],0.0
cons[火电出力上限约束_2_48],0.0
cons[火电出力下限约束_2_48],0.0
cons[火电出力上限约束_2_49],0.0
cons[火电出力下限约束_2_49],0.0
cons[火电出力上限约束_2_50],0.0
cons[火电出力下限约束_2_50],0.0
cons[火电出力上限约束_2_51],0.0
cons[火电出力下限约束_2_51],0.0
cons[火电出力上限约束_2_52],0.0
cons[火电出力下限约束_2_52],0.0
cons[火电出力上限约束_2_53],0.0
cons[火电出力下限约束_2_53],0.0
cons[火电出力上限约束_2_54],0.0
cons[火电出力下限约束_2_54],0.0
cons[火电出力上限约束_2_55],0.0
cons[火电出力下限约束_2_55],0.0
cons[火电出力上限约束_2_56],0.0
cons[火电出力下限约束_2_56],0.0
cons[火电出力上限约束_2_57],0.0
cons[火电出力下限约束_2_57],0.0
cons[火电出力上限约束_2_58],0.0
cons[火电出力下限约束_2_58],0.0
cons[火电出力上限约束_2_59],0.0
cons[火电出力下限约束_2_59],0.0
cons[火电出力上限约束_2_60],0.0
cons[火电出力下限约束_2_60],0.0
cons[火电出力上限约束_2_61],0.0
cons[火电出力下限约束_2_61],0.0
cons[火电出力上限约束_2_62],0.0
cons[火电出力下限约束_2_62],0.0
cons[火电出力上限约束_2_63],0.0
cons[火电出力下限约束_2_63],0.0
cons[火电出力上限约束_2_64],0.0
cons[火电出力下限约束_2_64],0.0
cons[火电出力上限约束_2_65],0.0
cons[火电出力下限约束_2_65],0.0
cons[火电出力上限约束_2_66],0.0
cons[火电出力下限约束_2_66],0.0
cons[火电出力上限约束_2_67],0.0
cons[火电出力下限约束_2_67],0.0
cons[火电出力上限约束_2_68],0.0
cons[火电出力下限约束_2_68],0.0
cons[火电出力上限约束_2_69],0.0
cons[火电出力下限约束_2_69],0.0
cons[火电出力上限约束_2_70],0.0
cons[火电出力下限约束_2_70],0.0
cons[火电出力上限约束_2_71],0.0
cons[火电出力下限约束_2_71],0.0
cons[火电出力上限约束_2_72],-26.29899999999907
cons[火电出力下限约束_2_72],0.0
cons[火电出力上限约束_2_73],0.0
cons[火电出力下限约束_2_73],0.0
cons[火电出力上限约束_2_74],0.0
cons[火电出力下限约束_2_74],0.0
cons[火电出力上限约束_2_75],0.0
cons[火电出力下限约束_2_75],0.0
cons[火电出力上限约束_2_76],0.0
cons[火电出力下限约束_2_76],0.0
cons[火电出力上限约束_2_77],0.0
cons[火电出力下限约束_2_77],0.0
cons[火电出力上限约束_2_78],0.0
cons[火电出力下限约束_2_78],0.0
cons[火电出力上限约束_2_79],0.0
cons[火电出力下限约束_2_79],0.0
cons[火电出力上限约束_2_80],0.0
cons[火电出力下限约束_2_80],0.0
cons[火电出力上限约束_2_81],0.0
cons[火电出力下限约束_2_81],0.0
cons[火电出力上限约束_2_82],0.0
cons[火电出力下限约束_2_82],0.0
cons[火电出力上限约束_2_83],0.0
cons[火电出力下限约束_2_83],0.0
cons[火电出力上限约束_2_84],0.0
cons[火电出力下限约束_2_84],0.0
cons[火电出力上限约束_2_85],0.0
cons[火电出力下限约束_2_85],0.0
cons[火电出力上限约束_2_86],0.0
cons[火电出力下限约束_2_86],0.0
cons[火电出力上限约束_2_87],0.0
cons[火电出力下限约束_2_87],0.0
cons[火电出力上限约束_2_88],0.0
cons[火电出力下限约束_2_88],0.0
cons[火电出力上限约束_2_89],0.0
cons[火电出力下限约束_2_89],0.0
cons[火电出力上限约束_2_90],0.0
cons[火电出力下限约束_2_90],0.0
cons[火电出力上限约束_2_91],0.0
cons[火电出力下限约束_2_91],0.0
cons[火电出力上限约束_2_92],0.0
cons[火电出力下限约束_2_92],0.0
cons[火电出力上限约束_2_93],0.0
cons[火电出力下限约束_2_93],-35.30799999999999
cons[火电出力上限约束_2_94],0.0
cons[火电出力下限约束_2_94],-81.35400000000027
cons[火电出力上限约束_2_95],0.0
cons[火电出力下限约束_2_95],-554.9180000000006
cons[火电出力上限约束_3_0],-6210.204000000001
cons[火电出力下限约束_3_0],0.0
cons[火电出力上限约束_3_1],-6196.6905
cons[火电出力下限约束_3_1],0.0
cons[火电出力上限约束_3_2],-6154.057000000001
cons[火电出力下限约束_3_2],0.0
cons[火电出力上限约束_3_3],-6118.112
cons[火电出力下限约束_3_3],0.0
cons[火电出力上限约束_3_4],-6108.0109999999995
cons[火电出力下限约束_3_4],0.0
cons[火电出力上限约束_3_5],-5883.423000000001
cons[火电出力下限约束_3_5],0.0
cons[火电出力上限约束_3_6],-5810.349999999999
cons[火电出力下限约束_3_6],0.0
cons[火电出力上限约束_3_7],-5782.504
cons[火电出力下限约束_3_7],0.0
cons[火电出力上限约束_3_8],-5726.812
cons[火电出力下限约束_3_8],0.0
cons[火电出力上限约束_3_9],-5698.966
cons[火电出力下限约束_3_9],0.0
cons[火电出力上限约束_3_10],-5671.12
cons[火电出力下限约束_3_10],0.0
cons[火电出力上限约束_3_11],-5643.274
cons[火电出力下限约束_3_11],0.0
cons[火电出力上限约束_3_12],-5643.274000000001
cons[火电出力下限约束_3_12],0.0
cons[火电出力上限约束_3_13],-5643.274000000001
cons[火电出力下限约束_3_13],0.0
cons[火电出力上限约束_3_14],-5643.274000000001
cons[火电出力下限约束_3_14],0.0
cons[火电出力上限约束_3_15],-5643.274000000001
cons[火电出力下限约束_3_15],0.0
cons[火电出力上限约束_3_16],-5643.274000000001
cons[火电出力下限约束_3_16],0.0
cons[火电出力上限约束_3_17],-5643.274000000001
cons[火电出力下限约束_3_17],0.0
cons[火电出力上限约束_3_18],-5643.274000000001
cons[火电出力下限约束_3_18],0.0
cons[火电出力上限约束_3_19],-5643.274000000001
cons[火电出力下限约束_3_19],0.0
cons[火电出力上限约束_3_20],-5643.274000000001
cons[火电出力下限约束_3_20],0.0
cons[火电出力上限约束_3_21],-5317.767
cons[火电出力下限约束_3_21],0.0
cons[火电出力上限约束_3_22],-6108.0109999999995
cons[火电出力下限约束_3_22],0.0
cons[火电出力上限约束_3_23],0.0
cons[火电出力下限约束_3_23],-242.42399999999998
cons[火电出力上限约束_3_24],0.0
cons[火电出力下限约束_3_24],-214.57800000000043
cons[火电出力上限约束_3_25],0.0
cons[火电出力下限约束_3_25],-214.57800000000043
cons[火电出力上限约束_3_26],0.0
cons[火电出力下限约束_3_26],-81.35400000000027
cons[火电出力上限约束_3_27],0.0
cons[火电出力下限约束_3_27],0.0
cons[火电出力上限约束_3_28],0.0
cons[火电出力下限约束_3_28],0.0
cons[火电出力上限约束_3_29],0.0
cons[火电出力下限约束_3_29],0.0
cons[火电出力上限约束_3_30],0.0
cons[火电出力下限约束_3_30],0.0
cons[火电出力上限约束_3_31],0.0
cons[火电出力下限约束_3_31],0.0
cons[火电出力上限约束_3_32],0.0
cons[火电出力下限约束_3_32],0.0
cons[火电出力上限约束_3_33],0.0
cons[火电出力下限约束_3_33],0.0
cons[火电出力上限约束_3_34],0.0
cons[火电出力下限约束_3_34],0.0
cons[火电出力上限约束_3_35],0.0
cons[火电出力下限约束_3_35],0.0
cons[火电出力上限约束_3_36],0.0
cons[火电出力下限约束_3_36],0.0
cons[火电出力上限约束_3_37],0.0
cons[火电出力下限约束_3_37],0.0
cons[火电出力上限约束_3_38],0.0
cons[火电出力下限约束_3_38],0.0
cons[火电出力上限约束_3_39],0.0
cons[火电出力下限约束_3_39],0.0
cons[火电出力上限约束_3_40],0.0
cons[火电出力下限约束_3_40],0.0
cons[火电出力上限约束_3_41],0.0
cons[火电出力下限约束_3_41],0.0
cons[火电出力上限约束_3_42],0.0
cons[火电出力下限约束_3_42],0.0
cons[火电出力上限约束_3_43],0.0
cons[火电出力下限约束_3_43],0.0
cons[火电出力上限约束_3_44],0.0
cons[火电出力下限约束_3_44],0.0
cons[火电出力上限约束_3_45],0.0
cons[火电出力下限约束_3_45],0.0
cons[火电出力上限约束_3_46],0.0
cons[火电出力下限约束_3_46],0.0
cons[火电出力上限约束_3_47],0.0
cons[火电出力下限约束_3_47],0.0
cons[火电出力上限约束_3_48],0.0
cons[火电出力下限约束_3_48],0.0
cons[火电出力上限约束_3_49],0.0
cons[火电出力下限约束_3_49],0.0
cons[火电出力上限约束_3_50],0.0
cons[火电出力下限约束_3_50],0.0
cons[火电出力上限约束_3_51],0.0
cons[火电出力下限约束_3_51],0.0
cons[火电出力上限约束_3_52],0.0
cons[火电出力下限约束_3_52],0.0
cons[火电出力上限约束_3_53],0.0
cons[火电出力下限约束_3_53],0.0
cons[火电出力上限约束_3_54],0.0
cons[火电出力下限约束_3_54],0.0
cons[火电出力上限约束_3_55],0.0
cons[火电出力下限约束_3_55],0.0
cons[火电出力上限约束_3_56],0.0
cons[火电出力下限约束_3_56],0.0
cons[火电出力上限约束_3_57],0.0
cons[火电出力下限约束_3_57],0.0
cons[火电出力上限约束_3_58],0.0
cons[火电出力下限约束_3_58],0.0
cons[火电出力上限约束_3_59],0.0
cons[火电出力下限约束_3_59],0.0
cons[火电出力上限约束_3_60],0.0
cons[火电出力下限约束_3_60],0.0
cons[火电出力上限约束_3_61],0.0
cons[火电出力下限约束_3_61],0.0
cons[火电出力上限约束_3_62],0.0
cons[火电出力下限约束_3_62],0.0
cons[火电出力上限约束_3_63],0.0
cons[火电出力下限约束_3_63],0.0
cons[火电出力上限约束_3_64],0.0
cons[火电出力下限约束_3_64],0.0
cons[火电出力上限约束_3_65],0.0
cons[火电出力下限约束_3_65],0.0
cons[火电出力上限约束_3_66],0.0
cons[火电出力下限约束_3_66],0.0
cons[火电出力上限约束_3_67],0.0
cons[火电出力下限约束_3_67],0.0
cons[火电出力上限约束_3_68],0.0
cons[火电出力下限约束_3_68],0.0
cons[火电出力上限约束_3_69],0.0
cons[火电出力下限约束_3_69],0.0
cons[火电出力上限约束_3_70],0.0
cons[火电出力下限约束_3_70],0.0
cons[火电出力上限约束_3_71],-22.385999999999513
cons[火电出力下限约束_3_71],0.0
cons[火电出力上限约束_3_72],0.0
cons[火电出力下限约束_3_72],0.0
cons[火电出力上限约束_3_73],0.0
cons[火电出力下限约束_3_73],0.0
cons[火电出力上限约束_3_74],0.0
cons[火电出力下限约束_3_74],0.0
cons[火电出力上限约束_3_75],0.0
cons[火电出力下限约束_3_75],0.0
cons[火电出力上限约束_3_76],0.0
cons[火电出力下限约束_3_76],0.0
cons[火电出力上限约束_3_77],-22.385999999999513
cons[火电出力下限约束_3_77],0.0
cons[火电出力上限约束_3_78],0.0
cons[火电出力下限约束_3_78],0.0
cons[火电出力上限约束_3_79],0.0
cons[火电出力下限约束_3_79],0.0
cons[火电出力上限约束_3_80],0.0
cons[火电出力下限约束_3_80],0.0
cons[火电出力上限约束_3_81],0.0
cons[火电出力下限约束_3_81],0.0
cons[火电出力上限约束_3_82],0.0
cons[火电出力下限约束_3_82],0.0
cons[火电出力上限约束_3_83],0.0
cons[火电出力下限约束_3_83],0.0
cons[火电出力上限约束_3_84],0.0
cons[火电出力下限约束_3_84],0.0
cons[火电出力上限约束_3_85],0.0
cons[火电出力下限约束_3_85],0.0
cons[火电出力上限约束_3_86],0.0
cons[火电出力下限约束_3_86],0.0
cons[火电出力上限约束_3_87],0.0
cons[火电出力下限约束_3_87],0.0
cons[火电出力上限约束_3_88],0.0
cons[火电出力下限约束_3_88],0.0
cons[火电出力上限约束_3_89],0.0
cons[火电出力下限约束_3_89],0.0
cons[火电出力上限约束_3_90],0.0
cons[火电出力下限约束_3_90],0.0
cons[火电出力上限约束_3_91],0.0
cons[火电出力下限约束_3_91],0.0
cons[火电出力上限约束_3_92],0.0
cons[火电出力下限约束_3_92],0.0
cons[火电出力上限约束_3_93],0.0
cons[火电出力下限约束_3_93],-35.30799999999999
cons[火电出力上限约束_3_94],0.0
cons[火电出力下限约束_3_94],-81.35400000000027
cons[火电出力上限约束_3_95],0.0
cons[火电出力下限约束_3_95],-554.9180000000006
cons[火电出力上限约束_4_0],-6210.204000000001
cons[火电出力下限约束_4_0],0.0
cons[火电出力上限约束_4_1],-6196.6905
cons[火电出力下限约束_4_1],0.0
cons[火电出力上限约束_4_2],-6154.057000000001
cons[火电出力下限约束_4_2],0.0
cons[火电出力上限约束_4_3],-6118.112
cons[火电出力下限约束_4_3],0.0
cons[火电出力上限约束_4_4],-6108.0109999999995
cons[火电出力下限约束_4_4],0.0
cons[火电出力上限约束_4_5],-5883.423000000001
cons[火电出力下限约束_4_5],0.0
cons[火电出力上限约束_4_6],-5810.349999999999
cons[火电出力下限约束_4_6],0.0
cons[火电出力上限约束_4_7],-5782.504
cons[火电出力下限约束_4_7],0.0
cons[火电出力上限约束_4_8],-5726.812
cons[火电出力下限约束_4_8],0.0
cons[火电出力上限约束_4_9],-5698.966
cons[火电出力下限约束_4_9],0.0
cons[火电出力上限约束_4_10],-5671.12
cons[火电出力下限约束_4_10],0.0
cons[火电出力上限约束_4_11],-5643.274
cons[火电出力下限约束_4_11],0.0
cons[火电出力上限约束_4_12],-5643.274000000001
cons[火电出力下限约束_4_12],0.0
cons[火电出力上限约束_4_13],-5643.274000000001
cons[火电出力下限约束_4_13],0.0
cons[火电出力上限约束_4_14],-5643.274000000001
cons[火电出力下限约束_4_14],0.0
cons[火电出力上限约束_4_15],-5643.274000000001
cons[火电出力下限约束_4_15],0.0
cons[火电出力上限约束_4_16],-5643.274000000001
cons[火电出力下限约束_4_16],0.0
cons[火电出力上限约束_4_17],-5643.274000000001
cons[火电出力下限约束_4_17],0.0
cons[火电出力上限约束_4_18],-5643.274000000001
cons[火电出力下限约束_4_18],0.0
cons[火电出力上限约束_4_19],-5643.274000000001
cons[火电出力下限约束_4_19],0.0
cons[火电出力上限约束_4_20],-5643.274000000001
cons[火电出力下限约束_4_20],0.0
cons[火电出力上限约束_4_21],-5317.767
cons[火电出力下限约束_4_21],0.0
cons[火电出力上限约束_4_22],-6108.0109999999995
cons[火电出力下限约束_4_22],0.0
cons[火电出力上限约束_4_23],-5726.812
cons[火电出力下限约束_4_23],0.0
cons[火电出力上限约束_4_24],0.0
cons[火电出力下限约束_4_24],-214.57800000000043
cons[火电出力上限约束_4_25],0.0
cons[火电出力下限约束_4_25],-214.57800000000043
cons[火电出力上限约束_4_26],0.0
cons[火电出力下限约束_4_26],-81.35400000000027
cons[火电出力上限约束_4_27],0.0
cons[火电出力下限约束_4_27],0.0
cons[火电出力上限约束_4_28],0.0
cons[火电出力下限约束_4_28],0.0
cons[火电出力上限约束_4_29],0.0
cons[火电出力下限约束_4_29],0.0
cons[火电出力上限约束_4_30],0.0
cons[火电出力下限约束_4_30],0.0
cons[火电出力上限约束_4_31],0.0
cons[火电出力下限约束_4_31],0.0
cons[火电出力上限约束_4_32],0.0
cons[火电出力下限约束_4_32],0.0
cons[火电出力上限约束_4_33],0.0
cons[火电出力下限约束_4_33],0.0
cons[火电出力上限约束_4_34],0.0
cons[火电出力下限约束_4_34],0.0
cons[火电出力上限约束_4_35],0.0
cons[火电出力下限约束_4_35],0.0
cons[火电出力上限约束_4_36],0.0
cons[火电出力下限约束_4_36],0.0
cons[火电出力上限约束_4_37],0.0
cons[火电出力下限约束_4_37],0.0
cons[火电出力上限约束_4_38],0.0
cons[火电出力下限约束_4_38],0.0
cons[火电出力上限约束_4_39],0.0
cons[火电出力下限约束_4_39],0.0
cons[火电出力上限约束_4_40],0.0
cons[火电出力下限约束_4_40],0.0
cons[火电出力上限约束_4_41],0.0
cons[火电出力下限约束_4_41],0.0
cons[火电出力上限约束_4_42],0.0
cons[火电出力下限约束_4_42],0.0
cons[火电出力上限约束_4_43],0.0
cons[火电出力下限约束_4_43],0.0
cons[火电出力上限约束_4_44],0.0
cons[火电出力下限约束_4_44],0.0
cons[火电出力上限约束_4_45],0.0
cons[火电出力下限约束_4_45],0.0
cons[火电出力上限约束_4_46],0.0
cons[火电出力下限约束_4_46],0.0
cons[火电出力上限约束_4_47],0.0
cons[火电出力下限约束_4_47],0.0
cons[火电出力上限约束_4_48],0.0
cons[火电出力下限约束_4_48],0.0
cons[火电出力上限约束_4_49],0.0
cons[火电出力下限约束_4_49],0.0
cons[火电出力上限约束_4_50],0.0
cons[火电出力下限约束_4_50],0.0
cons[火电出力上限约束_4_51],0.0
cons[火电出力下限约束_4_51],0.0
cons[火电出力上限约束_4_52],0.0
cons[火电出力下限约束_4_52],0.0
cons[火电出力上限约束_4_53],0.0
cons[火电出力下限约束_4_53],0.0
cons[火电出力上限约束_4_54],0.0
cons[火电出力下限约束_4_54],0.0
cons[火电出力上限约束_4_55],0.0
cons[火电出力下限约束_4_55],0.0
cons[火电出力上限约束_4_56],0.0
cons[火电出力下限约束_4_56],0.0
cons[火电出力上限约束_4_57],0.0
cons[火电出力下限约束_4_57],0.0
cons[火电出力上限约束_4_58],0.0
cons[火电出力下限约束_4_58],0.0
cons[火电出力上限约束_4_59],0.0
cons[火电出力下限约束_4_59],0.0
cons[火电出力上限约束_4_60],0.0
cons[火电出力下限约束_4_60],0.0
cons[火电出力上限约束_4_61],0.0
cons[火电出力下限约束_4_61],0.0
cons[火电出力上限约束_4_62],0.0
cons[火电出力下限约束_4_62],0.0
cons[火电出力上限约束_4_63],0.0
cons[火电出力下限约束_4_63],0.0
cons[火电出力上限约束_4_64],0.0
cons[火电出力下限约束_4_64],0.0
cons[火电出力上限约束_4_65],0.0
cons[火电出力下限约束_4_65],0.0
cons[火电出力上限约束_4_66],0.0
cons[火电出力下限约束_4_66],0.0
cons[火电出力上限约束_4_67],0.0
cons[火电出力下限约束_4_67],0.0
cons[火电出力上限约束_4_68],0.0
cons[火电出力下限约束_4_68],0.0
cons[火电出力上限约束_4_69],0.0
cons[火电出力下限约束_4_69],0.0
cons[火电出力上限约束_4_70],0.0
cons[火电出力下限约束_4_70],0.0
cons[火电出力上限约束_4_71],0.0
cons[火电出力下限约束_4_71],0.0
cons[火电出力上限约束_4_72],0.0
cons[火电出力下限约束_4_72],0.0
cons[火电出力上限约束_4_73],0.0
cons[火电出力下限约束_4_73],0.0
cons[火电出力上限约束_4_74],0.0
cons[火电出力下限约束_4_74],0.0
cons[火电出力上限约束_4_75],0.0
cons[火电出力下限约束_4_75],0.0
cons[火电出力上限约束_4_76],-26.29899999999907
cons[火电出力下限约束_4_76],0.0
cons[火电出力上限约束_4_77],0.0
cons[火电出力下限约束_4_77],0.0
cons[火电出力上限约束_4_78],0.0
cons[火电出力下限约束_4_78],0.0
cons[火电出力上限约束_4_79],0.0
cons[火电出力下限约束_4_79],0.0
cons[火电出力上限约束_4_80],0.0
cons[火电出力下限约束_4_80],0.0
cons[火电出力上限约束_4_81],0.0
cons[火电出力下限约束_4_81],0.0
cons[火电出力上限约束_4_82],0.0
cons[火电出力下限约束_4_82],0.0
cons[火电出力上限约束_4_83],0.0
cons[火电出力下限约束_4_83],0.0
cons[火电出力上限约束_4_84],0.0
cons[火电出力下限约束_4_84],0.0
cons[火电出力上限约束_4_85],0.0
cons[火电出力下限约束_4_85],0.0
cons[火电出力上限约束_4_86],0.0
cons[火电出力下限约束_4_86],0.0
cons[火电出力上限约束_4_87],0.0
cons[火电出力下限约束_4_87],0.0
cons[火电出力上限约束_4_88],0.0
cons[火电出力下限约束_4_88],0.0
cons[火电出力上限约束_4_89],0.0
cons[火电出力下限约束_4_89],0.0
cons[火电出力上限约束_4_90],0.0
cons[火电出力下限约束_4_90],0.0
cons[火电出力上限约束_4_91],0.0
cons[火电出力下限约束_4_91],0.0
cons[火电出力上限约束_4_92],0.0
cons[火电出力下限约束_4_92],0.0
cons[火电出力上限约束_4_93],0.0
cons[火电出力下限约束_4_93],-35.30799999999999
cons[火电出力上限约束_4_94],0.0
cons[火电出力下限约束_4_94],-81.35400000000027
cons[火电出力上限约束_4_95],0.0
cons[火电出力下限约束_4_95],-554.9180000000006
cons[火电出力上限约束_5_0],-6210.204000000001
cons[火电出力下限约束_5_0],0.0
cons[火电出力上限约束_5_1],-6196.6905
cons[火电出力下限约束_5_1],0.0
cons[火电出力上限约束_5_2],-6154.057000000001
cons[火电出力下限约束_5_2],0.0
cons[火电出力上限约束_5_3],-6118.112
cons[火电出力下限约束_5_3],0.0
cons[火电出力上限约束_5_4],-6108.0109999999995
cons[火电出力下限约束_5_4],0.0
cons[火电出力上限约束_5_5],-5883.423000000001
cons[火电出力下限约束_5_5],0.0
cons[火电出力上限约束_5_6],-5810.349999999999
cons[火电出力下限约束_5_6],0.0
cons[火电出力上限约束_5_7],-5782.504
cons[火电出力下限约束_5_7],0.0
cons[火电出力上限约束_5_8],-5726.812
cons[火电出力下限约束_5_8],0.0
cons[火电出力上限约束_5_9],-5698.966
cons[火电出力下限约束_5_9],0.0
cons[火电出力上限约束_5_10],-5671.12
cons[火电出力下限约束_5_10],0.0
cons[火电出力上限约束_5_11],-5643.274
cons[火电出力下限约束_5_11],0.0
cons[火电出力上限约束_5_12],-5643.274000000001
cons[火电出力下限约束_5_12],0.0
cons[火电出力上限约束_5_13],-5643.274000000001
cons[火电出力下限约束_5_13],0.0
cons[火电出力上限约束_5_14],-5643.274000000001
cons[火电出力下限约束_5_14],0.0
cons[火电出力上限约束_5_15],-5643.274000000001
cons[火电出力下限约束_5_15],0.0
cons[火电出力上限约束_5_16],-5643.274000000001
cons[火电出力下限约束_5_16],0.0
cons[火电出力上限约束_5_17],-5643.274000000001
cons[火电出力下限约束_5_17],0.0
cons[火电出力上限约束_5_18],-5643.274000000001
cons[火电出力下限约束_5_18],0.0
cons[火电出力上限约束_5_19],-5643.274000000001
cons[火电出力下限约束_5_19],0.0
cons[火电出力上限约束_5_20],-5643.274000000001
cons[火电出力下限约束_5_20],0.0
cons[火电出力上限约束_5_21],-5317.767
cons[火电出力下限约束_5_21],0.0
cons[火电出力上限约束_5_22],-6108.0109999999995
cons[火电出力下限约束_5_22],0.0
cons[火电出力上限约束_5_23],0.0
cons[火电出力下限约束_5_23],-242.42399999999998
cons[火电出力上限约束_5_24],0.0
cons[火电出力下限约束_5_24],-214.57800000000043
cons[火电出力上限约束_5_25],0.0
cons[火电出力下限约束_5_25],-214.57800000000043
cons[火电出力上限约束_5_26],0.0
cons[火电出力下限约束_5_26],-81.35400000000027
cons[火电出力上限约束_5_27],0.0
cons[火电出力下限约束_5_27],0.0
cons[火电出力上限约束_5_28],0.0
cons[火电出力下限约束_5_28],0.0
cons[火电出力上限约束_5_29],0.0
cons[火电出力下限约束_5_29],0.0
cons[火电出力上限约束_5_30],0.0
cons[火电出力下限约束_5_30],0.0
cons[火电出力上限约束_5_31],0.0
cons[火电出力下限约束_5_31],0.0
cons[火电出力上限约束_5_32],0.0
cons[火电出力下限约束_5_32],0.0
cons[火电出力上限约束_5_33],0.0
cons[火电出力下限约束_5_33],0.0
cons[火电出力上限约束_5_34],0.0
cons[火电出力下限约束_5_34],0.0
cons[火电出力上限约束_5_35],0.0
cons[火电出力下限约束_5_35],0.0
cons[火电出力上限约束_5_36],0.0
cons[火电出力下限约束_5_36],0.0
cons[火电出力上限约束_5_37],0.0
cons[火电出力下限约束_5_37],0.0
cons[火电出力上限约束_5_38],0.0
cons[火电出力下限约束_5_38],0.0
cons[火电出力上限约束_5_39],0.0
cons[火电出力下限约束_5_39],0.0
cons[火电出力上限约束_5_40],0.0
cons[火电出力下限约束_5_40],0.0
cons[火电出力上限约束_5_41],0.0
cons[火电出力下限约束_5_41],0.0
cons[火电出力上限约束_5_42],0.0
cons[火电出力下限约束_5_42],0.0
cons[火电出力上限约束_5_43],0.0
cons[火电出力下限约束_5_43],0.0
cons[火电出力上限约束_5_44],0.0
cons[火电出力下限约束_5_44],0.0
cons[火电出力上限约束_5_45],0.0
cons[火电出力下限约束_5_45],0.0
cons[火电出力上限约束_5_46],0.0
cons[火电出力下限约束_5_46],0.0
cons[火电出力上限约束_5_47],0.0
cons[火电出力下限约束_5_47],0.0
cons[火电出力上限约束_5_48],0.0
cons[火电出力下限约束_5_48],0.0
cons[火电出力上限约束_5_49],0.0
cons[火电出力下限约束_5_49],0.0
cons[火电出力上限约束_5_50],0.0
cons[火电出力下限约束_5_50],0.0
cons[火电出力上限约束_5_51],0.0
cons[火电出力下限约束_5_51],0.0
cons[火电出力上限约束_5_52],0.0
cons[火电出力下限约束_5_52],0.0
cons[火电出力上限约束_5_53],0.0
cons[火电出力下限约束_5_53],0.0
cons[火电出力上限约束_5_54],0.0
cons[火电出力下限约束_5_54],0.0
cons[火电出力上限约束_5_55],0.0
cons[火电出力下限约束_5_55],0.0
cons[火电出力上限约束_5_56],0.0
cons[火电出力下限约束_5_56],0.0
cons[火电出力上限约束_5_57],0.0
cons[火电出力下限约束_5_57],0.0
cons[火电出力上限约束_5_58],0.0
cons[火电出力下限约束_5_58],0.0
cons[火电出力上限约束_5_59],0.0
cons[火电出力下限约束_5_59],0.0
cons[火电出力上限约束_5_60],0.0
cons[火电出力下限约束_5_60],0.0
cons[火电出力上限约束_5_61],0.0
cons[火电出力下限约束_5_61],0.0
cons[火电出力上限约束_5_62],0.0
cons[火电出力下限约束_5_62],0.0
cons[火电出力上限约束_5_63],0.0
cons[火电出力下限约束_5_63],0.0
cons[火电出力上限约束_5_64],0.0
cons[火电出力下限约束_5_64],0.0
cons[火电出力上限约束_5_65],0.0
cons[火电出力下限约束_5_65],0.0
cons[火电出力上限约束_5_66],0.0
cons[火电出力下限约束_5_66],0.0
cons[火电出力上限约束_5_67],0.0
cons[火电出力下限约束_5_67],0.0
cons[火电出力上限约束_5_68],0.0
cons[火电出力下限约束_5_68],0.0
cons[火电出力上限约束_5_69],0.0
cons[火电出力下限约束_5_69],0.0
cons[火电出力上限约束_5_70],0.0
cons[火电出力下限约束_5_70],0.0
cons[火电出力上限约束_5_71],-22.385999999999513
cons[火电出力下限约束_5_71],0.0
cons[火电出力上限约束_5_72],0.0
cons[火电出力下限约束_5_72],0.0
cons[火电出力上限约束_5_73],0.0
cons[火电出力下限约束_5_73],0.0
cons[火电出力上限约束_5_74],0.0
cons[火电出力下限约束_5_74],0.0
cons[火电出力上限约束_5_75],0.0
cons[火电出力下限约束_5_75],0.0
cons[火电出力上限约束_5_76],0.0
cons[火电出力下限约束_5_76],0.0
cons[火电出力上限约束_5_77],-22.385999999999513
cons[火电出力下限约束_5_77],0.0
cons[火电出力上限约束_5_78],0.0
cons[火电出力下限约束_5_78],0.0
cons[火电出力上限约束_5_79],0.0
cons[火电出力下限约束_5_79],0.0
cons[火电出力上限约束_5_80],0.0
cons[火电出力下限约束_5_80],0.0
cons[火电出力上限约束_5_81],0.0
cons[火电出力下限约束_5_81],0.0
cons[火电出力上限约束_5_82],0.0
cons[火电出力下限约束_5_82],0.0
cons[火电出力上限约束_5_83],0.0
cons[火电出力下限约束_5_83],0.0
cons[火电出力上限约束_5_84],0.0
cons[火电出力下限约束_5_84],0.0
cons[火电出力上限约束_5_85],0.0
cons[火电出力下限约束_5_85],0.0
cons[火电出力上限约束_5_86],0.0
cons[火电出力下限约束_5_86],0.0
cons[火电出力上限约束_5_87],0.0
cons[火电出力下限约束_5_87],0.0
cons[火电出力上限约束_5_88],0.0
cons[火电出力下限约束_5_88],0.0
cons[火电出力上限约束_5_89],0.0
cons[火电出力下限约束_5_89],0.0
cons[火电出力上限约束_5_90],0.0
cons[火电出力下限约束_5_90],0.0
cons[火电出力上限约束_5_91],0.0
cons[火电出力下限约束_5_91],0.0
cons[火电出力上限约束_5_92],0.0
cons[火电出力下限约束_5_92],0.0
cons[火电出力上限约束_5_93],0.0
cons[火电出力下限约束_5_93],-35.30799999999999
cons[火电出力上限约束_5_94],0.0
cons[火电出力下限约束_5_94],-81.35400000000027
cons[火电出力上限约束_5_95],0.0
cons[火电出力下限约束_5_95],-554.9180000000006
cons[火电出力上限约束_6_0],-6210.204000000001
cons[火电出力下限约束_6_0],0.0
cons[火电出力上限约束_6_1],-6196.6905
cons[火电出力下限约束_6_1],0.0
cons[火电出力上限约束_6_2],-6154.057000000001
cons[火电出力下限约束_6_2],0.0
cons[火电出力上限约束_6_3],-6118.112
cons[火电出力下限约束_6_3],0.0
cons[火电出力上限约束_6_4],-6108.0109999999995
cons[火电出力下限约束_6_4],0.0
cons[火电出力上限约束_6_5],-5883.423000000001
cons[火电出力下限约束_6_5],0.0
cons[火电出力上限约束_6_6],-5810.349999999999
cons[火电出力下限约束_6_6],0.0
cons[火电出力上限约束_6_7],-5782.504
cons[火电出力下限约束_6_7],0.0
cons[火电出力上限约束_6_8],-5726.812
cons[火电出力下限约束_6_8],0.0
cons[火电出力上限约束_6_9],-5698.966
cons[火电出力下限约束_6_9],0.0
cons[火电出力上限约束_6_10],-5671.12
cons[火电出力下限约束_6_10],0.0
cons[火电出力上限约束_6_11],-5643.274
cons[火电出力下限约束_6_11],0.0
cons[火电出力上限约束_6_12],-5643.274000000001
cons[火电出力下限约束_6_12],0.0
cons[火电出力上限约束_6_13],-5643.274000000001
cons[火电出力下限约束_6_13],0.0
cons[火电出力上限约束_6_14],-5643.274000000001
cons[火电出力下限约束_6_14],0.0
cons[火电出力上限约束_6_15],-5643.274000000001
cons[火电出力下限约束_6_15],0.0
cons[火电出力上限约束_6_16],-5643.274000000001
cons[火电出力下限约束_6_16],0.0
cons[火电出力上限约束_6_17],-5643.274000000001
cons[火电出力下限约束_6_17],0.0
cons[火电出力上限约束_6_18],-5643.274000000001
cons[火电出力下限约束_6_18],0.0
cons[火电出力上限约束_6_19],-5643.274000000001
cons[火电出力下限约束_6_19],0.0
cons[火电出力上限约束_6_20],-5643.274000000001
cons[火电出力下限约束_6_20],0.0
cons[火电出力上限约束_6_21],-5317.767
cons[火电出力下限约束_6_21],0.0
cons[火电出力上限约束_6_22],-6108.0109999999995
cons[火电出力下限约束_6_22],0.0
cons[火电出力上限约束_6_23],-5726.812
cons[火电出力下限约束_6_23],0.0
cons[火电出力上限约束_6_24],-5754.657999999999
cons[火电出力下限约束_6_24],0.0
cons[火电出力上限约束_6_25],-5754.657999999999
cons[火电出力下限约束_6_25],0.0
cons[火电出力上限约束_6_26],-5887.882
cons[火电出力下限约束_6_26],0.0
cons[火电出力上限约束_6_27],-5979.974000000003
cons[火电出力下限约束_6_27],0.0
cons[火电出力上限约束_6_28],-6024.928
cons[火电出力下限约束_6_28],0.0
cons[火电出力上限约束_6_29],-6052.774
cons[火电出力下限约束_6_29],0.0
cons[火电出力上限约束_6_30],-6080.62
cons[火电出力下限约束_6_30],0.0
cons[火电出力上限约束_6_31],-6108.0109999999995
cons[火电出力下限约束_6_31],0.0
cons[火电出力上限约束_6_32],-6108.466
cons[火电出力下限约束_6_32],0.0
cons[火电出力上限约束_6_33],-6118.112
cons[火电出力下限约束_6_33],0.0
cons[火电出力上限约束_6_34],-6118.112
cons[火电出力下限约束_6_34],0.0
cons[火电出力上限约束_6_35],-6118.112
cons[火电出力下限约束_6_35],0.0
cons[火电出力上限约束_6_36],-6118.112
cons[火电出力下限约束_6_36],0.0
cons[火电出力上限约束_6_37],-6108.466
cons[火电出力下限约束_6_37],0.0
cons[火电出力上限约束_6_38],-6108.466
cons[火电出力下限约束_6_38],0.0
cons[火电出力上限约束_6_39],-6108.466
cons[火电出力下限约束_6_39],0.0
cons[火电出力上限约束_6_40],-6108.466
cons[火电出力下限约束_6_40],0.0
cons[火电出力上限约束_6_41],-6108.466
cons[火电出力下限约束_6_41],0.0
cons[火电出力上限约束_6_42],-6108.466
cons[火电出力下限约束_6_42],0.0
cons[火电出力上限约束_6_43],-6108.466
cons[火电出力下限约束_6_43],0.0
cons[火电出力上限约束_6_44],-6108.466
cons[火电出力下限约束_6_44],0.0
cons[火电出力上限约束_6_45],-6108.0109999999995
cons[火电出力下限约束_6_45],0.0
cons[火电出力上限约束_6_46],-6108.0109999999995
cons[火电出力下限约束_6_46],0.0
cons[火电出力上限约束_6_47],-6108.0109999999995
cons[火电出力下限约束_6_47],0.0
cons[火电出力上限约束_6_48],-6108.0109999999995
cons[火电出力下限约束_6_48],0.0
cons[火电出力上限约束_6_49],-6108.0109999999995
cons[火电出力下限约束_6_49],0.0
cons[火电出力上限约束_6_50],-6108.0109999999995
cons[火电出力下限约束_6_50],0.0
cons[火电出力上限约束_6_51],-6108.0109999999995
cons[火电出力下限约束_6_51],0.0
cons[火电出力上限约束_6_52],-6108.0109999999995
cons[火电出力下限约束_6_52],0.0
cons[火电出力上限约束_6_53],-6080.62
cons[火电出力下限约束_6_53],0.0
cons[火电出力上限约束_6_54],-6080.62
cons[火电出力下限约束_6_54],0.0
cons[火电出力上限约束_6_55],-6080.62
cons[火电出力下限约束_6_55],0.0
cons[火电出力上限约束_6_56],-6080.62
cons[火电出力下限约束_6_56],0.0
cons[火电出力上限约束_6_57],-6080.62
cons[火电出力下限约束_6_57],0.0
cons[火电出力上限约束_6_58],-6080.62
cons[火电出力下限约束_6_58],0.0
cons[火电出力上限约束_6_59],-6108.0109999999995
cons[火电出力下限约束_6_59],0.0
cons[火电出力上限约束_6_60],-6108.466
cons[火电出力下限约束_6_60],0.0
cons[火电出力上限约束_6_61],-6136.312
cons[火电出力下限约束_6_61],0.0
cons[火电出力上限约束_6_62],-6164.157999999999
cons[火电出力下限约束_6_62],0.0
cons[火电出力上限约束_6_63],-6164.157999999999
cons[火电出力下限约束_6_63],0.0
cons[火电出力上限约束_6_64],-6192.004000000002
cons[火电出力下限约束_6_64],0.0
cons[火电出力上限约束_6_65],-6200.103
cons[火电出力下限约束_6_65],0.0
cons[火电出力上限约束_6_66],-6219.85
cons[火电出力下限约束_6_66],0.0
cons[火电出力上限约束_6_67],-6219.85
cons[火电出力下限约束_6_67],0.0
cons[火电出力上限约束_6_68],-6219.85
cons[火电出力下限约束_6_68],0.0
cons[火电出力上限约束_6_69],-6219.85
cons[火电出力下限约束_6_69],0.0
cons[火电出力上限约束_6_70],-6219.85
cons[火电出力下限约束_6_70],0.0
cons[火电出力上限约束_6_71],-6242.236
cons[火电出力下限约束_6_71],0.0
cons[火电出力上限约束_6_72],-6246.148999999999
cons[火电出力下限约束_6_72],0.0
cons[火电出力上限约束_6_73],-6256.250000000003
cons[火电出力下限约束_6_73],0.0
cons[火电出力上限约束_6_74],-6287.7815
cons[火电出力下限约束_6_74],0.0
cons[火电出力上限约束_6_75],-6287.7815
cons[火电出力下限约束_6_75],0.0
cons[火电出力上限约束_6_76],-6246.148999999999
cons[火电出力下限约束_6_76],0.0
cons[火电出力上限约束_6_77],-6242.236
cons[火电出力下限约束_6_77],0.0
cons[火电出力上限约束_6_78],-6219.85
cons[火电出力下限约束_6_78],0.0
cons[火电出力上限约束_6_79],-6219.85
cons[火电出力下限约束_6_79],0.0
cons[火电出力上限约束_6_80],-6200.103
cons[火电出力下限约束_6_80],0.0
cons[火电出力上限约束_6_81],-6196.6905
cons[火电出力下限约束_6_81],0.0
cons[火电出力上限约束_6_82],-6192.004000000002
cons[火电出力下限约束_6_82],0.0
cons[火电出力上限约束_6_83],-6164.157999999999
cons[火电出力下限约束_6_83],0.0
cons[火电出力上限约束_6_84],-6164.157999999999
cons[火电出力下限约束_6_84],0.0
cons[火电出力上限约束_6_85],-6164.157999999999
cons[火电出力下限约束_6_85],0.0
cons[火电出力上限约束_6_86],-6164.157999999999
cons[火电出力下限约束_6_86],0.0
cons[火电出力上限约束_6_87],-6154.057000000001
cons[火电出力下限约束_6_87],0.0
cons[火电出力上限约束_6_88],-6108.466
cons[火电出力下限约束_6_88],0.0
cons[火电出力上限约束_6_89],-6080.62
cons[火电出力下限约束_6_89],0.0
cons[火电出力上限约束_6_90],-6052.774
cons[火电出力下限约束_6_90],0.0
cons[火电出力上限约束_6_91],-6024.928
cons[火电出力下限约束_6_91],0.0
cons[火电出力上限约束_6_92],-5979.974000000003
cons[火电出力下限约束_6_92],0.0
cons[火电出力上限约束_6_93],-5933.928
cons[火电出力下限约束_6_93],0.0
cons[火电出力上限约束_6_94],-5887.882
cons[火电出力下限约束_6_94],0.0
cons[火电出力上限约束_6_95],-5414.317999999999
cons[火电出力下限约束_6_95],0.0
cons[火电出力上限约束_7_0],-6210.204000000001
cons[火电出力下限约束_7_0],0.0
cons[火电出力上限约束_7_1],-6196.6905
cons[火电出力下限约束_7_1],0.0
cons[火电出力上限约束_7_2],-6154.057000000001
cons[火电出力下限约束_7_2],0.0
cons[火电出力上限约束_7_3],-6118.112
cons[火电出力下限约束_7_3],0.0
cons[火电出力上限约束_7_4],-6108.0109999999995
cons[火电出力下限约束_7_4],0.0
cons[火电出力上限约束_7_5],-5883.423000000001
cons[火电出力下限约束_7_5],0.0
cons[火电出力上限约束_7_6],-5810.349999999999
cons[火电出力下限约束_7_6],0.0
cons[火电出力上限约束_7_7],-5782.504
cons[火电出力下限约束_7_7],0.0
cons[火电出力上限约束_7_8],-5726.812
cons[火电出力下限约束_7_8],0.0
cons[火电出力上限约束_7_9],-5698.966
cons[火电出力下限约束_7_9],0.0
cons[火电出力上限约束_7_10],-5671.12
cons[火电出力下限约束_7_10],0.0
cons[火电出力上限约束_7_11],-5643.274
cons[火电出力下限约束_7_11],0.0
cons[火电出力上限约束_7_12],-5643.274000000001
cons[火电出力下限约束_7_12],0.0
cons[火电出力上限约束_7_13],-5643.274000000001
cons[火电出力下限约束_7_13],0.0
cons[火电出力上限约束_7_14],-5643.274000000001
cons[火电出力下限约束_7_14],0.0
cons[火电出力上限约束_7_15],-5643.274000000001
cons[火电出力下限约束_7_15],0.0
cons[火电出力上限约束_7_16],-5643.274000000001
cons[火电出力下限约束_7_16],0.0
cons[火电出力上限约束_7_17],-5643.274000000001
cons[火电出力下限约束_7_17],0.0
cons[火电出力上限约束_7_18],-5643.274000000001
cons[火电出力下限约束_7_18],0.0
cons[火电出力上限约束_7_19],-5643.274000000001
cons[火电出力下限约束_7_19],0.0
cons[火电出力上限约束_7_20],-5643.274000000001
cons[火电出力下限约束_7_20],0.0
cons[火电出力上限约束_7_21],-5317.767
cons[火电出力下限约束_7_21],0.0
cons[火电出力上限约束_7_22],-6108.0109999999995
cons[火电出力下限约束_7_22],0.0
cons[火电出力上限约束_7_23],-5726.812
cons[火电出力下限约束_7_23],0.0
cons[火电出力上限约束_7_24],-5754.657999999999
cons[火电出力下限约束_7_24],0.0
cons[火电出力上限约束_7_25],-5754.657999999999
cons[火电出力下限约束_7_25],0.0
cons[火电出力上限约束_7_26],-5887.882
cons[火电出力下限约束_7_26],0.0
cons[火电出力上限约束_7_27],-5979.974000000003
cons[火电出力下限约束_7_27],0.0
cons[火电出力上限约束_7_28],-6024.928
cons[火电出力下限约束_7_28],0.0
cons[火电出力上限约束_7_29],-6052.774
cons[火电出力下限约束_7_29],0.0
cons[火电出力上限约束_7_30],-6080.62
cons[火电出力下限约束_7_30],0.0
cons[火电出力上限约束_7_31],-6108.0109999999995
cons[火电出力下限约束_7_31],0.0
cons[火电出力上限约束_7_32],-6108.466
cons[火电出力下限约束_7_32],0.0
cons[火电出力上限约束_7_33],-6118.112
cons[火电出力下限约束_7_33],0.0
cons[火电出力上限约束_7_34],-6118.112
cons[火电出力下限约束_7_34],0.0
cons[火电出力上限约束_7_35],-6118.112
cons[火电出力下限约束_7_35],0.0
cons[火电出力上限约束_7_36],-6118.112
cons[火电出力下限约束_7_36],0.0
cons[火电出力上限约束_7_37],-6108.466
cons[火电出力下限约束_7_37],0.0
cons[火电出力上限约束_7_38],-6108.466
cons[火电出力下限约束_7_38],0.0
cons[火电出力上限约束_7_39],-6108.466
cons[火电出力下限约束_7_39],0.0
cons[火电出力上限约束_7_40],-6108.466
cons[火电出力下限约束_7_40],0.0
cons[火电出力上限约束_7_41],-6108.466
cons[火电出力下限约束_7_41],0.0
cons[火电出力上限约束_7_42],-6108.466
cons[火电出力下限约束_7_42],0.0
cons[火电出力上限约束_7_43],-6108.466
cons[火电出力下限约束_7_43],0.0
cons[火电出力上限约束_7_44],-6108.466
cons[火电出力下限约束_7_44],0.0
cons[火电出力上限约束_7_45],-6108.0109999999995
cons[火电出力下限约束_7_45],0.0
cons[火电出力上限约束_7_46],-6108.0109999999995
cons[火电出力下限约束_7_46],0.0
cons[火电出力上限约束_7_47],-6108.0109999999995
cons[火电出力下限约束_7_47],0.0
cons[火电出力上限约束_7_48],-6108.0109999999995
cons[火电出力下限约束_7_48],0.0
cons[火电出力上限约束_7_49],-6108.0109999999995
cons[火电出力下限约束_7_49],0.0
cons[火电出力上限约束_7_50],-6108.0109999999995
cons[火电出力下限约束_7_50],0.0
cons[火电出力上限约束_7_51],-6108.0109999999995
cons[火电出力下限约束_7_51],0.0
cons[火电出力上限约束_7_52],-6108.0109999999995
cons[火电出力下限约束_7_52],0.0
cons[火电出力上限约束_7_53],-6080.62
cons[火电出力下限约束_7_53],0.0
cons[火电出力上限约束_7_54],-6080.62
cons[火电出力下限约束_7_54],0.0
cons[火电出力上限约束_7_55],-6080.62
cons[火电出力下限约束_7_55],0.0
cons[火电出力上限约束_7_56],-6080.62
cons[火电出力下限约束_7_56],0.0
cons[火电出力上限约束_7_57],-6080.62
cons[火电出力下限约束_7_57],0.0
cons[火电出力上限约束_7_58],-6080.62
cons[火电出力下限约束_7_58],0.0
cons[火电出力上限约束_7_59],-6108.0109999999995
cons[火电出力下限约束_7_59],0.0
cons[火电出力上限约束_7_60],-6108.466
cons[火电出力下限约束_7_60],0.0
cons[火电出力上限约束_7_61],-6136.312
cons[火电出力下限约束_7_61],0.0
cons[火电出力上限约束_7_62],-6164.157999999999
cons[火电出力下限约束_7_62],0.0
cons[火电出力上限约束_7_63],-6164.157999999999
cons[火电出力下限约束_7_63],0.0
cons[火电出力上限约束_7_64],-6192.004000000002
cons[火电出力下限约束_7_64],0.0
cons[火电出力上限约束_7_65],-6200.103
cons[火电出力下限约束_7_65],0.0
cons[火电出力上限约束_7_66],-6219.85
cons[火电出力下限约束_7_66],0.0
cons[火电出力上限约束_7_67],-6219.85
cons[火电出力下限约束_7_67],0.0
cons[火电出力上限约束_7_68],-6219.85
cons[火电出力下限约束_7_68],0.0
cons[火电出力上限约束_7_69],-6219.85
cons[火电出力下限约束_7_69],0.0
cons[火电出力上限约束_7_70],-6219.85
cons[火电出力下限约束_7_70],0.0
cons[火电出力上限约束_7_71],-6242.236
cons[火电出力下限约束_7_71],0.0
cons[火电出力上限约束_7_72],-6246.148999999999
cons[火电出力下限约束_7_72],0.0
cons[火电出力上限约束_7_73],-6256.250000000003
cons[火电出力下限约束_7_73],0.0
cons[火电出力上限约束_7_74],-6287.7815
cons[火电出力下限约束_7_74],0.0
cons[火电出力上限约束_7_75],-6287.7815
cons[火电出力下限约束_7_75],0.0
cons[火电出力上限约束_7_76],-6246.148999999999
cons[火电出力下限约束_7_76],0.0
cons[火电出力上限约束_7_77],-6242.236
cons[火电出力下限约束_7_77],0.0
cons[火电出力上限约束_7_78],-6219.85
cons[火电出力下限约束_7_78],0.0
cons[火电出力上限约束_7_79],-6219.85
cons[火电出力下限约束_7_79],0.0
cons[火电出力上限约束_7_80],-6200.103
cons[火电出力下限约束_7_80],0.0
cons[火电出力上限约束_7_81],-6196.6905
cons[火电出力下限约束_7_81],0.0
cons[火电出力上限约束_7_82],-6192.004000000002
cons[火电出力下限约束_7_82],0.0
cons[火电出力上限约束_7_83],-6164.157999999999
cons[火电出力下限约束_7_83],0.0
cons[火电出力上限约束_7_84],-6164.157999999999
cons[火电出力下限约束_7_84],0.0
cons[火电出力上限约束_7_85],-6164.157999999999
cons[火电出力下限约束_7_85],0.0
cons[火电出力上限约束_7_86],-6164.157999999999
cons[火电出力下限约束_7_86],0.0
cons[火电出力上限约束_7_87],-6154.057000000001
cons[火电出力下限约束_7_87],0.0
cons[火电出力上限约束_7_88],-6108.466
cons[火电出力下限约束_7_88],0.0
cons[火电出力上限约束_7_89],-6080.62
cons[火电出力下限约束_7_89],0.0
cons[火电出力上限约束_7_90],-6052.774
cons[火电出力下限约束_7_90],0.0
cons[火电出力上限约束_7_91],-6024.928
cons[火电出力下限约束_7_91],0.0
cons[火电出力上限约束_7_92],-5979.974000000003
cons[火电出力下限约束_7_92],0.0
cons[火电出力上限约束_7_93],-5933.928
cons[火电出力下限约束_7_93],0.0
cons[火电出力上限约束_7_94],-5887.882
cons[火电出力下限约束_7_94],0.0
cons[火电出力上限约束_7_95],-5414.317999999999
cons[火电出力下限约束_7_95],0.0
cons[火电出力上限约束_8_0],0.0
cons[火电出力下限约束_8_0],0.0
cons[火电出力上限约束_8_1],0.0
cons[火电出力下限约束_8_1],0.0
cons[火电出力上限约束_8_2],0.0
cons[火电出力下限约束_8_2],0.0
cons[火电出力上限约束_8_3],0.0
cons[火电出力下限约束_8_3],0.0
cons[火电出力上限约束_8_4],0.0
cons[火电出力下限约束_8_4],0.0
cons[火电出力上限约束_8_5],0.0
cons[火电出力下限约束_8_5],-224.58799999999883
cons[火电出力上限约束_8_6],0.0
cons[火电出力下限约束_8_6],-297.66100000000006
cons[火电出力上限约束_8_7],0.0
cons[火电出力下限约束_8_7],-325.5069999999996
cons[火电出力上限约束_8_8],0.0
cons[火电出力下限约束_8_8],-381.1989999999996
cons[火电出力上限约束_8_9],0.0
cons[火电出力下限约束_8_9],-409.04499999999916
cons[火电出力上限约束_8_10],0.0
cons[火电出力下限约束_8_10],-436.8909999999996
cons[火电出力上限约束_8_11],0.0
cons[火电出力下限约束_8_11],-464.73699999999917
cons[火电出力上限约束_8_12],0.0
cons[火电出力下限约束_8_12],-464.73699999999826
cons[火电出力上限约束_8_13],0.0
cons[火电出力下限约束_8_13],-464.73699999999826
cons[火电出力上限约束_8_14],0.0
cons[火电出力下限约束_8_14],-464.73699999999826
cons[火电出力上限约束_8_15],0.0
cons[火电出力下限约束_8_15],-464.73699999999826
cons[火电出力上限约束_8_16],0.0
cons[火电出力下限约束_8_16],-464.73699999999826
cons[火电出力上限约束_8_17],0.0
cons[火电出力下限约束_8_17],-464.73699999999826
cons[火电出力上限约束_8_18],0.0
cons[火电出力下限约束_8_18],-464.73699999999826
cons[火电出力上限约束_8_19],0.0
cons[火电出力下限约束_8_19],-464.73699999999826
cons[火电出力上限约束_8_20],0.0
cons[火电出力下限约束_8_20],-464.73699999999826
cons[火电出力上限约束_8_21],0.0
cons[火电出力下限约束_8_21],-790.2439999999997
cons[火电出力上限约束_8_22],0.0
cons[火电出力下限约束_8_22],0.0
cons[火电出力上限约束_8_23],0.0
cons[火电出力下限约束_8_23],-381.1989999999996
cons[火电出力上限约束_8_24],0.0
cons[火电出力下限约束_8_24],-353.35300000000007
cons[火电出力上限约束_8_25],0.0
cons[火电出力下限约束_8_25],-353.35300000000007
cons[火电出力上限约束_8_26],0.0
cons[火电出力下限约束_8_26],-220.1289999999999
cons[火电出力上限约束_8_27],0.0
cons[火电出力下限约束_8_27],-128.03699999999662
cons[火电出力上限约束_8_28],0.0
cons[火电出力下限约束_8_28],-83.08299999999963
cons[火电出力上限约束_8_29],0.0
cons[火电出力下限约束_8_29],-55.23699999999917
cons[火电出力上限约束_8_30],0.0
cons[火电出力下限约束_8_30],-27.39099999999962
cons[火电出力上限约束_8_31],0.0
cons[火电出力下限约束_8_31],0.0
cons[火电出力上限约束_8_32],0.0
cons[火电出力下限约束_8_32],0.0
cons[火电出力上限约束_8_33],0.0
cons[火电出力下限约束_8_33],0.0
cons[火电出力上限约束_8_34],0.0
cons[火电出力下限约束_8_34],0.0
cons[火电出力上限约束_8_35],0.0
cons[火电出力下限约束_8_35],0.0
cons[火电出力上限约束_8_36],0.0
cons[火电出力下限约束_8_36],0.0
cons[火电出力上限约束_8_37],0.0
cons[火电出力下限约束_8_37],0.0
cons[火电出力上限约束_8_38],0.0
cons[火电出力下限约束_8_38],0.0
cons[火电出力上限约束_8_39],0.0
cons[火电出力下限约束_8_39],0.0
cons[火电出力上限约束_8_40],0.0
cons[火电出力下限约束_8_40],0.0
cons[火电出力上限约束_8_41],0.0
cons[火电出力下限约束_8_41],0.0
cons[火电出力上限约束_8_42],0.0
cons[火电出力下限约束_8_42],0.0
cons[火电出力上限约束_8_43],0.0
cons[火电出力下限约束_8_43],0.0
cons[火电出力上限约束_8_44],0.0
cons[火电出力下限约束_8_44],0.0
cons[火电出力上限约束_8_45],0.0
cons[火电出力下限约束_8_45],0.0
cons[火电出力上限约束_8_46],0.0
cons[火电出力下限约束_8_46],0.0
cons[火电出力上限约束_8_47],0.0
cons[火电出力下限约束_8_47],0.0
cons[火电出力上限约束_8_48],0.0
cons[火电出力下限约束_8_48],0.0
cons[火电出力上限约束_8_49],0.0
cons[火电出力下限约束_8_49],0.0
cons[火电出力上限约束_8_50],0.0
cons[火电出力下限约束_8_50],0.0
cons[火电出力上限约束_8_51],0.0
cons[火电出力下限约束_8_51],0.0
cons[火电出力上限约束_8_52],0.0
cons[火电出力下限约束_8_52],0.0
cons[火电出力上限约束_8_53],0.0
cons[火电出力下限约束_8_53],-27.39099999999962
cons[火电出力上限约束_8_54],0.0
cons[火电出力下限约束_8_54],-27.39099999999962
cons[火电出力上限约束_8_55],0.0
cons[火电出力下限约束_8_55],-27.39099999999962
cons[火电出力上限约束_8_56],0.0
cons[火电出力下限约束_8_56],-27.39099999999962
cons[火电出力上限约束_8_57],0.0
cons[火电出力下限约束_8_57],-27.39099999999962
cons[火电出力上限约束_8_58],0.0
cons[火电出力下限约束_8_58],-27.39099999999962
cons[火电出力上限约束_8_59],0.0
cons[火电出力下限约束_8_59],0.0
cons[火电出力上限约束_8_60],0.0
cons[火电出力下限约束_8_60],0.0
cons[火电出力上限约束_8_61],0.0
cons[火电出力下限约束_8_61],0.0
cons[火电出力上限约束_8_62],0.0
cons[火电出力下限约束_8_62],0.0
cons[火电出力上限约束_8_63],0.0
cons[火电出力下限约束_8_63],0.0
cons[火电出力上限约束_8_64],0.0
cons[火电出力下限约束_8_64],0.0
cons[火电出力上限约束_8_65],0.0
cons[火电出力下限约束_8_65],0.0
cons[火电出力上限约束_8_66],0.0
cons[火电出力下限约束_8_66],0.0
cons[火电出力上限约束_8_67],0.0
cons[火电出力下限约束_8_67],0.0
cons[火电出力上限约束_8_68],0.0
cons[火电出力下限约束_8_68],0.0
cons[火电出力上限约束_8_69],0.0
cons[火电出力下限约束_8_69],0.0
cons[火电出力上限约束_8_70],0.0
cons[火电出力下限约束_8_70],0.0
cons[火电出力上限约束_8_71],0.0
cons[火电出力下限约束_8_71],0.0
cons[火电出力上限约束_8_72],0.0
cons[火电出力下限约束_8_72],0.0
cons[火电出力上限约束_8_73],0.0
cons[火电出力下限约束_8_73],0.0
cons[火电出力上限约束_8_74],0.0
cons[火电出力下限约束_8_74],0.0
cons[火电出力上限约束_8_75],0.0
cons[火电出力下限约束_8_75],0.0
cons[火电出力上限约束_8_76],0.0
cons[火电出力下限约束_8_76],0.0
cons[火电出力上限约束_8_77],0.0
cons[火电出力下限约束_8_77],0.0
cons[火电出力上限约束_8_78],0.0
cons[火电出力下限约束_8_78],0.0
cons[火电出力上限约束_8_79],0.0
cons[火电出力下限约束_8_79],0.0
cons[火电出力上限约束_8_80],0.0
cons[火电出力下限约束_8_80],0.0
cons[火电出力上限约束_8_81],0.0
cons[火电出力下限约束_8_81],0.0
cons[火电出力上限约束_8_82],0.0
cons[火电出力下限约束_8_82],0.0
cons[火电出力上限约束_8_83],0.0
cons[火电出力下限约束_8_83],0.0
cons[火电出力上限约束_8_84],0.0
cons[火电出力下限约束_8_84],0.0
cons[火电出力上限约束_8_85],0.0
cons[火电出力下限约束_8_85],0.0
cons[火电出力上限约束_8_86],0.0
cons[火电出力下限约束_8_86],0.0
cons[火电出力上限约束_8_87],0.0
cons[火电出力下限约束_8_87],0.0
cons[火电出力上限约束_8_88],0.0
cons[火电出力下限约束_8_88],0.0
cons[火电出力上限约束_8_89],0.0
cons[火电出力下限约束_8_89],-27.39099999999962
cons[火电出力上限约束_8_90],0.0
cons[火电出力下限约束_8_90],-55.23699999999917
cons[火电出力上限约束_8_91],0.0
cons[火电出力下限约束_8_91],-83.08299999999963
cons[火电出力上限约束_8_92],0.0
cons[火电出力下限约束_8_92],-128.03699999999662
cons[火电出力上限约束_8_93],0.0
cons[火电出力下限约束_8_93],-174.08299999999963
cons[火电出力上限约束_8_94],0.0
cons[火电出力下限约束_8_94],-220.1289999999999
cons[火电出力上限约束_8_95],0.0
cons[火电出力下限约束_8_95],-693.6930000000002
cons[火电出力上限约束_9_0],0.0
cons[火电出力下限约束_9_0],0.0
cons[火电出力上限约束_9_1],0.0
cons[火电出力下限约束_9_1],0.0
cons[火电出力上限约束_9_2],0.0
cons[火电出力下限约束_9_2],0.0
cons[火电出力上限约束_9_3],0.0
cons[火电出力下限约束_9_3],0.0
cons[火电出力上限约束_9_4],0.0
cons[火电出力下限约束_9_4],0.0
cons[火电出力上限约束_9_5],0.0
cons[火电出力下限约束_9_5],-224.58799999999883
cons[火电出力上限约束_9_6],0.0
cons[火电出力下限约束_9_6],-297.66100000000006
cons[火电出力上限约束_9_7],0.0
cons[火电出力下限约束_9_7],-325.5069999999996
cons[火电出力上限约束_9_8],0.0
cons[火电出力下限约束_9_8],-381.1989999999996
cons[火电出力上限约束_9_9],0.0
cons[火电出力下限约束_9_9],-409.04499999999916
cons[火电出力上限约束_9_10],0.0
cons[火电出力下限约束_9_10],-436.8909999999996
cons[火电出力上限约束_9_11],0.0
cons[火电出力下限约束_9_11],-464.73699999999917
cons[火电出力上限约束_9_12],0.0
cons[火电出力下限约束_9_12],-464.73699999999826
cons[火电出力上限约束_9_13],0.0
cons[火电出力下限约束_9_13],-464.73699999999826
cons[火电出力上限约束_9_14],0.0
cons[火电出力下限约束_9_14],-464.73699999999826
cons[火电出力上限约束_9_15],0.0
cons[火电出力下限约束_9_15],-464.73699999999826
cons[火电出力上限约束_9_16],0.0
cons[火电出力下限约束_9_16],-464.73699999999826
cons[火电出力上限约束_9_17],0.0
cons[火电出力下限约束_9_17],-464.73699999999826
cons[火电出力上限约束_9_18],0.0
cons[火电出力下限约束_9_18],-464.73699999999826
cons[火电出力上限约束_9_19],0.0
cons[火电出力下限约束_9_19],-464.73699999999826
cons[火电出力上限约束_9_20],0.0
cons[火电出力下限约束_9_20],-464.73699999999826
cons[火电出力上限约束_9_21],0.0
cons[火电出力下限约束_9_21],-790.2439999999997
cons[火电出力上限约束_9_22],0.0
cons[火电出力下限约束_9_22],0.0
cons[火电出力上限约束_9_23],0.0
cons[火电出力下限约束_9_23],-381.1989999999996
cons[火电出力上限约束_9_24],0.0
cons[火电出力下限约束_9_24],-353.35300000000007
cons[火电出力上限约束_9_25],0.0
cons[火电出力下限约束_9_25],-353.35300000000007
cons[火电出力上限约束_9_26],0.0
cons[火电出力下限约束_9_26],-220.1289999999999
cons[火电出力上限约束_9_27],0.0
cons[火电出力下限约束_9_27],-128.03699999999662
cons[火电出力上限约束_9_28],0.0
cons[火电出力下限约束_9_28],-83.08299999999963
cons[火电出力上限约束_9_29],0.0
cons[火电出力下限约束_9_29],-55.23699999999917
cons[火电出力上限约束_9_30],0.0
cons[火电出力下限约束_9_30],-27.39099999999962
cons[火电出力上限约束_9_31],0.0
cons[火电出力下限约束_9_31],0.0
cons[火电出力上限约束_9_32],0.0
cons[火电出力下限约束_9_32],0.0
cons[火电出力上限约束_9_33],0.0
cons[火电出力下限约束_9_33],0.0
cons[火电出力上限约束_9_34],0.0
cons[火电出力下限约束_9_34],0.0
cons[火电出力上限约束_9_35],0.0
cons[火电出力下限约束_9_35],0.0
cons[火电出力上限约束_9_36],0.0
cons[火电出力下限约束_9_36],0.0
cons[火电出力上限约束_9_37],0.0
cons[火电出力下限约束_9_37],0.0
cons[火电出力上限约束_9_38],0.0
cons[火电出力下限约束_9_38],0.0
cons[火电出力上限约束_9_39],0.0
cons[火电出力下限约束_9_39],0.0
cons[火电出力上限约束_9_40],0.0
cons[火电出力下限约束_9_40],0.0
cons[火电出力上限约束_9_41],0.0
cons[火电出力下限约束_9_41],0.0
cons[火电出力上限约束_9_42],0.0
cons[火电出力下限约束_9_42],0.0
cons[火电出力上限约束_9_43],0.0
cons[火电出力下限约束_9_43],0.0
cons[火电出力上限约束_9_44],0.0
cons[火电出力下限约束_9_44],0.0
cons[火电出力上限约束_9_45],0.0
cons[火电出力下限约束_9_45],0.0
cons[火电出力上限约束_9_46],0.0
cons[火电出力下限约束_9_46],0.0
cons[火电出力上限约束_9_47],0.0
cons[火电出力下限约束_9_47],0.0
cons[火电出力上限约束_9_48],0.0
cons[火电出力下限约束_9_48],0.0
cons[火电出力上限约束_9_49],0.0
cons[火电出力下限约束_9_49],0.0
cons[火电出力上限约束_9_50],0.0
cons[火电出力下限约束_9_50],0.0
cons[火电出力上限约束_9_51],0.0
cons[火电出力下限约束_9_51],0.0
cons[火电出力上限约束_9_52],0.0
cons[火电出力下限约束_9_52],0.0
cons[火电出力上限约束_9_53],0.0
cons[火电出力下限约束_9_53],-27.39099999999962
cons[火电出力上限约束_9_54],0.0
cons[火电出力下限约束_9_54],-27.39099999999962
cons[火电出力上限约束_9_55],0.0
cons[火电出力下限约束_9_55],-27.39099999999962
cons[火电出力上限约束_9_56],0.0
cons[火电出力下限约束_9_56],-27.39099999999962
cons[火电出力上限约束_9_57],0.0
cons[火电出力下限约束_9_57],-27.39099999999962
cons[火电出力上限约束_9_58],0.0
cons[火电出力下限约束_9_58],-27.39099999999962
cons[火电出力上限约束_9_59],0.0
cons[火电出力下限约束_9_59],0.0
cons[火电出力上限约束_9_60],0.0
cons[火电出力下限约束_9_60],0.0
cons[火电出力上限约束_9_61],0.0
cons[火电出力下限约束_9_61],0.0
cons[火电出力上限约束_9_62],0.0
cons[火电出力下限约束_9_62],0.0
cons[火电出力上限约束_9_63],0.0
cons[火电出力下限约束_9_63],0.0
cons[火电出力上限约束_9_64],0.0
cons[火电出力下限约束_9_64],0.0
cons[火电出力上限约束_9_65],0.0
cons[火电出力下限约束_9_65],0.0
cons[火电出力上限约束_9_66],0.0
cons[火电出力下限约束_9_66],0.0
cons[火电出力上限约束_9_67],0.0
cons[火电出力下限约束_9_67],0.0
cons[火电出力上限约束_9_68],0.0
cons[火电出力下限约束_9_68],0.0
cons[火电出力上限约束_9_69],0.0
cons[火电出力下限约束_9_69],0.0
cons[火电出力上限约束_9_70],0.0
cons[火电出力下限约束_9_70],0.0
cons[火电出力上限约束_9_71],0.0
cons[火电出力下限约束_9_71],0.0
cons[火电出力上限约束_9_72],0.0
cons[火电出力下限约束_9_72],0.0
cons[火电出力上限约束_9_73],0.0
cons[火电出力下限约束_9_73],0.0
cons[火电出力上限约束_9_74],0.0
cons[火电出力下限约束_9_74],0.0
cons[火电出力上限约束_9_75],0.0
cons[火电出力下限约束_9_75],0.0
cons[火电出力上限约束_9_76],0.0
cons[火电出力下限约束_9_76],0.0
cons[火电出力上限约束_9_77],0.0
cons[火电出力下限约束_9_77],0.0
cons[火电出力上限约束_9_78],0.0
cons[火电出力下限约束_9_78],0.0
cons[火电出力上限约束_9_79],0.0
cons[火电出力下限约束_9_79],0.0
cons[火电出力上限约束_9_80],0.0
cons[火电出力下限约束_9_80],0.0
cons[火电出力上限约束_9_81],0.0
cons[火电出力下限约束_9_81],0.0
cons[火电出力上限约束_9_82],0.0
cons[火电出力下限约束_9_82],0.0
cons[火电出力上限约束_9_83],0.0
cons[火电出力下限约束_9_83],0.0
cons[火电出力上限约束_9_84],0.0
cons[火电出力下限约束_9_84],0.0
cons[火电出力上限约束_9_85],0.0
cons[火电出力下限约束_9_85],0.0
cons[火电出力上限约束_9_86],0.0
cons[火电出力下限约束_9_86],0.0
cons[火电出力上限约束_9_87],0.0
cons[火电出力下限约束_9_87],0.0
cons[火电出力上限约束_9_88],0.0
cons[火电出力下限约束_9_88],0.0
cons[火电出力上限约束_9_89],0.0
cons[火电出力下限约束_9_89],-27.39099999999962
cons[火电出力上限约束_9_90],0.0
cons[火电出力下限约束_9_90],-55.23699999999917
cons[火电出力上限约束_9_91],0.0
cons[火电出力下限约束_9_91],-83.08299999999963
cons[火电出力上限约束_9_92],0.0
cons[火电出力下限约束_9_92],-128.03699999999662
cons[火电出力上限约束_9_93],0.0
cons[火电出力下限约束_9_93],-174.08299999999963
cons[火电出力上限约束_9_94],0.0
cons[火电出力下限约束_9_94],-220.1289999999999
cons[火电出力上限约束_9_95],0.0
cons[火电出力下限约束_9_95],-693.6930000000002
cons[火电出力上限约束_10_0],0.0
cons[火电出力下限约束_10_0],0.0
cons[火电出力上限约束_10_1],0.0
cons[火电出力下限约束_10_1],0.0
cons[火电出力上限约束_10_2],0.0
cons[火电出力下限约束_10_2],0.0
cons[火电出力上限约束_10_3],0.0
cons[火电出力下限约束_10_3],0.0
cons[火电出力上限约束_10_4],0.0
cons[火电出力下限约束_10_4],0.0
cons[火电出力上限约束_10_5],0.0
cons[火电出力下限约束_10_5],-224.58799999999883
cons[火电出力上限约束_10_6],0.0
cons[火电出力下限约束_10_6],-297.66100000000006
cons[火电出力上限约束_10_7],0.0
cons[火电出力下限约束_10_7],-325.5069999999996
cons[火电出力上限约束_10_8],0.0
cons[火电出力下限约束_10_8],-381.1989999999996
cons[火电出力上限约束_10_9],0.0
cons[火电出力下限约束_10_9],-409.04499999999916
cons[火电出力上限约束_10_10],0.0
cons[火电出力下限约束_10_10],-436.8909999999996
cons[火电出力上限约束_10_11],0.0
cons[火电出力下限约束_10_11],-464.73699999999917
cons[火电出力上限约束_10_12],0.0
cons[火电出力下限约束_10_12],-464.73699999999826
cons[火电出力上限约束_10_13],0.0
cons[火电出力下限约束_10_13],-464.73699999999826
cons[火电出力上限约束_10_14],0.0
cons[火电出力下限约束_10_14],-464.73699999999826
cons[火电出力上限约束_10_15],0.0
cons[火电出力下限约束_10_15],-464.73699999999826
cons[火电出力上限约束_10_16],0.0
cons[火电出力下限约束_10_16],-464.73699999999826
cons[火电出力上限约束_10_17],0.0
cons[火电出力下限约束_10_17],-464.73699999999826
cons[火电出力上限约束_10_18],0.0
cons[火电出力下限约束_10_18],-464.73699999999826
cons[火电出力上限约束_10_19],0.0
cons[火电出力下限约束_10_19],-464.73699999999826
cons[火电出力上限约束_10_20],0.0
cons[火电出力下限约束_10_20],-464.73699999999826
cons[火电出力上限约束_10_21],0.0
cons[火电出力下限约束_10_21],-790.2439999999997
cons[火电出力上限约束_10_22],0.0
cons[火电出力下限约束_10_22],0.0
cons[火电出力上限约束_10_23],0.0
cons[火电出力下限约束_10_23],-381.1989999999996
cons[火电出力上限约束_10_24],0.0
cons[火电出力下限约束_10_24],-353.35300000000007
cons[火电出力上限约束_10_25],0.0
cons[火电出力下限约束_10_25],-353.35300000000007
cons[火电出力上限约束_10_26],0.0
cons[火电出力下限约束_10_26],-220.1289999999999
cons[火电出力上限约束_10_27],0.0
cons[火电出力下限约束_10_27],-128.03699999999662
cons[火电出力上限约束_10_28],0.0
cons[火电出力下限约束_10_28],-83.08299999999963
cons[火电出力上限约束_10_29],0.0
cons[火电出力下限约束_10_29],-55.23699999999917
cons[火电出力上限约束_10_30],0.0
cons[火电出力下限约束_10_30],-27.39099999999962
cons[火电出力上限约束_10_31],0.0
cons[火电出力下限约束_10_31],0.0
cons[火电出力上限约束_10_32],0.0
cons[火电出力下限约束_10_32],0.0
cons[火电出力上限约束_10_33],0.0
cons[火电出力下限约束_10_33],0.0
cons[火电出力上限约束_10_34],0.0
cons[火电出力下限约束_10_34],0.0
cons[火电出力上限约束_10_35],0.0
cons[火电出力下限约束_10_35],0.0
cons[火电出力上限约束_10_36],0.0
cons[火电出力下限约束_10_36],0.0
cons[火电出力上限约束_10_37],0.0
cons[火电出力下限约束_10_37],0.0
cons[火电出力上限约束_10_38],0.0
cons[火电出力下限约束_10_38],0.0
cons[火电出力上限约束_10_39],0.0
cons[火电出力下限约束_10_39],0.0
cons[火电出力上限约束_10_40],0.0
cons[火电出力下限约束_10_40],0.0
cons[火电出力上限约束_10_41],0.0
cons[火电出力下限约束_10_41],0.0
cons[火电出力上限约束_10_42],0.0
cons[火电出力下限约束_10_42],0.0
cons[火电出力上限约束_10_43],0.0
cons[火电出力下限约束_10_43],0.0
cons[火电出力上限约束_10_44],0.0
cons[火电出力下限约束_10_44],0.0
cons[火电出力上限约束_10_45],0.0
cons[火电出力下限约束_10_45],0.0
cons[火电出力上限约束_10_46],0.0
cons[火电出力下限约束_10_46],0.0
cons[火电出力上限约束_10_47],0.0
cons[火电出力下限约束_10_47],0.0
cons[火电出力上限约束_10_48],0.0
cons[火电出力下限约束_10_48],0.0
cons[火电出力上限约束_10_49],0.0
cons[火电出力下限约束_10_49],0.0
cons[火电出力上限约束_10_50],0.0
cons[火电出力下限约束_10_50],0.0
cons[火电出力上限约束_10_51],0.0
cons[火电出力下限约束_10_51],0.0
cons[火电出力上限约束_10_52],0.0
cons[火电出力下限约束_10_52],0.0
cons[火电出力上限约束_10_53],0.0
cons[火电出力下限约束_10_53],-27.39099999999962
cons[火电出力上限约束_10_54],0.0
cons[火电出力下限约束_10_54],-27.39099999999962
cons[火电出力上限约束_10_55],0.0
cons[火电出力下限约束_10_55],-27.39099999999962
cons[火电出力上限约束_10_56],0.0
cons[火电出力下限约束_10_56],-27.39099999999962
cons[火电出力上限约束_10_57],0.0
cons[火电出力下限约束_10_57],-27.39099999999962
cons[火电出力上限约束_10_58],0.0
cons[火电出力下限约束_10_58],-27.39099999999962
cons[火电出力上限约束_10_59],0.0
cons[火电出力下限约束_10_59],0.0
cons[火电出力上限约束_10_60],0.0
cons[火电出力下限约束_10_60],0.0
cons[火电出力上限约束_10_61],0.0
cons[火电出力下限约束_10_61],0.0
cons[火电出力上限约束_10_62],0.0
cons[火电出力下限约束_10_62],0.0
cons[火电出力上限约束_10_63],0.0
cons[火电出力下限约束_10_63],0.0
cons[火电出力上限约束_10_64],0.0
cons[火电出力下限约束_10_64],0.0
cons[火电出力上限约束_10_65],0.0
cons[火电出力下限约束_10_65],0.0
cons[火电出力上限约束_10_66],0.0
cons[火电出力下限约束_10_66],0.0
cons[火电出力上限约束_10_67],0.0
cons[火电出力下限约束_10_67],0.0
cons[火电出力上限约束_10_68],0.0
cons[火电出力下限约束_10_68],0.0
cons[火电出力上限约束_10_69],0.0
cons[火电出力下限约束_10_69],0.0
cons[火电出力上限约束_10_70],0.0
cons[火电出力下限约束_10_70],0.0
cons[火电出力上限约束_10_71],0.0
cons[火电出力下限约束_10_71],0.0
cons[火电出力上限约束_10_72],0.0
cons[火电出力下限约束_10_72],0.0
cons[火电出力上限约束_10_73],0.0
cons[火电出力下限约束_10_73],0.0
cons[火电出力上限约束_10_74],0.0
cons[火电出力下限约束_10_74],0.0
cons[火电出力上限约束_10_75],0.0
cons[火电出力下限约束_10_75],0.0
cons[火电出力上限约束_10_76],0.0
cons[火电出力下限约束_10_76],0.0
cons[火电出力上限约束_10_77],0.0
cons[火电出力下限约束_10_77],0.0
cons[火电出力上限约束_10_78],0.0
cons[火电出力下限约束_10_78],0.0
cons[火电出力上限约束_10_79],0.0
cons[火电出力下限约束_10_79],0.0
cons[火电出力上限约束_10_80],0.0
cons[火电出力下限约束_10_80],0.0
cons[火电出力上限约束_10_81],0.0
cons[火电出力下限约束_10_81],0.0
cons[火电出力上限约束_10_82],0.0
cons[火电出力下限约束_10_82],0.0
cons[火电出力上限约束_10_83],0.0
cons[火电出力下限约束_10_83],0.0
cons[火电出力上限约束_10_84],0.0
cons[火电出力下限约束_10_84],0.0
cons[火电出力上限约束_10_85],0.0
cons[火电出力下限约束_10_85],0.0
cons[火电出力上限约束_10_86],0.0
cons[火电出力下限约束_10_86],0.0
cons[火电出力上限约束_10_87],0.0
cons[火电出力下限约束_10_87],0.0
cons[火电出力上限约束_10_88],0.0
cons[火电出力下限约束_10_88],0.0
cons[火电出力上限约束_10_89],0.0
cons[火电出力下限约束_10_89],-27.39099999999962
cons[火电出力上限约束_10_90],0.0
cons[火电出力下限约束_10_90],-55.23699999999917
cons[火电出力上限约束_10_91],0.0
cons[火电出力下限约束_10_91],-83.08299999999963
cons[火电出力上限约束_10_92],0.0
cons[火电出力下限约束_10_92],-128.03699999999662
cons[火电出力上限约束_10_93],0.0
cons[火电出力下限约束_10_93],-174.08299999999963
cons[火电出力上限约束_10_94],0.0
cons[火电出力下限约束_10_94],-220.1289999999999
cons[火电出力上限约束_10_95],0.0
cons[火电出力下限约束_10_95],-693.6930000000002
cons[火电出力上限约束_11_0],0.0
cons[火电出力下限约束_11_0],0.0
cons[火电出力上限约束_11_1],0.0
cons[火电出力下限约束_11_1],0.0
cons[火电出力上限约束_11_2],0.0
cons[火电出力下限约束_11_2],0.0
cons[火电出力上限约束_11_3],0.0
cons[火电出力下限约束_11_3],0.0
cons[火电出力上限约束_11_4],0.0
cons[火电出力下限约束_11_4],0.0
cons[火电出力上限约束_11_5],0.0
cons[火电出力下限约束_11_5],-224.58799999999883
cons[火电出力上限约束_11_6],0.0
cons[火电出力下限约束_11_6],-297.66100000000006
cons[火电出力上限约束_11_7],0.0
cons[火电出力下限约束_11_7],-325.5069999999996
cons[火电出力上限约束_11_8],0.0
cons[火电出力下限约束_11_8],-381.1989999999996
cons[火电出力上限约束_11_9],0.0
cons[火电出力下限约束_11_9],-409.04499999999916
cons[火电出力上限约束_11_10],0.0
cons[火电出力下限约束_11_10],-436.8909999999996
cons[火电出力上限约束_11_11],0.0
cons[火电出力下限约束_11_11],-464.73699999999917
cons[火电出力上限约束_11_12],0.0
cons[火电出力下限约束_11_12],-464.73699999999826
cons[火电出力上限约束_11_13],0.0
cons[火电出力下限约束_11_13],-464.73699999999826
cons[火电出力上限约束_11_14],0.0
cons[火电出力下限约束_11_14],-464.73699999999826
cons[火电出力上限约束_11_15],0.0
cons[火电出力下限约束_11_15],-464.73699999999826
cons[火电出力上限约束_11_16],0.0
cons[火电出力下限约束_11_16],-464.73699999999826
cons[火电出力上限约束_11_17],0.0
cons[火电出力下限约束_11_17],-464.73699999999826
cons[火电出力上限约束_11_18],0.0
cons[火电出力下限约束_11_18],-464.73699999999826
cons[火电出力上限约束_11_19],0.0
cons[火电出力下限约束_11_19],-464.73699999999826
cons[火电出力上限约束_11_20],0.0
cons[火电出力下限约束_11_20],-464.73699999999826
cons[火电出力上限约束_11_21],0.0
cons[火电出力下限约束_11_21],-790.2439999999997
cons[火电出力上限约束_11_22],0.0
cons[火电出力下限约束_11_22],0.0
cons[火电出力上限约束_11_23],0.0
cons[火电出力下限约束_11_23],-381.1989999999996
cons[火电出力上限约束_11_24],0.0
cons[火电出力下限约束_11_24],-353.35300000000007
cons[火电出力上限约束_11_25],0.0
cons[火电出力下限约束_11_25],-353.35300000000007
cons[火电出力上限约束_11_26],0.0
cons[火电出力下限约束_11_26],-220.1289999999999
cons[火电出力上限约束_11_27],0.0
cons[火电出力下限约束_11_27],-128.03699999999662
cons[火电出力上限约束_11_28],0.0
cons[火电出力下限约束_11_28],-83.08299999999963
cons[火电出力上限约束_11_29],0.0
cons[火电出力下限约束_11_29],-55.23699999999917
cons[火电出力上限约束_11_30],0.0
cons[火电出力下限约束_11_30],-27.39099999999962
cons[火电出力上限约束_11_31],0.0
cons[火电出力下限约束_11_31],0.0
cons[火电出力上限约束_11_32],0.0
cons[火电出力下限约束_11_32],0.0
cons[火电出力上限约束_11_33],0.0
cons[火电出力下限约束_11_33],0.0
cons[火电出力上限约束_11_34],0.0
cons[火电出力下限约束_11_34],0.0
cons[火电出力上限约束_11_35],0.0
cons[火电出力下限约束_11_35],0.0
cons[火电出力上限约束_11_36],0.0
cons[火电出力下限约束_11_36],0.0
cons[火电出力上限约束_11_37],0.0
cons[火电出力下限约束_11_37],0.0
cons[火电出力上限约束_11_38],0.0
cons[火电出力下限约束_11_38],0.0
cons[火电出力上限约束_11_39],0.0
cons[火电出力下限约束_11_39],0.0
cons[火电出力上限约束_11_40],0.0
cons[火电出力下限约束_11_40],0.0
cons[火电出力上限约束_11_41],0.0
cons[火电出力下限约束_11_41],0.0
cons[火电出力上限约束_11_42],0.0
cons[火电出力下限约束_11_42],0.0
cons[火电出力上限约束_11_43],0.0
cons[火电出力下限约束_11_43],0.0
cons[火电出力上限约束_11_44],0.0
cons[火电出力下限约束_11_44],0.0
cons[火电出力上限约束_11_45],0.0
cons[火电出力下限约束_11_45],0.0
cons[火电出力上限约束_11_46],0.0
cons[火电出力下限约束_11_46],0.0
cons[火电出力上限约束_11_47],0.0
cons[火电出力下限约束_11_47],0.0
cons[火电出力上限约束_11_48],0.0
cons[火电出力下限约束_11_48],0.0
cons[火电出力上限约束_11_49],0.0
cons[火电出力下限约束_11_49],0.0
cons[火电出力上限约束_11_50],0.0
cons[火电出力下限约束_11_50],0.0
cons[火电出力上限约束_11_51],0.0
cons[火电出力下限约束_11_51],0.0
cons[火电出力上限约束_11_52],0.0
cons[火电出力下限约束_11_52],0.0
cons[火电出力上限约束_11_53],0.0
cons[火电出力下限约束_11_53],-27.39099999999962
cons[火电出力上限约束_11_54],0.0
cons[火电出力下限约束_11_54],-27.39099999999962
cons[火电出力上限约束_11_55],0.0
cons[火电出力下限约束_11_55],-27.39099999999962
cons[火电出力上限约束_11_56],0.0
cons[火电出力下限约束_11_56],-27.39099999999962
cons[火电出力上限约束_11_57],0.0
cons[火电出力下限约束_11_57],-27.39099999999962
cons[火电出力上限约束_11_58],0.0
cons[火电出力下限约束_11_58],-27.39099999999962
cons[火电出力上限约束_11_59],0.0
cons[火电出力下限约束_11_59],0.0
cons[火电出力上限约束_11_60],0.0
cons[火电出力下限约束_11_60],0.0
cons[火电出力上限约束_11_61],0.0
cons[火电出力下限约束_11_61],0.0
cons[火电出力上限约束_11_62],0.0
cons[火电出力下限约束_11_62],0.0
cons[火电出力上限约束_11_63],0.0
cons[火电出力下限约束_11_63],0.0
cons[火电出力上限约束_11_64],0.0
cons[火电出力下限约束_11_64],0.0
cons[火电出力上限约束_11_65],0.0
cons[火电出力下限约束_11_65],0.0
cons[火电出力上限约束_11_66],0.0
cons[火电出力下限约束_11_66],0.0
cons[火电出力上限约束_11_67],0.0
cons[火电出力下限约束_11_67],0.0
cons[火电出力上限约束_11_68],0.0
cons[火电出力下限约束_11_68],0.0
cons[火电出力上限约束_11_69],0.0
cons[火电出力下限约束_11_69],0.0
cons[火电出力上限约束_11_70],0.0
cons[火电出力下限约束_11_70],0.0
cons[火电出力上限约束_11_71],0.0
cons[火电出力下限约束_11_71],0.0
cons[火电出力上限约束_11_72],0.0
cons[火电出力下限约束_11_72],0.0
cons[火电出力上限约束_11_73],0.0
cons[火电出力下限约束_11_73],0.0
cons[火电出力上限约束_11_74],0.0
cons[火电出力下限约束_11_74],0.0
cons[火电出力上限约束_11_75],0.0
cons[火电出力下限约束_11_75],0.0
cons[火电出力上限约束_11_76],0.0
cons[火电出力下限约束_11_76],0.0
cons[火电出力上限约束_11_77],0.0
cons[火电出力下限约束_11_77],0.0
cons[火电出力上限约束_11_78],0.0
cons[火电出力下限约束_11_78],0.0
cons[火电出力上限约束_11_79],0.0
cons[火电出力下限约束_11_79],0.0
cons[火电出力上限约束_11_80],0.0
cons[火电出力下限约束_11_80],0.0
cons[火电出力上限约束_11_81],0.0
cons[火电出力下限约束_11_81],0.0
cons[火电出力上限约束_11_82],0.0
cons[火电出力下限约束_11_82],0.0
cons[火电出力上限约束_11_83],0.0
cons[火电出力下限约束_11_83],0.0
cons[火电出力上限约束_11_84],0.0
cons[火电出力下限约束_11_84],0.0
cons[火电出力上限约束_11_85],0.0
cons[火电出力下限约束_11_85],0.0
cons[火电出力上限约束_11_86],0.0
cons[火电出力下限约束_11_86],0.0
cons[火电出力上限约束_11_87],0.0
cons[火电出力下限约束_11_87],0.0
cons[火电出力上限约束_11_88],0.0
cons[火电出力下限约束_11_88],0.0
cons[火电出力上限约束_11_89],0.0
cons[火电出力下限约束_11_89],-27.39099999999962
cons[火电出力上限约束_11_90],0.0
cons[火电出力下限约束_11_90],-55.23699999999917
cons[火电出力上限约束_11_91],0.0
cons[火电出力下限约束_11_91],-83.08299999999963
cons[火电出力上限约束_11_92],0.0
cons[火电出力下限约束_11_92],-128.03699999999662
cons[火电出力上限约束_11_93],0.0
cons[火电出力下限约束_11_93],-174.08299999999963
cons[火电出力上限约束_11_94],0.0
cons[火电出力下限约束_11_94],-220.1289999999999
cons[火电出力上限约束_11_95],0.0
cons[火电出力下限约束_11_95],-693.6930000000002
cons[火电出力上限约束_12_0],0.0
cons[火电出力下限约束_12_0],0.0
cons[火电出力上限约束_12_1],0.0
cons[火电出力下限约束_12_1],0.0
cons[火电出力上限约束_12_2],0.0
cons[火电出力下限约束_12_2],0.0
cons[火电出力上限约束_12_3],0.0
cons[火电出力下限约束_12_3],0.0
cons[火电出力上限约束_12_4],0.0
cons[火电出力下限约束_12_4],0.0
cons[火电出力上限约束_12_5],0.0
cons[火电出力下限约束_12_5],-224.58799999999883
cons[火电出力上限约束_12_6],0.0
cons[火电出力下限约束_12_6],-297.66100000000006
cons[火电出力上限约束_12_7],0.0
cons[火电出力下限约束_12_7],-325.5069999999996
cons[火电出力上限约束_12_8],0.0
cons[火电出力下限约束_12_8],-381.1989999999996
cons[火电出力上限约束_12_9],0.0
cons[火电出力下限约束_12_9],-409.04499999999916
cons[火电出力上限约束_12_10],0.0
cons[火电出力下限约束_12_10],-436.8909999999996
cons[火电出力上限约束_12_11],0.0
cons[火电出力下限约束_12_11],-464.73699999999917
cons[火电出力上限约束_12_12],0.0
cons[火电出力下限约束_12_12],-464.73699999999826
cons[火电出力上限约束_12_13],0.0
cons[火电出力下限约束_12_13],-464.73699999999826
cons[火电出力上限约束_12_14],0.0
cons[火电出力下限约束_12_14],-464.73699999999826
cons[火电出力上限约束_12_15],0.0
cons[火电出力下限约束_12_15],-464.73699999999826
cons[火电出力上限约束_12_16],0.0
cons[火电出力下限约束_12_16],-464.73699999999826
cons[火电出力上限约束_12_17],0.0
cons[火电出力下限约束_12_17],-464.73699999999826
cons[火电出力上限约束_12_18],0.0
cons[火电出力下限约束_12_18],-464.73699999999826
cons[火电出力上限约束_12_19],0.0
cons[火电出力下限约束_12_19],-464.73699999999826
cons[火电出力上限约束_12_20],0.0
cons[火电出力下限约束_12_20],-464.73699999999826
cons[火电出力上限约束_12_21],0.0
cons[火电出力下限约束_12_21],-790.2439999999997
cons[火电出力上限约束_12_22],0.0
cons[火电出力下限约束_12_22],0.0
cons[火电出力上限约束_12_23],0.0
cons[火电出力下限约束_12_23],-381.1989999999996
cons[火电出力上限约束_12_24],0.0
cons[火电出力下限约束_12_24],-353.35300000000007
cons[火电出力上限约束_12_25],0.0
cons[火电出力下限约束_12_25],-353.35300000000007
cons[火电出力上限约束_12_26],0.0
cons[火电出力下限约束_12_26],-220.1289999999999
cons[火电出力上限约束_12_27],0.0
cons[火电出力下限约束_12_27],-128.03699999999662
cons[火电出力上限约束_12_28],0.0
cons[火电出力下限约束_12_28],-83.08299999999963
cons[火电出力上限约束_12_29],0.0
cons[火电出力下限约束_12_29],-55.23699999999917
cons[火电出力上限约束_12_30],0.0
cons[火电出力下限约束_12_30],-27.39099999999962
cons[火电出力上限约束_12_31],0.0
cons[火电出力下限约束_12_31],0.0
cons[火电出力上限约束_12_32],0.0
cons[火电出力下限约束_12_32],0.0
cons[火电出力上限约束_12_33],0.0
cons[火电出力下限约束_12_33],0.0
cons[火电出力上限约束_12_34],0.0
cons[火电出力下限约束_12_34],0.0
cons[火电出力上限约束_12_35],0.0
cons[火电出力下限约束_12_35],0.0
cons[火电出力上限约束_12_36],0.0
cons[火电出力下限约束_12_36],0.0
cons[火电出力上限约束_12_37],0.0
cons[火电出力下限约束_12_37],0.0
cons[火电出力上限约束_12_38],0.0
cons[火电出力下限约束_12_38],0.0
cons[火电出力上限约束_12_39],0.0
cons[火电出力下限约束_12_39],0.0
cons[火电出力上限约束_12_40],0.0
cons[火电出力下限约束_12_40],0.0
cons[火电出力上限约束_12_41],0.0
cons[火电出力下限约束_12_41],0.0
cons[火电出力上限约束_12_42],0.0
cons[火电出力下限约束_12_42],0.0
cons[火电出力上限约束_12_43],0.0
cons[火电出力下限约束_12_43],0.0
cons[火电出力上限约束_12_44],0.0
cons[火电出力下限约束_12_44],0.0
cons[火电出力上限约束_12_45],0.0
cons[火电出力下限约束_12_45],0.0
cons[火电出力上限约束_12_46],0.0
cons[火电出力下限约束_12_46],0.0
cons[火电出力上限约束_12_47],0.0
cons[火电出力下限约束_12_47],0.0
cons[火电出力上限约束_12_48],0.0
cons[火电出力下限约束_12_48],0.0
cons[火电出力上限约束_12_49],0.0
cons[火电出力下限约束_12_49],0.0
cons[火电出力上限约束_12_50],0.0
cons[火电出力下限约束_12_50],0.0
cons[火电出力上限约束_12_51],0.0
cons[火电出力下限约束_12_51],0.0
cons[火电出力上限约束_12_52],0.0
cons[火电出力下限约束_12_52],0.0
cons[火电出力上限约束_12_53],0.0
cons[火电出力下限约束_12_53],-27.39099999999962
cons[火电出力上限约束_12_54],0.0
cons[火电出力下限约束_12_54],-27.39099999999962
cons[火电出力上限约束_12_55],0.0
cons[火电出力下限约束_12_55],-27.39099999999962
cons[火电出力上限约束_12_56],0.0
cons[火电出力下限约束_12_56],-27.39099999999962
cons[火电出力上限约束_12_57],0.0
cons[火电出力下限约束_12_57],-27.39099999999962
cons[火电出力上限约束_12_58],0.0
cons[火电出力下限约束_12_58],-27.39099999999962
cons[火电出力上限约束_12_59],0.0
cons[火电出力下限约束_12_59],0.0
cons[火电出力上限约束_12_60],0.0
cons[火电出力下限约束_12_60],0.0
cons[火电出力上限约束_12_61],0.0
cons[火电出力下限约束_12_61],0.0
cons[火电出力上限约束_12_62],0.0
cons[火电出力下限约束_12_62],0.0
cons[火电出力上限约束_12_63],0.0
cons[火电出力下限约束_12_63],0.0
cons[火电出力上限约束_12_64],0.0
cons[火电出力下限约束_12_64],0.0
cons[火电出力上限约束_12_65],0.0
cons[火电出力下限约束_12_65],0.0
cons[火电出力上限约束_12_66],0.0
cons[火电出力下限约束_12_66],0.0
cons[火电出力上限约束_12_67],0.0
cons[火电出力下限约束_12_67],0.0
cons[火电出力上限约束_12_68],0.0
cons[火电出力下限约束_12_68],0.0
cons[火电出力上限约束_12_69],0.0
cons[火电出力下限约束_12_69],0.0
cons[火电出力上限约束_12_70],0.0
cons[火电出力下限约束_12_70],0.0
cons[火电出力上限约束_12_71],0.0
cons[火电出力下限约束_12_71],0.0
cons[火电出力上限约束_12_72],0.0
cons[火电出力下限约束_12_72],0.0
cons[火电出力上限约束_12_73],0.0
cons[火电出力下限约束_12_73],0.0
cons[火电出力上限约束_12_74],0.0
cons[火电出力下限约束_12_74],0.0
cons[火电出力上限约束_12_75],0.0
cons[火电出力下限约束_12_75],0.0
cons[火电出力上限约束_12_76],0.0
cons[火电出力下限约束_12_76],0.0
cons[火电出力上限约束_12_77],0.0
cons[火电出力下限约束_12_77],0.0
cons[火电出力上限约束_12_78],0.0
cons[火电出力下限约束_12_78],0.0
cons[火电出力上限约束_12_79],0.0
cons[火电出力下限约束_12_79],0.0
cons[火电出力上限约束_12_80],0.0
cons[火电出力下限约束_12_80],0.0
cons[火电出力上限约束_12_81],0.0
cons[火电出力下限约束_12_81],0.0
cons[火电出力上限约束_12_82],0.0
cons[火电出力下限约束_12_82],0.0
cons[火电出力上限约束_12_83],0.0
cons[火电出力下限约束_12_83],0.0
cons[火电出力上限约束_12_84],0.0
cons[火电出力下限约束_12_84],0.0
cons[火电出力上限约束_12_85],0.0
cons[火电出力下限约束_12_85],0.0
cons[火电出力上限约束_12_86],0.0
cons[火电出力下限约束_12_86],0.0
cons[火电出力上限约束_12_87],0.0
cons[火电出力下限约束_12_87],0.0
cons[火电出力上限约束_12_88],0.0
cons[火电出力下限约束_12_88],0.0
cons[火电出力上限约束_12_89],0.0
cons[火电出力下限约束_12_89],-27.39099999999962
cons[火电出力上限约束_12_90],0.0
cons[火电出力下限约束_12_90],-55.23699999999917
cons[火电出力上限约束_12_91],0.0
cons[火电出力下限约束_12_91],-83.08299999999963
cons[火电出力上限约束_12_92],0.0
cons[火电出力下限约束_12_92],-128.03699999999662
cons[火电出力上限约束_12_93],0.0
cons[火电出力下限约束_12_93],-174.08299999999963
cons[火电出力上限约束_12_94],0.0
cons[火电出力下限约束_12_94],-220.1289999999999
cons[火电出力上限约束_12_95],0.0
cons[火电出力下限约束_12_95],-693.6930000000002
cons[火电出力上限约束_13_0],0.0
cons[火电出力下限约束_13_0],0.0
cons[火电出力上限约束_13_1],0.0
cons[火电出力下限约束_13_1],0.0
cons[火电出力上限约束_13_2],0.0
cons[火电出力下限约束_13_2],0.0
cons[火电出力上限约束_13_3],0.0
cons[火电出力下限约束_13_3],0.0
cons[火电出力上限约束_13_4],0.0
cons[火电出力下限约束_13_4],0.0
cons[火电出力上限约束_13_5],0.0
cons[火电出力下限约束_13_5],-224.58799999999883
cons[火电出力上限约束_13_6],0.0
cons[火电出力下限约束_13_6],-297.66100000000006
cons[火电出力上限约束_13_7],0.0
cons[火电出力下限约束_13_7],-325.5069999999996
cons[火电出力上限约束_13_8],0.0
cons[火电出力下限约束_13_8],-381.1989999999996
cons[火电出力上限约束_13_9],0.0
cons[火电出力下限约束_13_9],-409.04499999999916
cons[火电出力上限约束_13_10],0.0
cons[火电出力下限约束_13_10],-436.8909999999996
cons[火电出力上限约束_13_11],0.0
cons[火电出力下限约束_13_11],-464.73699999999917
cons[火电出力上限约束_13_12],0.0
cons[火电出力下限约束_13_12],-464.73699999999826
cons[火电出力上限约束_13_13],0.0
cons[火电出力下限约束_13_13],-464.73699999999826
cons[火电出力上限约束_13_14],0.0
cons[火电出力下限约束_13_14],-464.73699999999826
cons[火电出力上限约束_13_15],0.0
cons[火电出力下限约束_13_15],-464.73699999999826
cons[火电出力上限约束_13_16],0.0
cons[火电出力下限约束_13_16],-464.73699999999826
cons[火电出力上限约束_13_17],0.0
cons[火电出力下限约束_13_17],-464.73699999999826
cons[火电出力上限约束_13_18],0.0
cons[火电出力下限约束_13_18],-464.73699999999826
cons[火电出力上限约束_13_19],0.0
cons[火电出力下限约束_13_19],-464.73699999999826
cons[火电出力上限约束_13_20],0.0
cons[火电出力下限约束_13_20],-464.73699999999826
cons[火电出力上限约束_13_21],0.0
cons[火电出力下限约束_13_21],-790.2439999999997
cons[火电出力上限约束_13_22],0.0
cons[火电出力下限约束_13_22],0.0
cons[火电出力上限约束_13_23],0.0
cons[火电出力下限约束_13_23],-381.1989999999996
cons[火电出力上限约束_13_24],0.0
cons[火电出力下限约束_13_24],-353.35300000000007
cons[火电出力上限约束_13_25],0.0
cons[火电出力下限约束_13_25],-353.35300000000007
cons[火电出力上限约束_13_26],0.0
cons[火电出力下限约束_13_26],-220.1289999999999
cons[火电出力上限约束_13_27],0.0
cons[火电出力下限约束_13_27],-128.03699999999662
cons[火电出力上限约束_13_28],0.0
cons[火电出力下限约束_13_28],-83.08299999999963
cons[火电出力上限约束_13_29],0.0
cons[火电出力下限约束_13_29],-55.23699999999917
cons[火电出力上限约束_13_30],0.0
cons[火电出力下限约束_13_30],-27.39099999999962
cons[火电出力上限约束_13_31],0.0
cons[火电出力下限约束_13_31],0.0
cons[火电出力上限约束_13_32],0.0
cons[火电出力下限约束_13_32],0.0
cons[火电出力上限约束_13_33],0.0
cons[火电出力下限约束_13_33],0.0
cons[火电出力上限约束_13_34],0.0
cons[火电出力下限约束_13_34],0.0
cons[火电出力上限约束_13_35],0.0
cons[火电出力下限约束_13_35],0.0
cons[火电出力上限约束_13_36],0.0
cons[火电出力下限约束_13_36],0.0
cons[火电出力上限约束_13_37],0.0
cons[火电出力下限约束_13_37],0.0
cons[火电出力上限约束_13_38],0.0
cons[火电出力下限约束_13_38],0.0
cons[火电出力上限约束_13_39],0.0
cons[火电出力下限约束_13_39],0.0
cons[火电出力上限约束_13_40],0.0
cons[火电出力下限约束_13_40],0.0
cons[火电出力上限约束_13_41],0.0
cons[火电出力下限约束_13_41],0.0
cons[火电出力上限约束_13_42],0.0
cons[火电出力下限约束_13_42],0.0
cons[火电出力上限约束_13_43],0.0
cons[火电出力下限约束_13_43],0.0
cons[火电出力上限约束_13_44],0.0
cons[火电出力下限约束_13_44],0.0
cons[火电出力上限约束_13_45],0.0
cons[火电出力下限约束_13_45],0.0
cons[火电出力上限约束_13_46],0.0
cons[火电出力下限约束_13_46],0.0
cons[火电出力上限约束_13_47],0.0
cons[火电出力下限约束_13_47],0.0
cons[火电出力上限约束_13_48],0.0
cons[火电出力下限约束_13_48],0.0
cons[火电出力上限约束_13_49],0.0
cons[火电出力下限约束_13_49],0.0
cons[火电出力上限约束_13_50],0.0
cons[火电出力下限约束_13_50],0.0
cons[火电出力上限约束_13_51],0.0
cons[火电出力下限约束_13_51],0.0
cons[火电出力上限约束_13_52],0.0
cons[火电出力下限约束_13_52],0.0
cons[火电出力上限约束_13_53],0.0
cons[火电出力下限约束_13_53],-27.39099999999962
cons[火电出力上限约束_13_54],0.0
cons[火电出力下限约束_13_54],-27.39099999999962
cons[火电出力上限约束_13_55],0.0
cons[火电出力下限约束_13_55],-27.39099999999962
cons[火电出力上限约束_13_56],0.0
cons[火电出力下限约束_13_56],-27.39099999999962
cons[火电出力上限约束_13_57],0.0
cons[火电出力下限约束_13_57],-27.39099999999962
cons[火电出力上限约束_13_58],0.0
cons[火电出力下限约束_13_58],-27.39099999999962
cons[火电出力上限约束_13_59],0.0
cons[火电出力下限约束_13_59],0.0
cons[火电出力上限约束_13_60],0.0
cons[火电出力下限约束_13_60],0.0
cons[火电出力上限约束_13_61],0.0
cons[火电出力下限约束_13_61],0.0
cons[火电出力上限约束_13_62],0.0
cons[火电出力下限约束_13_62],0.0
cons[火电出力上限约束_13_63],0.0
cons[火电出力下限约束_13_63],0.0
cons[火电出力上限约束_13_64],0.0
cons[火电出力下限约束_13_64],0.0
cons[火电出力上限约束_13_65],0.0
cons[火电出力下限约束_13_65],0.0
cons[火电出力上限约束_13_66],0.0
cons[火电出力下限约束_13_66],0.0
cons[火电出力上限约束_13_67],0.0
cons[火电出力下限约束_13_67],0.0
cons[火电出力上限约束_13_68],0.0
cons[火电出力下限约束_13_68],0.0
cons[火电出力上限约束_13_69],0.0
cons[火电出力下限约束_13_69],0.0
cons[火电出力上限约束_13_70],0.0
cons[火电出力下限约束_13_70],0.0
cons[火电出力上限约束_13_71],0.0
cons[火电出力下限约束_13_71],0.0
cons[火电出力上限约束_13_72],0.0
cons[火电出力下限约束_13_72],0.0
cons[火电出力上限约束_13_73],0.0
cons[火电出力下限约束_13_73],0.0
cons[火电出力上限约束_13_74],0.0
cons[火电出力下限约束_13_74],0.0
cons[火电出力上限约束_13_75],0.0
cons[火电出力下限约束_13_75],0.0
cons[火电出力上限约束_13_76],0.0
cons[火电出力下限约束_13_76],0.0
cons[火电出力上限约束_13_77],0.0
cons[火电出力下限约束_13_77],0.0
cons[火电出力上限约束_13_78],0.0
cons[火电出力下限约束_13_78],0.0
cons[火电出力上限约束_13_79],0.0
cons[火电出力下限约束_13_79],0.0
cons[火电出力上限约束_13_80],0.0
cons[火电出力下限约束_13_80],0.0
cons[火电出力上限约束_13_81],0.0
cons[火电出力下限约束_13_81],0.0
cons[火电出力上限约束_13_82],0.0
cons[火电出力下限约束_13_82],0.0
cons[火电出力上限约束_13_83],0.0
cons[火电出力下限约束_13_83],0.0
cons[火电出力上限约束_13_84],0.0
cons[火电出力下限约束_13_84],0.0
cons[火电出力上限约束_13_85],0.0
cons[火电出力下限约束_13_85],0.0
cons[火电出力上限约束_13_86],0.0
cons[火电出力下限约束_13_86],0.0
cons[火电出力上限约束_13_87],0.0
cons[火电出力下限约束_13_87],0.0
cons[火电出力上限约束_13_88],0.0
cons[火电出力下限约束_13_88],0.0
cons[火电出力上限约束_13_89],0.0
cons[火电出力下限约束_13_89],-27.39099999999962
cons[火电出力上限约束_13_90],0.0
cons[火电出力下限约束_13_90],-55.23699999999917
cons[火电出力上限约束_13_91],0.0
cons[火电出力下限约束_13_91],-83.08299999999963
cons[火电出力上限约束_13_92],0.0
cons[火电出力下限约束_13_92],-128.03699999999662
cons[火电出力上限约束_13_93],0.0
cons[火电出力下限约束_13_93],-174.08299999999963
cons[火电出力上限约束_13_94],0.0
cons[火电出力下限约束_13_94],-220.1289999999999
cons[火电出力上限约束_13_95],0.0
cons[火电出力下限约束_13_95],-693.6930000000002
cons[火电出力上限约束_14_0],0.0
cons[火电出力下限约束_14_0],0.0
cons[火电出力上限约束_14_1],0.0
cons[火电出力下限约束_14_1],0.0
cons[火电出力上限约束_14_2],0.0
cons[火电出力下限约束_14_2],-42.633499999999
cons[火电出力上限约束_14_3],0.0
cons[火电出力下限约束_14_3],-78.57849999999962
cons[火电出力上限约束_14_4],0.0
cons[火电出力下限约束_14_4],-88.67950000000019
cons[火电出力上限约束_14_5],0.0
cons[火电出力下限约束_14_5],-313.267499999999
cons[火电出力上限约束_14_6],0.0
cons[火电出力下限约束_14_6],-386.34050000000025
cons[火电出力上限约束_14_7],0.0
cons[火电出力下限约束_14_7],-414.1864999999998
cons[火电出力上限约束_14_8],0.0
cons[火电出力下限约束_14_8],-469.8784999999998
cons[火电出力上限约束_14_9],0.0
cons[火电出力下限约束_14_9],-497.72449999999935
cons[火电出力上限约束_14_10],0.0
cons[火电出力下限约束_14_10],-525.5704999999998
cons[火电出力上限约束_14_11],0.0
cons[火电出力下限约束_14_11],-553.4164999999994
cons[火电出力上限约束_14_12],0.0
cons[火电出力下限约束_14_12],-553.4164999999985
cons[火电出力上限约束_14_13],0.0
cons[火电出力下限约束_14_13],-553.4164999999985
cons[火电出力上限约束_14_14],0.0
cons[火电出力下限约束_14_14],-553.4164999999985
cons[火电出力上限约束_14_15],0.0
cons[火电出力下限约束_14_15],-553.4164999999985
cons[火电出力上限约束_14_16],0.0
cons[火电出力下限约束_14_16],-553.4164999999985
cons[火电出力上限约束_14_17],0.0
cons[火电出力下限约束_14_17],-553.4164999999985
cons[火电出力上限约束_14_18],0.0
cons[火电出力下限约束_14_18],-553.4164999999985
cons[火电出力上限约束_14_19],0.0
cons[火电出力下限约束_14_19],-553.4164999999985
cons[火电出力上限约束_14_20],0.0
cons[火电出力下限约束_14_20],-553.4164999999985
cons[火电出力上限约束_14_21],0.0
cons[火电出力下限约束_14_21],-878.9234999999999
cons[火电出力上限约束_14_22],0.0
cons[火电出力下限约束_14_22],-88.67950000000019
cons[火电出力上限约束_14_23],0.0
cons[火电出力下限约束_14_23],-469.8784999999998
cons[火电出力上限约束_14_24],0.0
cons[火电出力下限约束_14_24],-442.03250000000025
cons[火电出力上限约束_14_25],0.0
cons[火电出力下限约束_14_25],-442.03250000000025
cons[火电出力上限约束_14_26],0.0
cons[火电出力下限约束_14_26],-308.8085000000001
cons[火电出力上限约束_14_27],0.0
cons[火电出力下限约束_14_27],-216.7164999999968
cons[火电出力上限约束_14_28],0.0
cons[火电出力下限约束_14_28],-171.76249999999982
cons[火电出力上限约束_14_29],0.0
cons[火电出力下限约束_14_29],-143.91649999999936
cons[火电出力上限约束_14_30],0.0
cons[火电出力下限约束_14_30],-116.07049999999981
cons[火电出力上限约束_14_31],0.0
cons[火电出力下限约束_14_31],-88.67950000000019
cons[火电出力上限约束_14_32],0.0
cons[火电出力下限约束_14_32],-88.22449999999935
cons[火电出力上限约束_14_33],0.0
cons[火电出力下限约束_14_33],-78.57849999999962
cons[火电出力上限约束_14_34],0.0
cons[火电出力下限约束_14_34],-78.57849999999962
cons[火电出力上限约束_14_35],0.0
cons[火电出力下限约束_14_35],-78.57849999999962
cons[火电出力上限约束_14_36],0.0
cons[火电出力下限约束_14_36],-78.57849999999962
cons[火电出力上限约束_14_37],0.0
cons[火电出力下限约束_14_37],-88.22449999999935
cons[火电出力上限约束_14_38],0.0
cons[火电出力下限约束_14_38],-88.22449999999935
cons[火电出力上限约束_14_39],0.0
cons[火电出力下限约束_14_39],-88.22449999999935
cons[火电出力上限约束_14_40],0.0
cons[火电出力下限约束_14_40],-88.22449999999935
cons[火电出力上限约束_14_41],0.0
cons[火电出力下限约束_14_41],-88.22449999999935
cons[火电出力上限约束_14_42],0.0
cons[火电出力下限约束_14_42],-88.22449999999935
cons[火电出力上限约束_14_43],0.0
cons[火电出力下限约束_14_43],-88.22449999999935
cons[火电出力上限约束_14_44],0.0
cons[火电出力下限约束_14_44],-88.22449999999935
cons[火电出力上限约束_14_45],0.0
cons[火电出力下限约束_14_45],-88.67950000000019
cons[火电出力上限约束_14_46],0.0
cons[火电出力下限约束_14_46],-88.67950000000019
cons[火电出力上限约束_14_47],0.0
cons[火电出力下限约束_14_47],-88.67950000000019
cons[火电出力上限约束_14_48],0.0
cons[火电出力下限约束_14_48],-88.67950000000019
cons[火电出力上限约束_14_49],0.0
cons[火电出力下限约束_14_49],-88.67950000000019
cons[火电出力上限约束_14_50],0.0
cons[火电出力下限约束_14_50],-88.67950000000019
cons[火电出力上限约束_14_51],0.0
cons[火电出力下限约束_14_51],-88.67950000000019
cons[火电出力上限约束_14_52],0.0
cons[火电出力下限约束_14_52],-88.67950000000019
cons[火电出力上限约束_14_53],0.0
cons[火电出力下限约束_14_53],-116.07049999999981
cons[火电出力上限约束_14_54],0.0
cons[火电出力下限约束_14_54],-116.07049999999981
cons[火电出力上限约束_14_55],0.0
cons[火电出力下限约束_14_55],-116.07049999999981
cons[火电出力上限约束_14_56],0.0
cons[火电出力下限约束_14_56],-116.07049999999981
cons[火电出力上限约束_14_57],0.0
cons[火电出力下限约束_14_57],-116.07049999999981
cons[火电出力上限约束_14_58],0.0
cons[火电出力下限约束_14_58],-116.07049999999981
cons[火电出力上限约束_14_59],0.0
cons[火电出力下限约束_14_59],-88.67950000000019
cons[火电出力上限约束_14_60],0.0
cons[火电出力下限约束_14_60],-88.22449999999935
cons[火电出力上限约束_14_61],0.0
cons[火电出力下限约束_14_61],-60.3784999999998
cons[火电出力上限约束_14_62],0.0
cons[火电出力下限约束_14_62],-32.532500000000255
cons[火电出力上限约束_14_63],0.0
cons[火电出力下限约束_14_63],-32.532500000000255
cons[火电出力上限约束_14_64],0.0
cons[火电出力下限约束_14_64],-4.686499999997977
cons[火电出力上限约束_14_65],0.0
cons[火电出力下限约束_14_65],0.0
cons[火电出力上限约束_14_66],0.0
cons[火电出力下限约束_14_66],0.0
cons[火电出力上限约束_14_67],0.0
cons[火电出力下限约束_14_67],0.0
cons[火电出力上限约束_14_68],0.0
cons[火电出力下限约束_14_68],0.0
cons[火电出力上限约束_14_69],0.0
cons[火电出力下限约束_14_69],0.0
cons[火电出力上限约束_14_70],0.0
cons[火电出力下限约束_14_70],0.0
cons[火电出力上限约束_14_71],0.0
cons[火电出力下限约束_14_71],0.0
cons[火电出力上限约束_14_72],0.0
cons[火电出力下限约束_14_72],0.0
cons[火电出力上限约束_14_73],0.0
cons[火电出力下限约束_14_73],0.0
cons[火电出力上限约束_14_74],0.0
cons[火电出力下限约束_14_74],0.0
cons[火电出力上限约束_14_75],0.0
cons[火电出力下限约束_14_75],0.0
cons[火电出力上限约束_14_76],0.0
cons[火电出力下限约束_14_76],0.0
cons[火电出力上限约束_14_77],0.0
cons[火电出力下限约束_14_77],0.0
cons[火电出力上限约束_14_78],0.0
cons[火电出力下限约束_14_78],0.0
cons[火电出力上限约束_14_79],0.0
cons[火电出力下限约束_14_79],0.0
cons[火电出力上限约束_14_80],0.0
cons[火电出力下限约束_14_80],0.0
cons[火电出力上限约束_14_81],0.0
cons[火电出力下限约束_14_81],0.0
cons[火电出力上限约束_14_82],0.0
cons[火电出力下限约束_14_82],-4.686499999997977
cons[火电出力上限约束_14_83],0.0
cons[火电出力下限约束_14_83],-32.532500000000255
cons[火电出力上限约束_14_84],0.0
cons[火电出力下限约束_14_84],-32.532500000000255
cons[火电出力上限约束_14_85],0.0
cons[火电出力下限约束_14_85],-32.532500000000255
cons[火电出力上限约束_14_86],0.0
cons[火电出力下限约束_14_86],-32.532500000000255
cons[火电出力上限约束_14_87],-6154.057000000001
cons[火电出力下限约束_14_87],0.0
cons[火电出力上限约束_14_88],-6108.466
cons[火电出力下限约束_14_88],0.0
cons[火电出力上限约束_14_89],-6080.62
cons[火电出力下限约束_14_89],0.0
cons[火电出力上限约束_14_90],-6052.774
cons[火电出力下限约束_14_90],0.0
cons[火电出力上限约束_14_91],-6024.928
cons[火电出力下限约束_14_91],0.0
cons[火电出力上限约束_14_92],-5979.974000000003
cons[火电出力下限约束_14_92],0.0
cons[火电出力上限约束_14_93],-5933.928
cons[火电出力下限约束_14_93],0.0
cons[火电出力上限约束_14_94],-5887.882
cons[火电出力下限约束_14_94],0.0
cons[火电出力上限约束_14_95],-5414.317999999999
cons[火电出力下限约束_14_95],0.0
cons[火电出力上限约束_15_0],-6210.204000000001
cons[火电出力下限约束_15_0],0.0
cons[火电出力上限约束_15_1],-6196.6905
cons[火电出力下限约束_15_1],0.0
cons[火电出力上限约束_15_2],-6154.057000000001
cons[火电出力下限约束_15_2],0.0
cons[火电出力上限约束_15_3],-6118.112
cons[火电出力下限约束_15_3],0.0
cons[火电出力上限约束_15_4],-6108.0109999999995
cons[火电出力下限约束_15_4],0.0
cons[火电出力上限约束_15_5],-5883.423000000001
cons[火电出力下限约束_15_5],0.0
cons[火电出力上限约束_15_6],-5810.349999999999
cons[火电出力下限约束_15_6],0.0
cons[火电出力上限约束_15_7],-5782.504
cons[火电出力下限约束_15_7],0.0
cons[火电出力上限约束_15_8],-5726.812
cons[火电出力下限约束_15_8],0.0
cons[火电出力上限约束_15_9],-5698.966
cons[火电出力下限约束_15_9],0.0
cons[火电出力上限约束_15_10],-5671.12
cons[火电出力下限约束_15_10],0.0
cons[火电出力上限约束_15_11],-5643.274
cons[火电出力下限约束_15_11],0.0
cons[火电出力上限约束_15_12],-5643.274000000001
cons[火电出力下限约束_15_12],0.0
cons[火电出力上限约束_15_13],-5643.274000000001
cons[火电出力下限约束_15_13],0.0
cons[火电出力上限约束_15_14],-5643.274000000001
cons[火电出力下限约束_15_14],0.0
cons[火电出力上限约束_15_15],-5643.274000000001
cons[火电出力下限约束_15_15],0.0
cons[火电出力上限约束_15_16],-5643.274000000001
cons[火电出力下限约束_15_16],0.0
cons[火电出力上限约束_15_17],-5643.274000000001
cons[火电出力下限约束_15_17],0.0
cons[火电出力上限约束_15_18],-5643.274000000001
cons[火电出力下限约束_15_18],0.0
cons[火电出力上限约束_15_19],-5643.274000000001
cons[火电出力下限约束_15_19],0.0
cons[火电出力上限约束_15_20],-5643.274000000001
cons[火电出力下限约束_15_20],0.0
cons[火电出力上限约束_15_21],-5317.767
cons[火电出力下限约束_15_21],0.0
cons[火电出力上限约束_15_22],-6108.0109999999995
cons[火电出力下限约束_15_22],0.0
cons[火电出力上限约束_15_23],-5726.812
cons[火电出力下限约束_15_23],0.0
cons[火电出力上限约束_15_24],-5754.657999999999
cons[火电出力下限约束_15_24],0.0
cons[火电出力上限约束_15_25],-5754.657999999999
cons[火电出力下限约束_15_25],0.0
cons[火电出力上限约束_15_26],-5887.882
cons[火电出力下限约束_15_26],0.0
cons[火电出力上限约束_15_27],-5979.974000000003
cons[火电出力下限约束_15_27],0.0
cons[火电出力上限约束_15_28],-6024.928
cons[火电出力下限约束_15_28],0.0
cons[火电出力上限约束_15_29],-6052.774
cons[火电出力下限约束_15_29],0.0
cons[火电出力上限约束_15_30],-6080.62
cons[火电出力下限约束_15_30],0.0
cons[火电出力上限约束_15_31],-6108.0109999999995
cons[火电出力下限约束_15_31],0.0
cons[火电出力上限约束_15_32],-6108.466
cons[火电出力下限约束_15_32],0.0
cons[火电出力上限约束_15_33],-6118.112
cons[火电出力下限约束_15_33],0.0
cons[火电出力上限约束_15_34],-6118.112
cons[火电出力下限约束_15_34],0.0
cons[火电出力上限约束_15_35],-6118.112
cons[火电出力下限约束_15_35],0.0
cons[火电出力上限约束_15_36],-6118.112
cons[火电出力下限约束_15_36],0.0
cons[火电出力上限约束_15_37],-6108.466
cons[火电出力下限约束_15_37],0.0
cons[火电出力上限约束_15_38],-6108.466
cons[火电出力下限约束_15_38],0.0
cons[火电出力上限约束_15_39],-6108.466
cons[火电出力下限约束_15_39],0.0
cons[火电出力上限约束_15_40],-6108.466
cons[火电出力下限约束_15_40],0.0
cons[火电出力上限约束_15_41],-6108.466
cons[火电出力下限约束_15_41],0.0
cons[火电出力上限约束_15_42],-6108.466
cons[火电出力下限约束_15_42],0.0
cons[火电出力上限约束_15_43],-6108.466
cons[火电出力下限约束_15_43],0.0
cons[火电出力上限约束_15_44],-6108.466
cons[火电出力下限约束_15_44],0.0
cons[火电出力上限约束_15_45],-6108.0109999999995
cons[火电出力下限约束_15_45],0.0
cons[火电出力上限约束_15_46],-6108.0109999999995
cons[火电出力下限约束_15_46],0.0
cons[火电出力上限约束_15_47],-6108.0109999999995
cons[火电出力下限约束_15_47],0.0
cons[火电出力上限约束_15_48],-6108.0109999999995
cons[火电出力下限约束_15_48],0.0
cons[火电出力上限约束_15_49],-6108.0109999999995
cons[火电出力下限约束_15_49],0.0
cons[火电出力上限约束_15_50],-6108.0109999999995
cons[火电出力下限约束_15_50],0.0
cons[火电出力上限约束_15_51],-6108.0109999999995
cons[火电出力下限约束_15_51],0.0
cons[火电出力上限约束_15_52],-6108.0109999999995
cons[火电出力下限约束_15_52],0.0
cons[火电出力上限约束_15_53],-6080.62
cons[火电出力下限约束_15_53],0.0
cons[火电出力上限约束_15_54],-6080.62
cons[火电出力下限约束_15_54],0.0
cons[火电出力上限约束_15_55],-6080.62
cons[火电出力下限约束_15_55],0.0
cons[火电出力上限约束_15_56],-6080.62
cons[火电出力下限约束_15_56],0.0
cons[火电出力上限约束_15_57],-6080.62
cons[火电出力下限约束_15_57],0.0
cons[火电出力上限约束_15_58],-6080.62
cons[火电出力下限约束_15_58],0.0
cons[火电出力上限约束_15_59],-6108.0109999999995
cons[火电出力下限约束_15_59],0.0
cons[火电出力上限约束_15_60],-6108.466
cons[火电出力下限约束_15_60],0.0
cons[火电出力上限约束_15_61],-6136.312
cons[火电出力下限约束_15_61],0.0
cons[火电出力上限约束_15_62],-6164.157999999999
cons[火电出力下限约束_15_62],0.0
cons[火电出力上限约束_15_63],-6164.157999999999
cons[火电出力下限约束_15_63],0.0
cons[火电出力上限约束_15_64],-6192.004000000002
cons[火电出力下限约束_15_64],0.0
cons[火电出力上限约束_15_65],-6200.103
cons[火电出力下限约束_15_65],0.0
cons[火电出力上限约束_15_66],-6219.85
cons[火电出力下限约束_15_66],0.0
cons[火电出力上限约束_15_67],-6219.85
cons[火电出力下限约束_15_67],0.0
cons[火电出力上限约束_15_68],-6219.85
cons[火电出力下限约束_15_68],0.0
cons[火电出力上限约束_15_69],-6219.85
cons[火电出力下限约束_15_69],0.0
cons[火电出力上限约束_15_70],-6219.85
cons[火电出力下限约束_15_70],0.0
cons[火电出力上限约束_15_71],-6242.236
cons[火电出力下限约束_15_71],0.0
cons[火电出力上限约束_15_72],-6246.148999999999
cons[火电出力下限约束_15_72],0.0
cons[火电出力上限约束_15_73],-6256.250000000003
cons[火电出力下限约束_15_73],0.0
cons[火电出力上限约束_15_74],-6287.7815
cons[火电出力下限约束_15_74],0.0
cons[火电出力上限约束_15_75],-6287.7815
cons[火电出力下限约束_15_75],0.0
cons[火电出力上限约束_15_76],-6246.148999999999
cons[火电出力下限约束_15_76],0.0
cons[火电出力上限约束_15_77],-6242.236
cons[火电出力下限约束_15_77],0.0
cons[火电出力上限约束_15_78],-6219.85
cons[火电出力下限约束_15_78],0.0
cons[火电出力上限约束_15_79],-6219.85
cons[火电出力下限约束_15_79],0.0
cons[火电出力上限约束_15_80],-6200.103
cons[火电出力下限约束_15_80],0.0
cons[火电出力上限约束_15_81],-6196.6905
cons[火电出力下限约束_15_81],0.0
cons[火电出力上限约束_15_82],-6192.004000000002
cons[火电出力下限约束_15_82],0.0
cons[火电出力上限约束_15_83],-6164.157999999999
cons[火电出力下限约束_15_83],0.0
cons[火电出力上限约束_15_84],-6164.157999999999
cons[火电出力下限约束_15_84],0.0
cons[火电出力上限约束_15_85],-6164.157999999999
cons[火电出力下限约束_15_85],0.0
cons[火电出力上限约束_15_86],-6164.157999999999
cons[火电出力下限约束_15_86],0.0
cons[火电出力上限约束_15_87],-6154.057000000001
cons[火电出力下限约束_15_87],0.0
cons[火电出力上限约束_15_88],-6108.466
cons[火电出力下限约束_15_88],0.0
cons[火电出力上限约束_15_89],-6080.62
cons[火电出力下限约束_15_89],0.0
cons[火电出力上限约束_15_90],-6052.774
cons[火电出力下限约束_15_90],0.0
cons[火电出力上限约束_15_91],-6024.928
cons[火电出力下限约束_15_91],0.0
cons[火电出力上限约束_15_92],-5979.974000000003
cons[火电出力下限约束_15_92],0.0
cons[火电出力上限约束_15_93],-5933.928
cons[火电出力下限约束_15_93],0.0
cons[火电出力上限约束_15_94],-5887.882
cons[火电出力下限约束_15_94],0.0
cons[火电出力上限约束_15_95],-5414.317999999999
cons[火电出力下限约束_15_95],0.0
cons[火电出力上限约束_16_0],-6210.204000000001
cons[火电出力下限约束_16_0],0.0
cons[火电出力上限约束_16_1],-6196.6905
cons[火电出力下限约束_16_1],0.0
cons[火电出力上限约束_16_2],-6154.057000000001
cons[火电出力下限约束_16_2],0.0
cons[火电出力上限约束_16_3],-6118.112
cons[火电出力下限约束_16_3],0.0
cons[火电出力上限约束_16_4],-6108.0109999999995
cons[火电出力下限约束_16_4],0.0
cons[火电出力上限约束_16_5],-5883.423000000001
cons[火电出力下限约束_16_5],0.0
cons[火电出力上限约束_16_6],-5810.349999999999
cons[火电出力下限约束_16_6],0.0
cons[火电出力上限约束_16_7],-5782.504
cons[火电出力下限约束_16_7],0.0
cons[火电出力上限约束_16_8],-5726.812
cons[火电出力下限约束_16_8],0.0
cons[火电出力上限约束_16_9],-5698.966
cons[火电出力下限约束_16_9],0.0
cons[火电出力上限约束_16_10],-5671.12
cons[火电出力下限约束_16_10],0.0
cons[火电出力上限约束_16_11],-5643.274
cons[火电出力下限约束_16_11],0.0
cons[火电出力上限约束_16_12],-5643.274000000001
cons[火电出力下限约束_16_12],0.0
cons[火电出力上限约束_16_13],-5643.274000000001
cons[火电出力下限约束_16_13],0.0
cons[火电出力上限约束_16_14],-5643.274000000001
cons[火电出力下限约束_16_14],0.0
cons[火电出力上限约束_16_15],-5643.274000000001
cons[火电出力下限约束_16_15],0.0
cons[火电出力上限约束_16_16],-5643.274000000001
cons[火电出力下限约束_16_16],0.0
cons[火电出力上限约束_16_17],-5643.274000000001
cons[火电出力下限约束_16_17],0.0
cons[火电出力上限约束_16_18],-5643.274000000001
cons[火电出力下限约束_16_18],0.0
cons[火电出力上限约束_16_19],-5643.274000000001
cons[火电出力下限约束_16_19],0.0
cons[火电出力上限约束_16_20],-5643.274000000001
cons[火电出力下限约束_16_20],0.0
cons[火电出力上限约束_16_21],-5317.767
cons[火电出力下限约束_16_21],0.0
cons[火电出力上限约束_16_22],-6108.0109999999995
cons[火电出力下限约束_16_22],0.0
cons[火电出力上限约束_16_23],-5726.812
cons[火电出力下限约束_16_23],0.0
cons[火电出力上限约束_16_24],-5754.657999999999
cons[火电出力下限约束_16_24],0.0
cons[火电出力上限约束_16_25],-5754.657999999999
cons[火电出力下限约束_16_25],0.0
cons[火电出力上限约束_16_26],-5887.882
cons[火电出力下限约束_16_26],0.0
cons[火电出力上限约束_16_27],-5979.974000000003
cons[火电出力下限约束_16_27],0.0
cons[火电出力上限约束_16_28],-6024.928
cons[火电出力下限约束_16_28],0.0
cons[火电出力上限约束_16_29],-6052.774
cons[火电出力下限约束_16_29],0.0
cons[火电出力上限约束_16_30],-6080.62
cons[火电出力下限约束_16_30],0.0
cons[火电出力上限约束_16_31],-6108.0109999999995
cons[火电出力下限约束_16_31],0.0
cons[火电出力上限约束_16_32],-6108.466
cons[火电出力下限约束_16_32],0.0
cons[火电出力上限约束_16_33],-6118.112
cons[火电出力下限约束_16_33],0.0
cons[火电出力上限约束_16_34],-6118.112
cons[火电出力下限约束_16_34],0.0
cons[火电出力上限约束_16_35],-6118.112
cons[火电出力下限约束_16_35],0.0
cons[火电出力上限约束_16_36],-6118.112
cons[火电出力下限约束_16_36],0.0
cons[火电出力上限约束_16_37],-6108.466
cons[火电出力下限约束_16_37],0.0
cons[火电出力上限约束_16_38],-6108.466
cons[火电出力下限约束_16_38],0.0
cons[火电出力上限约束_16_39],-6108.466
cons[火电出力下限约束_16_39],0.0
cons[火电出力上限约束_16_40],-6108.466
cons[火电出力下限约束_16_40],0.0
cons[火电出力上限约束_16_41],-6108.466
cons[火电出力下限约束_16_41],0.0
cons[火电出力上限约束_16_42],-6108.466
cons[火电出力下限约束_16_42],0.0
cons[火电出力上限约束_16_43],-6108.466
cons[火电出力下限约束_16_43],0.0
cons[火电出力上限约束_16_44],-6108.466
cons[火电出力下限约束_16_44],0.0
cons[火电出力上限约束_16_45],-6108.0109999999995
cons[火电出力下限约束_16_45],0.0
cons[火电出力上限约束_16_46],-6108.0109999999995
cons[火电出力下限约束_16_46],0.0
cons[火电出力上限约束_16_47],-6108.0109999999995
cons[火电出力下限约束_16_47],0.0
cons[火电出力上限约束_16_48],-6108.0109999999995
cons[火电出力下限约束_16_48],0.0
cons[火电出力上限约束_16_49],-6108.0109999999995
cons[火电出力下限约束_16_49],0.0
cons[火电出力上限约束_16_50],-6108.0109999999995
cons[火电出力下限约束_16_50],0.0
cons[火电出力上限约束_16_51],-6108.0109999999995
cons[火电出力下限约束_16_51],0.0
cons[火电出力上限约束_16_52],-6108.0109999999995
cons[火电出力下限约束_16_52],0.0
cons[火电出力上限约束_16_53],-6080.62
cons[火电出力下限约束_16_53],0.0
cons[火电出力上限约束_16_54],-6080.62
cons[火电出力下限约束_16_54],0.0
cons[火电出力上限约束_16_55],-6080.62
cons[火电出力下限约束_16_55],0.0
cons[火电出力上限约束_16_56],-6080.62
cons[火电出力下限约束_16_56],0.0
cons[火电出力上限约束_16_57],-6080.62
cons[火电出力下限约束_16_57],0.0
cons[火电出力上限约束_16_58],-6080.62
cons[火电出力下限约束_16_58],0.0
cons[火电出力上限约束_16_59],-6108.0109999999995
cons[火电出力下限约束_16_59],0.0
cons[火电出力上限约束_16_60],-6108.466
cons[火电出力下限约束_16_60],0.0
cons[火电出力上限约束_16_61],-6136.312
cons[火电出力下限约束_16_61],0.0
cons[火电出力上限约束_16_62],-6164.157999999999
cons[火电出力下限约束_16_62],0.0
cons[火电出力上限约束_16_63],-6164.157999999999
cons[火电出力下限约束_16_63],0.0
cons[火电出力上限约束_16_64],-6192.004000000002
cons[火电出力下限约束_16_64],0.0
cons[火电出力上限约束_16_65],-6200.103
cons[火电出力下限约束_16_65],0.0
cons[火电出力上限约束_16_66],-6219.85
cons[火电出力下限约束_16_66],0.0
cons[火电出力上限约束_16_67],-6219.85
cons[火电出力下限约束_16_67],0.0
cons[火电出力上限约束_16_68],-6219.85
cons[火电出力下限约束_16_68],0.0
cons[火电出力上限约束_16_69],-6219.85
cons[火电出力下限约束_16_69],0.0
cons[火电出力上限约束_16_70],-6219.85
cons[火电出力下限约束_16_70],0.0
cons[火电出力上限约束_16_71],-6242.236
cons[火电出力下限约束_16_71],0.0
cons[火电出力上限约束_16_72],-6246.148999999999
cons[火电出力下限约束_16_72],0.0
cons[火电出力上限约束_16_73],-6256.250000000003
cons[火电出力下限约束_16_73],0.0
cons[火电出力上限约束_16_74],-6287.7815
cons[火电出力下限约束_16_74],0.0
cons[火电出力上限约束_16_75],-6287.7815
cons[火电出力下限约束_16_75],0.0
cons[火电出力上限约束_16_76],-6246.148999999999
cons[火电出力下限约束_16_76],0.0
cons[火电出力上限约束_16_77],-6242.236
cons[火电出力下限约束_16_77],0.0
cons[火电出力上限约束_16_78],-6219.85
cons[火电出力下限约束_16_78],0.0
cons[火电出力上限约束_16_79],-6219.85
cons[火电出力下限约束_16_79],0.0
cons[火电出力上限约束_16_80],-6200.103
cons[火电出力下限约束_16_80],0.0
cons[火电出力上限约束_16_81],-6196.6905
cons[火电出力下限约束_16_81],0.0
cons[火电出力上限约束_16_82],-6192.004000000002
cons[火电出力下限约束_16_82],0.0
cons[火电出力上限约束_16_83],-6164.157999999999
cons[火电出力下限约束_16_83],0.0
cons[火电出力上限约束_16_84],-6164.157999999999
cons[火电出力下限约束_16_84],0.0
cons[火电出力上限约束_16_85],-6164.157999999999
cons[火电出力下限约束_16_85],0.0
cons[火电出力上限约束_16_86],-6164.157999999999
cons[火电出力下限约束_16_86],0.0
cons[火电出力上限约束_16_87],-6154.057000000001
cons[火电出力下限约束_16_87],0.0
cons[火电出力上限约束_16_88],-6108.466
cons[火电出力下限约束_16_88],0.0
cons[火电出力上限约束_16_89],-6080.62
cons[火电出力下限约束_16_89],0.0
cons[火电出力上限约束_16_90],-6052.774
cons[火电出力下限约束_16_90],0.0
cons[火电出力上限约束_16_91],-6024.928
cons[火电出力下限约束_16_91],0.0
cons[火电出力上限约束_16_92],-5979.974000000003
cons[火电出力下限约束_16_92],0.0
cons[火电出力上限约束_16_93],-5933.928
cons[火电出力下限约束_16_93],0.0
cons[火电出力上限约束_16_94],-5887.882
cons[火电出力下限约束_16_94],0.0
cons[火电出力上限约束_16_95],-5414.317999999999
cons[火电出力下限约束_16_95],0.0
cons[火电出力上限约束_17_0],0.0
cons[火电出力下限约束_17_0],0.0
cons[火电出力上限约束_17_1],0.0
cons[火电出力下限约束_17_1],0.0
cons[火电出力上限约束_17_2],0.0
cons[火电出力下限约束_17_2],-42.633499999999
cons[火电出力上限约束_17_3],0.0
cons[火电出力下限约束_17_3],-78.57849999999962
cons[火电出力上限约束_17_4],0.0
cons[火电出力下限约束_17_4],-88.67950000000019
cons[火电出力上限约束_17_5],0.0
cons[火电出力下限约束_17_5],-313.267499999999
cons[火电出力上限约束_17_6],0.0
cons[火电出力下限约束_17_6],-386.34050000000025
cons[火电出力上限约束_17_7],0.0
cons[火电出力下限约束_17_7],-414.1864999999998
cons[火电出力上限约束_17_8],0.0
cons[火电出力下限约束_17_8],-469.8784999999998
cons[火电出力上限约束_17_9],0.0
cons[火电出力下限约束_17_9],-497.72449999999935
cons[火电出力上限约束_17_10],0.0
cons[火电出力下限约束_17_10],-525.5704999999998
cons[火电出力上限约束_17_11],0.0
cons[火电出力下限约束_17_11],-553.4164999999994
cons[火电出力上限约束_17_12],0.0
cons[火电出力下限约束_17_12],-553.4164999999985
cons[火电出力上限约束_17_13],0.0
cons[火电出力下限约束_17_13],-553.4164999999985
cons[火电出力上限约束_17_14],0.0
cons[火电出力下限约束_17_14],-553.4164999999985
cons[火电出力上限约束_17_15],0.0
cons[火电出力下限约束_17_15],-553.4164999999985
cons[火电出力上限约束_17_16],0.0
cons[火电出力下限约束_17_16],-553.4164999999985
cons[火电出力上限约束_17_17],0.0
cons[火电出力下限约束_17_17],-553.4164999999985
cons[火电出力上限约束_17_18],0.0
cons[火电出力下限约束_17_18],-553.4164999999985
cons[火电出力上限约束_17_19],0.0
cons[火电出力下限约束_17_19],-553.4164999999985
cons[火电出力上限约束_17_20],0.0
cons[火电出力下限约束_17_20],-553.4164999999985
cons[火电出力上限约束_17_21],0.0
cons[火电出力下限约束_17_21],-878.9234999999999
cons[火电出力上限约束_17_22],0.0
cons[火电出力下限约束_17_22],-88.67950000000019
cons[火电出力上限约束_17_23],0.0
cons[火电出力下限约束_17_23],-469.8784999999998
cons[火电出力上限约束_17_24],0.0
cons[火电出力下限约束_17_24],-442.03250000000025
cons[火电出力上限约束_17_25],0.0
cons[火电出力下限约束_17_25],-442.03250000000025
cons[火电出力上限约束_17_26],0.0
cons[火电出力下限约束_17_26],-308.8085000000001
cons[火电出力上限约束_17_27],0.0
cons[火电出力下限约束_17_27],-216.7164999999968
cons[火电出力上限约束_17_28],0.0
cons[火电出力下限约束_17_28],-171.76249999999982
cons[火电出力上限约束_17_29],0.0
cons[火电出力下限约束_17_29],-143.91649999999936
cons[火电出力上限约束_17_30],0.0
cons[火电出力下限约束_17_30],-116.07049999999981
cons[火电出力上限约束_17_31],0.0
cons[火电出力下限约束_17_31],-88.67950000000019
cons[火电出力上限约束_17_32],0.0
cons[火电出力下限约束_17_32],-88.22449999999935
cons[火电出力上限约束_17_33],0.0
cons[火电出力下限约束_17_33],-78.57849999999962
cons[火电出力上限约束_17_34],0.0
cons[火电出力下限约束_17_34],-78.57849999999962
cons[火电出力上限约束_17_35],0.0
cons[火电出力下限约束_17_35],-78.57849999999962
cons[火电出力上限约束_17_36],0.0
cons[火电出力下限约束_17_36],-78.57849999999962
cons[火电出力上限约束_17_37],0.0
cons[火电出力下限约束_17_37],-88.22449999999935
cons[火电出力上限约束_17_38],0.0
cons[火电出力下限约束_17_38],-88.22449999999935
cons[火电出力上限约束_17_39],0.0
cons[火电出力下限约束_17_39],-88.22449999999935
cons[火电出力上限约束_17_40],0.0
cons[火电出力下限约束_17_40],-88.22449999999935
cons[火电出力上限约束_17_41],0.0
cons[火电出力下限约束_17_41],-88.22449999999935
cons[火电出力上限约束_17_42],0.0
cons[火电出力下限约束_17_42],-88.22449999999935
cons[火电出力上限约束_17_43],0.0
cons[火电出力下限约束_17_43],-88.22449999999935
cons[火电出力上限约束_17_44],0.0
cons[火电出力下限约束_17_44],-88.22449999999935
cons[火电出力上限约束_17_45],0.0
cons[火电出力下限约束_17_45],-88.67950000000019
cons[火电出力上限约束_17_46],0.0
cons[火电出力下限约束_17_46],-88.67950000000019
cons[火电出力上限约束_17_47],0.0
cons[火电出力下限约束_17_47],-88.67950000000019
cons[火电出力上限约束_17_48],0.0
cons[火电出力下限约束_17_48],-88.67950000000019
cons[火电出力上限约束_17_49],0.0
cons[火电出力下限约束_17_49],-88.67950000000019
cons[火电出力上限约束_17_50],0.0
cons[火电出力下限约束_17_50],-88.67950000000019
cons[火电出力上限约束_17_51],0.0
cons[火电出力下限约束_17_51],-88.67950000000019
cons[火电出力上限约束_17_52],0.0
cons[火电出力下限约束_17_52],-88.67950000000019
cons[火电出力上限约束_17_53],0.0
cons[火电出力下限约束_17_53],-116.07049999999981
cons[火电出力上限约束_17_54],0.0
cons[火电出力下限约束_17_54],-116.07049999999981
cons[火电出力上限约束_17_55],0.0
cons[火电出力下限约束_17_55],-116.07049999999981
cons[火电出力上限约束_17_56],0.0
cons[火电出力下限约束_17_56],-116.07049999999981
cons[火电出力上限约束_17_57],0.0
cons[火电出力下限约束_17_57],-116.07049999999981
cons[火电出力上限约束_17_58],0.0
cons[火电出力下限约束_17_58],-116.07049999999981
cons[火电出力上限约束_17_59],0.0
cons[火电出力下限约束_17_59],-88.67950000000019
cons[火电出力上限约束_17_60],0.0
cons[火电出力下限约束_17_60],-88.22449999999935
cons[火电出力上限约束_17_61],0.0
cons[火电出力下限约束_17_61],-60.3784999999998
cons[火电出力上限约束_17_62],0.0
cons[火电出力下限约束_17_62],-32.532500000000255
cons[火电出力上限约束_17_63],0.0
cons[火电出力下限约束_17_63],-32.532500000000255
cons[火电出力上限约束_17_64],0.0
cons[火电出力下限约束_17_64],-4.686499999997977
cons[火电出力上限约束_17_65],0.0
cons[火电出力下限约束_17_65],0.0
cons[火电出力上限约束_17_66],0.0
cons[火电出力下限约束_17_66],0.0
cons[火电出力上限约束_17_67],0.0
cons[火电出力下限约束_17_67],0.0
cons[火电出力上限约束_17_68],0.0
cons[火电出力下限约束_17_68],0.0
cons[火电出力上限约束_17_69],0.0
cons[火电出力下限约束_17_69],0.0
cons[火电出力上限约束_17_70],0.0
cons[火电出力下限约束_17_70],0.0
cons[火电出力上限约束_17_71],0.0
cons[火电出力下限约束_17_71],0.0
cons[火电出力上限约束_17_72],0.0
cons[火电出力下限约束_17_72],0.0
cons[火电出力上限约束_17_73],0.0
cons[火电出力下限约束_17_73],0.0
cons[火电出力上限约束_17_74],0.0
cons[火电出力下限约束_17_74],0.0
cons[火电出力上限约束_17_75],0.0
cons[火电出力下限约束_17_75],0.0
cons[火电出力上限约束_17_76],0.0
cons[火电出力下限约束_17_76],0.0
cons[火电出力上限约束_17_77],0.0
cons[火电出力下限约束_17_77],0.0
cons[火电出力上限约束_17_78],0.0
cons[火电出力下限约束_17_78],0.0
cons[火电出力上限约束_17_79],0.0
cons[火电出力下限约束_17_79],0.0
cons[火电出力上限约束_17_80],0.0
cons[火电出力下限约束_17_80],0.0
cons[火电出力上限约束_17_81],0.0
cons[火电出力下限约束_17_81],0.0
cons[火电出力上限约束_17_82],0.0
cons[火电出力下限约束_17_82],-4.686499999997977
cons[火电出力上限约束_17_83],0.0
cons[火电出力下限约束_17_83],-32.532500000000255
cons[火电出力上限约束_17_84],0.0
cons[火电出力下限约束_17_84],-32.532500000000255
cons[火电出力上限约束_17_85],-6164.157999999999
cons[火电出力下限约束_17_85],0.0
cons[火电出力上限约束_17_86],-6164.157999999999
cons[火电出力下限约束_17_86],0.0
cons[火电出力上限约束_17_87],-6154.057000000001
cons[火电出力下限约束_17_87],0.0
cons[火电出力上限约束_17_88],-6108.466
cons[火电出力下限约束_17_88],0.0
cons[火电出力上限约束_17_89],-6080.62
cons[火电出力下限约束_17_89],0.0
cons[火电出力上限约束_17_90],-6052.774
cons[火电出力下限约束_17_90],0.0
cons[火电出力上限约束_17_91],-6024.928
cons[火电出力下限约束_17_91],0.0
cons[火电出力上限约束_17_92],-5979.974000000003
cons[火电出力下限约束_17_92],0.0
cons[火电出力上限约束_17_93],-5933.928
cons[火电出力下限约束_17_93],0.0
cons[火电出力上限约束_17_94],-5887.882
cons[火电出力下限约束_17_94],0.0
cons[火电出力上限约束_17_95],-5414.317999999999
cons[火电出力下限约束_17_95],0.0
cons[火电出力上限约束_18_0],0.0
cons[火电出力下限约束_18_0],0.0
cons[火电出力上限约束_18_1],0.0
cons[火电出力下限约束_18_1],0.0
cons[火电出力上限约束_18_2],0.0
cons[火电出力下限约束_18_2],-42.633499999999
cons[火电出力上限约束_18_3],0.0
cons[火电出力下限约束_18_3],-78.57849999999962
cons[火电出力上限约束_18_4],0.0
cons[火电出力下限约束_18_4],-88.67950000000019
cons[火电出力上限约束_18_5],0.0
cons[火电出力下限约束_18_5],-313.267499999999
cons[火电出力上限约束_18_6],0.0
cons[火电出力下限约束_18_6],-386.34050000000025
cons[火电出力上限约束_18_7],0.0
cons[火电出力下限约束_18_7],-414.1864999999998
cons[火电出力上限约束_18_8],0.0
cons[火电出力下限约束_18_8],-469.8784999999998
cons[火电出力上限约束_18_9],0.0
cons[火电出力下限约束_18_9],-497.72449999999935
cons[火电出力上限约束_18_10],0.0
cons[火电出力下限约束_18_10],-525.5704999999998
cons[火电出力上限约束_18_11],0.0
cons[火电出力下限约束_18_11],-553.4164999999994
cons[火电出力上限约束_18_12],0.0
cons[火电出力下限约束_18_12],-553.4164999999985
cons[火电出力上限约束_18_13],0.0
cons[火电出力下限约束_18_13],-553.4164999999985
cons[火电出力上限约束_18_14],0.0
cons[火电出力下限约束_18_14],-553.4164999999985
cons[火电出力上限约束_18_15],0.0
cons[火电出力下限约束_18_15],-553.4164999999985
cons[火电出力上限约束_18_16],0.0
cons[火电出力下限约束_18_16],-553.4164999999985
cons[火电出力上限约束_18_17],0.0
cons[火电出力下限约束_18_17],-553.4164999999985
cons[火电出力上限约束_18_18],0.0
cons[火电出力下限约束_18_18],-553.4164999999985
cons[火电出力上限约束_18_19],0.0
cons[火电出力下限约束_18_19],-553.4164999999985
cons[火电出力上限约束_18_20],0.0
cons[火电出力下限约束_18_20],-553.4164999999985
cons[火电出力上限约束_18_21],0.0
cons[火电出力下限约束_18_21],-878.9234999999999
cons[火电出力上限约束_18_22],0.0
cons[火电出力下限约束_18_22],-88.67950000000019
cons[火电出力上限约束_18_23],0.0
cons[火电出力下限约束_18_23],-469.8784999999998
cons[火电出力上限约束_18_24],0.0
cons[火电出力下限约束_18_24],-442.03250000000025
cons[火电出力上限约束_18_25],0.0
cons[火电出力下限约束_18_25],-442.03250000000025
cons[火电出力上限约束_18_26],0.0
cons[火电出力下限约束_18_26],-308.8085000000001
cons[火电出力上限约束_18_27],0.0
cons[火电出力下限约束_18_27],-216.7164999999968
cons[火电出力上限约束_18_28],0.0
cons[火电出力下限约束_18_28],-171.76249999999982
cons[火电出力上限约束_18_29],0.0
cons[火电出力下限约束_18_29],-143.91649999999936
cons[火电出力上限约束_18_30],0.0
cons[火电出力下限约束_18_30],-116.07049999999981
cons[火电出力上限约束_18_31],0.0
cons[火电出力下限约束_18_31],-88.67950000000019
cons[火电出力上限约束_18_32],0.0
cons[火电出力下限约束_18_32],-88.22449999999935
cons[火电出力上限约束_18_33],0.0
cons[火电出力下限约束_18_33],-78.57849999999962
cons[火电出力上限约束_18_34],0.0
cons[火电出力下限约束_18_34],-78.57849999999962
cons[火电出力上限约束_18_35],0.0
cons[火电出力下限约束_18_35],-78.57849999999962
cons[火电出力上限约束_18_36],0.0
cons[火电出力下限约束_18_36],-78.57849999999962
cons[火电出力上限约束_18_37],0.0
cons[火电出力下限约束_18_37],-88.22449999999935
cons[火电出力上限约束_18_38],0.0
cons[火电出力下限约束_18_38],-88.22449999999935
cons[火电出力上限约束_18_39],0.0
cons[火电出力下限约束_18_39],-88.22449999999935
cons[火电出力上限约束_18_40],0.0
cons[火电出力下限约束_18_40],-88.22449999999935
cons[火电出力上限约束_18_41],0.0
cons[火电出力下限约束_18_41],-88.22449999999935
cons[火电出力上限约束_18_42],0.0
cons[火电出力下限约束_18_42],-88.22449999999935
cons[火电出力上限约束_18_43],0.0
cons[火电出力下限约束_18_43],-88.22449999999935
cons[火电出力上限约束_18_44],0.0
cons[火电出力下限约束_18_44],-88.22449999999935
cons[火电出力上限约束_18_45],0.0
cons[火电出力下限约束_18_45],-88.67950000000019
cons[火电出力上限约束_18_46],0.0
cons[火电出力下限约束_18_46],-88.67950000000019
cons[火电出力上限约束_18_47],0.0
cons[火电出力下限约束_18_47],-88.67950000000019
cons[火电出力上限约束_18_48],0.0
cons[火电出力下限约束_18_48],-88.67950000000019
cons[火电出力上限约束_18_49],0.0
cons[火电出力下限约束_18_49],-88.67950000000019
cons[火电出力上限约束_18_50],0.0
cons[火电出力下限约束_18_50],-88.67950000000019
cons[火电出力上限约束_18_51],0.0
cons[火电出力下限约束_18_51],-88.67950000000019
cons[火电出力上限约束_18_52],0.0
cons[火电出力下限约束_18_52],-88.67950000000019
cons[火电出力上限约束_18_53],0.0
cons[火电出力下限约束_18_53],-116.07049999999981
cons[火电出力上限约束_18_54],0.0
cons[火电出力下限约束_18_54],-116.07049999999981
cons[火电出力上限约束_18_55],0.0
cons[火电出力下限约束_18_55],-116.07049999999981
cons[火电出力上限约束_18_56],0.0
cons[火电出力下限约束_18_56],-116.07049999999981
cons[火电出力上限约束_18_57],0.0
cons[火电出力下限约束_18_57],-116.07049999999981
cons[火电出力上限约束_18_58],0.0
cons[火电出力下限约束_18_58],-116.07049999999981
cons[火电出力上限约束_18_59],0.0
cons[火电出力下限约束_18_59],-88.67950000000019
cons[火电出力上限约束_18_60],0.0
cons[火电出力下限约束_18_60],-88.22449999999935
cons[火电出力上限约束_18_61],0.0
cons[火电出力下限约束_18_61],-60.3784999999998
cons[火电出力上限约束_18_62],0.0
cons[火电出力下限约束_18_62],-32.532500000000255
cons[火电出力上限约束_18_63],0.0
cons[火电出力下限约束_18_63],-32.532500000000255
cons[火电出力上限约束_18_64],0.0
cons[火电出力下限约束_18_64],-4.686499999997977
cons[火电出力上限约束_18_65],0.0
cons[火电出力下限约束_18_65],0.0
cons[火电出力上限约束_18_66],0.0
cons[火电出力下限约束_18_66],0.0
cons[火电出力上限约束_18_67],0.0
cons[火电出力下限约束_18_67],0.0
cons[火电出力上限约束_18_68],0.0
cons[火电出力下限约束_18_68],0.0
cons[火电出力上限约束_18_69],0.0
cons[火电出力下限约束_18_69],0.0
cons[火电出力上限约束_18_70],0.0
cons[火电出力下限约束_18_70],0.0
cons[火电出力上限约束_18_71],0.0
cons[火电出力下限约束_18_71],0.0
cons[火电出力上限约束_18_72],0.0
cons[火电出力下限约束_18_72],0.0
cons[火电出力上限约束_18_73],0.0
cons[火电出力下限约束_18_73],0.0
cons[火电出力上限约束_18_74],0.0
cons[火电出力下限约束_18_74],0.0
cons[火电出力上限约束_18_75],0.0
cons[火电出力下限约束_18_75],0.0
cons[火电出力上限约束_18_76],0.0
cons[火电出力下限约束_18_76],0.0
cons[火电出力上限约束_18_77],0.0
cons[火电出力下限约束_18_77],0.0
cons[火电出力上限约束_18_78],0.0
cons[火电出力下限约束_18_78],0.0
cons[火电出力上限约束_18_79],0.0
cons[火电出力下限约束_18_79],0.0
cons[火电出力上限约束_18_80],0.0
cons[火电出力下限约束_18_80],0.0
cons[火电出力上限约束_18_81],0.0
cons[火电出力下限约束_18_81],0.0
cons[火电出力上限约束_18_82],0.0
cons[火电出力下限约束_18_82],-4.686499999997977
cons[火电出力上限约束_18_83],0.0
cons[火电出力下限约束_18_83],-32.532500000000255
cons[火电出力上限约束_18_84],0.0
cons[火电出力下限约束_18_84],-32.532500000000255
cons[火电出力上限约束_18_85],-6164.157999999999
cons[火电出力下限约束_18_85],0.0
cons[火电出力上限约束_18_86],-6164.157999999999
cons[火电出力下限约束_18_86],0.0
cons[火电出力上限约束_18_87],-6154.057000000001
cons[火电出力下限约束_18_87],0.0
cons[火电出力上限约束_18_88],-6108.466
cons[火电出力下限约束_18_88],0.0
cons[火电出力上限约束_18_89],-6080.62
cons[火电出力下限约束_18_89],0.0
cons[火电出力上限约束_18_90],-6052.774
cons[火电出力下限约束_18_90],0.0
cons[火电出力上限约束_18_91],-6024.928
cons[火电出力下限约束_18_91],0.0
cons[火电出力上限约束_18_92],-5979.974000000003
cons[火电出力下限约束_18_92],0.0
cons[火电出力上限约束_18_93],-5933.928
cons[火电出力下限约束_18_93],0.0
cons[火电出力上限约束_18_94],-5887.882
cons[火电出力下限约束_18_94],0.0
cons[火电出力上限约束_18_95],-5414.317999999999
cons[火电出力下限约束_18_95],0.0
cons[火电出力上限约束_19_0],0.0
cons[火电出力下限约束_19_0],0.0
cons[火电出力上限约束_19_1],0.0
cons[火电出力下限约束_19_1],0.0
cons[火电出力上限约束_19_2],0.0
cons[火电出力下限约束_19_2],-42.633499999999
cons[火电出力上限约束_19_3],0.0
cons[火电出力下限约束_19_3],-78.57849999999962
cons[火电出力上限约束_19_4],0.0
cons[火电出力下限约束_19_4],-88.67950000000019
cons[火电出力上限约束_19_5],0.0
cons[火电出力下限约束_19_5],-313.267499999999
cons[火电出力上限约束_19_6],0.0
cons[火电出力下限约束_19_6],-386.34050000000025
cons[火电出力上限约束_19_7],0.0
cons[火电出力下限约束_19_7],-414.1864999999998
cons[火电出力上限约束_19_8],0.0
cons[火电出力下限约束_19_8],-469.8784999999998
cons[火电出力上限约束_19_9],0.0
cons[火电出力下限约束_19_9],-497.72449999999935
cons[火电出力上限约束_19_10],0.0
cons[火电出力下限约束_19_10],-525.5704999999998
cons[火电出力上限约束_19_11],0.0
cons[火电出力下限约束_19_11],-553.4164999999994
cons[火电出力上限约束_19_12],0.0
cons[火电出力下限约束_19_12],-553.4164999999985
cons[火电出力上限约束_19_13],0.0
cons[火电出力下限约束_19_13],-553.4164999999985
cons[火电出力上限约束_19_14],0.0
cons[火电出力下限约束_19_14],-553.4164999999985
cons[火电出力上限约束_19_15],0.0
cons[火电出力下限约束_19_15],-553.4164999999985
cons[火电出力上限约束_19_16],0.0
cons[火电出力下限约束_19_16],-553.4164999999985
cons[火电出力上限约束_19_17],0.0
cons[火电出力下限约束_19_17],-553.4164999999985
cons[火电出力上限约束_19_18],0.0
cons[火电出力下限约束_19_18],-553.4164999999985
cons[火电出力上限约束_19_19],0.0
cons[火电出力下限约束_19_19],-553.4164999999985
cons[火电出力上限约束_19_20],0.0
cons[火电出力下限约束_19_20],-553.4164999999985
cons[火电出力上限约束_19_21],0.0
cons[火电出力下限约束_19_21],-878.9234999999999
cons[火电出力上限约束_19_22],0.0
cons[火电出力下限约束_19_22],-88.67950000000019
cons[火电出力上限约束_19_23],0.0
cons[火电出力下限约束_19_23],-469.8784999999998
cons[火电出力上限约束_19_24],0.0
cons[火电出力下限约束_19_24],-442.03250000000025
cons[火电出力上限约束_19_25],0.0
cons[火电出力下限约束_19_25],-442.03250000000025
cons[火电出力上限约束_19_26],0.0
cons[火电出力下限约束_19_26],-308.8085000000001
cons[火电出力上限约束_19_27],0.0
cons[火电出力下限约束_19_27],-216.7164999999968
cons[火电出力上限约束_19_28],0.0
cons[火电出力下限约束_19_28],-171.76249999999982
cons[火电出力上限约束_19_29],0.0
cons[火电出力下限约束_19_29],-143.91649999999936
cons[火电出力上限约束_19_30],0.0
cons[火电出力下限约束_19_30],-116.07049999999981
cons[火电出力上限约束_19_31],0.0
cons[火电出力下限约束_19_31],-88.67950000000019
cons[火电出力上限约束_19_32],0.0
cons[火电出力下限约束_19_32],-88.22449999999935
cons[火电出力上限约束_19_33],0.0
cons[火电出力下限约束_19_33],-78.57849999999962
cons[火电出力上限约束_19_34],0.0
cons[火电出力下限约束_19_34],-78.57849999999962
cons[火电出力上限约束_19_35],0.0
cons[火电出力下限约束_19_35],-78.57849999999962
cons[火电出力上限约束_19_36],0.0
cons[火电出力下限约束_19_36],-78.57849999999962
cons[火电出力上限约束_19_37],0.0
cons[火电出力下限约束_19_37],-88.22449999999935
cons[火电出力上限约束_19_38],0.0
cons[火电出力下限约束_19_38],-88.22449999999935
cons[火电出力上限约束_19_39],0.0
cons[火电出力下限约束_19_39],-88.22449999999935
cons[火电出力上限约束_19_40],0.0
cons[火电出力下限约束_19_40],-88.22449999999935
cons[火电出力上限约束_19_41],0.0
cons[火电出力下限约束_19_41],-88.22449999999935
cons[火电出力上限约束_19_42],0.0
cons[火电出力下限约束_19_42],-88.22449999999935
cons[火电出力上限约束_19_43],0.0
cons[火电出力下限约束_19_43],-88.22449999999935
cons[火电出力上限约束_19_44],0.0
cons[火电出力下限约束_19_44],-88.22449999999935
cons[火电出力上限约束_19_45],0.0
cons[火电出力下限约束_19_45],-88.67950000000019
cons[火电出力上限约束_19_46],0.0
cons[火电出力下限约束_19_46],-88.67950000000019
cons[火电出力上限约束_19_47],0.0
cons[火电出力下限约束_19_47],-88.67950000000019
cons[火电出力上限约束_19_48],0.0
cons[火电出力下限约束_19_48],-88.67950000000019
cons[火电出力上限约束_19_49],0.0
cons[火电出力下限约束_19_49],-88.67950000000019
cons[火电出力上限约束_19_50],0.0
cons[火电出力下限约束_19_50],-88.67950000000019
cons[火电出力上限约束_19_51],0.0
cons[火电出力下限约束_19_51],-88.67950000000019
cons[火电出力上限约束_19_52],0.0
cons[火电出力下限约束_19_52],-88.67950000000019
cons[火电出力上限约束_19_53],0.0
cons[火电出力下限约束_19_53],-116.07049999999981
cons[火电出力上限约束_19_54],0.0
cons[火电出力下限约束_19_54],-116.07049999999981
cons[火电出力上限约束_19_55],0.0
cons[火电出力下限约束_19_55],-116.07049999999981
cons[火电出力上限约束_19_56],0.0
cons[火电出力下限约束_19_56],-116.07049999999981
cons[火电出力上限约束_19_57],0.0
cons[火电出力下限约束_19_57],-116.07049999999981
cons[火电出力上限约束_19_58],0.0
cons[火电出力下限约束_19_58],-116.07049999999981
cons[火电出力上限约束_19_59],0.0
cons[火电出力下限约束_19_59],-88.67950000000019
cons[火电出力上限约束_19_60],0.0
cons[火电出力下限约束_19_60],-88.22449999999935
cons[火电出力上限约束_19_61],0.0
cons[火电出力下限约束_19_61],-60.3784999999998
cons[火电出力上限约束_19_62],0.0
cons[火电出力下限约束_19_62],-32.532500000000255
cons[火电出力上限约束_19_63],0.0
cons[火电出力下限约束_19_63],-32.532500000000255
cons[火电出力上限约束_19_64],0.0
cons[火电出力下限约束_19_64],-4.686499999997977
cons[火电出力上限约束_19_65],0.0
cons[火电出力下限约束_19_65],0.0
cons[火电出力上限约束_19_66],0.0
cons[火电出力下限约束_19_66],0.0
cons[火电出力上限约束_19_67],0.0
cons[火电出力下限约束_19_67],0.0
cons[火电出力上限约束_19_68],0.0
cons[火电出力下限约束_19_68],0.0
cons[火电出力上限约束_19_69],0.0
cons[火电出力下限约束_19_69],0.0
cons[火电出力上限约束_19_70],0.0
cons[火电出力下限约束_19_70],0.0
cons[火电出力上限约束_19_71],0.0
cons[火电出力下限约束_19_71],0.0
cons[火电出力上限约束_19_72],0.0
cons[火电出力下限约束_19_72],0.0
cons[火电出力上限约束_19_73],0.0
cons[火电出力下限约束_19_73],0.0
cons[火电出力上限约束_19_74],0.0
cons[火电出力下限约束_19_74],0.0
cons[火电出力上限约束_19_75],0.0
cons[火电出力下限约束_19_75],0.0
cons[火电出力上限约束_19_76],0.0
cons[火电出力下限约束_19_76],0.0
cons[火电出力上限约束_19_77],0.0
cons[火电出力下限约束_19_77],0.0
cons[火电出力上限约束_19_78],0.0
cons[火电出力下限约束_19_78],0.0
cons[火电出力上限约束_19_79],0.0
cons[火电出力下限约束_19_79],0.0
cons[火电出力上限约束_19_80],0.0
cons[火电出力下限约束_19_80],0.0
cons[火电出力上限约束_19_81],0.0
cons[火电出力下限约束_19_81],0.0
cons[火电出力上限约束_19_82],0.0
cons[火电出力下限约束_19_82],-4.686499999997977
cons[火电出力上限约束_19_83],0.0
cons[火电出力下限约束_19_83],-32.532500000000255
cons[火电出力上限约束_19_84],0.0
cons[火电出力下限约束_19_84],-32.532500000000255
cons[火电出力上限约束_19_85],0.0
cons[火电出力下限约束_19_85],-32.532500000000255
cons[火电出力上限约束_19_86],-6164.157999999999
cons[火电出力下限约束_19_86],0.0
cons[火电出力上限约束_19_87],-6154.057000000001
cons[火电出力下限约束_19_87],0.0
cons[火电出力上限约束_19_88],-6108.466
cons[火电出力下限约束_19_88],0.0
cons[火电出力上限约束_19_89],-6080.62
cons[火电出力下限约束_19_89],0.0
cons[火电出力上限约束_19_90],-6052.774
cons[火电出力下限约束_19_90],0.0
cons[火电出力上限约束_19_91],-6024.928
cons[火电出力下限约束_19_91],0.0
cons[火电出力上限约束_19_92],-5979.974000000003
cons[火电出力下限约束_19_92],0.0
cons[火电出力上限约束_19_93],-5933.928
cons[火电出力下限约束_19_93],0.0
cons[火电出力上限约束_19_94],-5887.882
cons[火电出力下限约束_19_94],0.0
cons[火电出力上限约束_19_95],-5414.317999999999
cons[火电出力下限约束_19_95],0.0
cons[火电出力上限约束_20_0],0.0
cons[火电出力下限约束_20_0],0.0
cons[火电出力上限约束_20_1],0.0
cons[火电出力下限约束_20_1],0.0
cons[火电出力上限约束_20_2],0.0
cons[火电出力下限约束_20_2],0.0
cons[火电出力上限约束_20_3],0.0
cons[火电出力下限约束_20_3],0.0
cons[火电出力上限约束_20_4],0.0
cons[火电出力下限约束_20_4],0.0
cons[火电出力上限约束_20_5],0.0
cons[火电出力下限约束_20_5],0.0
cons[火电出力上限约束_20_6],0.0
cons[火电出力下限约束_20_6],0.0
cons[火电出力上限约束_20_7],0.0
cons[火电出力下限约束_20_7],-59.332000000000335
cons[火电出力上限约束_20_8],0.0
cons[火电出力下限约束_20_8],-115.02400000000034
cons[火电出力上限约束_20_9],0.0
cons[火电出力下限约束_20_9],-142.8699999999999
cons[火电出力上限约束_20_10],0.0
cons[火电出力下限约束_20_10],-170.71600000000035
cons[火电出力上限约束_20_11],0.0
cons[火电出力下限约束_20_11],-198.5619999999999
cons[火电出力上限约束_20_12],0.0
cons[火电出力下限约束_20_12],-198.561999999999
cons[火电出力上限约束_20_13],0.0
cons[火电出力下限约束_20_13],-198.561999999999
cons[火电出力上限约束_20_14],0.0
cons[火电出力下限约束_20_14],-198.561999999999
cons[火电出力上限约束_20_15],0.0
cons[火电出力下限约束_20_15],-198.561999999999
cons[火电出力上限约束_20_16],0.0
cons[火电出力下限约束_20_16],-198.561999999999
cons[火电出力上限约束_20_17],0.0
cons[火电出力下限约束_20_17],-198.561999999999
cons[火电出力上限约束_20_18],0.0
cons[火电出力下限约束_20_18],-198.561999999999
cons[火电出力上限约束_20_19],0.0
cons[火电出力下限约束_20_19],-198.561999999999
cons[火电出力上限约束_20_20],0.0
cons[火电出力下限约束_20_20],-198.561999999999
cons[火电出力上限约束_20_21],0.0
cons[火电出力下限约束_20_21],-465.0100000000011
cons[火电出力上限约束_20_22],0.0
cons[火电出力下限约束_20_22],0.0
cons[火电出力上限约束_20_23],0.0
cons[火电出力下限约束_20_23],0.0
cons[火电出力上限约束_20_24],0.0
cons[火电出力下限约束_20_24],-87.1780000000008
cons[火电出力上限约束_20_25],0.0
cons[火电出力下限约束_20_25],-87.1780000000008
cons[火电出力上限约束_20_26],0.0
cons[火电出力下限约束_20_26],0.0
cons[火电出力上限约束_20_27],0.0
cons[火电出力下限约束_20_27],0.0
cons[火电出力上限约束_20_28],0.0
cons[火电出力下限约束_20_28],0.0
cons[火电出力上限约束_20_29],0.0
cons[火电出力下限约束_20_29],0.0
cons[火电出力上限约束_20_30],0.0
cons[火电出力下限约束_20_30],0.0
cons[火电出力上限约束_20_31],0.0
cons[火电出力下限约束_20_31],0.0
cons[火电出力上限约束_20_32],0.0
cons[火电出力下限约束_20_32],0.0
cons[火电出力上限约束_20_33],0.0
cons[火电出力下限约束_20_33],0.0
cons[火电出力上限约束_20_34],0.0
cons[火电出力下限约束_20_34],0.0
cons[火电出力上限约束_20_35],0.0
cons[火电出力下限约束_20_35],0.0
cons[火电出力上限约束_20_36],0.0
cons[火电出力下限约束_20_36],0.0
cons[火电出力上限约束_20_37],0.0
cons[火电出力下限约束_20_37],0.0
cons[火电出力上限约束_20_38],0.0
cons[火电出力下限约束_20_38],0.0
cons[火电出力上限约束_20_39],0.0
cons[火电出力下限约束_20_39],0.0
cons[火电出力上限约束_20_40],0.0
cons[火电出力下限约束_20_40],0.0
cons[火电出力上限约束_20_41],0.0
cons[火电出力下限约束_20_41],0.0
cons[火电出力上限约束_20_42],0.0
cons[火电出力下限约束_20_42],0.0
cons[火电出力上限约束_20_43],0.0
cons[火电出力下限约束_20_43],0.0
cons[火电出力上限约束_20_44],0.0
cons[火电出力下限约束_20_44],0.0
cons[火电出力上限约束_20_45],0.0
cons[火电出力下限约束_20_45],0.0
cons[火电出力上限约束_20_46],0.0
cons[火电出力下限约束_20_46],0.0
cons[火电出力上限约束_20_47],0.0
cons[火电出力下限约束_20_47],0.0
cons[火电出力上限约束_20_48],0.0
cons[火电出力下限约束_20_48],0.0
cons[火电出力上限约束_20_49],0.0
cons[火电出力下限约束_20_49],0.0
cons[火电出力上限约束_20_50],0.0
cons[火电出力下限约束_20_50],0.0
cons[火电出力上限约束_20_51],0.0
cons[火电出力下限约束_20_51],0.0
cons[火电出力上限约束_20_52],0.0
cons[火电出力下限约束_20_52],0.0
cons[火电出力上限约束_20_53],0.0
cons[火电出力下限约束_20_53],0.0
cons[火电出力上限约束_20_54],0.0
cons[火电出力下限约束_20_54],0.0
cons[火电出力上限约束_20_55],0.0
cons[火电出力下限约束_20_55],0.0
cons[火电出力上限约束_20_56],0.0
cons[火电出力下限约束_20_56],0.0
cons[火电出力上限约束_20_57],0.0
cons[火电出力下限约束_20_57],0.0
cons[火电出力上限约束_20_58],0.0
cons[火电出力下限约束_20_58],0.0
cons[火电出力上限约束_20_59],0.0
cons[火电出力下限约束_20_59],0.0
cons[火电出力上限约束_20_60],0.0
cons[火电出力下限约束_20_60],0.0
cons[火电出力上限约束_20_61],0.0
cons[火电出力下限约束_20_61],0.0
cons[火电出力上限约束_20_62],0.0
cons[火电出力下限约束_20_62],0.0
cons[火电出力上限约束_20_63],0.0
cons[火电出力下限约束_20_63],0.0
cons[火电出力上限约束_20_64],0.0
cons[火电出力下限约束_20_64],0.0
cons[火电出力上限约束_20_65],0.0
cons[火电出力下限约束_20_65],0.0
cons[火电出力上限约束_20_66],0.0
cons[火电出力下限约束_20_66],0.0
cons[火电出力上限约束_20_67],0.0
cons[火电出力下限约束_20_67],0.0
cons[火电出力上限约束_20_68],0.0
cons[火电出力下限约束_20_68],0.0
cons[火电出力上限约束_20_69],0.0
cons[火电出力下限约束_20_69],0.0
cons[火电出力上限约束_20_70],0.0
cons[火电出力下限约束_20_70],0.0
cons[火电出力上限约束_20_71],0.0
cons[火电出力下限约束_20_71],0.0
cons[火电出力上限约束_20_72],0.0
cons[火电出力下限约束_20_72],0.0
cons[火电出力上限约束_20_73],0.0
cons[火电出力下限约束_20_73],0.0
cons[火电出力上限约束_20_74],0.0
cons[火电出力下限约束_20_74],0.0
cons[火电出力上限约束_20_75],0.0
cons[火电出力下限约束_20_75],0.0
cons[火电出力上限约束_20_76],0.0
cons[火电出力下限约束_20_76],0.0
cons[火电出力上限约束_20_77],0.0
cons[火电出力下限约束_20_77],0.0
cons[火电出力上限约束_20_78],0.0
cons[火电出力下限约束_20_78],0.0
cons[火电出力上限约束_20_79],0.0
cons[火电出力下限约束_20_79],0.0
cons[火电出力上限约束_20_80],0.0
cons[火电出力下限约束_20_80],0.0
cons[火电出力上限约束_20_81],0.0
cons[火电出力下限约束_20_81],0.0
cons[火电出力上限约束_20_82],0.0
cons[火电出力下限约束_20_82],0.0
cons[火电出力上限约束_20_83],0.0
cons[火电出力下限约束_20_83],0.0
cons[火电出力上限约束_20_84],0.0
cons[火电出力下限约束_20_84],0.0
cons[火电出力上限约束_20_85],0.0
cons[火电出力下限约束_20_85],0.0
cons[火电出力上限约束_20_86],0.0
cons[火电出力下限约束_20_86],0.0
cons[火电出力上限约束_20_87],0.0
cons[火电出力下限约束_20_87],0.0
cons[火电出力上限约束_20_88],0.0
cons[火电出力下限约束_20_88],0.0
cons[火电出力上限约束_20_89],0.0
cons[火电出力下限约束_20_89],0.0
cons[火电出力上限约束_20_90],0.0
cons[火电出力下限约束_20_90],0.0
cons[火电出力上限约束_20_91],0.0
cons[火电出力下限约束_20_91],0.0
cons[火电出力上限约束_20_92],0.0
cons[火电出力下限约束_20_92],0.0
cons[火电出力上限约束_20_93],0.0
cons[火电出力下限约束_20_93],0.0
cons[火电出力上限约束_20_94],0.0
cons[火电出力下限约束_20_94],0.0
cons[火电出力上限约束_20_95],0.0
cons[火电出力下限约束_20_95],-427.51800000000094
cons[火电出力上限约束_21_0],0.0
cons[火电出力下限约束_21_0],0.0
cons[火电出力上限约束_21_1],0.0
cons[火电出力下限约束_21_1],0.0
cons[火电出力上限约束_21_2],0.0
cons[火电出力下限约束_21_2],0.0
cons[火电出力上限约束_21_3],0.0
cons[火电出力下限约束_21_3],0.0
cons[火电出力上限约束_21_4],0.0
cons[火电出力下限约束_21_4],0.0
cons[火电出力上限约束_21_5],0.0
cons[火电出力下限约束_21_5],0.0
cons[火电出力上限约束_21_6],0.0
cons[火电出力下限约束_21_6],0.0
cons[火电出力上限约束_21_7],0.0
cons[火电出力下限约束_21_7],-59.332000000000335
cons[火电出力上限约束_21_8],0.0
cons[火电出力下限约束_21_8],-115.02400000000034
cons[火电出力上限约束_21_9],0.0
cons[火电出力下限约束_21_9],-142.8699999999999
cons[火电出力上限约束_21_10],0.0
cons[火电出力下限约束_21_10],-170.71600000000035
cons[火电出力上限约束_21_11],0.0
cons[火电出力下限约束_21_11],-198.5619999999999
cons[火电出力上限约束_21_12],0.0
cons[火电出力下限约束_21_12],-198.561999999999
cons[火电出力上限约束_21_13],0.0
cons[火电出力下限约束_21_13],-198.561999999999
cons[火电出力上限约束_21_14],0.0
cons[火电出力下限约束_21_14],-198.561999999999
cons[火电出力上限约束_21_15],0.0
cons[火电出力下限约束_21_15],-198.561999999999
cons[火电出力上限约束_21_16],0.0
cons[火电出力下限约束_21_16],-198.561999999999
cons[火电出力上限约束_21_17],0.0
cons[火电出力下限约束_21_17],-198.561999999999
cons[火电出力上限约束_21_18],0.0
cons[火电出力下限约束_21_18],-198.561999999999
cons[火电出力上限约束_21_19],0.0
cons[火电出力下限约束_21_19],-198.561999999999
cons[火电出力上限约束_21_20],0.0
cons[火电出力下限约束_21_20],-198.561999999999
cons[火电出力上限约束_21_21],0.0
cons[火电出力下限约束_21_21],-465.0100000000011
cons[火电出力上限约束_21_22],0.0
cons[火电出力下限约束_21_22],0.0
cons[火电出力上限约束_21_23],0.0
cons[火电出力下限约束_21_23],0.0
cons[火电出力上限约束_21_24],0.0
cons[火电出力下限约束_21_24],-87.1780000000008
cons[火电出力上限约束_21_25],0.0
cons[火电出力下限约束_21_25],-87.1780000000008
cons[火电出力上限约束_21_26],0.0
cons[火电出力下限约束_21_26],0.0
cons[火电出力上限约束_21_27],0.0
cons[火电出力下限约束_21_27],0.0
cons[火电出力上限约束_21_28],0.0
cons[火电出力下限约束_21_28],0.0
cons[火电出力上限约束_21_29],0.0
cons[火电出力下限约束_21_29],0.0
cons[火电出力上限约束_21_30],0.0
cons[火电出力下限约束_21_30],0.0
cons[火电出力上限约束_21_31],0.0
cons[火电出力下限约束_21_31],0.0
cons[火电出力上限约束_21_32],0.0
cons[火电出力下限约束_21_32],0.0
cons[火电出力上限约束_21_33],0.0
cons[火电出力下限约束_21_33],0.0
cons[火电出力上限约束_21_34],0.0
cons[火电出力下限约束_21_34],0.0
cons[火电出力上限约束_21_35],0.0
cons[火电出力下限约束_21_35],0.0
cons[火电出力上限约束_21_36],0.0
cons[火电出力下限约束_21_36],0.0
cons[火电出力上限约束_21_37],0.0
cons[火电出力下限约束_21_37],0.0
cons[火电出力上限约束_21_38],0.0
cons[火电出力下限约束_21_38],0.0
cons[火电出力上限约束_21_39],0.0
cons[火电出力下限约束_21_39],0.0
cons[火电出力上限约束_21_40],0.0
cons[火电出力下限约束_21_40],0.0
cons[火电出力上限约束_21_41],0.0
cons[火电出力下限约束_21_41],0.0
cons[火电出力上限约束_21_42],0.0
cons[火电出力下限约束_21_42],0.0
cons[火电出力上限约束_21_43],0.0
cons[火电出力下限约束_21_43],0.0
cons[火电出力上限约束_21_44],0.0
cons[火电出力下限约束_21_44],0.0
cons[火电出力上限约束_21_45],0.0
cons[火电出力下限约束_21_45],0.0
cons[火电出力上限约束_21_46],0.0
cons[火电出力下限约束_21_46],0.0
cons[火电出力上限约束_21_47],0.0
cons[火电出力下限约束_21_47],0.0
cons[火电出力上限约束_21_48],0.0
cons[火电出力下限约束_21_48],0.0
cons[火电出力上限约束_21_49],0.0
cons[火电出力下限约束_21_49],0.0
cons[火电出力上限约束_21_50],0.0
cons[火电出力下限约束_21_50],0.0
cons[火电出力上限约束_21_51],0.0
cons[火电出力下限约束_21_51],0.0
cons[火电出力上限约束_21_52],0.0
cons[火电出力下限约束_21_52],0.0
cons[火电出力上限约束_21_53],0.0
cons[火电出力下限约束_21_53],0.0
cons[火电出力上限约束_21_54],0.0
cons[火电出力下限约束_21_54],0.0
cons[火电出力上限约束_21_55],0.0
cons[火电出力下限约束_21_55],0.0
cons[火电出力上限约束_21_56],0.0
cons[火电出力下限约束_21_56],0.0
cons[火电出力上限约束_21_57],0.0
cons[火电出力下限约束_21_57],0.0
cons[火电出力上限约束_21_58],0.0
cons[火电出力下限约束_21_58],0.0
cons[火电出力上限约束_21_59],0.0
cons[火电出力下限约束_21_59],0.0
cons[火电出力上限约束_21_60],0.0
cons[火电出力下限约束_21_60],0.0
cons[火电出力上限约束_21_61],0.0
cons[火电出力下限约束_21_61],0.0
cons[火电出力上限约束_21_62],0.0
cons[火电出力下限约束_21_62],0.0
cons[火电出力上限约束_21_63],0.0
cons[火电出力下限约束_21_63],0.0
cons[火电出力上限约束_21_64],0.0
cons[火电出力下限约束_21_64],0.0
cons[火电出力上限约束_21_65],0.0
cons[火电出力下限约束_21_65],0.0
cons[火电出力上限约束_21_66],0.0
cons[火电出力下限约束_21_66],0.0
cons[火电出力上限约束_21_67],0.0
cons[火电出力下限约束_21_67],0.0
cons[火电出力上限约束_21_68],0.0
cons[火电出力下限约束_21_68],0.0
cons[火电出力上限约束_21_69],0.0
cons[火电出力下限约束_21_69],0.0
cons[火电出力上限约束_21_70],0.0
cons[火电出力下限约束_21_70],0.0
cons[火电出力上限约束_21_71],0.0
cons[火电出力下限约束_21_71],0.0
cons[火电出力上限约束_21_72],0.0
cons[火电出力下限约束_21_72],0.0
cons[火电出力上限约束_21_73],0.0
cons[火电出力下限约束_21_73],0.0
cons[火电出力上限约束_21_74],0.0
cons[火电出力下限约束_21_74],0.0
cons[火电出力上限约束_21_75],0.0
cons[火电出力下限约束_21_75],0.0
cons[火电出力上限约束_21_76],0.0
cons[火电出力下限约束_21_76],0.0
cons[火电出力上限约束_21_77],0.0
cons[火电出力下限约束_21_77],0.0
cons[火电出力上限约束_21_78],0.0
cons[火电出力下限约束_21_78],0.0
cons[火电出力上限约束_21_79],0.0
cons[火电出力下限约束_21_79],0.0
cons[火电出力上限约束_21_80],0.0
cons[火电出力下限约束_21_80],0.0
cons[火电出力上限约束_21_81],0.0
cons[火电出力下限约束_21_81],0.0
cons[火电出力上限约束_21_82],0.0
cons[火电出力下限约束_21_82],0.0
cons[火电出力上限约束_21_83],0.0
cons[火电出力下限约束_21_83],0.0
cons[火电出力上限约束_21_84],0.0
cons[火电出力下限约束_21_84],0.0
cons[火电出力上限约束_21_85],0.0
cons[火电出力下限约束_21_85],0.0
cons[火电出力上限约束_21_86],0.0
cons[火电出力下限约束_21_86],0.0
cons[火电出力上限约束_21_87],0.0
cons[火电出力下限约束_21_87],0.0
cons[火电出力上限约束_21_88],0.0
cons[火电出力下限约束_21_88],0.0
cons[火电出力上限约束_21_89],0.0
cons[火电出力下限约束_21_89],0.0
cons[火电出力上限约束_21_90],0.0
cons[火电出力下限约束_21_90],0.0
cons[火电出力上限约束_21_91],0.0
cons[火电出力下限约束_21_91],0.0
cons[火电出力上限约束_21_92],0.0
cons[火电出力下限约束_21_92],0.0
cons[火电出力上限约束_21_93],0.0
cons[火电出力下限约束_21_93],0.0
cons[火电出力上限约束_21_94],0.0
cons[火电出力下限约束_21_94],0.0
cons[火电出力上限约束_21_95],0.0
cons[火电出力下限约束_21_95],-427.51800000000094
cons[火电出力上限约束_22_0],0.0
cons[火电出力下限约束_22_0],0.0
cons[火电出力上限约束_22_1],0.0
cons[火电出力下限约束_22_1],0.0
cons[火电出力上限约束_22_2],0.0
cons[火电出力下限约束_22_2],0.0
cons[火电出力上限约束_22_3],0.0
cons[火电出力下限约束_22_3],0.0
cons[火电出力上限约束_22_4],0.0
cons[火电出力下限约束_22_4],0.0
cons[火电出力上限约束_22_5],0.0
cons[火电出力下限约束_22_5],0.0
cons[火电出力上限约束_22_6],0.0
cons[火电出力下限约束_22_6],0.0
cons[火电出力上限约束_22_7],0.0
cons[火电出力下限约束_22_7],-59.332000000000335
cons[火电出力上限约束_22_8],0.0
cons[火电出力下限约束_22_8],-115.02400000000034
cons[火电出力上限约束_22_9],0.0
cons[火电出力下限约束_22_9],-142.8699999999999
cons[火电出力上限约束_22_10],0.0
cons[火电出力下限约束_22_10],-170.71600000000035
cons[火电出力上限约束_22_11],0.0
cons[火电出力下限约束_22_11],-198.5619999999999
cons[火电出力上限约束_22_12],0.0
cons[火电出力下限约束_22_12],-198.561999999999
cons[火电出力上限约束_22_13],0.0
cons[火电出力下限约束_22_13],-198.561999999999
cons[火电出力上限约束_22_14],0.0
cons[火电出力下限约束_22_14],-198.561999999999
cons[火电出力上限约束_22_15],0.0
cons[火电出力下限约束_22_15],-198.561999999999
cons[火电出力上限约束_22_16],0.0
cons[火电出力下限约束_22_16],-198.561999999999
cons[火电出力上限约束_22_17],0.0
cons[火电出力下限约束_22_17],-198.561999999999
cons[火电出力上限约束_22_18],0.0
cons[火电出力下限约束_22_18],-198.561999999999
cons[火电出力上限约束_22_19],0.0
cons[火电出力下限约束_22_19],-198.561999999999
cons[火电出力上限约束_22_20],0.0
cons[火电出力下限约束_22_20],-198.561999999999
cons[火电出力上限约束_22_21],0.0
cons[火电出力下限约束_22_21],-465.0100000000011
cons[火电出力上限约束_22_22],0.0
cons[火电出力下限约束_22_22],0.0
cons[火电出力上限约束_22_23],0.0
cons[火电出力下限约束_22_23],0.0
cons[火电出力上限约束_22_24],0.0
cons[火电出力下限约束_22_24],-87.1780000000008
cons[火电出力上限约束_22_25],0.0
cons[火电出力下限约束_22_25],-87.1780000000008
cons[火电出力上限约束_22_26],0.0
cons[火电出力下限约束_22_26],0.0
cons[火电出力上限约束_22_27],0.0
cons[火电出力下限约束_22_27],0.0
cons[火电出力上限约束_22_28],0.0
cons[火电出力下限约束_22_28],0.0
cons[火电出力上限约束_22_29],0.0
cons[火电出力下限约束_22_29],0.0
cons[火电出力上限约束_22_30],0.0
cons[火电出力下限约束_22_30],0.0
cons[火电出力上限约束_22_31],0.0
cons[火电出力下限约束_22_31],0.0
cons[火电出力上限约束_22_32],0.0
cons[火电出力下限约束_22_32],0.0
cons[火电出力上限约束_22_33],0.0
cons[火电出力下限约束_22_33],0.0
cons[火电出力上限约束_22_34],0.0
cons[火电出力下限约束_22_34],0.0
cons[火电出力上限约束_22_35],0.0
cons[火电出力下限约束_22_35],0.0
cons[火电出力上限约束_22_36],0.0
cons[火电出力下限约束_22_36],0.0
cons[火电出力上限约束_22_37],0.0
cons[火电出力下限约束_22_37],0.0
cons[火电出力上限约束_22_38],0.0
cons[火电出力下限约束_22_38],0.0
cons[火电出力上限约束_22_39],0.0
cons[火电出力下限约束_22_39],0.0
cons[火电出力上限约束_22_40],0.0
cons[火电出力下限约束_22_40],0.0
cons[火电出力上限约束_22_41],0.0
cons[火电出力下限约束_22_41],0.0
cons[火电出力上限约束_22_42],0.0
cons[火电出力下限约束_22_42],0.0
cons[火电出力上限约束_22_43],0.0
cons[火电出力下限约束_22_43],0.0
cons[火电出力上限约束_22_44],0.0
cons[火电出力下限约束_22_44],0.0
cons[火电出力上限约束_22_45],0.0
cons[火电出力下限约束_22_45],0.0
cons[火电出力上限约束_22_46],0.0
cons[火电出力下限约束_22_46],0.0
cons[火电出力上限约束_22_47],0.0
cons[火电出力下限约束_22_47],0.0
cons[火电出力上限约束_22_48],0.0
cons[火电出力下限约束_22_48],0.0
cons[火电出力上限约束_22_49],0.0
cons[火电出力下限约束_22_49],0.0
cons[火电出力上限约束_22_50],0.0
cons[火电出力下限约束_22_50],0.0
cons[火电出力上限约束_22_51],0.0
cons[火电出力下限约束_22_51],0.0
cons[火电出力上限约束_22_52],0.0
cons[火电出力下限约束_22_52],0.0
cons[火电出力上限约束_22_53],0.0
cons[火电出力下限约束_22_53],0.0
cons[火电出力上限约束_22_54],0.0
cons[火电出力下限约束_22_54],0.0
cons[火电出力上限约束_22_55],0.0
cons[火电出力下限约束_22_55],0.0
cons[火电出力上限约束_22_56],0.0
cons[火电出力下限约束_22_56],0.0
cons[火电出力上限约束_22_57],0.0
cons[火电出力下限约束_22_57],0.0
cons[火电出力上限约束_22_58],0.0
cons[火电出力下限约束_22_58],0.0
cons[火电出力上限约束_22_59],0.0
cons[火电出力下限约束_22_59],0.0
cons[火电出力上限约束_22_60],0.0
cons[火电出力下限约束_22_60],0.0
cons[火电出力上限约束_22_61],0.0
cons[火电出力下限约束_22_61],0.0
cons[火电出力上限约束_22_62],0.0
cons[火电出力下限约束_22_62],0.0
cons[火电出力上限约束_22_63],0.0
cons[火电出力下限约束_22_63],0.0
cons[火电出力上限约束_22_64],0.0
cons[火电出力下限约束_22_64],0.0
cons[火电出力上限约束_22_65],0.0
cons[火电出力下限约束_22_65],0.0
cons[火电出力上限约束_22_66],0.0
cons[火电出力下限约束_22_66],0.0
cons[火电出力上限约束_22_67],0.0
cons[火电出力下限约束_22_67],0.0
cons[火电出力上限约束_22_68],0.0
cons[火电出力下限约束_22_68],0.0
cons[火电出力上限约束_22_69],0.0
cons[火电出力下限约束_22_69],0.0
cons[火电出力上限约束_22_70],0.0
cons[火电出力下限约束_22_70],0.0
cons[火电出力上限约束_22_71],0.0
cons[火电出力下限约束_22_71],0.0
cons[火电出力上限约束_22_72],0.0
cons[火电出力下限约束_22_72],0.0
cons[火电出力上限约束_22_73],0.0
cons[火电出力下限约束_22_73],0.0
cons[火电出力上限约束_22_74],0.0
cons[火电出力下限约束_22_74],0.0
cons[火电出力上限约束_22_75],0.0
cons[火电出力下限约束_22_75],0.0
cons[火电出力上限约束_22_76],0.0
cons[火电出力下限约束_22_76],0.0
cons[火电出力上限约束_22_77],0.0
cons[火电出力下限约束_22_77],0.0
cons[火电出力上限约束_22_78],0.0
cons[火电出力下限约束_22_78],0.0
cons[火电出力上限约束_22_79],0.0
cons[火电出力下限约束_22_79],0.0
cons[火电出力上限约束_22_80],0.0
cons[火电出力下限约束_22_80],0.0
cons[火电出力上限约束_22_81],0.0
cons[火电出力下限约束_22_81],0.0
cons[火电出力上限约束_22_82],0.0
cons[火电出力下限约束_22_82],0.0
cons[火电出力上限约束_22_83],0.0
cons[火电出力下限约束_22_83],0.0
cons[火电出力上限约束_22_84],0.0
cons[火电出力下限约束_22_84],0.0
cons[火电出力上限约束_22_85],0.0
cons[火电出力下限约束_22_85],0.0
cons[火电出力上限约束_22_86],0.0
cons[火电出力下限约束_22_86],0.0
cons[火电出力上限约束_22_87],0.0
cons[火电出力下限约束_22_87],0.0
cons[火电出力上限约束_22_88],0.0
cons[火电出力下限约束_22_88],0.0
cons[火电出力上限约束_22_89],0.0
cons[火电出力下限约束_22_89],0.0
cons[火电出力上限约束_22_90],0.0
cons[火电出力下限约束_22_90],0.0
cons[火电出力上限约束_22_91],0.0
cons[火电出力下限约束_22_91],0.0
cons[火电出力上限约束_22_92],0.0
cons[火电出力下限约束_22_92],0.0
cons[火电出力上限约束_22_93],0.0
cons[火电出力下限约束_22_93],0.0
cons[火电出力上限约束_22_94],0.0
cons[火电出力下限约束_22_94],0.0
cons[火电出力上限约束_22_95],0.0
cons[火电出力下限约束_22_95],-427.51800000000094
cons[火电出力上限约束_23_0],0.0
cons[火电出力下限约束_23_0],0.0
cons[火电出力上限约束_23_1],0.0
cons[火电出力下限约束_23_1],0.0
cons[火电出力上限约束_23_2],0.0
cons[火电出力下限约束_23_2],0.0
cons[火电出力上限约束_23_3],0.0
cons[火电出力下限约束_23_3],0.0
cons[火电出力上限约束_23_4],0.0
cons[火电出力下限约束_23_4],0.0
cons[火电出力上限约束_23_5],0.0
cons[火电出力下限约束_23_5],0.0
cons[火电出力上限约束_23_6],0.0
cons[火电出力下限约束_23_6],0.0
cons[火电出力上限约束_23_7],0.0
cons[火电出力下限约束_23_7],-59.332000000000335
cons[火电出力上限约束_23_8],0.0
cons[火电出力下限约束_23_8],-115.02400000000034
cons[火电出力上限约束_23_9],0.0
cons[火电出力下限约束_23_9],-142.8699999999999
cons[火电出力上限约束_23_10],0.0
cons[火电出力下限约束_23_10],-170.71600000000035
cons[火电出力上限约束_23_11],0.0
cons[火电出力下限约束_23_11],-198.5619999999999
cons[火电出力上限约束_23_12],0.0
cons[火电出力下限约束_23_12],-198.561999999999
cons[火电出力上限约束_23_13],0.0
cons[火电出力下限约束_23_13],-198.561999999999
cons[火电出力上限约束_23_14],0.0
cons[火电出力下限约束_23_14],-198.561999999999
cons[火电出力上限约束_23_15],0.0
cons[火电出力下限约束_23_15],-198.561999999999
cons[火电出力上限约束_23_16],0.0
cons[火电出力下限约束_23_16],-198.561999999999
cons[火电出力上限约束_23_17],0.0
cons[火电出力下限约束_23_17],-198.561999999999
cons[火电出力上限约束_23_18],0.0
cons[火电出力下限约束_23_18],-198.561999999999
cons[火电出力上限约束_23_19],0.0
cons[火电出力下限约束_23_19],-198.561999999999
cons[火电出力上限约束_23_20],0.0
cons[火电出力下限约束_23_20],-198.561999999999
cons[火电出力上限约束_23_21],0.0
cons[火电出力下限约束_23_21],-465.0100000000011
cons[火电出力上限约束_23_22],0.0
cons[火电出力下限约束_23_22],0.0
cons[火电出力上限约束_23_23],0.0
cons[火电出力下限约束_23_23],0.0
cons[火电出力上限约束_23_24],0.0
cons[火电出力下限约束_23_24],-87.1780000000008
cons[火电出力上限约束_23_25],0.0
cons[火电出力下限约束_23_25],-87.1780000000008
cons[火电出力上限约束_23_26],0.0
cons[火电出力下限约束_23_26],0.0
cons[火电出力上限约束_23_27],0.0
cons[火电出力下限约束_23_27],0.0
cons[火电出力上限约束_23_28],0.0
cons[火电出力下限约束_23_28],0.0
cons[火电出力上限约束_23_29],0.0
cons[火电出力下限约束_23_29],0.0
cons[火电出力上限约束_23_30],0.0
cons[火电出力下限约束_23_30],0.0
cons[火电出力上限约束_23_31],0.0
cons[火电出力下限约束_23_31],0.0
cons[火电出力上限约束_23_32],0.0
cons[火电出力下限约束_23_32],0.0
cons[火电出力上限约束_23_33],0.0
cons[火电出力下限约束_23_33],0.0
cons[火电出力上限约束_23_34],0.0
cons[火电出力下限约束_23_34],0.0
cons[火电出力上限约束_23_35],0.0
cons[火电出力下限约束_23_35],0.0
cons[火电出力上限约束_23_36],0.0
cons[火电出力下限约束_23_36],0.0
cons[火电出力上限约束_23_37],0.0
cons[火电出力下限约束_23_37],0.0
cons[火电出力上限约束_23_38],0.0
cons[火电出力下限约束_23_38],0.0
cons[火电出力上限约束_23_39],0.0
cons[火电出力下限约束_23_39],0.0
cons[火电出力上限约束_23_40],0.0
cons[火电出力下限约束_23_40],0.0
cons[火电出力上限约束_23_41],0.0
cons[火电出力下限约束_23_41],0.0
cons[火电出力上限约束_23_42],0.0
cons[火电出力下限约束_23_42],0.0
cons[火电出力上限约束_23_43],0.0
cons[火电出力下限约束_23_43],0.0
cons[火电出力上限约束_23_44],0.0
cons[火电出力下限约束_23_44],0.0
cons[火电出力上限约束_23_45],0.0
cons[火电出力下限约束_23_45],0.0
cons[火电出力上限约束_23_46],0.0
cons[火电出力下限约束_23_46],0.0
cons[火电出力上限约束_23_47],0.0
cons[火电出力下限约束_23_47],0.0
cons[火电出力上限约束_23_48],0.0
cons[火电出力下限约束_23_48],0.0
cons[火电出力上限约束_23_49],0.0
cons[火电出力下限约束_23_49],0.0
cons[火电出力上限约束_23_50],0.0
cons[火电出力下限约束_23_50],0.0
cons[火电出力上限约束_23_51],0.0
cons[火电出力下限约束_23_51],0.0
cons[火电出力上限约束_23_52],0.0
cons[火电出力下限约束_23_52],0.0
cons[火电出力上限约束_23_53],0.0
cons[火电出力下限约束_23_53],0.0
cons[火电出力上限约束_23_54],0.0
cons[火电出力下限约束_23_54],0.0
cons[火电出力上限约束_23_55],0.0
cons[火电出力下限约束_23_55],0.0
cons[火电出力上限约束_23_56],0.0
cons[火电出力下限约束_23_56],0.0
cons[火电出力上限约束_23_57],0.0
cons[火电出力下限约束_23_57],0.0
cons[火电出力上限约束_23_58],0.0
cons[火电出力下限约束_23_58],0.0
cons[火电出力上限约束_23_59],0.0
cons[火电出力下限约束_23_59],0.0
cons[火电出力上限约束_23_60],0.0
cons[火电出力下限约束_23_60],0.0
cons[火电出力上限约束_23_61],0.0
cons[火电出力下限约束_23_61],0.0
cons[火电出力上限约束_23_62],0.0
cons[火电出力下限约束_23_62],0.0
cons[火电出力上限约束_23_63],0.0
cons[火电出力下限约束_23_63],0.0
cons[火电出力上限约束_23_64],0.0
cons[火电出力下限约束_23_64],0.0
cons[火电出力上限约束_23_65],0.0
cons[火电出力下限约束_23_65],0.0
cons[火电出力上限约束_23_66],0.0
cons[火电出力下限约束_23_66],0.0
cons[火电出力上限约束_23_67],0.0
cons[火电出力下限约束_23_67],0.0
cons[火电出力上限约束_23_68],0.0
cons[火电出力下限约束_23_68],0.0
cons[火电出力上限约束_23_69],0.0
cons[火电出力下限约束_23_69],0.0
cons[火电出力上限约束_23_70],0.0
cons[火电出力下限约束_23_70],0.0
cons[火电出力上限约束_23_71],0.0
cons[火电出力下限约束_23_71],0.0
cons[火电出力上限约束_23_72],0.0
cons[火电出力下限约束_23_72],0.0
cons[火电出力上限约束_23_73],0.0
cons[火电出力下限约束_23_73],0.0
cons[火电出力上限约束_23_74],0.0
cons[火电出力下限约束_23_74],0.0
cons[火电出力上限约束_23_75],0.0
cons[火电出力下限约束_23_75],0.0
cons[火电出力上限约束_23_76],0.0
cons[火电出力下限约束_23_76],0.0
cons[火电出力上限约束_23_77],0.0
cons[火电出力下限约束_23_77],0.0
cons[火电出力上限约束_23_78],0.0
cons[火电出力下限约束_23_78],0.0
cons[火电出力上限约束_23_79],0.0
cons[火电出力下限约束_23_79],0.0
cons[火电出力上限约束_23_80],0.0
cons[火电出力下限约束_23_80],0.0
cons[火电出力上限约束_23_81],0.0
cons[火电出力下限约束_23_81],0.0
cons[火电出力上限约束_23_82],0.0
cons[火电出力下限约束_23_82],0.0
cons[火电出力上限约束_23_83],0.0
cons[火电出力下限约束_23_83],0.0
cons[火电出力上限约束_23_84],0.0
cons[火电出力下限约束_23_84],0.0
cons[火电出力上限约束_23_85],0.0
cons[火电出力下限约束_23_85],0.0
cons[火电出力上限约束_23_86],0.0
cons[火电出力下限约束_23_86],0.0
cons[火电出力上限约束_23_87],0.0
cons[火电出力下限约束_23_87],0.0
cons[火电出力上限约束_23_88],0.0
cons[火电出力下限约束_23_88],0.0
cons[火电出力上限约束_23_89],0.0
cons[火电出力下限约束_23_89],0.0
cons[火电出力上限约束_23_90],0.0
cons[火电出力下限约束_23_90],0.0
cons[火电出力上限约束_23_91],0.0
cons[火电出力下限约束_23_91],0.0
cons[火电出力上限约束_23_92],0.0
cons[火电出力下限约束_23_92],0.0
cons[火电出力上限约束_23_93],0.0
cons[火电出力下限约束_23_93],0.0
cons[火电出力上限约束_23_94],0.0
cons[火电出力下限约束_23_94],0.0
cons[火电出力上限约束_23_95],0.0
cons[火电出力下限约束_23_95],-427.51800000000094
cons[火电出力上限约束_24_0],-6210.204000000001
cons[火电出力下限约束_24_0],0.0
cons[火电出力上限约束_24_1],-6196.6905
cons[火电出力下限约束_24_1],0.0
cons[火电出力上限约束_24_2],-6154.057000000001
cons[火电出力下限约束_24_2],0.0
cons[火电出力上限约束_24_3],-6118.112
cons[火电出力下限约束_24_3],0.0
cons[火电出力上限约束_24_4],-6108.0109999999995
cons[火电出力下限约束_24_4],0.0
cons[火电出力上限约束_24_5],-5883.423000000001
cons[火电出力下限约束_24_5],0.0
cons[火电出力上限约束_24_6],-5810.349999999999
cons[火电出力下限约束_24_6],0.0
cons[火电出力上限约束_24_7],-5782.504
cons[火电出力下限约束_24_7],0.0
cons[火电出力上限约束_24_8],-5726.812
cons[火电出力下限约束_24_8],0.0
cons[火电出力上限约束_24_9],-5698.966
cons[火电出力下限约束_24_9],0.0
cons[火电出力上限约束_24_10],-5671.12
cons[火电出力下限约束_24_10],0.0
cons[火电出力上限约束_24_11],-5643.274
cons[火电出力下限约束_24_11],0.0
cons[火电出力上限约束_24_12],-5643.274000000001
cons[火电出力下限约束_24_12],0.0
cons[火电出力上限约束_24_13],-5643.274000000001
cons[火电出力下限约束_24_13],0.0
cons[火电出力上限约束_24_14],-5643.274000000001
cons[火电出力下限约束_24_14],0.0
cons[火电出力上限约束_24_15],-5643.274000000001
cons[火电出力下限约束_24_15],0.0
cons[火电出力上限约束_24_16],-5643.274000000001
cons[火电出力下限约束_24_16],0.0
cons[火电出力上限约束_24_17],-5643.274000000001
cons[火电出力下限约束_24_17],0.0
cons[火电出力上限约束_24_18],-5643.274000000001
cons[火电出力下限约束_24_18],0.0
cons[火电出力上限约束_24_19],-5643.274000000001
cons[火电出力下限约束_24_19],0.0
cons[火电出力上限约束_24_20],-5643.274000000001
cons[火电出力下限约束_24_20],0.0
cons[火电出力上限约束_24_21],-5317.767
cons[火电出力下限约束_24_21],0.0
cons[火电出力上限约束_24_22],-6108.0109999999995
cons[火电出力下限约束_24_22],0.0
cons[火电出力上限约束_24_23],-5726.812
cons[火电出力下限约束_24_23],0.0
cons[火电出力上限约束_24_24],-5754.657999999999
cons[火电出力下限约束_24_24],0.0
cons[火电出力上限约束_24_25],-5754.657999999999
cons[火电出力下限约束_24_25],0.0
cons[火电出力上限约束_24_26],-5887.882
cons[火电出力下限约束_24_26],0.0
cons[火电出力上限约束_24_27],-5979.974000000003
cons[火电出力下限约束_24_27],0.0
cons[火电出力上限约束_24_28],-6024.928
cons[火电出力下限约束_24_28],0.0
cons[火电出力上限约束_24_29],-6052.774
cons[火电出力下限约束_24_29],0.0
cons[火电出力上限约束_24_30],-6080.62
cons[火电出力下限约束_24_30],0.0
cons[火电出力上限约束_24_31],-6108.0109999999995
cons[火电出力下限约束_24_31],0.0
cons[火电出力上限约束_24_32],-6108.466
cons[火电出力下限约束_24_32],0.0
cons[火电出力上限约束_24_33],-6118.112
cons[火电出力下限约束_24_33],0.0
cons[火电出力上限约束_24_34],-6118.112
cons[火电出力下限约束_24_34],0.0
cons[火电出力上限约束_24_35],-6118.112
cons[火电出力下限约束_24_35],0.0
cons[火电出力上限约束_24_36],-6118.112
cons[火电出力下限约束_24_36],0.0
cons[火电出力上限约束_24_37],-6108.466
cons[火电出力下限约束_24_37],0.0
cons[火电出力上限约束_24_38],-6108.466
cons[火电出力下限约束_24_38],0.0
cons[火电出力上限约束_24_39],-6108.466
cons[火电出力下限约束_24_39],0.0
cons[火电出力上限约束_24_40],-6108.466
cons[火电出力下限约束_24_40],0.0
cons[火电出力上限约束_24_41],-6108.466
cons[火电出力下限约束_24_41],0.0
cons[火电出力上限约束_24_42],-6108.466
cons[火电出力下限约束_24_42],0.0
cons[火电出力上限约束_24_43],-6108.466
cons[火电出力下限约束_24_43],0.0
cons[火电出力上限约束_24_44],-6108.466
cons[火电出力下限约束_24_44],0.0
cons[火电出力上限约束_24_45],-6108.0109999999995
cons[火电出力下限约束_24_45],0.0
cons[火电出力上限约束_24_46],-6108.0109999999995
cons[火电出力下限约束_24_46],0.0
cons[火电出力上限约束_24_47],-6108.0109999999995
cons[火电出力下限约束_24_47],0.0
cons[火电出力上限约束_24_48],-6108.0109999999995
cons[火电出力下限约束_24_48],0.0
cons[火电出力上限约束_24_49],-6108.0109999999995
cons[火电出力下限约束_24_49],0.0
cons[火电出力上限约束_24_50],-6108.0109999999995
cons[火电出力下限约束_24_50],0.0
cons[火电出力上限约束_24_51],-6108.0109999999995
cons[火电出力下限约束_24_51],0.0
cons[火电出力上限约束_24_52],-6108.0109999999995
cons[火电出力下限约束_24_52],0.0
cons[火电出力上限约束_24_53],-6080.62
cons[火电出力下限约束_24_53],0.0
cons[火电出力上限约束_24_54],-6080.62
cons[火电出力下限约束_24_54],0.0
cons[火电出力上限约束_24_55],-6080.62
cons[火电出力下限约束_24_55],0.0
cons[火电出力上限约束_24_56],-6080.62
cons[火电出力下限约束_24_56],0.0
cons[火电出力上限约束_24_57],-6080.62
cons[火电出力下限约束_24_57],0.0
cons[火电出力上限约束_24_58],-6080.62
cons[火电出力下限约束_24_58],0.0
cons[火电出力上限约束_24_59],-6108.0109999999995
cons[火电出力下限约束_24_59],0.0
cons[火电出力上限约束_24_60],-6108.466
cons[火电出力下限约束_24_60],0.0
cons[火电出力上限约束_24_61],-6136.312
cons[火电出力下限约束_24_61],0.0
cons[火电出力上限约束_24_62],-6164.157999999999
cons[火电出力下限约束_24_62],0.0
cons[火电出力上限约束_24_63],-6164.157999999999
cons[火电出力下限约束_24_63],0.0
cons[火电出力上限约束_24_64],-6192.004000000002
cons[火电出力下限约束_24_64],0.0
cons[火电出力上限约束_24_65],-6200.103
cons[火电出力下限约束_24_65],0.0
cons[火电出力上限约束_24_66],-6219.85
cons[火电出力下限约束_24_66],0.0
cons[火电出力上限约束_24_67],-6219.85
cons[火电出力下限约束_24_67],0.0
cons[火电出力上限约束_24_68],-6219.85
cons[火电出力下限约束_24_68],0.0
cons[火电出力上限约束_24_69],-6219.85
cons[火电出力下限约束_24_69],0.0
cons[火电出力上限约束_24_70],-6219.85
cons[火电出力下限约束_24_70],0.0
cons[火电出力上限约束_24_71],-6242.236
cons[火电出力下限约束_24_71],0.0
cons[火电出力上限约束_24_72],-6246.148999999999
cons[火电出力下限约束_24_72],0.0
cons[火电出力上限约束_24_73],-6256.250000000003
cons[火电出力下限约束_24_73],0.0
cons[火电出力上限约束_24_74],-6287.7815
cons[火电出力下限约束_24_74],0.0
cons[火电出力上限约束_24_75],-6287.7815
cons[火电出力下限约束_24_75],0.0
cons[火电出力上限约束_24_76],-6246.148999999999
cons[火电出力下限约束_24_76],0.0
cons[火电出力上限约束_24_77],-6242.236
cons[火电出力下限约束_24_77],0.0
cons[火电出力上限约束_24_78],-6219.85
cons[火电出力下限约束_24_78],0.0
cons[火电出力上限约束_24_79],-6219.85
cons[火电出力下限约束_24_79],0.0
cons[火电出力上限约束_24_80],-6200.103
cons[火电出力下限约束_24_80],0.0
cons[火电出力上限约束_24_81],-6196.6905
cons[火电出力下限约束_24_81],0.0
cons[火电出力上限约束_24_82],-6192.004000000002
cons[火电出力下限约束_24_82],0.0
cons[火电出力上限约束_24_83],-6164.157999999999
cons[火电出力下限约束_24_83],0.0
cons[火电出力上限约束_24_84],-6164.157999999999
cons[火电出力下限约束_24_84],0.0
cons[火电出力上限约束_24_85],-6164.157999999999
cons[火电出力下限约束_24_85],0.0
cons[火电出力上限约束_24_86],-6164.157999999999
cons[火电出力下限约束_24_86],0.0
cons[火电出力上限约束_24_87],-6154.057000000001
cons[火电出力下限约束_24_87],0.0
cons[火电出力上限约束_24_88],-6108.466
cons[火电出力下限约束_24_88],0.0
cons[火电出力上限约束_24_89],-6080.62
cons[火电出力下限约束_24_89],0.0
cons[火电出力上限约束_24_90],-6052.774
cons[火电出力下限约束_24_90],0.0
cons[火电出力上限约束_24_91],-6024.928
cons[火电出力下限约束_24_91],0.0
cons[火电出力上限约束_24_92],-5979.974000000003
cons[火电出力下限约束_24_92],0.0
cons[火电出力上限约束_24_93],-5933.928
cons[火电出力下限约束_24_93],0.0
cons[火电出力上限约束_24_94],-5887.882
cons[火电出力下限约束_24_94],0.0
cons[火电出力上限约束_24_95],-5414.317999999999
cons[火电出力下限约束_24_95],0.0
cons[火电出力上限约束_25_0],-6210.204000000001
cons[火电出力下限约束_25_0],0.0
cons[火电出力上限约束_25_1],-6196.6905
cons[火电出力下限约束_25_1],0.0
cons[火电出力上限约束_25_2],-6154.057000000001
cons[火电出力下限约束_25_2],0.0
cons[火电出力上限约束_25_3],-6118.112
cons[火电出力下限约束_25_3],0.0
cons[火电出力上限约束_25_4],-6108.0109999999995
cons[火电出力下限约束_25_4],0.0
cons[火电出力上限约束_25_5],-5883.423000000001
cons[火电出力下限约束_25_5],0.0
cons[火电出力上限约束_25_6],-5810.349999999999
cons[火电出力下限约束_25_6],0.0
cons[火电出力上限约束_25_7],-5782.504
cons[火电出力下限约束_25_7],0.0
cons[火电出力上限约束_25_8],-5726.812
cons[火电出力下限约束_25_8],0.0
cons[火电出力上限约束_25_9],-5698.966
cons[火电出力下限约束_25_9],0.0
cons[火电出力上限约束_25_10],-5671.12
cons[火电出力下限约束_25_10],0.0
cons[火电出力上限约束_25_11],-5643.274
cons[火电出力下限约束_25_11],0.0
cons[火电出力上限约束_25_12],-5643.274000000001
cons[火电出力下限约束_25_12],0.0
cons[火电出力上限约束_25_13],-5643.274000000001
cons[火电出力下限约束_25_13],0.0
cons[火电出力上限约束_25_14],-5643.274000000001
cons[火电出力下限约束_25_14],0.0
cons[火电出力上限约束_25_15],-5643.274000000001
cons[火电出力下限约束_25_15],0.0
cons[火电出力上限约束_25_16],-5643.274000000001
cons[火电出力下限约束_25_16],0.0
cons[火电出力上限约束_25_17],-5643.274000000001
cons[火电出力下限约束_25_17],0.0
cons[火电出力上限约束_25_18],-5643.274000000001
cons[火电出力下限约束_25_18],0.0
cons[火电出力上限约束_25_19],-5643.274000000001
cons[火电出力下限约束_25_19],0.0
cons[火电出力上限约束_25_20],-5643.274000000001
cons[火电出力下限约束_25_20],0.0
cons[火电出力上限约束_25_21],-5317.767
cons[火电出力下限约束_25_21],0.0
cons[火电出力上限约束_25_22],-6108.0109999999995
cons[火电出力下限约束_25_22],0.0
cons[火电出力上限约束_25_23],-5726.812
cons[火电出力下限约束_25_23],0.0
cons[火电出力上限约束_25_24],-5754.657999999999
cons[火电出力下限约束_25_24],0.0
cons[火电出力上限约束_25_25],-5754.657999999999
cons[火电出力下限约束_25_25],0.0
cons[火电出力上限约束_25_26],-5887.882
cons[火电出力下限约束_25_26],0.0
cons[火电出力上限约束_25_27],-5979.974000000003
cons[火电出力下限约束_25_27],0.0
cons[火电出力上限约束_25_28],-6024.928
cons[火电出力下限约束_25_28],0.0
cons[火电出力上限约束_25_29],-6052.774
cons[火电出力下限约束_25_29],0.0
cons[火电出力上限约束_25_30],-6080.62
cons[火电出力下限约束_25_30],0.0
cons[火电出力上限约束_25_31],-6108.0109999999995
cons[火电出力下限约束_25_31],0.0
cons[火电出力上限约束_25_32],-6108.466
cons[火电出力下限约束_25_32],0.0
cons[火电出力上限约束_25_33],-6118.112
cons[火电出力下限约束_25_33],0.0
cons[火电出力上限约束_25_34],-6118.112
cons[火电出力下限约束_25_34],0.0
cons[火电出力上限约束_25_35],-6118.112
cons[火电出力下限约束_25_35],0.0
cons[火电出力上限约束_25_36],-6118.112
cons[火电出力下限约束_25_36],0.0
cons[火电出力上限约束_25_37],-6108.466
cons[火电出力下限约束_25_37],0.0
cons[火电出力上限约束_25_38],-6108.466
cons[火电出力下限约束_25_38],0.0
cons[火电出力上限约束_25_39],-6108.466
cons[火电出力下限约束_25_39],0.0
cons[火电出力上限约束_25_40],-6108.466
cons[火电出力下限约束_25_40],0.0
cons[火电出力上限约束_25_41],-6108.466
cons[火电出力下限约束_25_41],0.0
cons[火电出力上限约束_25_42],-6108.466
cons[火电出力下限约束_25_42],0.0
cons[火电出力上限约束_25_43],-6108.466
cons[火电出力下限约束_25_43],0.0
cons[火电出力上限约束_25_44],-6108.466
cons[火电出力下限约束_25_44],0.0
cons[火电出力上限约束_25_45],-6108.0109999999995
cons[火电出力下限约束_25_45],0.0
cons[火电出力上限约束_25_46],-6108.0109999999995
cons[火电出力下限约束_25_46],0.0
cons[火电出力上限约束_25_47],-6108.0109999999995
cons[火电出力下限约束_25_47],0.0
cons[火电出力上限约束_25_48],-6108.0109999999995
cons[火电出力下限约束_25_48],0.0
cons[火电出力上限约束_25_49],-6108.0109999999995
cons[火电出力下限约束_25_49],0.0
cons[火电出力上限约束_25_50],-6108.0109999999995
cons[火电出力下限约束_25_50],0.0
cons[火电出力上限约束_25_51],-6108.0109999999995
cons[火电出力下限约束_25_51],0.0
cons[火电出力上限约束_25_52],-6108.0109999999995
cons[火电出力下限约束_25_52],0.0
cons[火电出力上限约束_25_53],-6080.62
cons[火电出力下限约束_25_53],0.0
cons[火电出力上限约束_25_54],-6080.62
cons[火电出力下限约束_25_54],0.0
cons[火电出力上限约束_25_55],-6080.62
cons[火电出力下限约束_25_55],0.0
cons[火电出力上限约束_25_56],-6080.62
cons[火电出力下限约束_25_56],0.0
cons[火电出力上限约束_25_57],-6080.62
cons[火电出力下限约束_25_57],0.0
cons[火电出力上限约束_25_58],-6080.62
cons[火电出力下限约束_25_58],0.0
cons[火电出力上限约束_25_59],-6108.0109999999995
cons[火电出力下限约束_25_59],0.0
cons[火电出力上限约束_25_60],-6108.466
cons[火电出力下限约束_25_60],0.0
cons[火电出力上限约束_25_61],-6136.312
cons[火电出力下限约束_25_61],0.0
cons[火电出力上限约束_25_62],-6164.157999999999
cons[火电出力下限约束_25_62],0.0
cons[火电出力上限约束_25_63],-6164.157999999999
cons[火电出力下限约束_25_63],0.0
cons[火电出力上限约束_25_64],-6192.004000000002
cons[火电出力下限约束_25_64],0.0
cons[火电出力上限约束_25_65],-6200.103
cons[火电出力下限约束_25_65],0.0
cons[火电出力上限约束_25_66],-6219.85
cons[火电出力下限约束_25_66],0.0
cons[火电出力上限约束_25_67],-6219.85
cons[火电出力下限约束_25_67],0.0
cons[火电出力上限约束_25_68],-6219.85
cons[火电出力下限约束_25_68],0.0
cons[火电出力上限约束_25_69],-6219.85
cons[火电出力下限约束_25_69],0.0
cons[火电出力上限约束_25_70],-6219.85
cons[火电出力下限约束_25_70],0.0
cons[火电出力上限约束_25_71],-6242.236
cons[火电出力下限约束_25_71],0.0
cons[火电出力上限约束_25_72],-6246.148999999999
cons[火电出力下限约束_25_72],0.0
cons[火电出力上限约束_25_73],-6256.250000000003
cons[火电出力下限约束_25_73],0.0
cons[火电出力上限约束_25_74],-6287.7815
cons[火电出力下限约束_25_74],0.0
cons[火电出力上限约束_25_75],-6287.7815
cons[火电出力下限约束_25_75],0.0
cons[火电出力上限约束_25_76],-6246.148999999999
cons[火电出力下限约束_25_76],0.0
cons[火电出力上限约束_25_77],-6242.236
cons[火电出力下限约束_25_77],0.0
cons[火电出力上限约束_25_78],-6219.85
cons[火电出力下限约束_25_78],0.0
cons[火电出力上限约束_25_79],-6219.85
cons[火电出力下限约束_25_79],0.0
cons[火电出力上限约束_25_80],-6200.103
cons[火电出力下限约束_25_80],0.0
cons[火电出力上限约束_25_81],-6196.6905
cons[火电出力下限约束_25_81],0.0
cons[火电出力上限约束_25_82],-6192.004000000002
cons[火电出力下限约束_25_82],0.0
cons[火电出力上限约束_25_83],-6164.157999999999
cons[火电出力下限约束_25_83],0.0
cons[火电出力上限约束_25_84],-6164.157999999999
cons[火电出力下限约束_25_84],0.0
cons[火电出力上限约束_25_85],-6164.157999999999
cons[火电出力下限约束_25_85],0.0
cons[火电出力上限约束_25_86],-6164.157999999999
cons[火电出力下限约束_25_86],0.0
cons[火电出力上限约束_25_87],-6154.057000000001
cons[火电出力下限约束_25_87],0.0
cons[火电出力上限约束_25_88],-6108.466
cons[火电出力下限约束_25_88],0.0
cons[火电出力上限约束_25_89],-6080.62
cons[火电出力下限约束_25_89],0.0
cons[火电出力上限约束_25_90],-6052.774
cons[火电出力下限约束_25_90],0.0
cons[火电出力上限约束_25_91],-6024.928
cons[火电出力下限约束_25_91],0.0
cons[火电出力上限约束_25_92],-5979.974000000003
cons[火电出力下限约束_25_92],0.0
cons[火电出力上限约束_25_93],-5933.928
cons[火电出力下限约束_25_93],0.0
cons[火电出力上限约束_25_94],-5887.882
cons[火电出力下限约束_25_94],0.0
cons[火电出力上限约束_25_95],-5414.317999999999
cons[火电出力下限约束_25_95],0.0
cons[火电出力上限约束_26_0],-6210.204000000001
cons[火电出力下限约束_26_0],0.0
cons[火电出力上限约束_26_1],-6196.6905
cons[火电出力下限约束_26_1],0.0
cons[火电出力上限约束_26_2],-6154.057000000001
cons[火电出力下限约束_26_2],0.0
cons[火电出力上限约束_26_3],-6118.112
cons[火电出力下限约束_26_3],0.0
cons[火电出力上限约束_26_4],-6108.0109999999995
cons[火电出力下限约束_26_4],0.0
cons[火电出力上限约束_26_5],-5883.423000000001
cons[火电出力下限约束_26_5],0.0
cons[火电出力上限约束_26_6],-5810.349999999999
cons[火电出力下限约束_26_6],0.0
cons[火电出力上限约束_26_7],-5782.504
cons[火电出力下限约束_26_7],0.0
cons[火电出力上限约束_26_8],-5726.812
cons[火电出力下限约束_26_8],0.0
cons[火电出力上限约束_26_9],-5698.966
cons[火电出力下限约束_26_9],0.0
cons[火电出力上限约束_26_10],-5671.12
cons[火电出力下限约束_26_10],0.0
cons[火电出力上限约束_26_11],-5643.274
cons[火电出力下限约束_26_11],0.0
cons[火电出力上限约束_26_12],-5643.274000000001
cons[火电出力下限约束_26_12],0.0
cons[火电出力上限约束_26_13],-5643.274000000001
cons[火电出力下限约束_26_13],0.0
cons[火电出力上限约束_26_14],-5643.274000000001
cons[火电出力下限约束_26_14],0.0
cons[火电出力上限约束_26_15],-5643.274000000001
cons[火电出力下限约束_26_15],0.0
cons[火电出力上限约束_26_16],-5643.274000000001
cons[火电出力下限约束_26_16],0.0
cons[火电出力上限约束_26_17],-5643.274000000001
cons[火电出力下限约束_26_17],0.0
cons[火电出力上限约束_26_18],-5643.274000000001
cons[火电出力下限约束_26_18],0.0
cons[火电出力上限约束_26_19],-5643.274000000001
cons[火电出力下限约束_26_19],0.0
cons[火电出力上限约束_26_20],-5643.274000000001
cons[火电出力下限约束_26_20],0.0
cons[火电出力上限约束_26_21],-5317.767
cons[火电出力下限约束_26_21],0.0
cons[火电出力上限约束_26_22],-6108.0109999999995
cons[火电出力下限约束_26_22],0.0
cons[火电出力上限约束_26_23],-5726.812
cons[火电出力下限约束_26_23],0.0
cons[火电出力上限约束_26_24],-5754.657999999999
cons[火电出力下限约束_26_24],0.0
cons[火电出力上限约束_26_25],-5754.657999999999
cons[火电出力下限约束_26_25],0.0
cons[火电出力上限约束_26_26],-5887.882
cons[火电出力下限约束_26_26],0.0
cons[火电出力上限约束_26_27],-5979.974000000003
cons[火电出力下限约束_26_27],0.0
cons[火电出力上限约束_26_28],-6024.928
cons[火电出力下限约束_26_28],0.0
cons[火电出力上限约束_26_29],-6052.774
cons[火电出力下限约束_26_29],0.0
cons[火电出力上限约束_26_30],-6080.62
cons[火电出力下限约束_26_30],0.0
cons[火电出力上限约束_26_31],-6108.0109999999995
cons[火电出力下限约束_26_31],0.0
cons[火电出力上限约束_26_32],-6108.466
cons[火电出力下限约束_26_32],0.0
cons[火电出力上限约束_26_33],-6118.112
cons[火电出力下限约束_26_33],0.0
cons[火电出力上限约束_26_34],-6118.112
cons[火电出力下限约束_26_34],0.0
cons[火电出力上限约束_26_35],-6118.112
cons[火电出力下限约束_26_35],0.0
cons[火电出力上限约束_26_36],-6118.112
cons[火电出力下限约束_26_36],0.0
cons[火电出力上限约束_26_37],-6108.466
cons[火电出力下限约束_26_37],0.0
cons[火电出力上限约束_26_38],-6108.466
cons[火电出力下限约束_26_38],0.0
cons[火电出力上限约束_26_39],-6108.466
cons[火电出力下限约束_26_39],0.0
cons[火电出力上限约束_26_40],-6108.466
cons[火电出力下限约束_26_40],0.0
cons[火电出力上限约束_26_41],-6108.466
cons[火电出力下限约束_26_41],0.0
cons[火电出力上限约束_26_42],-6108.466
cons[火电出力下限约束_26_42],0.0
cons[火电出力上限约束_26_43],-6108.466
cons[火电出力下限约束_26_43],0.0
cons[火电出力上限约束_26_44],-6108.466
cons[火电出力下限约束_26_44],0.0
cons[火电出力上限约束_26_45],-6108.0109999999995
cons[火电出力下限约束_26_45],0.0
cons[火电出力上限约束_26_46],-6108.0109999999995
cons[火电出力下限约束_26_46],0.0
cons[火电出力上限约束_26_47],-6108.0109999999995
cons[火电出力下限约束_26_47],0.0
cons[火电出力上限约束_26_48],-6108.0109999999995
cons[火电出力下限约束_26_48],0.0
cons[火电出力上限约束_26_49],-6108.0109999999995
cons[火电出力下限约束_26_49],0.0
cons[火电出力上限约束_26_50],-6108.0109999999995
cons[火电出力下限约束_26_50],0.0
cons[火电出力上限约束_26_51],-6108.0109999999995
cons[火电出力下限约束_26_51],0.0
cons[火电出力上限约束_26_52],-6108.0109999999995
cons[火电出力下限约束_26_52],0.0
cons[火电出力上限约束_26_53],-6080.62
cons[火电出力下限约束_26_53],0.0
cons[火电出力上限约束_26_54],-6080.62
cons[火电出力下限约束_26_54],0.0
cons[火电出力上限约束_26_55],-6080.62
cons[火电出力下限约束_26_55],0.0
cons[火电出力上限约束_26_56],-6080.62
cons[火电出力下限约束_26_56],0.0
cons[火电出力上限约束_26_57],-6080.62
cons[火电出力下限约束_26_57],0.0
cons[火电出力上限约束_26_58],-6080.62
cons[火电出力下限约束_26_58],0.0
cons[火电出力上限约束_26_59],-6108.0109999999995
cons[火电出力下限约束_26_59],0.0
cons[火电出力上限约束_26_60],-6108.466
cons[火电出力下限约束_26_60],0.0
cons[火电出力上限约束_26_61],-6136.312
cons[火电出力下限约束_26_61],0.0
cons[火电出力上限约束_26_62],-6164.157999999999
cons[火电出力下限约束_26_62],0.0
cons[火电出力上限约束_26_63],-6164.157999999999
cons[火电出力下限约束_26_63],0.0
cons[火电出力上限约束_26_64],-6192.004000000002
cons[火电出力下限约束_26_64],0.0
cons[火电出力上限约束_26_65],-6200.103
cons[火电出力下限约束_26_65],0.0
cons[火电出力上限约束_26_66],-6219.85
cons[火电出力下限约束_26_66],0.0
cons[火电出力上限约束_26_67],-6219.85
cons[火电出力下限约束_26_67],0.0
cons[火电出力上限约束_26_68],-6219.85
cons[火电出力下限约束_26_68],0.0
cons[火电出力上限约束_26_69],-6219.85
cons[火电出力下限约束_26_69],0.0
cons[火电出力上限约束_26_70],-6219.85
cons[火电出力下限约束_26_70],0.0
cons[火电出力上限约束_26_71],-6242.236
cons[火电出力下限约束_26_71],0.0
cons[火电出力上限约束_26_72],-6246.148999999999
cons[火电出力下限约束_26_72],0.0
cons[火电出力上限约束_26_73],-6256.250000000003
cons[火电出力下限约束_26_73],0.0
cons[火电出力上限约束_26_74],-6287.7815
cons[火电出力下限约束_26_74],0.0
cons[火电出力上限约束_26_75],-6287.7815
cons[火电出力下限约束_26_75],0.0
cons[火电出力上限约束_26_76],-6246.148999999999
cons[火电出力下限约束_26_76],0.0
cons[火电出力上限约束_26_77],-6242.236
cons[火电出力下限约束_26_77],0.0
cons[火电出力上限约束_26_78],-6219.85
cons[火电出力下限约束_26_78],0.0
cons[火电出力上限约束_26_79],-6219.85
cons[火电出力下限约束_26_79],0.0
cons[火电出力上限约束_26_80],-6200.103
cons[火电出力下限约束_26_80],0.0
cons[火电出力上限约束_26_81],-6196.6905
cons[火电出力下限约束_26_81],0.0
cons[火电出力上限约束_26_82],-6192.004000000002
cons[火电出力下限约束_26_82],0.0
cons[火电出力上限约束_26_83],-6164.157999999999
cons[火电出力下限约束_26_83],0.0
cons[火电出力上限约束_26_84],-6164.157999999999
cons[火电出力下限约束_26_84],0.0
cons[火电出力上限约束_26_85],-6164.157999999999
cons[火电出力下限约束_26_85],0.0
cons[火电出力上限约束_26_86],-6164.157999999999
cons[火电出力下限约束_26_86],0.0
cons[火电出力上限约束_26_87],-6154.057000000001
cons[火电出力下限约束_26_87],0.0
cons[火电出力上限约束_26_88],-6108.466
cons[火电出力下限约束_26_88],0.0
cons[火电出力上限约束_26_89],-6080.62
cons[火电出力下限约束_26_89],0.0
cons[火电出力上限约束_26_90],-6052.774
cons[火电出力下限约束_26_90],0.0
cons[火电出力上限约束_26_91],-6024.928
cons[火电出力下限约束_26_91],0.0
cons[火电出力上限约束_26_92],-5979.974000000003
cons[火电出力下限约束_26_92],0.0
cons[火电出力上限约束_26_93],-5933.928
cons[火电出力下限约束_26_93],0.0
cons[火电出力上限约束_26_94],-5887.882
cons[火电出力下限约束_26_94],0.0
cons[火电出力上限约束_26_95],-5414.317999999999
cons[火电出力下限约束_26_95],0.0
cons[火电出力上限约束_27_0],-6210.204000000001
cons[火电出力下限约束_27_0],0.0
cons[火电出力上限约束_27_1],-6196.6905
cons[火电出力下限约束_27_1],0.0
cons[火电出力上限约束_27_2],-6154.057000000001
cons[火电出力下限约束_27_2],0.0
cons[火电出力上限约束_27_3],-6118.112
cons[火电出力下限约束_27_3],0.0
cons[火电出力上限约束_27_4],-6108.0109999999995
cons[火电出力下限约束_27_4],0.0
cons[火电出力上限约束_27_5],-5883.423000000001
cons[火电出力下限约束_27_5],0.0
cons[火电出力上限约束_27_6],-5810.349999999999
cons[火电出力下限约束_27_6],0.0
cons[火电出力上限约束_27_7],-5782.504
cons[火电出力下限约束_27_7],0.0
cons[火电出力上限约束_27_8],-5726.812
cons[火电出力下限约束_27_8],0.0
cons[火电出力上限约束_27_9],-5698.966
cons[火电出力下限约束_27_9],0.0
cons[火电出力上限约束_27_10],-5671.12
cons[火电出力下限约束_27_10],0.0
cons[火电出力上限约束_27_11],-5643.274
cons[火电出力下限约束_27_11],0.0
cons[火电出力上限约束_27_12],-5643.274000000001
cons[火电出力下限约束_27_12],0.0
cons[火电出力上限约束_27_13],-5643.274000000001
cons[火电出力下限约束_27_13],0.0
cons[火电出力上限约束_27_14],-5643.274000000001
cons[火电出力下限约束_27_14],0.0
cons[火电出力上限约束_27_15],-5643.274000000001
cons[火电出力下限约束_27_15],0.0
cons[火电出力上限约束_27_16],-5643.274000000001
cons[火电出力下限约束_27_16],0.0
cons[火电出力上限约束_27_17],-5643.274000000001
cons[火电出力下限约束_27_17],0.0
cons[火电出力上限约束_27_18],-5643.274000000001
cons[火电出力下限约束_27_18],0.0
cons[火电出力上限约束_27_19],-5643.274000000001
cons[火电出力下限约束_27_19],0.0
cons[火电出力上限约束_27_20],-5643.274000000001
cons[火电出力下限约束_27_20],0.0
cons[火电出力上限约束_27_21],-5317.767
cons[火电出力下限约束_27_21],0.0
cons[火电出力上限约束_27_22],-6108.0109999999995
cons[火电出力下限约束_27_22],0.0
cons[火电出力上限约束_27_23],-5726.812
cons[火电出力下限约束_27_23],0.0
cons[火电出力上限约束_27_24],-5754.657999999999
cons[火电出力下限约束_27_24],0.0
cons[火电出力上限约束_27_25],-5754.657999999999
cons[火电出力下限约束_27_25],0.0
cons[火电出力上限约束_27_26],-5887.882
cons[火电出力下限约束_27_26],0.0
cons[火电出力上限约束_27_27],-5979.974000000003
cons[火电出力下限约束_27_27],0.0
cons[火电出力上限约束_27_28],-6024.928
cons[火电出力下限约束_27_28],0.0
cons[火电出力上限约束_27_29],-6052.774
cons[火电出力下限约束_27_29],0.0
cons[火电出力上限约束_27_30],-6080.62
cons[火电出力下限约束_27_30],0.0
cons[火电出力上限约束_27_31],-6108.0109999999995
cons[火电出力下限约束_27_31],0.0
cons[火电出力上限约束_27_32],-6108.466
cons[火电出力下限约束_27_32],0.0
cons[火电出力上限约束_27_33],-6118.112
cons[火电出力下限约束_27_33],0.0
cons[火电出力上限约束_27_34],-6118.112
cons[火电出力下限约束_27_34],0.0
cons[火电出力上限约束_27_35],-6118.112
cons[火电出力下限约束_27_35],0.0
cons[火电出力上限约束_27_36],-6118.112
cons[火电出力下限约束_27_36],0.0
cons[火电出力上限约束_27_37],-6108.466
cons[火电出力下限约束_27_37],0.0
cons[火电出力上限约束_27_38],-6108.466
cons[火电出力下限约束_27_38],0.0
cons[火电出力上限约束_27_39],-6108.466
cons[火电出力下限约束_27_39],0.0
cons[火电出力上限约束_27_40],-6108.466
cons[火电出力下限约束_27_40],0.0
cons[火电出力上限约束_27_41],-6108.466
cons[火电出力下限约束_27_41],0.0
cons[火电出力上限约束_27_42],-6108.466
cons[火电出力下限约束_27_42],0.0
cons[火电出力上限约束_27_43],-6108.466
cons[火电出力下限约束_27_43],0.0
cons[火电出力上限约束_27_44],-6108.466
cons[火电出力下限约束_27_44],0.0
cons[火电出力上限约束_27_45],-6108.0109999999995
cons[火电出力下限约束_27_45],0.0
cons[火电出力上限约束_27_46],-6108.0109999999995
cons[火电出力下限约束_27_46],0.0
cons[火电出力上限约束_27_47],-6108.0109999999995
cons[火电出力下限约束_27_47],0.0
cons[火电出力上限约束_27_48],-6108.0109999999995
cons[火电出力下限约束_27_48],0.0
cons[火电出力上限约束_27_49],-6108.0109999999995
cons[火电出力下限约束_27_49],0.0
cons[火电出力上限约束_27_50],-6108.0109999999995
cons[火电出力下限约束_27_50],0.0
cons[火电出力上限约束_27_51],-6108.0109999999995
cons[火电出力下限约束_27_51],0.0
cons[火电出力上限约束_27_52],-6108.0109999999995
cons[火电出力下限约束_27_52],0.0
cons[火电出力上限约束_27_53],-6080.62
cons[火电出力下限约束_27_53],0.0
cons[火电出力上限约束_27_54],-6080.62
cons[火电出力下限约束_27_54],0.0
cons[火电出力上限约束_27_55],-6080.62
cons[火电出力下限约束_27_55],0.0
cons[火电出力上限约束_27_56],-6080.62
cons[火电出力下限约束_27_56],0.0
cons[火电出力上限约束_27_57],-6080.62
cons[火电出力下限约束_27_57],0.0
cons[火电出力上限约束_27_58],-6080.62
cons[火电出力下限约束_27_58],0.0
cons[火电出力上限约束_27_59],-6108.0109999999995
cons[火电出力下限约束_27_59],0.0
cons[火电出力上限约束_27_60],-6108.466
cons[火电出力下限约束_27_60],0.0
cons[火电出力上限约束_27_61],-6136.312
cons[火电出力下限约束_27_61],0.0
cons[火电出力上限约束_27_62],-6164.157999999999
cons[火电出力下限约束_27_62],0.0
cons[火电出力上限约束_27_63],-6164.157999999999
cons[火电出力下限约束_27_63],0.0
cons[火电出力上限约束_27_64],-6192.004000000002
cons[火电出力下限约束_27_64],0.0
cons[火电出力上限约束_27_65],-6200.103
cons[火电出力下限约束_27_65],0.0
cons[火电出力上限约束_27_66],-6219.85
cons[火电出力下限约束_27_66],0.0
cons[火电出力上限约束_27_67],-6219.85
cons[火电出力下限约束_27_67],0.0
cons[火电出力上限约束_27_68],-6219.85
cons[火电出力下限约束_27_68],0.0
cons[火电出力上限约束_27_69],-6219.85
cons[火电出力下限约束_27_69],0.0
cons[火电出力上限约束_27_70],-6219.85
cons[火电出力下限约束_27_70],0.0
cons[火电出力上限约束_27_71],-6242.236
cons[火电出力下限约束_27_71],0.0
cons[火电出力上限约束_27_72],-6246.148999999999
cons[火电出力下限约束_27_72],0.0
cons[火电出力上限约束_27_73],-6256.250000000003
cons[火电出力下限约束_27_73],0.0
cons[火电出力上限约束_27_74],-6287.7815
cons[火电出力下限约束_27_74],0.0
cons[火电出力上限约束_27_75],-6287.7815
cons[火电出力下限约束_27_75],0.0
cons[火电出力上限约束_27_76],-6246.148999999999
cons[火电出力下限约束_27_76],0.0
cons[火电出力上限约束_27_77],-6242.236
cons[火电出力下限约束_27_77],0.0
cons[火电出力上限约束_27_78],-6219.85
cons[火电出力下限约束_27_78],0.0
cons[火电出力上限约束_27_79],-6219.85
cons[火电出力下限约束_27_79],0.0
cons[火电出力上限约束_27_80],-6200.103
cons[火电出力下限约束_27_80],0.0
cons[火电出力上限约束_27_81],-6196.6905
cons[火电出力下限约束_27_81],0.0
cons[火电出力上限约束_27_82],-6192.004000000002
cons[火电出力下限约束_27_82],0.0
cons[火电出力上限约束_27_83],-6164.157999999999
cons[火电出力下限约束_27_83],0.0
cons[火电出力上限约束_27_84],-6164.157999999999
cons[火电出力下限约束_27_84],0.0
cons[火电出力上限约束_27_85],-6164.157999999999
cons[火电出力下限约束_27_85],0.0
cons[火电出力上限约束_27_86],-6164.157999999999
cons[火电出力下限约束_27_86],0.0
cons[火电出力上限约束_27_87],-6154.057000000001
cons[火电出力下限约束_27_87],0.0
cons[火电出力上限约束_27_88],-6108.466
cons[火电出力下限约束_27_88],0.0
cons[火电出力上限约束_27_89],-6080.62
cons[火电出力下限约束_27_89],0.0
cons[火电出力上限约束_27_90],-6052.774
cons[火电出力下限约束_27_90],0.0
cons[火电出力上限约束_27_91],-6024.928
cons[火电出力下限约束_27_91],0.0
cons[火电出力上限约束_27_92],-5979.974000000003
cons[火电出力下限约束_27_92],0.0
cons[火电出力上限约束_27_93],-5933.928
cons[火电出力下限约束_27_93],0.0
cons[火电出力上限约束_27_94],-5887.882
cons[火电出力下限约束_27_94],0.0
cons[火电出力上限约束_27_95],-5414.317999999999
cons[火电出力下限约束_27_95],0.0
cons[火电出力上限约束_28_0],-6210.204000000001
cons[火电出力下限约束_28_0],0.0
cons[火电出力上限约束_28_1],-6196.6905
cons[火电出力下限约束_28_1],0.0
cons[火电出力上限约束_28_2],-6154.057000000001
cons[火电出力下限约束_28_2],0.0
cons[火电出力上限约束_28_3],-6118.112
cons[火电出力下限约束_28_3],0.0
cons[火电出力上限约束_28_4],-6108.0109999999995
cons[火电出力下限约束_28_4],0.0
cons[火电出力上限约束_28_5],-5883.423000000001
cons[火电出力下限约束_28_5],0.0
cons[火电出力上限约束_28_6],-5810.349999999999
cons[火电出力下限约束_28_6],0.0
cons[火电出力上限约束_28_7],-5782.504
cons[火电出力下限约束_28_7],0.0
cons[火电出力上限约束_28_8],-5726.812
cons[火电出力下限约束_28_8],0.0
cons[火电出力上限约束_28_9],-5698.966
cons[火电出力下限约束_28_9],0.0
cons[火电出力上限约束_28_10],-5671.12
cons[火电出力下限约束_28_10],0.0
cons[火电出力上限约束_28_11],-5643.274
cons[火电出力下限约束_28_11],0.0
cons[火电出力上限约束_28_12],-5643.274000000001
cons[火电出力下限约束_28_12],0.0
cons[火电出力上限约束_28_13],-5643.274000000001
cons[火电出力下限约束_28_13],0.0
cons[火电出力上限约束_28_14],-5643.274000000001
cons[火电出力下限约束_28_14],0.0
cons[火电出力上限约束_28_15],-5643.274000000001
cons[火电出力下限约束_28_15],0.0
cons[火电出力上限约束_28_16],-5643.274000000001
cons[火电出力下限约束_28_16],0.0
cons[火电出力上限约束_28_17],-5643.274000000001
cons[火电出力下限约束_28_17],0.0
cons[火电出力上限约束_28_18],-5643.274000000001
cons[火电出力下限约束_28_18],0.0
cons[火电出力上限约束_28_19],-5643.274000000001
cons[火电出力下限约束_28_19],0.0
cons[火电出力上限约束_28_20],-5643.274000000001
cons[火电出力下限约束_28_20],0.0
cons[火电出力上限约束_28_21],-5317.767
cons[火电出力下限约束_28_21],0.0
cons[火电出力上限约束_28_22],-6108.0109999999995
cons[火电出力下限约束_28_22],0.0
cons[火电出力上限约束_28_23],-5726.812
cons[火电出力下限约束_28_23],0.0
cons[火电出力上限约束_28_24],-5754.657999999999
cons[火电出力下限约束_28_24],0.0
cons[火电出力上限约束_28_25],-5754.657999999999
cons[火电出力下限约束_28_25],0.0
cons[火电出力上限约束_28_26],-5887.882
cons[火电出力下限约束_28_26],0.0
cons[火电出力上限约束_28_27],-5979.974000000003
cons[火电出力下限约束_28_27],0.0
cons[火电出力上限约束_28_28],-6024.928
cons[火电出力下限约束_28_28],0.0
cons[火电出力上限约束_28_29],-6052.774
cons[火电出力下限约束_28_29],0.0
cons[火电出力上限约束_28_30],-6080.62
cons[火电出力下限约束_28_30],0.0
cons[火电出力上限约束_28_31],-6108.0109999999995
cons[火电出力下限约束_28_31],0.0
cons[火电出力上限约束_28_32],-6108.466
cons[火电出力下限约束_28_32],0.0
cons[火电出力上限约束_28_33],-6118.112
cons[火电出力下限约束_28_33],0.0
cons[火电出力上限约束_28_34],-6118.112
cons[火电出力下限约束_28_34],0.0
cons[火电出力上限约束_28_35],-6118.112
cons[火电出力下限约束_28_35],0.0
cons[火电出力上限约束_28_36],-6118.112
cons[火电出力下限约束_28_36],0.0
cons[火电出力上限约束_28_37],-6108.466
cons[火电出力下限约束_28_37],0.0
cons[火电出力上限约束_28_38],-6108.466
cons[火电出力下限约束_28_38],0.0
cons[火电出力上限约束_28_39],-6108.466
cons[火电出力下限约束_28_39],0.0
cons[火电出力上限约束_28_40],-6108.466
cons[火电出力下限约束_28_40],0.0
cons[火电出力上限约束_28_41],-6108.466
cons[火电出力下限约束_28_41],0.0
cons[火电出力上限约束_28_42],-6108.466
cons[火电出力下限约束_28_42],0.0
cons[火电出力上限约束_28_43],-6108.466
cons[火电出力下限约束_28_43],0.0
cons[火电出力上限约束_28_44],-6108.466
cons[火电出力下限约束_28_44],0.0
cons[火电出力上限约束_28_45],-6108.0109999999995
cons[火电出力下限约束_28_45],0.0
cons[火电出力上限约束_28_46],-6108.0109999999995
cons[火电出力下限约束_28_46],0.0
cons[火电出力上限约束_28_47],-6108.0109999999995
cons[火电出力下限约束_28_47],0.0
cons[火电出力上限约束_28_48],-6108.0109999999995
cons[火电出力下限约束_28_48],0.0
cons[火电出力上限约束_28_49],-6108.0109999999995
cons[火电出力下限约束_28_49],0.0
cons[火电出力上限约束_28_50],-6108.0109999999995
cons[火电出力下限约束_28_50],0.0
cons[火电出力上限约束_28_51],-6108.0109999999995
cons[火电出力下限约束_28_51],0.0
cons[火电出力上限约束_28_52],-6108.0109999999995
cons[火电出力下限约束_28_52],0.0
cons[火电出力上限约束_28_53],-6080.62
cons[火电出力下限约束_28_53],0.0
cons[火电出力上限约束_28_54],-6080.62
cons[火电出力下限约束_28_54],0.0
cons[火电出力上限约束_28_55],-6080.62
cons[火电出力下限约束_28_55],0.0
cons[火电出力上限约束_28_56],-6080.62
cons[火电出力下限约束_28_56],0.0
cons[火电出力上限约束_28_57],-6080.62
cons[火电出力下限约束_28_57],0.0
cons[火电出力上限约束_28_58],-6080.62
cons[火电出力下限约束_28_58],0.0
cons[火电出力上限约束_28_59],-6108.0109999999995
cons[火电出力下限约束_28_59],0.0
cons[火电出力上限约束_28_60],-6108.466
cons[火电出力下限约束_28_60],0.0
cons[火电出力上限约束_28_61],-6136.312
cons[火电出力下限约束_28_61],0.0
cons[火电出力上限约束_28_62],-6164.157999999999
cons[火电出力下限约束_28_62],0.0
cons[火电出力上限约束_28_63],-6164.157999999999
cons[火电出力下限约束_28_63],0.0
cons[火电出力上限约束_28_64],-6192.004000000002
cons[火电出力下限约束_28_64],0.0
cons[火电出力上限约束_28_65],-6200.103
cons[火电出力下限约束_28_65],0.0
cons[火电出力上限约束_28_66],-6219.85
cons[火电出力下限约束_28_66],0.0
cons[火电出力上限约束_28_67],-6219.85
cons[火电出力下限约束_28_67],0.0
cons[火电出力上限约束_28_68],-6219.85
cons[火电出力下限约束_28_68],0.0
cons[火电出力上限约束_28_69],-6219.85
cons[火电出力下限约束_28_69],0.0
cons[火电出力上限约束_28_70],-6219.85
cons[火电出力下限约束_28_70],0.0
cons[火电出力上限约束_28_71],-6242.236
cons[火电出力下限约束_28_71],0.0
cons[火电出力上限约束_28_72],-6246.148999999999
cons[火电出力下限约束_28_72],0.0
cons[火电出力上限约束_28_73],-6256.250000000003
cons[火电出力下限约束_28_73],0.0
cons[火电出力上限约束_28_74],-6287.7815
cons[火电出力下限约束_28_74],0.0
cons[火电出力上限约束_28_75],-6287.7815
cons[火电出力下限约束_28_75],0.0
cons[火电出力上限约束_28_76],-6246.148999999999
cons[火电出力下限约束_28_76],0.0
cons[火电出力上限约束_28_77],-6242.236
cons[火电出力下限约束_28_77],0.0
cons[火电出力上限约束_28_78],-6219.85
cons[火电出力下限约束_28_78],0.0
cons[火电出力上限约束_28_79],-6219.85
cons[火电出力下限约束_28_79],0.0
cons[火电出力上限约束_28_80],-6200.103
cons[火电出力下限约束_28_80],0.0
cons[火电出力上限约束_28_81],-6196.6905
cons[火电出力下限约束_28_81],0.0
cons[火电出力上限约束_28_82],-6192.004000000002
cons[火电出力下限约束_28_82],0.0
cons[火电出力上限约束_28_83],-6164.157999999999
cons[火电出力下限约束_28_83],0.0
cons[火电出力上限约束_28_84],-6164.157999999999
cons[火电出力下限约束_28_84],0.0
cons[火电出力上限约束_28_85],-6164.157999999999
cons[火电出力下限约束_28_85],0.0
cons[火电出力上限约束_28_86],-6164.157999999999
cons[火电出力下限约束_28_86],0.0
cons[火电出力上限约束_28_87],-6154.057000000001
cons[火电出力下限约束_28_87],0.0
cons[火电出力上限约束_28_88],-6108.466
cons[火电出力下限约束_28_88],0.0
cons[火电出力上限约束_28_89],-6080.62
cons[火电出力下限约束_28_89],0.0
cons[火电出力上限约束_28_90],-6052.774
cons[火电出力下限约束_28_90],0.0
cons[火电出力上限约束_28_91],-6024.928
cons[火电出力下限约束_28_91],0.0
cons[火电出力上限约束_28_92],-5979.974000000003
cons[火电出力下限约束_28_92],0.0
cons[火电出力上限约束_28_93],-5933.928
cons[火电出力下限约束_28_93],0.0
cons[火电出力上限约束_28_94],-5887.882
cons[火电出力下限约束_28_94],0.0
cons[火电出力上限约束_28_95],-5414.317999999999
cons[火电出力下限约束_28_95],0.0
cons[火电出力上限约束_29_0],-6210.204000000001
cons[火电出力下限约束_29_0],0.0
cons[火电出力上限约束_29_1],-6196.6905
cons[火电出力下限约束_29_1],0.0
cons[火电出力上限约束_29_2],-6154.057000000001
cons[火电出力下限约束_29_2],0.0
cons[火电出力上限约束_29_3],-6118.112
cons[火电出力下限约束_29_3],0.0
cons[火电出力上限约束_29_4],-6108.0109999999995
cons[火电出力下限约束_29_4],0.0
cons[火电出力上限约束_29_5],-5883.423000000001
cons[火电出力下限约束_29_5],0.0
cons[火电出力上限约束_29_6],-5810.349999999999
cons[火电出力下限约束_29_6],0.0
cons[火电出力上限约束_29_7],-5782.504
cons[火电出力下限约束_29_7],0.0
cons[火电出力上限约束_29_8],-5726.812
cons[火电出力下限约束_29_8],0.0
cons[火电出力上限约束_29_9],-5698.966
cons[火电出力下限约束_29_9],0.0
cons[火电出力上限约束_29_10],-5671.12
cons[火电出力下限约束_29_10],0.0
cons[火电出力上限约束_29_11],-5643.274
cons[火电出力下限约束_29_11],0.0
cons[火电出力上限约束_29_12],-5643.274000000001
cons[火电出力下限约束_29_12],0.0
cons[火电出力上限约束_29_13],-5643.274000000001
cons[火电出力下限约束_29_13],0.0
cons[火电出力上限约束_29_14],-5643.274000000001
cons[火电出力下限约束_29_14],0.0
cons[火电出力上限约束_29_15],-5643.274000000001
cons[火电出力下限约束_29_15],0.0
cons[火电出力上限约束_29_16],-5643.274000000001
cons[火电出力下限约束_29_16],0.0
cons[火电出力上限约束_29_17],-5643.274000000001
cons[火电出力下限约束_29_17],0.0
cons[火电出力上限约束_29_18],-5643.274000000001
cons[火电出力下限约束_29_18],0.0
cons[火电出力上限约束_29_19],-5643.274000000001
cons[火电出力下限约束_29_19],0.0
cons[火电出力上限约束_29_20],-5643.274000000001
cons[火电出力下限约束_29_20],0.0
cons[火电出力上限约束_29_21],-5317.767
cons[火电出力下限约束_29_21],0.0
cons[火电出力上限约束_29_22],-6108.0109999999995
cons[火电出力下限约束_29_22],0.0
cons[火电出力上限约束_29_23],-5726.812
cons[火电出力下限约束_29_23],0.0
cons[火电出力上限约束_29_24],-5754.657999999999
cons[火电出力下限约束_29_24],0.0
cons[火电出力上限约束_29_25],-5754.657999999999
cons[火电出力下限约束_29_25],0.0
cons[火电出力上限约束_29_26],-5887.882
cons[火电出力下限约束_29_26],0.0
cons[火电出力上限约束_29_27],-5979.974000000003
cons[火电出力下限约束_29_27],0.0
cons[火电出力上限约束_29_28],-6024.928
cons[火电出力下限约束_29_28],0.0
cons[火电出力上限约束_29_29],-6052.774
cons[火电出力下限约束_29_29],0.0
cons[火电出力上限约束_29_30],-6080.62
cons[火电出力下限约束_29_30],0.0
cons[火电出力上限约束_29_31],-6108.0109999999995
cons[火电出力下限约束_29_31],0.0
cons[火电出力上限约束_29_32],-6108.466
cons[火电出力下限约束_29_32],0.0
cons[火电出力上限约束_29_33],-6118.112
cons[火电出力下限约束_29_33],0.0
cons[火电出力上限约束_29_34],-6118.112
cons[火电出力下限约束_29_34],0.0
cons[火电出力上限约束_29_35],-6118.112
cons[火电出力下限约束_29_35],0.0
cons[火电出力上限约束_29_36],-6118.112
cons[火电出力下限约束_29_36],0.0
cons[火电出力上限约束_29_37],-6108.466
cons[火电出力下限约束_29_37],0.0
cons[火电出力上限约束_29_38],-6108.466
cons[火电出力下限约束_29_38],0.0
cons[火电出力上限约束_29_39],-6108.466
cons[火电出力下限约束_29_39],0.0
cons[火电出力上限约束_29_40],-6108.466
cons[火电出力下限约束_29_40],0.0
cons[火电出力上限约束_29_41],-6108.466
cons[火电出力下限约束_29_41],0.0
cons[火电出力上限约束_29_42],-6108.466
cons[火电出力下限约束_29_42],0.0
cons[火电出力上限约束_29_43],-6108.466
cons[火电出力下限约束_29_43],0.0
cons[火电出力上限约束_29_44],-6108.466
cons[火电出力下限约束_29_44],0.0
cons[火电出力上限约束_29_45],-6108.0109999999995
cons[火电出力下限约束_29_45],0.0
cons[火电出力上限约束_29_46],-6108.0109999999995
cons[火电出力下限约束_29_46],0.0
cons[火电出力上限约束_29_47],-6108.0109999999995
cons[火电出力下限约束_29_47],0.0
cons[火电出力上限约束_29_48],-6108.0109999999995
cons[火电出力下限约束_29_48],0.0
cons[火电出力上限约束_29_49],-6108.0109999999995
cons[火电出力下限约束_29_49],0.0
cons[火电出力上限约束_29_50],-6108.0109999999995
cons[火电出力下限约束_29_50],0.0
cons[火电出力上限约束_29_51],-6108.0109999999995
cons[火电出力下限约束_29_51],0.0
cons[火电出力上限约束_29_52],-6108.0109999999995
cons[火电出力下限约束_29_52],0.0
cons[火电出力上限约束_29_53],-6080.62
cons[火电出力下限约束_29_53],0.0
cons[火电出力上限约束_29_54],-6080.62
cons[火电出力下限约束_29_54],0.0
cons[火电出力上限约束_29_55],-6080.62
cons[火电出力下限约束_29_55],0.0
cons[火电出力上限约束_29_56],-6080.62
cons[火电出力下限约束_29_56],0.0
cons[火电出力上限约束_29_57],-6080.62
cons[火电出力下限约束_29_57],0.0
cons[火电出力上限约束_29_58],-6080.62
cons[火电出力下限约束_29_58],0.0
cons[火电出力上限约束_29_59],-6108.0109999999995
cons[火电出力下限约束_29_59],0.0
cons[火电出力上限约束_29_60],-6108.466
cons[火电出力下限约束_29_60],0.0
cons[火电出力上限约束_29_61],-6136.312
cons[火电出力下限约束_29_61],0.0
cons[火电出力上限约束_29_62],-6164.157999999999
cons[火电出力下限约束_29_62],0.0
cons[火电出力上限约束_29_63],-6164.157999999999
cons[火电出力下限约束_29_63],0.0
cons[火电出力上限约束_29_64],-6192.004000000002
cons[火电出力下限约束_29_64],0.0
cons[火电出力上限约束_29_65],-6200.103
cons[火电出力下限约束_29_65],0.0
cons[火电出力上限约束_29_66],-6219.85
cons[火电出力下限约束_29_66],0.0
cons[火电出力上限约束_29_67],-6219.85
cons[火电出力下限约束_29_67],0.0
cons[火电出力上限约束_29_68],-6219.85
cons[火电出力下限约束_29_68],0.0
cons[火电出力上限约束_29_69],-6219.85
cons[火电出力下限约束_29_69],0.0
cons[火电出力上限约束_29_70],-6219.85
cons[火电出力下限约束_29_70],0.0
cons[火电出力上限约束_29_71],-6242.236
cons[火电出力下限约束_29_71],0.0
cons[火电出力上限约束_29_72],-6246.148999999999
cons[火电出力下限约束_29_72],0.0
cons[火电出力上限约束_29_73],-6256.250000000003
cons[火电出力下限约束_29_73],0.0
cons[火电出力上限约束_29_74],-6287.7815
cons[火电出力下限约束_29_74],0.0
cons[火电出力上限约束_29_75],-6287.7815
cons[火电出力下限约束_29_75],0.0
cons[火电出力上限约束_29_76],-6246.148999999999
cons[火电出力下限约束_29_76],0.0
cons[火电出力上限约束_29_77],-6242.236
cons[火电出力下限约束_29_77],0.0
cons[火电出力上限约束_29_78],-6219.85
cons[火电出力下限约束_29_78],0.0
cons[火电出力上限约束_29_79],-6219.85
cons[火电出力下限约束_29_79],0.0
cons[火电出力上限约束_29_80],-6200.103
cons[火电出力下限约束_29_80],0.0
cons[火电出力上限约束_29_81],-6196.6905
cons[火电出力下限约束_29_81],0.0
cons[火电出力上限约束_29_82],-6192.004000000002
cons[火电出力下限约束_29_82],0.0
cons[火电出力上限约束_29_83],-6164.157999999999
cons[火电出力下限约束_29_83],0.0
cons[火电出力上限约束_29_84],-6164.157999999999
cons[火电出力下限约束_29_84],0.0
cons[火电出力上限约束_29_85],-6164.157999999999
cons[火电出力下限约束_29_85],0.0
cons[火电出力上限约束_29_86],-6164.157999999999
cons[火电出力下限约束_29_86],0.0
cons[火电出力上限约束_29_87],-6154.057000000001
cons[火电出力下限约束_29_87],0.0
cons[火电出力上限约束_29_88],-6108.466
cons[火电出力下限约束_29_88],0.0
cons[火电出力上限约束_29_89],-6080.62
cons[火电出力下限约束_29_89],0.0
cons[火电出力上限约束_29_90],-6052.774
cons[火电出力下限约束_29_90],0.0
cons[火电出力上限约束_29_91],-6024.928
cons[火电出力下限约束_29_91],0.0
cons[火电出力上限约束_29_92],-5979.974000000003
cons[火电出力下限约束_29_92],0.0
cons[火电出力上限约束_29_93],-5933.928
cons[火电出力下限约束_29_93],0.0
cons[火电出力上限约束_29_94],-5887.882
cons[火电出力下限约束_29_94],0.0
cons[火电出力上限约束_29_95],-5414.317999999999
cons[火电出力下限约束_29_95],0.0
cons[火电出力上限约束_30_0],-6210.204000000001
cons[火电出力下限约束_30_0],0.0
cons[火电出力上限约束_30_1],-6196.6905
cons[火电出力下限约束_30_1],0.0
cons[火电出力上限约束_30_2],-6154.057000000001
cons[火电出力下限约束_30_2],0.0
cons[火电出力上限约束_30_3],-6118.112
cons[火电出力下限约束_30_3],0.0
cons[火电出力上限约束_30_4],-6108.0109999999995
cons[火电出力下限约束_30_4],0.0
cons[火电出力上限约束_30_5],-5883.423000000001
cons[火电出力下限约束_30_5],0.0
cons[火电出力上限约束_30_6],-5810.349999999999
cons[火电出力下限约束_30_6],0.0
cons[火电出力上限约束_30_7],-5782.504
cons[火电出力下限约束_30_7],0.0
cons[火电出力上限约束_30_8],-5726.812
cons[火电出力下限约束_30_8],0.0
cons[火电出力上限约束_30_9],-5698.966
cons[火电出力下限约束_30_9],0.0
cons[火电出力上限约束_30_10],-5671.12
cons[火电出力下限约束_30_10],0.0
cons[火电出力上限约束_30_11],-5643.274
cons[火电出力下限约束_30_11],0.0
cons[火电出力上限约束_30_12],-5643.274000000001
cons[火电出力下限约束_30_12],0.0
cons[火电出力上限约束_30_13],-5643.274000000001
cons[火电出力下限约束_30_13],0.0
cons[火电出力上限约束_30_14],-5643.274000000001
cons[火电出力下限约束_30_14],0.0
cons[火电出力上限约束_30_15],-5643.274000000001
cons[火电出力下限约束_30_15],0.0
cons[火电出力上限约束_30_16],-5643.274000000001
cons[火电出力下限约束_30_16],0.0
cons[火电出力上限约束_30_17],-5643.274000000001
cons[火电出力下限约束_30_17],0.0
cons[火电出力上限约束_30_18],-5643.274000000001
cons[火电出力下限约束_30_18],0.0
cons[火电出力上限约束_30_19],-5643.274000000001
cons[火电出力下限约束_30_19],0.0
cons[火电出力上限约束_30_20],-5643.274000000001
cons[火电出力下限约束_30_20],0.0
cons[火电出力上限约束_30_21],-5317.767
cons[火电出力下限约束_30_21],0.0
cons[火电出力上限约束_30_22],-6108.0109999999995
cons[火电出力下限约束_30_22],0.0
cons[火电出力上限约束_30_23],-5726.812
cons[火电出力下限约束_30_23],0.0
cons[火电出力上限约束_30_24],-5754.657999999999
cons[火电出力下限约束_30_24],0.0
cons[火电出力上限约束_30_25],-5754.657999999999
cons[火电出力下限约束_30_25],0.0
cons[火电出力上限约束_30_26],-5887.882
cons[火电出力下限约束_30_26],0.0
cons[火电出力上限约束_30_27],-5979.974000000003
cons[火电出力下限约束_30_27],0.0
cons[火电出力上限约束_30_28],-6024.928
cons[火电出力下限约束_30_28],0.0
cons[火电出力上限约束_30_29],-6052.774
cons[火电出力下限约束_30_29],0.0
cons[火电出力上限约束_30_30],-6080.62
cons[火电出力下限约束_30_30],0.0
cons[火电出力上限约束_30_31],-6108.0109999999995
cons[火电出力下限约束_30_31],0.0
cons[火电出力上限约束_30_32],-6108.466
cons[火电出力下限约束_30_32],0.0
cons[火电出力上限约束_30_33],-6118.112
cons[火电出力下限约束_30_33],0.0
cons[火电出力上限约束_30_34],-6118.112
cons[火电出力下限约束_30_34],0.0
cons[火电出力上限约束_30_35],-6118.112
cons[火电出力下限约束_30_35],0.0
cons[火电出力上限约束_30_36],-6118.112
cons[火电出力下限约束_30_36],0.0
cons[火电出力上限约束_30_37],-6108.466
cons[火电出力下限约束_30_37],0.0
cons[火电出力上限约束_30_38],-6108.466
cons[火电出力下限约束_30_38],0.0
cons[火电出力上限约束_30_39],-6108.466
cons[火电出力下限约束_30_39],0.0
cons[火电出力上限约束_30_40],-6108.466
cons[火电出力下限约束_30_40],0.0
cons[火电出力上限约束_30_41],-6108.466
cons[火电出力下限约束_30_41],0.0
cons[火电出力上限约束_30_42],-6108.466
cons[火电出力下限约束_30_42],0.0
cons[火电出力上限约束_30_43],-6108.466
cons[火电出力下限约束_30_43],0.0
cons[火电出力上限约束_30_44],-6108.466
cons[火电出力下限约束_30_44],0.0
cons[火电出力上限约束_30_45],-6108.0109999999995
cons[火电出力下限约束_30_45],0.0
cons[火电出力上限约束_30_46],-6108.0109999999995
cons[火电出力下限约束_30_46],0.0
cons[火电出力上限约束_30_47],-6108.0109999999995
cons[火电出力下限约束_30_47],0.0
cons[火电出力上限约束_30_48],-6108.0109999999995
cons[火电出力下限约束_30_48],0.0
cons[火电出力上限约束_30_49],-6108.0109999999995
cons[火电出力下限约束_30_49],0.0
cons[火电出力上限约束_30_50],-6108.0109999999995
cons[火电出力下限约束_30_50],0.0
cons[火电出力上限约束_30_51],-6108.0109999999995
cons[火电出力下限约束_30_51],0.0
cons[火电出力上限约束_30_52],-6108.0109999999995
cons[火电出力下限约束_30_52],0.0
cons[火电出力上限约束_30_53],-6080.62
cons[火电出力下限约束_30_53],0.0
cons[火电出力上限约束_30_54],-6080.62
cons[火电出力下限约束_30_54],0.0
cons[火电出力上限约束_30_55],-6080.62
cons[火电出力下限约束_30_55],0.0
cons[火电出力上限约束_30_56],-6080.62
cons[火电出力下限约束_30_56],0.0
cons[火电出力上限约束_30_57],-6080.62
cons[火电出力下限约束_30_57],0.0
cons[火电出力上限约束_30_58],-6080.62
cons[火电出力下限约束_30_58],0.0
cons[火电出力上限约束_30_59],-6108.0109999999995
cons[火电出力下限约束_30_59],0.0
cons[火电出力上限约束_30_60],-6108.466
cons[火电出力下限约束_30_60],0.0
cons[火电出力上限约束_30_61],-6136.312
cons[火电出力下限约束_30_61],0.0
cons[火电出力上限约束_30_62],-6164.157999999999
cons[火电出力下限约束_30_62],0.0
cons[火电出力上限约束_30_63],-6164.157999999999
cons[火电出力下限约束_30_63],0.0
cons[火电出力上限约束_30_64],-6192.004000000002
cons[火电出力下限约束_30_64],0.0
cons[火电出力上限约束_30_65],-6200.103
cons[火电出力下限约束_30_65],0.0
cons[火电出力上限约束_30_66],-6219.85
cons[火电出力下限约束_30_66],0.0
cons[火电出力上限约束_30_67],-6219.85
cons[火电出力下限约束_30_67],0.0
cons[火电出力上限约束_30_68],-6219.85
cons[火电出力下限约束_30_68],0.0
cons[火电出力上限约束_30_69],-6219.85
cons[火电出力下限约束_30_69],0.0
cons[火电出力上限约束_30_70],-6219.85
cons[火电出力下限约束_30_70],0.0
cons[火电出力上限约束_30_71],-6242.236
cons[火电出力下限约束_30_71],0.0
cons[火电出力上限约束_30_72],-6246.148999999999
cons[火电出力下限约束_30_72],0.0
cons[火电出力上限约束_30_73],-6256.250000000003
cons[火电出力下限约束_30_73],0.0
cons[火电出力上限约束_30_74],-6287.7815
cons[火电出力下限约束_30_74],0.0
cons[火电出力上限约束_30_75],-6287.7815
cons[火电出力下限约束_30_75],0.0
cons[火电出力上限约束_30_76],-6246.148999999999
cons[火电出力下限约束_30_76],0.0
cons[火电出力上限约束_30_77],-6242.236
cons[火电出力下限约束_30_77],0.0
cons[火电出力上限约束_30_78],-6219.85
cons[火电出力下限约束_30_78],0.0
cons[火电出力上限约束_30_79],-6219.85
cons[火电出力下限约束_30_79],0.0
cons[火电出力上限约束_30_80],-6200.103
cons[火电出力下限约束_30_80],0.0
cons[火电出力上限约束_30_81],-6196.6905
cons[火电出力下限约束_30_81],0.0
cons[火电出力上限约束_30_82],-6192.004000000002
cons[火电出力下限约束_30_82],0.0
cons[火电出力上限约束_30_83],-6164.157999999999
cons[火电出力下限约束_30_83],0.0
cons[火电出力上限约束_30_84],-6164.157999999999
cons[火电出力下限约束_30_84],0.0
cons[火电出力上限约束_30_85],-6164.157999999999
cons[火电出力下限约束_30_85],0.0
cons[火电出力上限约束_30_86],-6164.157999999999
cons[火电出力下限约束_30_86],0.0
cons[火电出力上限约束_30_87],-6154.057000000001
cons[火电出力下限约束_30_87],0.0
cons[火电出力上限约束_30_88],-6108.466
cons[火电出力下限约束_30_88],0.0
cons[火电出力上限约束_30_89],-6080.62
cons[火电出力下限约束_30_89],0.0
cons[火电出力上限约束_30_90],-6052.774
cons[火电出力下限约束_30_90],0.0
cons[火电出力上限约束_30_91],-6024.928
cons[火电出力下限约束_30_91],0.0
cons[火电出力上限约束_30_92],-5979.974000000003
cons[火电出力下限约束_30_92],0.0
cons[火电出力上限约束_30_93],-5933.928
cons[火电出力下限约束_30_93],0.0
cons[火电出力上限约束_30_94],-5887.882
cons[火电出力下限约束_30_94],0.0
cons[火电出力上限约束_30_95],-5414.317999999999
cons[火电出力下限约束_30_95],0.0
cons[火电出力上限约束_31_0],-6210.204000000001
cons[火电出力下限约束_31_0],0.0
cons[火电出力上限约束_31_1],-6196.6905
cons[火电出力下限约束_31_1],0.0
cons[火电出力上限约束_31_2],-6154.057000000001
cons[火电出力下限约束_31_2],0.0
cons[火电出力上限约束_31_3],-6118.112
cons[火电出力下限约束_31_3],0.0
cons[火电出力上限约束_31_4],-6108.0109999999995
cons[火电出力下限约束_31_4],0.0
cons[火电出力上限约束_31_5],-5883.423000000001
cons[火电出力下限约束_31_5],0.0
cons[火电出力上限约束_31_6],-5810.349999999999
cons[火电出力下限约束_31_6],0.0
cons[火电出力上限约束_31_7],-5782.504
cons[火电出力下限约束_31_7],0.0
cons[火电出力上限约束_31_8],-5726.812
cons[火电出力下限约束_31_8],0.0
cons[火电出力上限约束_31_9],-5698.966
cons[火电出力下限约束_31_9],0.0
cons[火电出力上限约束_31_10],-5671.12
cons[火电出力下限约束_31_10],0.0
cons[火电出力上限约束_31_11],-5643.274
cons[火电出力下限约束_31_11],0.0
cons[火电出力上限约束_31_12],-5643.274000000001
cons[火电出力下限约束_31_12],0.0
cons[火电出力上限约束_31_13],-5643.274000000001
cons[火电出力下限约束_31_13],0.0
cons[火电出力上限约束_31_14],-5643.274000000001
cons[火电出力下限约束_31_14],0.0
cons[火电出力上限约束_31_15],-5643.274000000001
cons[火电出力下限约束_31_15],0.0
cons[火电出力上限约束_31_16],-5643.274000000001
cons[火电出力下限约束_31_16],0.0
cons[火电出力上限约束_31_17],-5643.274000000001
cons[火电出力下限约束_31_17],0.0
cons[火电出力上限约束_31_18],-5643.274000000001
cons[火电出力下限约束_31_18],0.0
cons[火电出力上限约束_31_19],-5643.274000000001
cons[火电出力下限约束_31_19],0.0
cons[火电出力上限约束_31_20],-5643.274000000001
cons[火电出力下限约束_31_20],0.0
cons[火电出力上限约束_31_21],-5317.767
cons[火电出力下限约束_31_21],0.0
cons[火电出力上限约束_31_22],-6108.0109999999995
cons[火电出力下限约束_31_22],0.0
cons[火电出力上限约束_31_23],-5726.812
cons[火电出力下限约束_31_23],0.0
cons[火电出力上限约束_31_24],-5754.657999999999
cons[火电出力下限约束_31_24],0.0
cons[火电出力上限约束_31_25],-5754.657999999999
cons[火电出力下限约束_31_25],0.0
cons[火电出力上限约束_31_26],-5887.882
cons[火电出力下限约束_31_26],0.0
cons[火电出力上限约束_31_27],-5979.974000000003
cons[火电出力下限约束_31_27],0.0
cons[火电出力上限约束_31_28],-6024.928
cons[火电出力下限约束_31_28],0.0
cons[火电出力上限约束_31_29],-6052.774
cons[火电出力下限约束_31_29],0.0
cons[火电出力上限约束_31_30],-6080.62
cons[火电出力下限约束_31_30],0.0
cons[火电出力上限约束_31_31],-6108.0109999999995
cons[火电出力下限约束_31_31],0.0
cons[火电出力上限约束_31_32],-6108.466
cons[火电出力下限约束_31_32],0.0
cons[火电出力上限约束_31_33],-6118.112
cons[火电出力下限约束_31_33],0.0
cons[火电出力上限约束_31_34],-6118.112
cons[火电出力下限约束_31_34],0.0
cons[火电出力上限约束_31_35],-6118.112
cons[火电出力下限约束_31_35],0.0
cons[火电出力上限约束_31_36],-6118.112
cons[火电出力下限约束_31_36],0.0
cons[火电出力上限约束_31_37],-6108.466
cons[火电出力下限约束_31_37],0.0
cons[火电出力上限约束_31_38],-6108.466
cons[火电出力下限约束_31_38],0.0
cons[火电出力上限约束_31_39],-6108.466
cons[火电出力下限约束_31_39],0.0
cons[火电出力上限约束_31_40],-6108.466
cons[火电出力下限约束_31_40],0.0
cons[火电出力上限约束_31_41],-6108.466
cons[火电出力下限约束_31_41],0.0
cons[火电出力上限约束_31_42],-6108.466
cons[火电出力下限约束_31_42],0.0
cons[火电出力上限约束_31_43],-6108.466
cons[火电出力下限约束_31_43],0.0
cons[火电出力上限约束_31_44],-6108.466
cons[火电出力下限约束_31_44],0.0
cons[火电出力上限约束_31_45],-6108.0109999999995
cons[火电出力下限约束_31_45],0.0
cons[火电出力上限约束_31_46],-6108.0109999999995
cons[火电出力下限约束_31_46],0.0
cons[火电出力上限约束_31_47],-6108.0109999999995
cons[火电出力下限约束_31_47],0.0
cons[火电出力上限约束_31_48],-6108.0109999999995
cons[火电出力下限约束_31_48],0.0
cons[火电出力上限约束_31_49],-6108.0109999999995
cons[火电出力下限约束_31_49],0.0
cons[火电出力上限约束_31_50],-6108.0109999999995
cons[火电出力下限约束_31_50],0.0
cons[火电出力上限约束_31_51],-6108.0109999999995
cons[火电出力下限约束_31_51],0.0
cons[火电出力上限约束_31_52],-6108.0109999999995
cons[火电出力下限约束_31_52],0.0
cons[火电出力上限约束_31_53],-6080.62
cons[火电出力下限约束_31_53],0.0
cons[火电出力上限约束_31_54],-6080.62
cons[火电出力下限约束_31_54],0.0
cons[火电出力上限约束_31_55],-6080.62
cons[火电出力下限约束_31_55],0.0
cons[火电出力上限约束_31_56],-6080.62
cons[火电出力下限约束_31_56],0.0
cons[火电出力上限约束_31_57],-6080.62
cons[火电出力下限约束_31_57],0.0
cons[火电出力上限约束_31_58],-6080.62
cons[火电出力下限约束_31_58],0.0
cons[火电出力上限约束_31_59],-6108.0109999999995
cons[火电出力下限约束_31_59],0.0
cons[火电出力上限约束_31_60],-6108.466
cons[火电出力下限约束_31_60],0.0
cons[火电出力上限约束_31_61],-6136.312
cons[火电出力下限约束_31_61],0.0
cons[火电出力上限约束_31_62],-6164.157999999999
cons[火电出力下限约束_31_62],0.0
cons[火电出力上限约束_31_63],-6164.157999999999
cons[火电出力下限约束_31_63],0.0
cons[火电出力上限约束_31_64],-6192.004000000002
cons[火电出力下限约束_31_64],0.0
cons[火电出力上限约束_31_65],-6200.103
cons[火电出力下限约束_31_65],0.0
cons[火电出力上限约束_31_66],-6219.85
cons[火电出力下限约束_31_66],0.0
cons[火电出力上限约束_31_67],-6219.85
cons[火电出力下限约束_31_67],0.0
cons[火电出力上限约束_31_68],-6219.85
cons[火电出力下限约束_31_68],0.0
cons[火电出力上限约束_31_69],-6219.85
cons[火电出力下限约束_31_69],0.0
cons[火电出力上限约束_31_70],-6219.85
cons[火电出力下限约束_31_70],0.0
cons[火电出力上限约束_31_71],-6242.236
cons[火电出力下限约束_31_71],0.0
cons[火电出力上限约束_31_72],-6246.148999999999
cons[火电出力下限约束_31_72],0.0
cons[火电出力上限约束_31_73],-6256.250000000003
cons[火电出力下限约束_31_73],0.0
cons[火电出力上限约束_31_74],-6287.7815
cons[火电出力下限约束_31_74],0.0
cons[火电出力上限约束_31_75],-6287.7815
cons[火电出力下限约束_31_75],0.0
cons[火电出力上限约束_31_76],-6246.148999999999
cons[火电出力下限约束_31_76],0.0
cons[火电出力上限约束_31_77],-6242.236
cons[火电出力下限约束_31_77],0.0
cons[火电出力上限约束_31_78],-6219.85
cons[火电出力下限约束_31_78],0.0
cons[火电出力上限约束_31_79],-6219.85
cons[火电出力下限约束_31_79],0.0
cons[火电出力上限约束_31_80],-6200.103
cons[火电出力下限约束_31_80],0.0
cons[火电出力上限约束_31_81],-6196.6905
cons[火电出力下限约束_31_81],0.0
cons[火电出力上限约束_31_82],-6192.004000000002
cons[火电出力下限约束_31_82],0.0
cons[火电出力上限约束_31_83],-6164.157999999999
cons[火电出力下限约束_31_83],0.0
cons[火电出力上限约束_31_84],-6164.157999999999
cons[火电出力下限约束_31_84],0.0
cons[火电出力上限约束_31_85],-6164.157999999999
cons[火电出力下限约束_31_85],0.0
cons[火电出力上限约束_31_86],-6164.157999999999
cons[火电出力下限约束_31_86],0.0
cons[火电出力上限约束_31_87],-6154.057000000001
cons[火电出力下限约束_31_87],0.0
cons[火电出力上限约束_31_88],-6108.466
cons[火电出力下限约束_31_88],0.0
cons[火电出力上限约束_31_89],-6080.62
cons[火电出力下限约束_31_89],0.0
cons[火电出力上限约束_31_90],-6052.774
cons[火电出力下限约束_31_90],0.0
cons[火电出力上限约束_31_91],-6024.928
cons[火电出力下限约束_31_91],0.0
cons[火电出力上限约束_31_92],-5979.974000000003
cons[火电出力下限约束_31_92],0.0
cons[火电出力上限约束_31_93],-5933.928
cons[火电出力下限约束_31_93],0.0
cons[火电出力上限约束_31_94],-5887.882
cons[火电出力下限约束_31_94],0.0
cons[火电出力上限约束_31_95],-5414.317999999999
cons[火电出力下限约束_31_95],0.0
cons[火电机组爬坡约束1_0_1],0.0
cons[火电机组爬坡约束2_0_1],0.0
cons[火电机组爬坡约束1_0_2],0.0
cons[火电机组爬坡约束2_0_2],0.0
cons[火电机组爬坡约束1_0_3],0.0
cons[火电机组爬坡约束2_0_3],0.0
cons[火电机组爬坡约束1_0_4],0.0
cons[火电机组爬坡约束2_0_4],0.0
cons[火电机组爬坡约束1_0_5],0.0
cons[火电机组爬坡约束2_0_5],0.0
cons[火电机组爬坡约束1_0_6],0.0
cons[火电机组爬坡约束2_0_6],0.0
cons[火电机组爬坡约束1_0_7],0.0
cons[火电机组爬坡约束2_0_7],0.0
cons[火电机组爬坡约束1_0_8],0.0
cons[火电机组爬坡约束2_0_8],0.0
cons[火电机组爬坡约束1_0_9],0.0
cons[火电机组爬坡约束2_0_9],0.0
cons[火电机组爬坡约束1_0_10],0.0
cons[火电机组爬坡约束2_0_10],0.0
cons[火电机组爬坡约束1_0_11],0.0
cons[火电机组爬坡约束2_0_11],0.0
cons[火电机组爬坡约束1_0_12],0.0
cons[火电机组爬坡约束2_0_12],0.0
cons[火电机组爬坡约束1_0_13],0.0
cons[火电机组爬坡约束2_0_13],0.0
cons[火电机组爬坡约束1_0_14],0.0
cons[火电机组爬坡约束2_0_14],0.0
cons[火电机组爬坡约束1_0_15],0.0
cons[火电机组爬坡约束2_0_15],0.0
cons[火电机组爬坡约束1_0_16],0.0
cons[火电机组爬坡约束2_0_16],0.0
cons[火电机组爬坡约束1_0_17],0.0
cons[火电机组爬坡约束2_0_17],0.0
cons[火电机组爬坡约束1_0_18],0.0
cons[火电机组爬坡约束2_0_18],0.0
cons[火电机组爬坡约束1_0_19],0.0
cons[火电机组爬坡约束2_0_19],0.0
cons[火电机组爬坡约束1_0_20],0.0
cons[火电机组爬坡约束2_0_20],0.0
cons[火电机组爬坡约束1_0_21],0.0
cons[火电机组爬坡约束2_0_21],0.0
cons[火电机组爬坡约束1_0_22],-353.35300000000007
cons[火电机组爬坡约束2_0_22],0.0
cons[火电机组爬坡约束1_0_23],0.0
cons[火电机组爬坡约束2_0_23],0.0
cons[火电机组爬坡约束1_0_24],0.0
cons[火电机组爬坡约束2_0_24],0.0
cons[火电机组爬坡约束1_0_25],0.0
cons[火电机组爬坡约束2_0_25],0.0
cons[火电机组爬坡约束1_0_26],0.0
cons[火电机组爬坡约束2_0_26],0.0
cons[火电机组爬坡约束1_0_27],0.0
cons[火电机组爬坡约束2_0_27],0.0
cons[火电机组爬坡约束1_0_28],0.0
cons[火电机组爬坡约束2_0_28],0.0
cons[火电机组爬坡约束1_0_29],0.0
cons[火电机组爬坡约束2_0_29],0.0
cons[火电机组爬坡约束1_0_30],0.0
cons[火电机组爬坡约束2_0_30],0.0
cons[火电机组爬坡约束1_0_31],0.0
cons[火电机组爬坡约束2_0_31],0.0
cons[火电机组爬坡约束1_0_32],0.0
cons[火电机组爬坡约束2_0_32],0.0
cons[火电机组爬坡约束1_0_33],0.0
cons[火电机组爬坡约束2_0_33],0.0
cons[火电机组爬坡约束1_0_34],0.0
cons[火电机组爬坡约束2_0_34],0.0
cons[火电机组爬坡约束1_0_35],0.0
cons[火电机组爬坡约束2_0_35],0.0
cons[火电机组爬坡约束1_0_36],0.0
cons[火电机组爬坡约束2_0_36],0.0
cons[火电机组爬坡约束1_0_37],0.0
cons[火电机组爬坡约束2_0_37],0.0
cons[火电机组爬坡约束1_0_38],0.0
cons[火电机组爬坡约束2_0_38],0.0
cons[火电机组爬坡约束1_0_39],0.0
cons[火电机组爬坡约束2_0_39],0.0
cons[火电机组爬坡约束1_0_40],0.0
cons[火电机组爬坡约束2_0_40],0.0
cons[火电机组爬坡约束1_0_41],0.0
cons[火电机组爬坡约束2_0_41],0.0
cons[火电机组爬坡约束1_0_42],0.0
cons[火电机组爬坡约束2_0_42],0.0
cons[火电机组爬坡约束1_0_43],0.0
cons[火电机组爬坡约束2_0_43],0.0
cons[火电机组爬坡约束1_0_44],0.0
cons[火电机组爬坡约束2_0_44],0.0
cons[火电机组爬坡约束1_0_45],0.0
cons[火电机组爬坡约束2_0_45],0.0
cons[火电机组爬坡约束1_0_46],0.0
cons[火电机组爬坡约束2_0_46],0.0
cons[火电机组爬坡约束1_0_47],0.0
cons[火电机组爬坡约束2_0_47],0.0
cons[火电机组爬坡约束1_0_48],0.0
cons[火电机组爬坡约束2_0_48],0.0
cons[火电机组爬坡约束1_0_49],0.0
cons[火电机组爬坡约束2_0_49],0.0
cons[火电机组爬坡约束1_0_50],0.0
cons[火电机组爬坡约束2_0_50],0.0
cons[火电机组爬坡约束1_0_51],0.0
cons[火电机组爬坡约束2_0_51],0.0
cons[火电机组爬坡约束1_0_52],0.0
cons[火电机组爬坡约束2_0_52],0.0
cons[火电机组爬坡约束1_0_53],0.0
cons[火电机组爬坡约束2_0_53],0.0
cons[火电机组爬坡约束1_0_54],0.0
cons[火电机组爬坡约束2_0_54],0.0
cons[火电机组爬坡约束1_0_55],0.0
cons[火电机组爬坡约束2_0_55],0.0
cons[火电机组爬坡约束1_0_56],0.0
cons[火电机组爬坡约束2_0_56],0.0
cons[火电机组爬坡约束1_0_57],0.0
cons[火电机组爬坡约束2_0_57],0.0
cons[火电机组爬坡约束1_0_58],0.0
cons[火电机组爬坡约束2_0_58],0.0
cons[火电机组爬坡约束1_0_59],0.0
cons[火电机组爬坡约束2_0_59],0.0
cons[火电机组爬坡约束1_0_60],0.0
cons[火电机组爬坡约束2_0_60],0.0
cons[火电机组爬坡约束1_0_61],0.0
cons[火电机组爬坡约束2_0_61],0.0
cons[火电机组爬坡约束1_0_62],0.0
cons[火电机组爬坡约束2_0_62],0.0
cons[火电机组爬坡约束1_0_63],0.0
cons[火电机组爬坡约束2_0_63],0.0
cons[火电机组爬坡约束1_0_64],0.0
cons[火电机组爬坡约束2_0_64],0.0
cons[火电机组爬坡约束1_0_65],0.0
cons[火电机组爬坡约束2_0_65],0.0
cons[火电机组爬坡约束1_0_66],0.0
cons[火电机组爬坡约束2_0_66],0.0
cons[火电机组爬坡约束1_0_67],0.0
cons[火电机组爬坡约束2_0_67],0.0
cons[火电机组爬坡约束1_0_68],0.0
cons[火电机组爬坡约束2_0_68],0.0
cons[火电机组爬坡约束1_0_69],0.0
cons[火电机组爬坡约束2_0_69],0.0
cons[火电机组爬坡约束1_0_70],0.0
cons[火电机组爬坡约束2_0_70],0.0
cons[火电机组爬坡约束1_0_71],0.0
cons[火电机组爬坡约束2_0_71],0.0
cons[火电机组爬坡约束1_0_72],0.0
cons[火电机组爬坡约束2_0_72],0.0
cons[火电机组爬坡约束1_0_73],0.0
cons[火电机组爬坡约束2_0_73],0.0
cons[火电机组爬坡约束1_0_74],0.0
cons[火电机组爬坡约束2_0_74],0.0
cons[火电机组爬坡约束1_0_75],0.0
cons[火电机组爬坡约束2_0_75],0.0
cons[火电机组爬坡约束1_0_76],0.0
cons[火电机组爬坡约束2_0_76],0.0
cons[火电机组爬坡约束1_0_77],0.0
cons[火电机组爬坡约束2_0_77],0.0
cons[火电机组爬坡约束1_0_78],0.0
cons[火电机组爬坡约束2_0_78],0.0
cons[火电机组爬坡约束1_0_79],0.0
cons[火电机组爬坡约束2_0_79],0.0
cons[火电机组爬坡约束1_0_80],0.0
cons[火电机组爬坡约束2_0_80],0.0
cons[火电机组爬坡约束1_0_81],0.0
cons[火电机组爬坡约束2_0_81],0.0
cons[火电机组爬坡约束1_0_82],0.0
cons[火电机组爬坡约束2_0_82],0.0
cons[火电机组爬坡约束1_0_83],0.0
cons[火电机组爬坡约束2_0_83],0.0
cons[火电机组爬坡约束1_0_84],0.0
cons[火电机组爬坡约束2_0_84],0.0
cons[火电机组爬坡约束1_0_85],0.0
cons[火电机组爬坡约束2_0_85],0.0
cons[火电机组爬坡约束1_0_86],0.0
cons[火电机组爬坡约束2_0_86],0.0
cons[火电机组爬坡约束1_0_87],0.0
cons[火电机组爬坡约束2_0_87],0.0
cons[火电机组爬坡约束1_0_88],0.0
cons[火电机组爬坡约束2_0_88],0.0
cons[火电机组爬坡约束1_0_89],0.0
cons[火电机组爬坡约束2_0_89],0.0
cons[火电机组爬坡约束1_0_90],0.0
cons[火电机组爬坡约束2_0_90],0.0
cons[火电机组爬坡约束1_0_91],0.0
cons[火电机组爬坡约束2_0_91],0.0
cons[火电机组爬坡约束1_0_92],0.0
cons[火电机组爬坡约束2_0_92],0.0
cons[火电机组爬坡约束1_0_93],0.0
cons[火电机组爬坡约束2_0_93],0.0
cons[火电机组爬坡约束1_0_94],0.0
cons[火电机组爬坡约束2_0_94],-123.57800000000043
cons[火电机组爬坡约束1_0_95],0.0
cons[火电机组爬坡约束2_0_95],-256.8020000000006
cons[火电机组爬坡约束1_1_1],0.0
cons[火电机组爬坡约束2_1_1],0.0
cons[火电机组爬坡约束1_1_2],0.0
cons[火电机组爬坡约束2_1_2],0.0
cons[火电机组爬坡约束1_1_3],0.0
cons[火电机组爬坡约束2_1_3],0.0
cons[火电机组爬坡约束1_1_4],0.0
cons[火电机组爬坡约束2_1_4],0.0
cons[火电机组爬坡约束1_1_5],0.0
cons[火电机组爬坡约束2_1_5],0.0
cons[火电机组爬坡约束1_1_6],0.0
cons[火电机组爬坡约束2_1_6],0.0
cons[火电机组爬坡约束1_1_7],0.0
cons[火电机组爬坡约束2_1_7],0.0
cons[火电机组爬坡约束1_1_8],0.0
cons[火电机组爬坡约束2_1_8],0.0
cons[火电机组爬坡约束1_1_9],0.0
cons[火电机组爬坡约束2_1_9],0.0
cons[火电机组爬坡约束1_1_10],0.0
cons[火电机组爬坡约束2_1_10],0.0
cons[火电机组爬坡约束1_1_11],0.0
cons[火电机组爬坡约束2_1_11],0.0
cons[火电机组爬坡约束1_1_12],0.0
cons[火电机组爬坡约束2_1_12],0.0
cons[火电机组爬坡约束1_1_13],0.0
cons[火电机组爬坡约束2_1_13],0.0
cons[火电机组爬坡约束1_1_14],0.0
cons[火电机组爬坡约束2_1_14],0.0
cons[火电机组爬坡约束1_1_15],0.0
cons[火电机组爬坡约束2_1_15],0.0
cons[火电机组爬坡约束1_1_16],0.0
cons[火电机组爬坡约束2_1_16],0.0
cons[火电机组爬坡约束1_1_17],0.0
cons[火电机组爬坡约束2_1_17],0.0
cons[火电机组爬坡约束1_1_18],0.0
cons[火电机组爬坡约束2_1_18],0.0
cons[火电机组爬坡约束1_1_19],0.0
cons[火电机组爬坡约束2_1_19],0.0
cons[火电机组爬坡约束1_1_20],0.0
cons[火电机组爬坡约束2_1_20],0.0
cons[火电机组爬坡约束1_1_21],0.0
cons[火电机组爬坡约束2_1_21],0.0
cons[火电机组爬坡约束1_1_22],-353.35300000000007
cons[火电机组爬坡约束2_1_22],0.0
cons[火电机组爬坡约束1_1_23],0.0
cons[火电机组爬坡约束2_1_23],0.0
cons[火电机组爬坡约束1_1_24],0.0
cons[火电机组爬坡约束2_1_24],0.0
cons[火电机组爬坡约束1_1_25],0.0
cons[火电机组爬坡约束2_1_25],0.0
cons[火电机组爬坡约束1_1_26],0.0
cons[火电机组爬坡约束2_1_26],0.0
cons[火电机组爬坡约束1_1_27],0.0
cons[火电机组爬坡约束2_1_27],0.0
cons[火电机组爬坡约束1_1_28],0.0
cons[火电机组爬坡约束2_1_28],0.0
cons[火电机组爬坡约束1_1_29],0.0
cons[火电机组爬坡约束2_1_29],0.0
cons[火电机组爬坡约束1_1_30],0.0
cons[火电机组爬坡约束2_1_30],0.0
cons[火电机组爬坡约束1_1_31],0.0
cons[火电机组爬坡约束2_1_31],0.0
cons[火电机组爬坡约束1_1_32],0.0
cons[火电机组爬坡约束2_1_32],0.0
cons[火电机组爬坡约束1_1_33],0.0
cons[火电机组爬坡约束2_1_33],0.0
cons[火电机组爬坡约束1_1_34],0.0
cons[火电机组爬坡约束2_1_34],0.0
cons[火电机组爬坡约束1_1_35],0.0
cons[火电机组爬坡约束2_1_35],0.0
cons[火电机组爬坡约束1_1_36],0.0
cons[火电机组爬坡约束2_1_36],0.0
cons[火电机组爬坡约束1_1_37],0.0
cons[火电机组爬坡约束2_1_37],0.0
cons[火电机组爬坡约束1_1_38],0.0
cons[火电机组爬坡约束2_1_38],0.0
cons[火电机组爬坡约束1_1_39],0.0
cons[火电机组爬坡约束2_1_39],0.0
cons[火电机组爬坡约束1_1_40],0.0
cons[火电机组爬坡约束2_1_40],0.0
cons[火电机组爬坡约束1_1_41],0.0
cons[火电机组爬坡约束2_1_41],0.0
cons[火电机组爬坡约束1_1_42],0.0
cons[火电机组爬坡约束2_1_42],0.0
cons[火电机组爬坡约束1_1_43],0.0
cons[火电机组爬坡约束2_1_43],0.0
cons[火电机组爬坡约束1_1_44],0.0
cons[火电机组爬坡约束2_1_44],0.0
cons[火电机组爬坡约束1_1_45],0.0
cons[火电机组爬坡约束2_1_45],0.0
cons[火电机组爬坡约束1_1_46],0.0
cons[火电机组爬坡约束2_1_46],0.0
cons[火电机组爬坡约束1_1_47],0.0
cons[火电机组爬坡约束2_1_47],0.0
cons[火电机组爬坡约束1_1_48],0.0
cons[火电机组爬坡约束2_1_48],0.0
cons[火电机组爬坡约束1_1_49],0.0
cons[火电机组爬坡约束2_1_49],0.0
cons[火电机组爬坡约束1_1_50],0.0
cons[火电机组爬坡约束2_1_50],0.0
cons[火电机组爬坡约束1_1_51],0.0
cons[火电机组爬坡约束2_1_51],0.0
cons[火电机组爬坡约束1_1_52],0.0
cons[火电机组爬坡约束2_1_52],0.0
cons[火电机组爬坡约束1_1_53],0.0
cons[火电机组爬坡约束2_1_53],0.0
cons[火电机组爬坡约束1_1_54],0.0
cons[火电机组爬坡约束2_1_54],0.0
cons[火电机组爬坡约束1_1_55],0.0
cons[火电机组爬坡约束2_1_55],0.0
cons[火电机组爬坡约束1_1_56],0.0
cons[火电机组爬坡约束2_1_56],0.0
cons[火电机组爬坡约束1_1_57],0.0
cons[火电机组爬坡约束2_1_57],0.0
cons[火电机组爬坡约束1_1_58],0.0
cons[火电机组爬坡约束2_1_58],0.0
cons[火电机组爬坡约束1_1_59],0.0
cons[火电机组爬坡约束2_1_59],0.0
cons[火电机组爬坡约束1_1_60],0.0
cons[火电机组爬坡约束2_1_60],0.0
cons[火电机组爬坡约束1_1_61],0.0
cons[火电机组爬坡约束2_1_61],0.0
cons[火电机组爬坡约束1_1_62],0.0
cons[火电机组爬坡约束2_1_62],0.0
cons[火电机组爬坡约束1_1_63],0.0
cons[火电机组爬坡约束2_1_63],0.0
cons[火电机组爬坡约束1_1_64],0.0
cons[火电机组爬坡约束2_1_64],0.0
cons[火电机组爬坡约束1_1_65],0.0
cons[火电机组爬坡约束2_1_65],0.0
cons[火电机组爬坡约束1_1_66],0.0
cons[火电机组爬坡约束2_1_66],0.0
cons[火电机组爬坡约束1_1_67],0.0
cons[火电机组爬坡约束2_1_67],0.0
cons[火电机组爬坡约束1_1_68],0.0
cons[火电机组爬坡约束2_1_68],0.0
cons[火电机组爬坡约束1_1_69],0.0
cons[火电机组爬坡约束2_1_69],0.0
cons[火电机组爬坡约束1_1_70],0.0
cons[火电机组爬坡约束2_1_70],0.0
cons[火电机组爬坡约束1_1_71],0.0
cons[火电机组爬坡约束2_1_71],0.0
cons[火电机组爬坡约束1_1_72],0.0
cons[火电机组爬坡约束2_1_72],0.0
cons[火电机组爬坡约束1_1_73],0.0
cons[火电机组爬坡约束2_1_73],0.0
cons[火电机组爬坡约束1_1_74],0.0
cons[火电机组爬坡约束2_1_74],0.0
cons[火电机组爬坡约束1_1_75],0.0
cons[火电机组爬坡约束2_1_75],0.0
cons[火电机组爬坡约束1_1_76],0.0
cons[火电机组爬坡约束2_1_76],0.0
cons[火电机组爬坡约束1_1_77],0.0
cons[火电机组爬坡约束2_1_77],0.0
cons[火电机组爬坡约束1_1_78],0.0
cons[火电机组爬坡约束2_1_78],0.0
cons[火电机组爬坡约束1_1_79],0.0
cons[火电机组爬坡约束2_1_79],0.0
cons[火电机组爬坡约束1_1_80],0.0
cons[火电机组爬坡约束2_1_80],0.0
cons[火电机组爬坡约束1_1_81],0.0
cons[火电机组爬坡约束2_1_81],0.0
cons[火电机组爬坡约束1_1_82],0.0
cons[火电机组爬坡约束2_1_82],0.0
cons[火电机组爬坡约束1_1_83],0.0
cons[火电机组爬坡约束2_1_83],0.0
cons[火电机组爬坡约束1_1_84],0.0
cons[火电机组爬坡约束2_1_84],0.0
cons[火电机组爬坡约束1_1_85],0.0
cons[火电机组爬坡约束2_1_85],0.0
cons[火电机组爬坡约束1_1_86],0.0
cons[火电机组爬坡约束2_1_86],0.0
cons[火电机组爬坡约束1_1_87],0.0
cons[火电机组爬坡约束2_1_87],0.0
cons[火电机组爬坡约束1_1_88],0.0
cons[火电机组爬坡约束2_1_88],0.0
cons[火电机组爬坡约束1_1_89],0.0
cons[火电机组爬坡约束2_1_89],0.0
cons[火电机组爬坡约束1_1_90],0.0
cons[火电机组爬坡约束2_1_90],0.0
cons[火电机组爬坡约束1_1_91],0.0
cons[火电机组爬坡约束2_1_91],0.0
cons[火电机组爬坡约束1_1_92],0.0
cons[火电机组爬坡约束2_1_92],0.0
cons[火电机组爬坡约束1_1_93],0.0
cons[火电机组爬坡约束2_1_93],0.0
cons[火电机组爬坡约束1_1_94],0.0
cons[火电机组爬坡约束2_1_94],-123.57800000000043
cons[火电机组爬坡约束1_1_95],0.0
cons[火电机组爬坡约束2_1_95],-256.8020000000006
cons[火电机组爬坡约束1_2_1],0.0
cons[火电机组爬坡约束2_2_1],0.0
cons[火电机组爬坡约束1_2_2],0.0
cons[火电机组爬坡约束2_2_2],0.0
cons[火电机组爬坡约束1_2_3],0.0
cons[火电机组爬坡约束2_2_3],0.0
cons[火电机组爬坡约束1_2_4],0.0
cons[火电机组爬坡约束2_2_4],0.0
cons[火电机组爬坡约束1_2_5],0.0
cons[火电机组爬坡约束2_2_5],0.0
cons[火电机组爬坡约束1_2_6],0.0
cons[火电机组爬坡约束2_2_6],0.0
cons[火电机组爬坡约束1_2_7],0.0
cons[火电机组爬坡约束2_2_7],0.0
cons[火电机组爬坡约束1_2_8],0.0
cons[火电机组爬坡约束2_2_8],0.0
cons[火电机组爬坡约束1_2_9],0.0
cons[火电机组爬坡约束2_2_9],0.0
cons[火电机组爬坡约束1_2_10],0.0
cons[火电机组爬坡约束2_2_10],0.0
cons[火电机组爬坡约束1_2_11],0.0
cons[火电机组爬坡约束2_2_11],0.0
cons[火电机组爬坡约束1_2_12],0.0
cons[火电机组爬坡约束2_2_12],0.0
cons[火电机组爬坡约束1_2_13],0.0
cons[火电机组爬坡约束2_2_13],0.0
cons[火电机组爬坡约束1_2_14],0.0
cons[火电机组爬坡约束2_2_14],0.0
cons[火电机组爬坡约束1_2_15],0.0
cons[火电机组爬坡约束2_2_15],0.0
cons[火电机组爬坡约束1_2_16],0.0
cons[火电机组爬坡约束2_2_16],0.0
cons[火电机组爬坡约束1_2_17],0.0
cons[火电机组爬坡约束2_2_17],0.0
cons[火电机组爬坡约束1_2_18],0.0
cons[火电机组爬坡约束2_2_18],0.0
cons[火电机组爬坡约束1_2_19],0.0
cons[火电机组爬坡约束2_2_19],0.0
cons[火电机组爬坡约束1_2_20],0.0
cons[火电机组爬坡约束2_2_20],0.0
cons[火电机组爬坡约束1_2_21],0.0
cons[火电机组爬坡约束2_2_21],0.0
cons[火电机组爬坡约束1_2_22],0.0
cons[火电机组爬坡约束2_2_22],0.0
cons[火电机组爬坡约束1_2_23],0.0
cons[火电机组爬坡约束2_2_23],0.0
cons[火电机组爬坡约束1_2_24],0.0
cons[火电机组爬坡约束2_2_24],0.0
cons[火电机组爬坡约束1_2_25],0.0
cons[火电机组爬坡约束2_2_25],0.0
cons[火电机组爬坡约束1_2_26],0.0
cons[火电机组爬坡约束2_2_26],0.0
cons[火电机组爬坡约束1_2_27],0.0
cons[火电机组爬坡约束2_2_27],0.0
cons[火电机组爬坡约束1_2_28],0.0
cons[火电机组爬坡约束2_2_28],0.0
cons[火电机组爬坡约束1_2_29],0.0
cons[火电机组爬坡约束2_2_29],0.0
cons[火电机组爬坡约束1_2_30],0.0
cons[火电机组爬坡约束2_2_30],0.0
cons[火电机组爬坡约束1_2_31],0.0
cons[火电机组爬坡约束2_2_31],0.0
cons[火电机组爬坡约束1_2_32],0.0
cons[火电机组爬坡约束2_2_32],0.0
cons[火电机组爬坡约束1_2_33],0.0
cons[火电机组爬坡约束2_2_33],0.0
cons[火电机组爬坡约束1_2_34],0.0
cons[火电机组爬坡约束2_2_34],0.0
cons[火电机组爬坡约束1_2_35],0.0
cons[火电机组爬坡约束2_2_35],0.0
cons[火电机组爬坡约束1_2_36],0.0
cons[火电机组爬坡约束2_2_36],0.0
cons[火电机组爬坡约束1_2_37],0.0
cons[火电机组爬坡约束2_2_37],0.0
cons[火电机组爬坡约束1_2_38],0.0
cons[火电机组爬坡约束2_2_38],0.0
cons[火电机组爬坡约束1_2_39],0.0
cons[火电机组爬坡约束2_2_39],0.0
cons[火电机组爬坡约束1_2_40],0.0
cons[火电机组爬坡约束2_2_40],0.0
cons[火电机组爬坡约束1_2_41],0.0
cons[火电机组爬坡约束2_2_41],0.0
cons[火电机组爬坡约束1_2_42],0.0
cons[火电机组爬坡约束2_2_42],0.0
cons[火电机组爬坡约束1_2_43],0.0
cons[火电机组爬坡约束2_2_43],0.0
cons[火电机组爬坡约束1_2_44],0.0
cons[火电机组爬坡约束2_2_44],0.0
cons[火电机组爬坡约束1_2_45],0.0
cons[火电机组爬坡约束2_2_45],0.0
cons[火电机组爬坡约束1_2_46],0.0
cons[火电机组爬坡约束2_2_46],0.0
cons[火电机组爬坡约束1_2_47],0.0
cons[火电机组爬坡约束2_2_47],0.0
cons[火电机组爬坡约束1_2_48],0.0
cons[火电机组爬坡约束2_2_48],0.0
cons[火电机组爬坡约束1_2_49],0.0
cons[火电机组爬坡约束2_2_49],0.0
cons[火电机组爬坡约束1_2_50],0.0
cons[火电机组爬坡约束2_2_50],0.0
cons[火电机组爬坡约束1_2_51],0.0
cons[火电机组爬坡约束2_2_51],0.0
cons[火电机组爬坡约束1_2_52],0.0
cons[火电机组爬坡约束2_2_52],0.0
cons[火电机组爬坡约束1_2_53],0.0
cons[火电机组爬坡约束2_2_53],0.0
cons[火电机组爬坡约束1_2_54],0.0
cons[火电机组爬坡约束2_2_54],0.0
cons[火电机组爬坡约束1_2_55],0.0
cons[火电机组爬坡约束2_2_55],0.0
cons[火电机组爬坡约束1_2_56],0.0
cons[火电机组爬坡约束2_2_56],0.0
cons[火电机组爬坡约束1_2_57],0.0
cons[火电机组爬坡约束2_2_57],0.0
cons[火电机组爬坡约束1_2_58],0.0
cons[火电机组爬坡约束2_2_58],0.0
cons[火电机组爬坡约束1_2_59],0.0
cons[火电机组爬坡约束2_2_59],0.0
cons[火电机组爬坡约束1_2_60],0.0
cons[火电机组爬坡约束2_2_60],0.0
cons[火电机组爬坡约束1_2_61],0.0
cons[火电机组爬坡约束2_2_61],0.0
cons[火电机组爬坡约束1_2_62],0.0
cons[火电机组爬坡约束2_2_62],0.0
cons[火电机组爬坡约束1_2_63],0.0
cons[火电机组爬坡约束2_2_63],0.0
cons[火电机组爬坡约束1_2_64],0.0
cons[火电机组爬坡约束2_2_64],0.0
cons[火电机组爬坡约束1_2_65],0.0
cons[火电机组爬坡约束2_2_65],0.0
cons[火电机组爬坡约束1_2_66],0.0
cons[火电机组爬坡约束2_2_66],0.0
cons[火电机组爬坡约束1_2_67],0.0
cons[火电机组爬坡约束2_2_67],0.0
cons[火电机组爬坡约束1_2_68],0.0
cons[火电机组爬坡约束2_2_68],0.0
cons[火电机组爬坡约束1_2_69],0.0
cons[火电机组爬坡约束2_2_69],0.0
cons[火电机组爬坡约束1_2_70],0.0
cons[火电机组爬坡约束2_2_70],0.0
cons[火电机组爬坡约束1_2_71],0.0
cons[火电机组爬坡约束2_2_71],0.0
cons[火电机组爬坡约束1_2_72],0.0
cons[火电机组爬坡约束2_2_72],0.0
cons[火电机组爬坡约束1_2_73],0.0
cons[火电机组爬坡约束2_2_73],0.0
cons[火电机组爬坡约束1_2_74],0.0
cons[火电机组爬坡约束2_2_74],0.0
cons[火电机组爬坡约束1_2_75],0.0
cons[火电机组爬坡约束2_2_75],0.0
cons[火电机组爬坡约束1_2_76],0.0
cons[火电机组爬坡约束2_2_76],0.0
cons[火电机组爬坡约束1_2_77],0.0
cons[火电机组爬坡约束2_2_77],0.0
cons[火电机组爬坡约束1_2_78],0.0
cons[火电机组爬坡约束2_2_78],0.0
cons[火电机组爬坡约束1_2_79],0.0
cons[火电机组爬坡约束2_2_79],0.0
cons[火电机组爬坡约束1_2_80],0.0
cons[火电机组爬坡约束2_2_80],0.0
cons[火电机组爬坡约束1_2_81],0.0
cons[火电机组爬坡约束2_2_81],0.0
cons[火电机组爬坡约束1_2_82],0.0
cons[火电机组爬坡约束2_2_82],0.0
cons[火电机组爬坡约束1_2_83],0.0
cons[火电机组爬坡约束2_2_83],0.0
cons[火电机组爬坡约束1_2_84],0.0
cons[火电机组爬坡约束2_2_84],0.0
cons[火电机组爬坡约束1_2_85],0.0
cons[火电机组爬坡约束2_2_85],0.0
cons[火电机组爬坡约束1_2_86],0.0
cons[火电机组爬坡约束2_2_86],0.0
cons[火电机组爬坡约束1_2_87],0.0
cons[火电机组爬坡约束2_2_87],0.0
cons[火电机组爬坡约束1_2_88],0.0
cons[火电机组爬坡约束2_2_88],0.0
cons[火电机组爬坡约束1_2_89],0.0
cons[火电机组爬坡约束2_2_89],0.0
cons[火电机组爬坡约束1_2_90],0.0
cons[火电机组爬坡约束2_2_90],0.0
cons[火电机组爬坡约束1_2_91],0.0
cons[火电机组爬坡约束2_2_91],0.0
cons[火电机组爬坡约束1_2_92],0.0
cons[火电机组爬坡约束2_2_92],0.0
cons[火电机组爬坡约束1_2_93],0.0
cons[火电机组爬坡约束2_2_93],0.0
cons[火电机组爬坡约束1_2_94],0.0
cons[火电机组爬坡约束2_2_94],0.0
cons[火电机组爬坡约束1_2_95],0.0
cons[火电机组爬坡约束2_2_95],0.0
cons[火电机组爬坡约束1_3_1],0.0
cons[火电机组爬坡约束2_3_1],0.0
cons[火电机组爬坡约束1_3_2],0.0
cons[火电机组爬坡约束2_3_2],0.0
cons[火电机组爬坡约束1_3_3],0.0
cons[火电机组爬坡约束2_3_3],0.0
cons[火电机组爬坡约束1_3_4],0.0
cons[火电机组爬坡约束2_3_4],0.0
cons[火电机组爬坡约束1_3_5],0.0
cons[火电机组爬坡约束2_3_5],0.0
cons[火电机组爬坡约束1_3_6],0.0
cons[火电机组爬坡约束2_3_6],0.0
cons[火电机组爬坡约束1_3_7],0.0
cons[火电机组爬坡约束2_3_7],0.0
cons[火电机组爬坡约束1_3_8],0.0
cons[火电机组爬坡约束2_3_8],0.0
cons[火电机组爬坡约束1_3_9],0.0
cons[火电机组爬坡约束2_3_9],0.0
cons[火电机组爬坡约束1_3_10],0.0
cons[火电机组爬坡约束2_3_10],0.0
cons[火电机组爬坡约束1_3_11],0.0
cons[火电机组爬坡约束2_3_11],0.0
cons[火电机组爬坡约束1_3_12],0.0
cons[火电机组爬坡约束2_3_12],0.0
cons[火电机组爬坡约束1_3_13],0.0
cons[火电机组爬坡约束2_3_13],0.0
cons[火电机组爬坡约束1_3_14],0.0
cons[火电机组爬坡约束2_3_14],0.0
cons[火电机组爬坡约束1_3_15],0.0
cons[火电机组爬坡约束2_3_15],0.0
cons[火电机组爬坡约束1_3_16],0.0
cons[火电机组爬坡约束2_3_16],0.0
cons[火电机组爬坡约束1_3_17],0.0
cons[火电机组爬坡约束2_3_17],0.0
cons[火电机组爬坡约束1_3_18],0.0
cons[火电机组爬坡约束2_3_18],0.0
cons[火电机组爬坡约束1_3_19],0.0
cons[火电机组爬坡约束2_3_19],0.0
cons[火电机组爬坡约束1_3_20],0.0
cons[火电机组爬坡约束2_3_20],0.0
cons[火电机组爬坡约束1_3_21],0.0
cons[火电机组爬坡约束2_3_21],0.0
cons[火电机组爬坡约束1_3_22],0.0
cons[火电机组爬坡约束2_3_22],0.0
cons[火电机组爬坡约束1_3_23],0.0
cons[火电机组爬坡约束2_3_23],0.0
cons[火电机组爬坡约束1_3_24],0.0
cons[火电机组爬坡约束2_3_24],0.0
cons[火电机组爬坡约束1_3_25],0.0
cons[火电机组爬坡约束2_3_25],0.0
cons[火电机组爬坡约束1_3_26],0.0
cons[火电机组爬坡约束2_3_26],0.0
cons[火电机组爬坡约束1_3_27],0.0
cons[火电机组爬坡约束2_3_27],0.0
cons[火电机组爬坡约束1_3_28],0.0
cons[火电机组爬坡约束2_3_28],0.0
cons[火电机组爬坡约束1_3_29],0.0
cons[火电机组爬坡约束2_3_29],0.0
cons[火电机组爬坡约束1_3_30],0.0
cons[火电机组爬坡约束2_3_30],0.0
cons[火电机组爬坡约束1_3_31],0.0
cons[火电机组爬坡约束2_3_31],0.0
cons[火电机组爬坡约束1_3_32],0.0
cons[火电机组爬坡约束2_3_32],0.0
cons[火电机组爬坡约束1_3_33],0.0
cons[火电机组爬坡约束2_3_33],0.0
cons[火电机组爬坡约束1_3_34],0.0
cons[火电机组爬坡约束2_3_34],0.0
cons[火电机组爬坡约束1_3_35],0.0
cons[火电机组爬坡约束2_3_35],0.0
cons[火电机组爬坡约束1_3_36],0.0
cons[火电机组爬坡约束2_3_36],0.0
cons[火电机组爬坡约束1_3_37],0.0
cons[火电机组爬坡约束2_3_37],0.0
cons[火电机组爬坡约束1_3_38],0.0
cons[火电机组爬坡约束2_3_38],0.0
cons[火电机组爬坡约束1_3_39],0.0
cons[火电机组爬坡约束2_3_39],0.0
cons[火电机组爬坡约束1_3_40],0.0
cons[火电机组爬坡约束2_3_40],0.0
cons[火电机组爬坡约束1_3_41],0.0
cons[火电机组爬坡约束2_3_41],0.0
cons[火电机组爬坡约束1_3_42],0.0
cons[火电机组爬坡约束2_3_42],0.0
cons[火电机组爬坡约束1_3_43],0.0
cons[火电机组爬坡约束2_3_43],0.0
cons[火电机组爬坡约束1_3_44],0.0
cons[火电机组爬坡约束2_3_44],0.0
cons[火电机组爬坡约束1_3_45],0.0
cons[火电机组爬坡约束2_3_45],0.0
cons[火电机组爬坡约束1_3_46],0.0
cons[火电机组爬坡约束2_3_46],0.0
cons[火电机组爬坡约束1_3_47],0.0
cons[火电机组爬坡约束2_3_47],0.0
cons[火电机组爬坡约束1_3_48],0.0
cons[火电机组爬坡约束2_3_48],0.0
cons[火电机组爬坡约束1_3_49],0.0
cons[火电机组爬坡约束2_3_49],0.0
cons[火电机组爬坡约束1_3_50],0.0
cons[火电机组爬坡约束2_3_50],0.0
cons[火电机组爬坡约束1_3_51],0.0
cons[火电机组爬坡约束2_3_51],0.0
cons[火电机组爬坡约束1_3_52],0.0
cons[火电机组爬坡约束2_3_52],0.0
cons[火电机组爬坡约束1_3_53],0.0
cons[火电机组爬坡约束2_3_53],0.0
cons[火电机组爬坡约束1_3_54],0.0
cons[火电机组爬坡约束2_3_54],0.0
cons[火电机组爬坡约束1_3_55],0.0
cons[火电机组爬坡约束2_3_55],0.0
cons[火电机组爬坡约束1_3_56],0.0
cons[火电机组爬坡约束2_3_56],0.0
cons[火电机组爬坡约束1_3_57],0.0
cons[火电机组爬坡约束2_3_57],0.0
cons[火电机组爬坡约束1_3_58],0.0
cons[火电机组爬坡约束2_3_58],0.0
cons[火电机组爬坡约束1_3_59],0.0
cons[火电机组爬坡约束2_3_59],0.0
cons[火电机组爬坡约束1_3_60],0.0
cons[火电机组爬坡约束2_3_60],0.0
cons[火电机组爬坡约束1_3_61],0.0
cons[火电机组爬坡约束2_3_61],0.0
cons[火电机组爬坡约束1_3_62],0.0
cons[火电机组爬坡约束2_3_62],0.0
cons[火电机组爬坡约束1_3_63],0.0
cons[火电机组爬坡约束2_3_63],0.0
cons[火电机组爬坡约束1_3_64],0.0
cons[火电机组爬坡约束2_3_64],0.0
cons[火电机组爬坡约束1_3_65],0.0
cons[火电机组爬坡约束2_3_65],0.0
cons[火电机组爬坡约束1_3_66],0.0
cons[火电机组爬坡约束2_3_66],0.0
cons[火电机组爬坡约束1_3_67],0.0
cons[火电机组爬坡约束2_3_67],0.0
cons[火电机组爬坡约束1_3_68],0.0
cons[火电机组爬坡约束2_3_68],0.0
cons[火电机组爬坡约束1_3_69],0.0
cons[火电机组爬坡约束2_3_69],0.0
cons[火电机组爬坡约束1_3_70],0.0
cons[火电机组爬坡约束2_3_70],0.0
cons[火电机组爬坡约束1_3_71],0.0
cons[火电机组爬坡约束2_3_71],0.0
cons[火电机组爬坡约束1_3_72],0.0
cons[火电机组爬坡约束2_3_72],0.0
cons[火电机组爬坡约束1_3_73],0.0
cons[火电机组爬坡约束2_3_73],0.0
cons[火电机组爬坡约束1_3_74],0.0
cons[火电机组爬坡约束2_3_74],0.0
cons[火电机组爬坡约束1_3_75],0.0
cons[火电机组爬坡约束2_3_75],0.0
cons[火电机组爬坡约束1_3_76],0.0
cons[火电机组爬坡约束2_3_76],0.0
cons[火电机组爬坡约束1_3_77],0.0
cons[火电机组爬坡约束2_3_77],0.0
cons[火电机组爬坡约束1_3_78],0.0
cons[火电机组爬坡约束2_3_78],0.0
cons[火电机组爬坡约束1_3_79],0.0
cons[火电机组爬坡约束2_3_79],0.0
cons[火电机组爬坡约束1_3_80],0.0
cons[火电机组爬坡约束2_3_80],0.0
cons[火电机组爬坡约束1_3_81],0.0
cons[火电机组爬坡约束2_3_81],0.0
cons[火电机组爬坡约束1_3_82],0.0
cons[火电机组爬坡约束2_3_82],0.0
cons[火电机组爬坡约束1_3_83],0.0
cons[火电机组爬坡约束2_3_83],0.0
cons[火电机组爬坡约束1_3_84],0.0
cons[火电机组爬坡约束2_3_84],0.0
cons[火电机组爬坡约束1_3_85],0.0
cons[火电机组爬坡约束2_3_85],0.0
cons[火电机组爬坡约束1_3_86],0.0
cons[火电机组爬坡约束2_3_86],0.0
cons[火电机组爬坡约束1_3_87],0.0
cons[火电机组爬坡约束2_3_87],0.0
cons[火电机组爬坡约束1_3_88],0.0
cons[火电机组爬坡约束2_3_88],0.0
cons[火电机组爬坡约束1_3_89],0.0
cons[火电机组爬坡约束2_3_89],0.0
cons[火电机组爬坡约束1_3_90],0.0
cons[火电机组爬坡约束2_3_90],0.0
cons[火电机组爬坡约束1_3_91],0.0
cons[火电机组爬坡约束2_3_91],0.0
cons[火电机组爬坡约束1_3_92],0.0
cons[火电机组爬坡约束2_3_92],0.0
cons[火电机组爬坡约束1_3_93],0.0
cons[火电机组爬坡约束2_3_93],0.0
cons[火电机组爬坡约束1_3_94],0.0
cons[火电机组爬坡约束2_3_94],0.0
cons[火电机组爬坡约束1_3_95],0.0
cons[火电机组爬坡约束2_3_95],0.0
cons[火电机组爬坡约束1_4_1],0.0
cons[火电机组爬坡约束2_4_1],0.0
cons[火电机组爬坡约束1_4_2],0.0
cons[火电机组爬坡约束2_4_2],0.0
cons[火电机组爬坡约束1_4_3],0.0
cons[火电机组爬坡约束2_4_3],0.0
cons[火电机组爬坡约束1_4_4],0.0
cons[火电机组爬坡约束2_4_4],0.0
cons[火电机组爬坡约束1_4_5],0.0
cons[火电机组爬坡约束2_4_5],0.0
cons[火电机组爬坡约束1_4_6],0.0
cons[火电机组爬坡约束2_4_6],0.0
cons[火电机组爬坡约束1_4_7],0.0
cons[火电机组爬坡约束2_4_7],0.0
cons[火电机组爬坡约束1_4_8],0.0
cons[火电机组爬坡约束2_4_8],0.0
cons[火电机组爬坡约束1_4_9],0.0
cons[火电机组爬坡约束2_4_9],0.0
cons[火电机组爬坡约束1_4_10],0.0
cons[火电机组爬坡约束2_4_10],0.0
cons[火电机组爬坡约束1_4_11],0.0
cons[火电机组爬坡约束2_4_11],0.0
cons[火电机组爬坡约束1_4_12],0.0
cons[火电机组爬坡约束2_4_12],0.0
cons[火电机组爬坡约束1_4_13],0.0
cons[火电机组爬坡约束2_4_13],0.0
cons[火电机组爬坡约束1_4_14],0.0
cons[火电机组爬坡约束2_4_14],0.0
cons[火电机组爬坡约束1_4_15],0.0
cons[火电机组爬坡约束2_4_15],0.0
cons[火电机组爬坡约束1_4_16],0.0
cons[火电机组爬坡约束2_4_16],0.0
cons[火电机组爬坡约束1_4_17],0.0
cons[火电机组爬坡约束2_4_17],0.0
cons[火电机组爬坡约束1_4_18],0.0
cons[火电机组爬坡约束2_4_18],0.0
cons[火电机组爬坡约束1_4_19],0.0
cons[火电机组爬坡约束2_4_19],0.0
cons[火电机组爬坡约束1_4_20],0.0
cons[火电机组爬坡约束2_4_20],0.0
cons[火电机组爬坡约束1_4_21],0.0
cons[火电机组爬坡约束2_4_21],0.0
cons[火电机组爬坡约束1_4_22],0.0
cons[火电机组爬坡约束2_4_22],0.0
cons[火电机组爬坡约束1_4_23],0.0
cons[火电机组爬坡约束2_4_23],0.0
cons[火电机组爬坡约束1_4_24],0.0
cons[火电机组爬坡约束2_4_24],0.0
cons[火电机组爬坡约束1_4_25],0.0
cons[火电机组爬坡约束2_4_25],0.0
cons[火电机组爬坡约束1_4_26],0.0
cons[火电机组爬坡约束2_4_26],0.0
cons[火电机组爬坡约束1_4_27],0.0
cons[火电机组爬坡约束2_4_27],0.0
cons[火电机组爬坡约束1_4_28],0.0
cons[火电机组爬坡约束2_4_28],0.0
cons[火电机组爬坡约束1_4_29],0.0
cons[火电机组爬坡约束2_4_29],0.0
cons[火电机组爬坡约束1_4_30],0.0
cons[火电机组爬坡约束2_4_30],0.0
cons[火电机组爬坡约束1_4_31],0.0
cons[火电机组爬坡约束2_4_31],0.0
cons[火电机组爬坡约束1_4_32],0.0
cons[火电机组爬坡约束2_4_32],0.0
cons[火电机组爬坡约束1_4_33],0.0
cons[火电机组爬坡约束2_4_33],0.0
cons[火电机组爬坡约束1_4_34],0.0
cons[火电机组爬坡约束2_4_34],0.0
cons[火电机组爬坡约束1_4_35],0.0
cons[火电机组爬坡约束2_4_35],0.0
cons[火电机组爬坡约束1_4_36],0.0
cons[火电机组爬坡约束2_4_36],0.0
cons[火电机组爬坡约束1_4_37],0.0
cons[火电机组爬坡约束2_4_37],0.0
cons[火电机组爬坡约束1_4_38],0.0
cons[火电机组爬坡约束2_4_38],0.0
cons[火电机组爬坡约束1_4_39],0.0
cons[火电机组爬坡约束2_4_39],0.0
cons[火电机组爬坡约束1_4_40],0.0
cons[火电机组爬坡约束2_4_40],0.0
cons[火电机组爬坡约束1_4_41],0.0
cons[火电机组爬坡约束2_4_41],0.0
cons[火电机组爬坡约束1_4_42],0.0
cons[火电机组爬坡约束2_4_42],0.0
cons[火电机组爬坡约束1_4_43],0.0
cons[火电机组爬坡约束2_4_43],0.0
cons[火电机组爬坡约束1_4_44],0.0
cons[火电机组爬坡约束2_4_44],0.0
cons[火电机组爬坡约束1_4_45],0.0
cons[火电机组爬坡约束2_4_45],0.0
cons[火电机组爬坡约束1_4_46],0.0
cons[火电机组爬坡约束2_4_46],0.0
cons[火电机组爬坡约束1_4_47],0.0
cons[火电机组爬坡约束2_4_47],0.0
cons[火电机组爬坡约束1_4_48],0.0
cons[火电机组爬坡约束2_4_48],0.0
cons[火电机组爬坡约束1_4_49],0.0
cons[火电机组爬坡约束2_4_49],0.0
cons[火电机组爬坡约束1_4_50],0.0
cons[火电机组爬坡约束2_4_50],0.0
cons[火电机组爬坡约束1_4_51],0.0
cons[火电机组爬坡约束2_4_51],0.0
cons[火电机组爬坡约束1_4_52],0.0
cons[火电机组爬坡约束2_4_52],0.0
cons[火电机组爬坡约束1_4_53],0.0
cons[火电机组爬坡约束2_4_53],0.0
cons[火电机组爬坡约束1_4_54],0.0
cons[火电机组爬坡约束2_4_54],0.0
cons[火电机组爬坡约束1_4_55],0.0
cons[火电机组爬坡约束2_4_55],0.0
cons[火电机组爬坡约束1_4_56],0.0
cons[火电机组爬坡约束2_4_56],0.0
cons[火电机组爬坡约束1_4_57],0.0
cons[火电机组爬坡约束2_4_57],0.0
cons[火电机组爬坡约束1_4_58],0.0
cons[火电机组爬坡约束2_4_58],0.0
cons[火电机组爬坡约束1_4_59],0.0
cons[火电机组爬坡约束2_4_59],0.0
cons[火电机组爬坡约束1_4_60],0.0
cons[火电机组爬坡约束2_4_60],0.0
cons[火电机组爬坡约束1_4_61],0.0
cons[火电机组爬坡约束2_4_61],0.0
cons[火电机组爬坡约束1_4_62],0.0
cons[火电机组爬坡约束2_4_62],0.0
cons[火电机组爬坡约束1_4_63],0.0
cons[火电机组爬坡约束2_4_63],0.0
cons[火电机组爬坡约束1_4_64],0.0
cons[火电机组爬坡约束2_4_64],0.0
cons[火电机组爬坡约束1_4_65],0.0
cons[火电机组爬坡约束2_4_65],0.0
cons[火电机组爬坡约束1_4_66],0.0
cons[火电机组爬坡约束2_4_66],0.0
cons[火电机组爬坡约束1_4_67],0.0
cons[火电机组爬坡约束2_4_67],0.0
cons[火电机组爬坡约束1_4_68],0.0
cons[火电机组爬坡约束2_4_68],0.0
cons[火电机组爬坡约束1_4_69],0.0
cons[火电机组爬坡约束2_4_69],0.0
cons[火电机组爬坡约束1_4_70],0.0
cons[火电机组爬坡约束2_4_70],0.0
cons[火电机组爬坡约束1_4_71],0.0
cons[火电机组爬坡约束2_4_71],0.0
cons[火电机组爬坡约束1_4_72],0.0
cons[火电机组爬坡约束2_4_72],0.0
cons[火电机组爬坡约束1_4_73],0.0
cons[火电机组爬坡约束2_4_73],0.0
cons[火电机组爬坡约束1_4_74],0.0
cons[火电机组爬坡约束2_4_74],0.0
cons[火电机组爬坡约束1_4_75],0.0
cons[火电机组爬坡约束2_4_75],0.0
cons[火电机组爬坡约束1_4_76],0.0
cons[火电机组爬坡约束2_4_76],0.0
cons[火电机组爬坡约束1_4_77],0.0
cons[火电机组爬坡约束2_4_77],0.0
cons[火电机组爬坡约束1_4_78],0.0
cons[火电机组爬坡约束2_4_78],0.0
cons[火电机组爬坡约束1_4_79],0.0
cons[火电机组爬坡约束2_4_79],0.0
cons[火电机组爬坡约束1_4_80],0.0
cons[火电机组爬坡约束2_4_80],0.0
cons[火电机组爬坡约束1_4_81],0.0
cons[火电机组爬坡约束2_4_81],0.0
cons[火电机组爬坡约束1_4_82],0.0
cons[火电机组爬坡约束2_4_82],0.0
cons[火电机组爬坡约束1_4_83],0.0
cons[火电机组爬坡约束2_4_83],0.0
cons[火电机组爬坡约束1_4_84],0.0
cons[火电机组爬坡约束2_4_84],0.0
cons[火电机组爬坡约束1_4_85],0.0
cons[火电机组爬坡约束2_4_85],0.0
cons[火电机组爬坡约束1_4_86],0.0
cons[火电机组爬坡约束2_4_86],0.0
cons[火电机组爬坡约束1_4_87],0.0
cons[火电机组爬坡约束2_4_87],0.0
cons[火电机组爬坡约束1_4_88],0.0
cons[火电机组爬坡约束2_4_88],0.0
cons[火电机组爬坡约束1_4_89],0.0
cons[火电机组爬坡约束2_4_89],0.0
cons[火电机组爬坡约束1_4_90],0.0
cons[火电机组爬坡约束2_4_90],0.0
cons[火电机组爬坡约束1_4_91],0.0
cons[火电机组爬坡约束2_4_91],0.0
cons[火电机组爬坡约束1_4_92],0.0
cons[火电机组爬坡约束2_4_92],0.0
cons[火电机组爬坡约束1_4_93],0.0
cons[火电机组爬坡约束2_4_93],0.0
cons[火电机组爬坡约束1_4_94],0.0
cons[火电机组爬坡约束2_4_94],0.0
cons[火电机组爬坡约束1_4_95],0.0
cons[火电机组爬坡约束2_4_95],0.0
cons[火电机组爬坡约束1_5_1],0.0
cons[火电机组爬坡约束2_5_1],0.0
cons[火电机组爬坡约束1_5_2],0.0
cons[火电机组爬坡约束2_5_2],0.0
cons[火电机组爬坡约束1_5_3],0.0
cons[火电机组爬坡约束2_5_3],0.0
cons[火电机组爬坡约束1_5_4],0.0
cons[火电机组爬坡约束2_5_4],0.0
cons[火电机组爬坡约束1_5_5],0.0
cons[火电机组爬坡约束2_5_5],0.0
cons[火电机组爬坡约束1_5_6],0.0
cons[火电机组爬坡约束2_5_6],0.0
cons[火电机组爬坡约束1_5_7],0.0
cons[火电机组爬坡约束2_5_7],0.0
cons[火电机组爬坡约束1_5_8],0.0
cons[火电机组爬坡约束2_5_8],0.0
cons[火电机组爬坡约束1_5_9],0.0
cons[火电机组爬坡约束2_5_9],0.0
cons[火电机组爬坡约束1_5_10],0.0
cons[火电机组爬坡约束2_5_10],0.0
cons[火电机组爬坡约束1_5_11],0.0
cons[火电机组爬坡约束2_5_11],0.0
cons[火电机组爬坡约束1_5_12],0.0
cons[火电机组爬坡约束2_5_12],0.0
cons[火电机组爬坡约束1_5_13],0.0
cons[火电机组爬坡约束2_5_13],0.0
cons[火电机组爬坡约束1_5_14],0.0
cons[火电机组爬坡约束2_5_14],0.0
cons[火电机组爬坡约束1_5_15],0.0
cons[火电机组爬坡约束2_5_15],0.0
cons[火电机组爬坡约束1_5_16],0.0
cons[火电机组爬坡约束2_5_16],0.0
cons[火电机组爬坡约束1_5_17],0.0
cons[火电机组爬坡约束2_5_17],0.0
cons[火电机组爬坡约束1_5_18],0.0
cons[火电机组爬坡约束2_5_18],0.0
cons[火电机组爬坡约束1_5_19],0.0
cons[火电机组爬坡约束2_5_19],0.0
cons[火电机组爬坡约束1_5_20],0.0
cons[火电机组爬坡约束2_5_20],0.0
cons[火电机组爬坡约束1_5_21],0.0
cons[火电机组爬坡约束2_5_21],0.0
cons[火电机组爬坡约束1_5_22],0.0
cons[火电机组爬坡约束2_5_22],0.0
cons[火电机组爬坡约束1_5_23],0.0
cons[火电机组爬坡约束2_5_23],0.0
cons[火电机组爬坡约束1_5_24],0.0
cons[火电机组爬坡约束2_5_24],0.0
cons[火电机组爬坡约束1_5_25],0.0
cons[火电机组爬坡约束2_5_25],0.0
cons[火电机组爬坡约束1_5_26],0.0
cons[火电机组爬坡约束2_5_26],0.0
cons[火电机组爬坡约束1_5_27],0.0
cons[火电机组爬坡约束2_5_27],0.0
cons[火电机组爬坡约束1_5_28],0.0
cons[火电机组爬坡约束2_5_28],0.0
cons[火电机组爬坡约束1_5_29],0.0
cons[火电机组爬坡约束2_5_29],0.0
cons[火电机组爬坡约束1_5_30],0.0
cons[火电机组爬坡约束2_5_30],0.0
cons[火电机组爬坡约束1_5_31],0.0
cons[火电机组爬坡约束2_5_31],0.0
cons[火电机组爬坡约束1_5_32],0.0
cons[火电机组爬坡约束2_5_32],0.0
cons[火电机组爬坡约束1_5_33],0.0
cons[火电机组爬坡约束2_5_33],0.0
cons[火电机组爬坡约束1_5_34],0.0
cons[火电机组爬坡约束2_5_34],0.0
cons[火电机组爬坡约束1_5_35],0.0
cons[火电机组爬坡约束2_5_35],0.0
cons[火电机组爬坡约束1_5_36],0.0
cons[火电机组爬坡约束2_5_36],0.0
cons[火电机组爬坡约束1_5_37],0.0
cons[火电机组爬坡约束2_5_37],0.0
cons[火电机组爬坡约束1_5_38],0.0
cons[火电机组爬坡约束2_5_38],0.0
cons[火电机组爬坡约束1_5_39],0.0
cons[火电机组爬坡约束2_5_39],0.0
cons[火电机组爬坡约束1_5_40],0.0
cons[火电机组爬坡约束2_5_40],0.0
cons[火电机组爬坡约束1_5_41],0.0
cons[火电机组爬坡约束2_5_41],0.0
cons[火电机组爬坡约束1_5_42],0.0
cons[火电机组爬坡约束2_5_42],0.0
cons[火电机组爬坡约束1_5_43],0.0
cons[火电机组爬坡约束2_5_43],0.0
cons[火电机组爬坡约束1_5_44],0.0
cons[火电机组爬坡约束2_5_44],0.0
cons[火电机组爬坡约束1_5_45],0.0
cons[火电机组爬坡约束2_5_45],0.0
cons[火电机组爬坡约束1_5_46],0.0
cons[火电机组爬坡约束2_5_46],0.0
cons[火电机组爬坡约束1_5_47],0.0
cons[火电机组爬坡约束2_5_47],0.0
cons[火电机组爬坡约束1_5_48],0.0
cons[火电机组爬坡约束2_5_48],0.0
cons[火电机组爬坡约束1_5_49],0.0
cons[火电机组爬坡约束2_5_49],0.0
cons[火电机组爬坡约束1_5_50],0.0
cons[火电机组爬坡约束2_5_50],0.0
cons[火电机组爬坡约束1_5_51],0.0
cons[火电机组爬坡约束2_5_51],0.0
cons[火电机组爬坡约束1_5_52],0.0
cons[火电机组爬坡约束2_5_52],0.0
cons[火电机组爬坡约束1_5_53],0.0
cons[火电机组爬坡约束2_5_53],0.0
cons[火电机组爬坡约束1_5_54],0.0
cons[火电机组爬坡约束2_5_54],0.0
cons[火电机组爬坡约束1_5_55],0.0
cons[火电机组爬坡约束2_5_55],0.0
cons[火电机组爬坡约束1_5_56],0.0
cons[火电机组爬坡约束2_5_56],0.0
cons[火电机组爬坡约束1_5_57],0.0
cons[火电机组爬坡约束2_5_57],0.0
cons[火电机组爬坡约束1_5_58],0.0
cons[火电机组爬坡约束2_5_58],0.0
cons[火电机组爬坡约束1_5_59],0.0
cons[火电机组爬坡约束2_5_59],0.0
cons[火电机组爬坡约束1_5_60],0.0
cons[火电机组爬坡约束2_5_60],0.0
cons[火电机组爬坡约束1_5_61],0.0
cons[火电机组爬坡约束2_5_61],0.0
cons[火电机组爬坡约束1_5_62],0.0
cons[火电机组爬坡约束2_5_62],0.0
cons[火电机组爬坡约束1_5_63],0.0
cons[火电机组爬坡约束2_5_63],0.0
cons[火电机组爬坡约束1_5_64],0.0
cons[火电机组爬坡约束2_5_64],0.0
cons[火电机组爬坡约束1_5_65],0.0
cons[火电机组爬坡约束2_5_65],0.0
cons[火电机组爬坡约束1_5_66],0.0
cons[火电机组爬坡约束2_5_66],0.0
cons[火电机组爬坡约束1_5_67],0.0
cons[火电机组爬坡约束2_5_67],0.0
cons[火电机组爬坡约束1_5_68],0.0
cons[火电机组爬坡约束2_5_68],0.0
cons[火电机组爬坡约束1_5_69],0.0
cons[火电机组爬坡约束2_5_69],0.0
cons[火电机组爬坡约束1_5_70],0.0
cons[火电机组爬坡约束2_5_70],0.0
cons[火电机组爬坡约束1_5_71],0.0
cons[火电机组爬坡约束2_5_71],0.0
cons[火电机组爬坡约束1_5_72],0.0
cons[火电机组爬坡约束2_5_72],0.0
cons[火电机组爬坡约束1_5_73],0.0
cons[火电机组爬坡约束2_5_73],0.0
cons[火电机组爬坡约束1_5_74],0.0
cons[火电机组爬坡约束2_5_74],0.0
cons[火电机组爬坡约束1_5_75],0.0
cons[火电机组爬坡约束2_5_75],0.0
cons[火电机组爬坡约束1_5_76],0.0
cons[火电机组爬坡约束2_5_76],0.0
cons[火电机组爬坡约束1_5_77],0.0
cons[火电机组爬坡约束2_5_77],0.0
cons[火电机组爬坡约束1_5_78],0.0
cons[火电机组爬坡约束2_5_78],0.0
cons[火电机组爬坡约束1_5_79],0.0
cons[火电机组爬坡约束2_5_79],0.0
cons[火电机组爬坡约束1_5_80],0.0
cons[火电机组爬坡约束2_5_80],0.0
cons[火电机组爬坡约束1_5_81],0.0
cons[火电机组爬坡约束2_5_81],0.0
cons[火电机组爬坡约束1_5_82],0.0
cons[火电机组爬坡约束2_5_82],0.0
cons[火电机组爬坡约束1_5_83],0.0
cons[火电机组爬坡约束2_5_83],0.0
cons[火电机组爬坡约束1_5_84],0.0
cons[火电机组爬坡约束2_5_84],0.0
cons[火电机组爬坡约束1_5_85],0.0
cons[火电机组爬坡约束2_5_85],0.0
cons[火电机组爬坡约束1_5_86],0.0
cons[火电机组爬坡约束2_5_86],0.0
cons[火电机组爬坡约束1_5_87],0.0
cons[火电机组爬坡约束2_5_87],0.0
cons[火电机组爬坡约束1_5_88],0.0
cons[火电机组爬坡约束2_5_88],0.0
cons[火电机组爬坡约束1_5_89],0.0
cons[火电机组爬坡约束2_5_89],0.0
cons[火电机组爬坡约束1_5_90],0.0
cons[火电机组爬坡约束2_5_90],0.0
cons[火电机组爬坡约束1_5_91],0.0
cons[火电机组爬坡约束2_5_91],0.0
cons[火电机组爬坡约束1_5_92],0.0
cons[火电机组爬坡约束2_5_92],0.0
cons[火电机组爬坡约束1_5_93],0.0
cons[火电机组爬坡约束2_5_93],0.0
cons[火电机组爬坡约束1_5_94],0.0
cons[火电机组爬坡约束2_5_94],0.0
cons[火电机组爬坡约束1_5_95],0.0
cons[火电机组爬坡约束2_5_95],0.0
cons[火电机组爬坡约束1_6_1],0.0
cons[火电机组爬坡约束2_6_1],0.0
cons[火电机组爬坡约束1_6_2],0.0
cons[火电机组爬坡约束2_6_2],0.0
cons[火电机组爬坡约束1_6_3],0.0
cons[火电机组爬坡约束2_6_3],0.0
cons[火电机组爬坡约束1_6_4],0.0
cons[火电机组爬坡约束2_6_4],0.0
cons[火电机组爬坡约束1_6_5],0.0
cons[火电机组爬坡约束2_6_5],0.0
cons[火电机组爬坡约束1_6_6],0.0
cons[火电机组爬坡约束2_6_6],0.0
cons[火电机组爬坡约束1_6_7],0.0
cons[火电机组爬坡约束2_6_7],0.0
cons[火电机组爬坡约束1_6_8],0.0
cons[火电机组爬坡约束2_6_8],0.0
cons[火电机组爬坡约束1_6_9],0.0
cons[火电机组爬坡约束2_6_9],0.0
cons[火电机组爬坡约束1_6_10],0.0
cons[火电机组爬坡约束2_6_10],0.0
cons[火电机组爬坡约束1_6_11],0.0
cons[火电机组爬坡约束2_6_11],0.0
cons[火电机组爬坡约束1_6_12],0.0
cons[火电机组爬坡约束2_6_12],0.0
cons[火电机组爬坡约束1_6_13],0.0
cons[火电机组爬坡约束2_6_13],0.0
cons[火电机组爬坡约束1_6_14],0.0
cons[火电机组爬坡约束2_6_14],0.0
cons[火电机组爬坡约束1_6_15],0.0
cons[火电机组爬坡约束2_6_15],0.0
cons[火电机组爬坡约束1_6_16],0.0
cons[火电机组爬坡约束2_6_16],0.0
cons[火电机组爬坡约束1_6_17],0.0
cons[火电机组爬坡约束2_6_17],0.0
cons[火电机组爬坡约束1_6_18],0.0
cons[火电机组爬坡约束2_6_18],0.0
cons[火电机组爬坡约束1_6_19],0.0
cons[火电机组爬坡约束2_6_19],0.0
cons[火电机组爬坡约束1_6_20],0.0
cons[火电机组爬坡约束2_6_20],0.0
cons[火电机组爬坡约束1_6_21],0.0
cons[火电机组爬坡约束2_6_21],0.0
cons[火电机组爬坡约束1_6_22],0.0
cons[火电机组爬坡约束2_6_22],0.0
cons[火电机组爬坡约束1_6_23],0.0
cons[火电机组爬坡约束2_6_23],0.0
cons[火电机组爬坡约束1_6_24],0.0
cons[火电机组爬坡约束2_6_24],0.0
cons[火电机组爬坡约束1_6_25],0.0
cons[火电机组爬坡约束2_6_25],0.0
cons[火电机组爬坡约束1_6_26],0.0
cons[火电机组爬坡约束2_6_26],0.0
cons[火电机组爬坡约束1_6_27],0.0
cons[火电机组爬坡约束2_6_27],0.0
cons[火电机组爬坡约束1_6_28],0.0
cons[火电机组爬坡约束2_6_28],0.0
cons[火电机组爬坡约束1_6_29],0.0
cons[火电机组爬坡约束2_6_29],0.0
cons[火电机组爬坡约束1_6_30],0.0
cons[火电机组爬坡约束2_6_30],0.0
cons[火电机组爬坡约束1_6_31],0.0
cons[火电机组爬坡约束2_6_31],0.0
cons[火电机组爬坡约束1_6_32],0.0
cons[火电机组爬坡约束2_6_32],0.0
cons[火电机组爬坡约束1_6_33],0.0
cons[火电机组爬坡约束2_6_33],0.0
cons[火电机组爬坡约束1_6_34],0.0
cons[火电机组爬坡约束2_6_34],0.0
cons[火电机组爬坡约束1_6_35],0.0
cons[火电机组爬坡约束2_6_35],0.0
cons[火电机组爬坡约束1_6_36],0.0
cons[火电机组爬坡约束2_6_36],0.0
cons[火电机组爬坡约束1_6_37],0.0
cons[火电机组爬坡约束2_6_37],0.0
cons[火电机组爬坡约束1_6_38],0.0
cons[火电机组爬坡约束2_6_38],0.0
cons[火电机组爬坡约束1_6_39],0.0
cons[火电机组爬坡约束2_6_39],0.0
cons[火电机组爬坡约束1_6_40],0.0
cons[火电机组爬坡约束2_6_40],0.0
cons[火电机组爬坡约束1_6_41],0.0
cons[火电机组爬坡约束2_6_41],0.0
cons[火电机组爬坡约束1_6_42],0.0
cons[火电机组爬坡约束2_6_42],0.0
cons[火电机组爬坡约束1_6_43],0.0
cons[火电机组爬坡约束2_6_43],0.0
cons[火电机组爬坡约束1_6_44],0.0
cons[火电机组爬坡约束2_6_44],0.0
cons[火电机组爬坡约束1_6_45],0.0
cons[火电机组爬坡约束2_6_45],0.0
cons[火电机组爬坡约束1_6_46],0.0
cons[火电机组爬坡约束2_6_46],0.0
cons[火电机组爬坡约束1_6_47],0.0
cons[火电机组爬坡约束2_6_47],0.0
cons[火电机组爬坡约束1_6_48],0.0
cons[火电机组爬坡约束2_6_48],0.0
cons[火电机组爬坡约束1_6_49],0.0
cons[火电机组爬坡约束2_6_49],0.0
cons[火电机组爬坡约束1_6_50],0.0
cons[火电机组爬坡约束2_6_50],0.0
cons[火电机组爬坡约束1_6_51],0.0
cons[火电机组爬坡约束2_6_51],0.0
cons[火电机组爬坡约束1_6_52],0.0
cons[火电机组爬坡约束2_6_52],0.0
cons[火电机组爬坡约束1_6_53],0.0
cons[火电机组爬坡约束2_6_53],0.0
cons[火电机组爬坡约束1_6_54],0.0
cons[火电机组爬坡约束2_6_54],0.0
cons[火电机组爬坡约束1_6_55],0.0
cons[火电机组爬坡约束2_6_55],0.0
cons[火电机组爬坡约束1_6_56],0.0
cons[火电机组爬坡约束2_6_56],0.0
cons[火电机组爬坡约束1_6_57],0.0
cons[火电机组爬坡约束2_6_57],0.0
cons[火电机组爬坡约束1_6_58],0.0
cons[火电机组爬坡约束2_6_58],0.0
cons[火电机组爬坡约束1_6_59],0.0
cons[火电机组爬坡约束2_6_59],0.0
cons[火电机组爬坡约束1_6_60],0.0
cons[火电机组爬坡约束2_6_60],0.0
cons[火电机组爬坡约束1_6_61],0.0
cons[火电机组爬坡约束2_6_61],0.0
cons[火电机组爬坡约束1_6_62],0.0
cons[火电机组爬坡约束2_6_62],0.0
cons[火电机组爬坡约束1_6_63],0.0
cons[火电机组爬坡约束2_6_63],0.0
cons[火电机组爬坡约束1_6_64],0.0
cons[火电机组爬坡约束2_6_64],0.0
cons[火电机组爬坡约束1_6_65],0.0
cons[火电机组爬坡约束2_6_65],0.0
cons[火电机组爬坡约束1_6_66],0.0
cons[火电机组爬坡约束2_6_66],0.0
cons[火电机组爬坡约束1_6_67],0.0
cons[火电机组爬坡约束2_6_67],0.0
cons[火电机组爬坡约束1_6_68],0.0
cons[火电机组爬坡约束2_6_68],0.0
cons[火电机组爬坡约束1_6_69],0.0
cons[火电机组爬坡约束2_6_69],0.0
cons[火电机组爬坡约束1_6_70],0.0
cons[火电机组爬坡约束2_6_70],0.0
cons[火电机组爬坡约束1_6_71],0.0
cons[火电机组爬坡约束2_6_71],0.0
cons[火电机组爬坡约束1_6_72],0.0
cons[火电机组爬坡约束2_6_72],0.0
cons[火电机组爬坡约束1_6_73],0.0
cons[火电机组爬坡约束2_6_73],0.0
cons[火电机组爬坡约束1_6_74],0.0
cons[火电机组爬坡约束2_6_74],0.0
cons[火电机组爬坡约束1_6_75],0.0
cons[火电机组爬坡约束2_6_75],0.0
cons[火电机组爬坡约束1_6_76],0.0
cons[火电机组爬坡约束2_6_76],0.0
cons[火电机组爬坡约束1_6_77],0.0
cons[火电机组爬坡约束2_6_77],0.0
cons[火电机组爬坡约束1_6_78],0.0
cons[火电机组爬坡约束2_6_78],0.0
cons[火电机组爬坡约束1_6_79],0.0
cons[火电机组爬坡约束2_6_79],0.0
cons[火电机组爬坡约束1_6_80],0.0
cons[火电机组爬坡约束2_6_80],0.0
cons[火电机组爬坡约束1_6_81],0.0
cons[火电机组爬坡约束2_6_81],0.0
cons[火电机组爬坡约束1_6_82],0.0
cons[火电机组爬坡约束2_6_82],0.0
cons[火电机组爬坡约束1_6_83],0.0
cons[火电机组爬坡约束2_6_83],0.0
cons[火电机组爬坡约束1_6_84],0.0
cons[火电机组爬坡约束2_6_84],0.0
cons[火电机组爬坡约束1_6_85],0.0
cons[火电机组爬坡约束2_6_85],0.0
cons[火电机组爬坡约束1_6_86],0.0
cons[火电机组爬坡约束2_6_86],0.0
cons[火电机组爬坡约束1_6_87],0.0
cons[火电机组爬坡约束2_6_87],0.0
cons[火电机组爬坡约束1_6_88],0.0
cons[火电机组爬坡约束2_6_88],0.0
cons[火电机组爬坡约束1_6_89],0.0
cons[火电机组爬坡约束2_6_89],0.0
cons[火电机组爬坡约束1_6_90],0.0
cons[火电机组爬坡约束2_6_90],0.0
cons[火电机组爬坡约束1_6_91],0.0
cons[火电机组爬坡约束2_6_91],0.0
cons[火电机组爬坡约束1_6_92],0.0
cons[火电机组爬坡约束2_6_92],0.0
cons[火电机组爬坡约束1_6_93],0.0
cons[火电机组爬坡约束2_6_93],0.0
cons[火电机组爬坡约束1_6_94],0.0
cons[火电机组爬坡约束2_6_94],0.0
cons[火电机组爬坡约束1_6_95],0.0
cons[火电机组爬坡约束2_6_95],0.0
cons[火电机组爬坡约束1_7_1],0.0
cons[火电机组爬坡约束2_7_1],0.0
cons[火电机组爬坡约束1_7_2],0.0
cons[火电机组爬坡约束2_7_2],0.0
cons[火电机组爬坡约束1_7_3],0.0
cons[火电机组爬坡约束2_7_3],0.0
cons[火电机组爬坡约束1_7_4],0.0
cons[火电机组爬坡约束2_7_4],0.0
cons[火电机组爬坡约束1_7_5],0.0
cons[火电机组爬坡约束2_7_5],0.0
cons[火电机组爬坡约束1_7_6],0.0
cons[火电机组爬坡约束2_7_6],0.0
cons[火电机组爬坡约束1_7_7],0.0
cons[火电机组爬坡约束2_7_7],0.0
cons[火电机组爬坡约束1_7_8],0.0
cons[火电机组爬坡约束2_7_8],0.0
cons[火电机组爬坡约束1_7_9],0.0
cons[火电机组爬坡约束2_7_9],0.0
cons[火电机组爬坡约束1_7_10],0.0
cons[火电机组爬坡约束2_7_10],0.0
cons[火电机组爬坡约束1_7_11],0.0
cons[火电机组爬坡约束2_7_11],0.0
cons[火电机组爬坡约束1_7_12],0.0
cons[火电机组爬坡约束2_7_12],0.0
cons[火电机组爬坡约束1_7_13],0.0
cons[火电机组爬坡约束2_7_13],0.0
cons[火电机组爬坡约束1_7_14],0.0
cons[火电机组爬坡约束2_7_14],0.0
cons[火电机组爬坡约束1_7_15],0.0
cons[火电机组爬坡约束2_7_15],0.0
cons[火电机组爬坡约束1_7_16],0.0
cons[火电机组爬坡约束2_7_16],0.0
cons[火电机组爬坡约束1_7_17],0.0
cons[火电机组爬坡约束2_7_17],0.0
cons[火电机组爬坡约束1_7_18],0.0
cons[火电机组爬坡约束2_7_18],0.0
cons[火电机组爬坡约束1_7_19],0.0
cons[火电机组爬坡约束2_7_19],0.0
cons[火电机组爬坡约束1_7_20],0.0
cons[火电机组爬坡约束2_7_20],0.0
cons[火电机组爬坡约束1_7_21],0.0
cons[火电机组爬坡约束2_7_21],0.0
cons[火电机组爬坡约束1_7_22],0.0
cons[火电机组爬坡约束2_7_22],0.0
cons[火电机组爬坡约束1_7_23],0.0
cons[火电机组爬坡约束2_7_23],0.0
cons[火电机组爬坡约束1_7_24],0.0
cons[火电机组爬坡约束2_7_24],0.0
cons[火电机组爬坡约束1_7_25],0.0
cons[火电机组爬坡约束2_7_25],0.0
cons[火电机组爬坡约束1_7_26],0.0
cons[火电机组爬坡约束2_7_26],0.0
cons[火电机组爬坡约束1_7_27],0.0
cons[火电机组爬坡约束2_7_27],0.0
cons[火电机组爬坡约束1_7_28],0.0
cons[火电机组爬坡约束2_7_28],0.0
cons[火电机组爬坡约束1_7_29],0.0
cons[火电机组爬坡约束2_7_29],0.0
cons[火电机组爬坡约束1_7_30],0.0
cons[火电机组爬坡约束2_7_30],0.0
cons[火电机组爬坡约束1_7_31],0.0
cons[火电机组爬坡约束2_7_31],0.0
cons[火电机组爬坡约束1_7_32],0.0
cons[火电机组爬坡约束2_7_32],0.0
cons[火电机组爬坡约束1_7_33],0.0
cons[火电机组爬坡约束2_7_33],0.0
cons[火电机组爬坡约束1_7_34],0.0
cons[火电机组爬坡约束2_7_34],0.0
cons[火电机组爬坡约束1_7_35],0.0
cons[火电机组爬坡约束2_7_35],0.0
cons[火电机组爬坡约束1_7_36],0.0
cons[火电机组爬坡约束2_7_36],0.0
cons[火电机组爬坡约束1_7_37],0.0
cons[火电机组爬坡约束2_7_37],0.0
cons[火电机组爬坡约束1_7_38],0.0
cons[火电机组爬坡约束2_7_38],0.0
cons[火电机组爬坡约束1_7_39],0.0
cons[火电机组爬坡约束2_7_39],0.0
cons[火电机组爬坡约束1_7_40],0.0
cons[火电机组爬坡约束2_7_40],0.0
cons[火电机组爬坡约束1_7_41],0.0
cons[火电机组爬坡约束2_7_41],0.0
cons[火电机组爬坡约束1_7_42],0.0
cons[火电机组爬坡约束2_7_42],0.0
cons[火电机组爬坡约束1_7_43],0.0
cons[火电机组爬坡约束2_7_43],0.0
cons[火电机组爬坡约束1_7_44],0.0
cons[火电机组爬坡约束2_7_44],0.0
cons[火电机组爬坡约束1_7_45],0.0
cons[火电机组爬坡约束2_7_45],0.0
cons[火电机组爬坡约束1_7_46],0.0
cons[火电机组爬坡约束2_7_46],0.0
cons[火电机组爬坡约束1_7_47],0.0
cons[火电机组爬坡约束2_7_47],0.0
cons[火电机组爬坡约束1_7_48],0.0
cons[火电机组爬坡约束2_7_48],0.0
cons[火电机组爬坡约束1_7_49],0.0
cons[火电机组爬坡约束2_7_49],0.0
cons[火电机组爬坡约束1_7_50],0.0
cons[火电机组爬坡约束2_7_50],0.0
cons[火电机组爬坡约束1_7_51],0.0
cons[火电机组爬坡约束2_7_51],0.0
cons[火电机组爬坡约束1_7_52],0.0
cons[火电机组爬坡约束2_7_52],0.0
cons[火电机组爬坡约束1_7_53],0.0
cons[火电机组爬坡约束2_7_53],0.0
cons[火电机组爬坡约束1_7_54],0.0
cons[火电机组爬坡约束2_7_54],0.0
cons[火电机组爬坡约束1_7_55],0.0
cons[火电机组爬坡约束2_7_55],0.0
cons[火电机组爬坡约束1_7_56],0.0
cons[火电机组爬坡约束2_7_56],0.0
cons[火电机组爬坡约束1_7_57],0.0
cons[火电机组爬坡约束2_7_57],0.0
cons[火电机组爬坡约束1_7_58],0.0
cons[火电机组爬坡约束2_7_58],0.0
cons[火电机组爬坡约束1_7_59],0.0
cons[火电机组爬坡约束2_7_59],0.0
cons[火电机组爬坡约束1_7_60],0.0
cons[火电机组爬坡约束2_7_60],0.0
cons[火电机组爬坡约束1_7_61],0.0
cons[火电机组爬坡约束2_7_61],0.0
cons[火电机组爬坡约束1_7_62],0.0
cons[火电机组爬坡约束2_7_62],0.0
cons[火电机组爬坡约束1_7_63],0.0
cons[火电机组爬坡约束2_7_63],0.0
cons[火电机组爬坡约束1_7_64],0.0
cons[火电机组爬坡约束2_7_64],0.0
cons[火电机组爬坡约束1_7_65],0.0
cons[火电机组爬坡约束2_7_65],0.0
cons[火电机组爬坡约束1_7_66],0.0
cons[火电机组爬坡约束2_7_66],0.0
cons[火电机组爬坡约束1_7_67],0.0
cons[火电机组爬坡约束2_7_67],0.0
cons[火电机组爬坡约束1_7_68],0.0
cons[火电机组爬坡约束2_7_68],0.0
cons[火电机组爬坡约束1_7_69],0.0
cons[火电机组爬坡约束2_7_69],0.0
cons[火电机组爬坡约束1_7_70],0.0
cons[火电机组爬坡约束2_7_70],0.0
cons[火电机组爬坡约束1_7_71],0.0
cons[火电机组爬坡约束2_7_71],0.0
cons[火电机组爬坡约束1_7_72],0.0
cons[火电机组爬坡约束2_7_72],0.0
cons[火电机组爬坡约束1_7_73],0.0
cons[火电机组爬坡约束2_7_73],0.0
cons[火电机组爬坡约束1_7_74],0.0
cons[火电机组爬坡约束2_7_74],0.0
cons[火电机组爬坡约束1_7_75],0.0
cons[火电机组爬坡约束2_7_75],0.0
cons[火电机组爬坡约束1_7_76],0.0
cons[火电机组爬坡约束2_7_76],0.0
cons[火电机组爬坡约束1_7_77],0.0
cons[火电机组爬坡约束2_7_77],0.0
cons[火电机组爬坡约束1_7_78],0.0
cons[火电机组爬坡约束2_7_78],0.0
cons[火电机组爬坡约束1_7_79],0.0
cons[火电机组爬坡约束2_7_79],0.0
cons[火电机组爬坡约束1_7_80],0.0
cons[火电机组爬坡约束2_7_80],0.0
cons[火电机组爬坡约束1_7_81],0.0
cons[火电机组爬坡约束2_7_81],0.0
cons[火电机组爬坡约束1_7_82],0.0
cons[火电机组爬坡约束2_7_82],0.0
cons[火电机组爬坡约束1_7_83],0.0
cons[火电机组爬坡约束2_7_83],0.0
cons[火电机组爬坡约束1_7_84],0.0
cons[火电机组爬坡约束2_7_84],0.0
cons[火电机组爬坡约束1_7_85],0.0
cons[火电机组爬坡约束2_7_85],0.0
cons[火电机组爬坡约束1_7_86],0.0
cons[火电机组爬坡约束2_7_86],0.0
cons[火电机组爬坡约束1_7_87],0.0
cons[火电机组爬坡约束2_7_87],0.0
cons[火电机组爬坡约束1_7_88],0.0
cons[火电机组爬坡约束2_7_88],0.0
cons[火电机组爬坡约束1_7_89],0.0
cons[火电机组爬坡约束2_7_89],0.0
cons[火电机组爬坡约束1_7_90],0.0
cons[火电机组爬坡约束2_7_90],0.0
cons[火电机组爬坡约束1_7_91],0.0
cons[火电机组爬坡约束2_7_91],0.0
cons[火电机组爬坡约束1_7_92],0.0
cons[火电机组爬坡约束2_7_92],0.0
cons[火电机组爬坡约束1_7_93],0.0
cons[火电机组爬坡约束2_7_93],0.0
cons[火电机组爬坡约束1_7_94],0.0
cons[火电机组爬坡约束2_7_94],0.0
cons[火电机组爬坡约束1_7_95],0.0
cons[火电机组爬坡约束2_7_95],0.0
cons[火电机组爬坡约束1_8_1],0.0
cons[火电机组爬坡约束2_8_1],0.0
cons[火电机组爬坡约束1_8_2],0.0
cons[火电机组爬坡约束2_8_2],0.0
cons[火电机组爬坡约束1_8_3],0.0
cons[火电机组爬坡约束2_8_3],0.0
cons[火电机组爬坡约束1_8_4],0.0
cons[火电机组爬坡约束2_8_4],0.0
cons[火电机组爬坡约束1_8_5],0.0
cons[火电机组爬坡约束2_8_5],0.0
cons[火电机组爬坡约束1_8_6],0.0
cons[火电机组爬坡约束2_8_6],0.0
cons[火电机组爬坡约束1_8_7],0.0
cons[火电机组爬坡约束2_8_7],0.0
cons[火电机组爬坡约束1_8_8],0.0
cons[火电机组爬坡约束2_8_8],0.0
cons[火电机组爬坡约束1_8_9],0.0
cons[火电机组爬坡约束2_8_9],0.0
cons[火电机组爬坡约束1_8_10],0.0
cons[火电机组爬坡约束2_8_10],0.0
cons[火电机组爬坡约束1_8_11],0.0
cons[火电机组爬坡约束2_8_11],0.0
cons[火电机组爬坡约束1_8_12],0.0
cons[火电机组爬坡约束2_8_12],0.0
cons[火电机组爬坡约束1_8_13],0.0
cons[火电机组爬坡约束2_8_13],0.0
cons[火电机组爬坡约束1_8_14],0.0
cons[火电机组爬坡约束2_8_14],0.0
cons[火电机组爬坡约束1_8_15],0.0
cons[火电机组爬坡约束2_8_15],0.0
cons[火电机组爬坡约束1_8_16],0.0
cons[火电机组爬坡约束2_8_16],0.0
cons[火电机组爬坡约束1_8_17],0.0
cons[火电机组爬坡约束2_8_17],0.0
cons[火电机组爬坡约束1_8_18],0.0
cons[火电机组爬坡约束2_8_18],0.0
cons[火电机组爬坡约束1_8_19],0.0
cons[火电机组爬坡约束2_8_19],0.0
cons[火电机组爬坡约束1_8_20],0.0
cons[火电机组爬坡约束2_8_20],0.0
cons[火电机组爬坡约束1_8_21],0.0
cons[火电机组爬坡约束2_8_21],0.0
cons[火电机组爬坡约束1_8_22],0.0
cons[火电机组爬坡约束2_8_22],0.0
cons[火电机组爬坡约束1_8_23],0.0
cons[火电机组爬坡约束2_8_23],0.0
cons[火电机组爬坡约束1_8_24],0.0
cons[火电机组爬坡约束2_8_24],0.0
cons[火电机组爬坡约束1_8_25],0.0
cons[火电机组爬坡约束2_8_25],0.0
cons[火电机组爬坡约束1_8_26],0.0
cons[火电机组爬坡约束2_8_26],0.0
cons[火电机组爬坡约束1_8_27],0.0
cons[火电机组爬坡约束2_8_27],0.0
cons[火电机组爬坡约束1_8_28],0.0
cons[火电机组爬坡约束2_8_28],0.0
cons[火电机组爬坡约束1_8_29],0.0
cons[火电机组爬坡约束2_8_29],0.0
cons[火电机组爬坡约束1_8_30],0.0
cons[火电机组爬坡约束2_8_30],0.0
cons[火电机组爬坡约束1_8_31],0.0
cons[火电机组爬坡约束2_8_31],0.0
cons[火电机组爬坡约束1_8_32],0.0
cons[火电机组爬坡约束2_8_32],0.0
cons[火电机组爬坡约束1_8_33],0.0
cons[火电机组爬坡约束2_8_33],0.0
cons[火电机组爬坡约束1_8_34],0.0
cons[火电机组爬坡约束2_8_34],0.0
cons[火电机组爬坡约束1_8_35],0.0
cons[火电机组爬坡约束2_8_35],0.0
cons[火电机组爬坡约束1_8_36],0.0
cons[火电机组爬坡约束2_8_36],0.0
cons[火电机组爬坡约束1_8_37],0.0
cons[火电机组爬坡约束2_8_37],0.0
cons[火电机组爬坡约束1_8_38],0.0
cons[火电机组爬坡约束2_8_38],0.0
cons[火电机组爬坡约束1_8_39],0.0
cons[火电机组爬坡约束2_8_39],0.0
cons[火电机组爬坡约束1_8_40],0.0
cons[火电机组爬坡约束2_8_40],0.0
cons[火电机组爬坡约束1_8_41],0.0
cons[火电机组爬坡约束2_8_41],0.0
cons[火电机组爬坡约束1_8_42],0.0
cons[火电机组爬坡约束2_8_42],0.0
cons[火电机组爬坡约束1_8_43],0.0
cons[火电机组爬坡约束2_8_43],0.0
cons[火电机组爬坡约束1_8_44],0.0
cons[火电机组爬坡约束2_8_44],0.0
cons[火电机组爬坡约束1_8_45],0.0
cons[火电机组爬坡约束2_8_45],0.0
cons[火电机组爬坡约束1_8_46],0.0
cons[火电机组爬坡约束2_8_46],0.0
cons[火电机组爬坡约束1_8_47],0.0
cons[火电机组爬坡约束2_8_47],0.0
cons[火电机组爬坡约束1_8_48],0.0
cons[火电机组爬坡约束2_8_48],0.0
cons[火电机组爬坡约束1_8_49],0.0
cons[火电机组爬坡约束2_8_49],0.0
cons[火电机组爬坡约束1_8_50],0.0
cons[火电机组爬坡约束2_8_50],0.0
cons[火电机组爬坡约束1_8_51],0.0
cons[火电机组爬坡约束2_8_51],0.0
cons[火电机组爬坡约束1_8_52],0.0
cons[火电机组爬坡约束2_8_52],0.0
cons[火电机组爬坡约束1_8_53],0.0
cons[火电机组爬坡约束2_8_53],0.0
cons[火电机组爬坡约束1_8_54],0.0
cons[火电机组爬坡约束2_8_54],0.0
cons[火电机组爬坡约束1_8_55],0.0
cons[火电机组爬坡约束2_8_55],0.0
cons[火电机组爬坡约束1_8_56],0.0
cons[火电机组爬坡约束2_8_56],0.0
cons[火电机组爬坡约束1_8_57],0.0
cons[火电机组爬坡约束2_8_57],0.0
cons[火电机组爬坡约束1_8_58],0.0
cons[火电机组爬坡约束2_8_58],0.0
cons[火电机组爬坡约束1_8_59],0.0
cons[火电机组爬坡约束2_8_59],0.0
cons[火电机组爬坡约束1_8_60],0.0
cons[火电机组爬坡约束2_8_60],0.0
cons[火电机组爬坡约束1_8_61],0.0
cons[火电机组爬坡约束2_8_61],0.0
cons[火电机组爬坡约束1_8_62],0.0
cons[火电机组爬坡约束2_8_62],0.0
cons[火电机组爬坡约束1_8_63],0.0
cons[火电机组爬坡约束2_8_63],0.0
cons[火电机组爬坡约束1_8_64],0.0
cons[火电机组爬坡约束2_8_64],0.0
cons[火电机组爬坡约束1_8_65],0.0
cons[火电机组爬坡约束2_8_65],0.0
cons[火电机组爬坡约束1_8_66],0.0
cons[火电机组爬坡约束2_8_66],0.0
cons[火电机组爬坡约束1_8_67],0.0
cons[火电机组爬坡约束2_8_67],0.0
cons[火电机组爬坡约束1_8_68],0.0
cons[火电机组爬坡约束2_8_68],0.0
cons[火电机组爬坡约束1_8_69],0.0
cons[火电机组爬坡约束2_8_69],0.0
cons[火电机组爬坡约束1_8_70],0.0
cons[火电机组爬坡约束2_8_70],0.0
cons[火电机组爬坡约束1_8_71],0.0
cons[火电机组爬坡约束2_8_71],0.0
cons[火电机组爬坡约束1_8_72],0.0
cons[火电机组爬坡约束2_8_72],0.0
cons[火电机组爬坡约束1_8_73],0.0
cons[火电机组爬坡约束2_8_73],0.0
cons[火电机组爬坡约束1_8_74],0.0
cons[火电机组爬坡约束2_8_74],0.0
cons[火电机组爬坡约束1_8_75],0.0
cons[火电机组爬坡约束2_8_75],0.0
cons[火电机组爬坡约束1_8_76],0.0
cons[火电机组爬坡约束2_8_76],0.0
cons[火电机组爬坡约束1_8_77],0.0
cons[火电机组爬坡约束2_8_77],0.0
cons[火电机组爬坡约束1_8_78],0.0
cons[火电机组爬坡约束2_8_78],0.0
cons[火电机组爬坡约束1_8_79],0.0
cons[火电机组爬坡约束2_8_79],0.0
cons[火电机组爬坡约束1_8_80],0.0
cons[火电机组爬坡约束2_8_80],0.0
cons[火电机组爬坡约束1_8_81],0.0
cons[火电机组爬坡约束2_8_81],0.0
cons[火电机组爬坡约束1_8_82],0.0
cons[火电机组爬坡约束2_8_82],0.0
cons[火电机组爬坡约束1_8_83],0.0
cons[火电机组爬坡约束2_8_83],0.0
cons[火电机组爬坡约束1_8_84],0.0
cons[火电机组爬坡约束2_8_84],0.0
cons[火电机组爬坡约束1_8_85],0.0
cons[火电机组爬坡约束2_8_85],0.0
cons[火电机组爬坡约束1_8_86],0.0
cons[火电机组爬坡约束2_8_86],0.0
cons[火电机组爬坡约束1_8_87],0.0
cons[火电机组爬坡约束2_8_87],0.0
cons[火电机组爬坡约束1_8_88],0.0
cons[火电机组爬坡约束2_8_88],0.0
cons[火电机组爬坡约束1_8_89],0.0
cons[火电机组爬坡约束2_8_89],0.0
cons[火电机组爬坡约束1_8_90],0.0
cons[火电机组爬坡约束2_8_90],0.0
cons[火电机组爬坡约束1_8_91],0.0
cons[火电机组爬坡约束2_8_91],0.0
cons[火电机组爬坡约束1_8_92],0.0
cons[火电机组爬坡约束2_8_92],0.0
cons[火电机组爬坡约束1_8_93],0.0
cons[火电机组爬坡约束2_8_93],0.0
cons[火电机组爬坡约束1_8_94],0.0
cons[火电机组爬坡约束2_8_94],0.0
cons[火电机组爬坡约束1_8_95],0.0
cons[火电机组爬坡约束2_8_95],0.0
cons[火电机组爬坡约束1_9_1],0.0
cons[火电机组爬坡约束2_9_1],0.0
cons[火电机组爬坡约束1_9_2],0.0
cons[火电机组爬坡约束2_9_2],0.0
cons[火电机组爬坡约束1_9_3],0.0
cons[火电机组爬坡约束2_9_3],0.0
cons[火电机组爬坡约束1_9_4],0.0
cons[火电机组爬坡约束2_9_4],0.0
cons[火电机组爬坡约束1_9_5],0.0
cons[火电机组爬坡约束2_9_5],0.0
cons[火电机组爬坡约束1_9_6],0.0
cons[火电机组爬坡约束2_9_6],0.0
cons[火电机组爬坡约束1_9_7],0.0
cons[火电机组爬坡约束2_9_7],0.0
cons[火电机组爬坡约束1_9_8],0.0
cons[火电机组爬坡约束2_9_8],0.0
cons[火电机组爬坡约束1_9_9],0.0
cons[火电机组爬坡约束2_9_9],0.0
cons[火电机组爬坡约束1_9_10],0.0
cons[火电机组爬坡约束2_9_10],0.0
cons[火电机组爬坡约束1_9_11],0.0
cons[火电机组爬坡约束2_9_11],0.0
cons[火电机组爬坡约束1_9_12],0.0
cons[火电机组爬坡约束2_9_12],0.0
cons[火电机组爬坡约束1_9_13],0.0
cons[火电机组爬坡约束2_9_13],0.0
cons[火电机组爬坡约束1_9_14],0.0
cons[火电机组爬坡约束2_9_14],0.0
cons[火电机组爬坡约束1_9_15],0.0
cons[火电机组爬坡约束2_9_15],0.0
cons[火电机组爬坡约束1_9_16],0.0
cons[火电机组爬坡约束2_9_16],0.0
cons[火电机组爬坡约束1_9_17],0.0
cons[火电机组爬坡约束2_9_17],0.0
cons[火电机组爬坡约束1_9_18],0.0
cons[火电机组爬坡约束2_9_18],0.0
cons[火电机组爬坡约束1_9_19],0.0
cons[火电机组爬坡约束2_9_19],0.0
cons[火电机组爬坡约束1_9_20],0.0
cons[火电机组爬坡约束2_9_20],0.0
cons[火电机组爬坡约束1_9_21],0.0
cons[火电机组爬坡约束2_9_21],0.0
cons[火电机组爬坡约束1_9_22],0.0
cons[火电机组爬坡约束2_9_22],0.0
cons[火电机组爬坡约束1_9_23],0.0
cons[火电机组爬坡约束2_9_23],0.0
cons[火电机组爬坡约束1_9_24],0.0
cons[火电机组爬坡约束2_9_24],0.0
cons[火电机组爬坡约束1_9_25],0.0
cons[火电机组爬坡约束2_9_25],0.0
cons[火电机组爬坡约束1_9_26],0.0
cons[火电机组爬坡约束2_9_26],0.0
cons[火电机组爬坡约束1_9_27],0.0
cons[火电机组爬坡约束2_9_27],0.0
cons[火电机组爬坡约束1_9_28],0.0
cons[火电机组爬坡约束2_9_28],0.0
cons[火电机组爬坡约束1_9_29],0.0
cons[火电机组爬坡约束2_9_29],0.0
cons[火电机组爬坡约束1_9_30],0.0
cons[火电机组爬坡约束2_9_30],0.0
cons[火电机组爬坡约束1_9_31],0.0
cons[火电机组爬坡约束2_9_31],0.0
cons[火电机组爬坡约束1_9_32],0.0
cons[火电机组爬坡约束2_9_32],0.0
cons[火电机组爬坡约束1_9_33],0.0
cons[火电机组爬坡约束2_9_33],0.0
cons[火电机组爬坡约束1_9_34],0.0
cons[火电机组爬坡约束2_9_34],0.0
cons[火电机组爬坡约束1_9_35],0.0
cons[火电机组爬坡约束2_9_35],0.0
cons[火电机组爬坡约束1_9_36],0.0
cons[火电机组爬坡约束2_9_36],0.0
cons[火电机组爬坡约束1_9_37],0.0
cons[火电机组爬坡约束2_9_37],0.0
cons[火电机组爬坡约束1_9_38],0.0
cons[火电机组爬坡约束2_9_38],0.0
cons[火电机组爬坡约束1_9_39],0.0
cons[火电机组爬坡约束2_9_39],0.0
cons[火电机组爬坡约束1_9_40],0.0
cons[火电机组爬坡约束2_9_40],0.0
cons[火电机组爬坡约束1_9_41],0.0
cons[火电机组爬坡约束2_9_41],0.0
cons[火电机组爬坡约束1_9_42],0.0
cons[火电机组爬坡约束2_9_42],0.0
cons[火电机组爬坡约束1_9_43],0.0
cons[火电机组爬坡约束2_9_43],0.0
cons[火电机组爬坡约束1_9_44],0.0
cons[火电机组爬坡约束2_9_44],0.0
cons[火电机组爬坡约束1_9_45],0.0
cons[火电机组爬坡约束2_9_45],0.0
cons[火电机组爬坡约束1_9_46],0.0
cons[火电机组爬坡约束2_9_46],0.0
cons[火电机组爬坡约束1_9_47],0.0
cons[火电机组爬坡约束2_9_47],0.0
cons[火电机组爬坡约束1_9_48],0.0
cons[火电机组爬坡约束2_9_48],0.0
cons[火电机组爬坡约束1_9_49],0.0
cons[火电机组爬坡约束2_9_49],0.0
cons[火电机组爬坡约束1_9_50],0.0
cons[火电机组爬坡约束2_9_50],0.0
cons[火电机组爬坡约束1_9_51],0.0
cons[火电机组爬坡约束2_9_51],0.0
cons[火电机组爬坡约束1_9_52],0.0
cons[火电机组爬坡约束2_9_52],0.0
cons[火电机组爬坡约束1_9_53],0.0
cons[火电机组爬坡约束2_9_53],0.0
cons[火电机组爬坡约束1_9_54],0.0
cons[火电机组爬坡约束2_9_54],0.0
cons[火电机组爬坡约束1_9_55],0.0
cons[火电机组爬坡约束2_9_55],0.0
cons[火电机组爬坡约束1_9_56],0.0
cons[火电机组爬坡约束2_9_56],0.0
cons[火电机组爬坡约束1_9_57],0.0
cons[火电机组爬坡约束2_9_57],0.0
cons[火电机组爬坡约束1_9_58],0.0
cons[火电机组爬坡约束2_9_58],0.0
cons[火电机组爬坡约束1_9_59],0.0
cons[火电机组爬坡约束2_9_59],0.0
cons[火电机组爬坡约束1_9_60],0.0
cons[火电机组爬坡约束2_9_60],0.0
cons[火电机组爬坡约束1_9_61],0.0
cons[火电机组爬坡约束2_9_61],0.0
cons[火电机组爬坡约束1_9_62],0.0
cons[火电机组爬坡约束2_9_62],0.0
cons[火电机组爬坡约束1_9_63],0.0
cons[火电机组爬坡约束2_9_63],0.0
cons[火电机组爬坡约束1_9_64],0.0
cons[火电机组爬坡约束2_9_64],0.0
cons[火电机组爬坡约束1_9_65],0.0
cons[火电机组爬坡约束2_9_65],0.0
cons[火电机组爬坡约束1_9_66],0.0
cons[火电机组爬坡约束2_9_66],0.0
cons[火电机组爬坡约束1_9_67],0.0
cons[火电机组爬坡约束2_9_67],0.0
cons[火电机组爬坡约束1_9_68],0.0
cons[火电机组爬坡约束2_9_68],0.0
cons[火电机组爬坡约束1_9_69],0.0
cons[火电机组爬坡约束2_9_69],0.0
cons[火电机组爬坡约束1_9_70],0.0
cons[火电机组爬坡约束2_9_70],0.0
cons[火电机组爬坡约束1_9_71],0.0
cons[火电机组爬坡约束2_9_71],0.0
cons[火电机组爬坡约束1_9_72],0.0
cons[火电机组爬坡约束2_9_72],0.0
cons[火电机组爬坡约束1_9_73],0.0
cons[火电机组爬坡约束2_9_73],0.0
cons[火电机组爬坡约束1_9_74],0.0
cons[火电机组爬坡约束2_9_74],0.0
cons[火电机组爬坡约束1_9_75],0.0
cons[火电机组爬坡约束2_9_75],0.0
cons[火电机组爬坡约束1_9_76],0.0
cons[火电机组爬坡约束2_9_76],0.0
cons[火电机组爬坡约束1_9_77],0.0
cons[火电机组爬坡约束2_9_77],0.0
cons[火电机组爬坡约束1_9_78],0.0
cons[火电机组爬坡约束2_9_78],0.0
cons[火电机组爬坡约束1_9_79],0.0
cons[火电机组爬坡约束2_9_79],0.0
cons[火电机组爬坡约束1_9_80],0.0
cons[火电机组爬坡约束2_9_80],0.0
cons[火电机组爬坡约束1_9_81],0.0
cons[火电机组爬坡约束2_9_81],0.0
cons[火电机组爬坡约束1_9_82],0.0
cons[火电机组爬坡约束2_9_82],0.0
cons[火电机组爬坡约束1_9_83],0.0
cons[火电机组爬坡约束2_9_83],0.0
cons[火电机组爬坡约束1_9_84],0.0
cons[火电机组爬坡约束2_9_84],0.0
cons[火电机组爬坡约束1_9_85],0.0
cons[火电机组爬坡约束2_9_85],0.0
cons[火电机组爬坡约束1_9_86],0.0
cons[火电机组爬坡约束2_9_86],0.0
cons[火电机组爬坡约束1_9_87],0.0
cons[火电机组爬坡约束2_9_87],0.0
cons[火电机组爬坡约束1_9_88],0.0
cons[火电机组爬坡约束2_9_88],0.0
cons[火电机组爬坡约束1_9_89],0.0
cons[火电机组爬坡约束2_9_89],0.0
cons[火电机组爬坡约束1_9_90],0.0
cons[火电机组爬坡约束2_9_90],0.0
cons[火电机组爬坡约束1_9_91],0.0
cons[火电机组爬坡约束2_9_91],0.0
cons[火电机组爬坡约束1_9_92],0.0
cons[火电机组爬坡约束2_9_92],0.0
cons[火电机组爬坡约束1_9_93],0.0
cons[火电机组爬坡约束2_9_93],0.0
cons[火电机组爬坡约束1_9_94],0.0
cons[火电机组爬坡约束2_9_94],0.0
cons[火电机组爬坡约束1_9_95],0.0
cons[火电机组爬坡约束2_9_95],0.0
cons[火电机组爬坡约束1_10_1],0.0
cons[火电机组爬坡约束2_10_1],0.0
cons[火电机组爬坡约束1_10_2],0.0
cons[火电机组爬坡约束2_10_2],0.0
cons[火电机组爬坡约束1_10_3],0.0
cons[火电机组爬坡约束2_10_3],0.0
cons[火电机组爬坡约束1_10_4],0.0
cons[火电机组爬坡约束2_10_4],0.0
cons[火电机组爬坡约束1_10_5],0.0
cons[火电机组爬坡约束2_10_5],0.0
cons[火电机组爬坡约束1_10_6],0.0
cons[火电机组爬坡约束2_10_6],0.0
cons[火电机组爬坡约束1_10_7],0.0
cons[火电机组爬坡约束2_10_7],0.0
cons[火电机组爬坡约束1_10_8],0.0
cons[火电机组爬坡约束2_10_8],0.0
cons[火电机组爬坡约束1_10_9],0.0
cons[火电机组爬坡约束2_10_9],0.0
cons[火电机组爬坡约束1_10_10],0.0
cons[火电机组爬坡约束2_10_10],0.0
cons[火电机组爬坡约束1_10_11],0.0
cons[火电机组爬坡约束2_10_11],0.0
cons[火电机组爬坡约束1_10_12],0.0
cons[火电机组爬坡约束2_10_12],0.0
cons[火电机组爬坡约束1_10_13],0.0
cons[火电机组爬坡约束2_10_13],0.0
cons[火电机组爬坡约束1_10_14],0.0
cons[火电机组爬坡约束2_10_14],0.0
cons[火电机组爬坡约束1_10_15],0.0
cons[火电机组爬坡约束2_10_15],0.0
cons[火电机组爬坡约束1_10_16],0.0
cons[火电机组爬坡约束2_10_16],0.0
cons[火电机组爬坡约束1_10_17],0.0
cons[火电机组爬坡约束2_10_17],0.0
cons[火电机组爬坡约束1_10_18],0.0
cons[火电机组爬坡约束2_10_18],0.0
cons[火电机组爬坡约束1_10_19],0.0
cons[火电机组爬坡约束2_10_19],0.0
cons[火电机组爬坡约束1_10_20],0.0
cons[火电机组爬坡约束2_10_20],0.0
cons[火电机组爬坡约束1_10_21],0.0
cons[火电机组爬坡约束2_10_21],0.0
cons[火电机组爬坡约束1_10_22],0.0
cons[火电机组爬坡约束2_10_22],0.0
cons[火电机组爬坡约束1_10_23],0.0
cons[火电机组爬坡约束2_10_23],0.0
cons[火电机组爬坡约束1_10_24],0.0
cons[火电机组爬坡约束2_10_24],0.0
cons[火电机组爬坡约束1_10_25],0.0
cons[火电机组爬坡约束2_10_25],0.0
cons[火电机组爬坡约束1_10_26],0.0
cons[火电机组爬坡约束2_10_26],0.0
cons[火电机组爬坡约束1_10_27],0.0
cons[火电机组爬坡约束2_10_27],0.0
cons[火电机组爬坡约束1_10_28],0.0
cons[火电机组爬坡约束2_10_28],0.0
cons[火电机组爬坡约束1_10_29],0.0
cons[火电机组爬坡约束2_10_29],0.0
cons[火电机组爬坡约束1_10_30],0.0
cons[火电机组爬坡约束2_10_30],0.0
cons[火电机组爬坡约束1_10_31],0.0
cons[火电机组爬坡约束2_10_31],0.0
cons[火电机组爬坡约束1_10_32],0.0
cons[火电机组爬坡约束2_10_32],0.0
cons[火电机组爬坡约束1_10_33],0.0
cons[火电机组爬坡约束2_10_33],0.0
cons[火电机组爬坡约束1_10_34],0.0
cons[火电机组爬坡约束2_10_34],0.0
cons[火电机组爬坡约束1_10_35],0.0
cons[火电机组爬坡约束2_10_35],0.0
cons[火电机组爬坡约束1_10_36],0.0
cons[火电机组爬坡约束2_10_36],0.0
cons[火电机组爬坡约束1_10_37],0.0
cons[火电机组爬坡约束2_10_37],0.0
cons[火电机组爬坡约束1_10_38],0.0
cons[火电机组爬坡约束2_10_38],0.0
cons[火电机组爬坡约束1_10_39],0.0
cons[火电机组爬坡约束2_10_39],0.0
cons[火电机组爬坡约束1_10_40],0.0
cons[火电机组爬坡约束2_10_40],0.0
cons[火电机组爬坡约束1_10_41],0.0
cons[火电机组爬坡约束2_10_41],0.0
cons[火电机组爬坡约束1_10_42],0.0
cons[火电机组爬坡约束2_10_42],0.0
cons[火电机组爬坡约束1_10_43],0.0
cons[火电机组爬坡约束2_10_43],0.0
cons[火电机组爬坡约束1_10_44],0.0
cons[火电机组爬坡约束2_10_44],0.0
cons[火电机组爬坡约束1_10_45],0.0
cons[火电机组爬坡约束2_10_45],0.0
cons[火电机组爬坡约束1_10_46],0.0
cons[火电机组爬坡约束2_10_46],0.0
cons[火电机组爬坡约束1_10_47],0.0
cons[火电机组爬坡约束2_10_47],0.0
cons[火电机组爬坡约束1_10_48],0.0
cons[火电机组爬坡约束2_10_48],0.0
cons[火电机组爬坡约束1_10_49],0.0
cons[火电机组爬坡约束2_10_49],0.0
cons[火电机组爬坡约束1_10_50],0.0
cons[火电机组爬坡约束2_10_50],0.0
cons[火电机组爬坡约束1_10_51],0.0
cons[火电机组爬坡约束2_10_51],0.0
cons[火电机组爬坡约束1_10_52],0.0
cons[火电机组爬坡约束2_10_52],0.0
cons[火电机组爬坡约束1_10_53],0.0
cons[火电机组爬坡约束2_10_53],0.0
cons[火电机组爬坡约束1_10_54],0.0
cons[火电机组爬坡约束2_10_54],0.0
cons[火电机组爬坡约束1_10_55],0.0
cons[火电机组爬坡约束2_10_55],0.0
cons[火电机组爬坡约束1_10_56],0.0
cons[火电机组爬坡约束2_10_56],0.0
cons[火电机组爬坡约束1_10_57],0.0
cons[火电机组爬坡约束2_10_57],0.0
cons[火电机组爬坡约束1_10_58],0.0
cons[火电机组爬坡约束2_10_58],0.0
cons[火电机组爬坡约束1_10_59],0.0
cons[火电机组爬坡约束2_10_59],0.0
cons[火电机组爬坡约束1_10_60],0.0
cons[火电机组爬坡约束2_10_60],0.0
cons[火电机组爬坡约束1_10_61],0.0
cons[火电机组爬坡约束2_10_61],0.0
cons[火电机组爬坡约束1_10_62],0.0
cons[火电机组爬坡约束2_10_62],0.0
cons[火电机组爬坡约束1_10_63],0.0
cons[火电机组爬坡约束2_10_63],0.0
cons[火电机组爬坡约束1_10_64],0.0
cons[火电机组爬坡约束2_10_64],0.0
cons[火电机组爬坡约束1_10_65],0.0
cons[火电机组爬坡约束2_10_65],0.0
cons[火电机组爬坡约束1_10_66],0.0
cons[火电机组爬坡约束2_10_66],0.0
cons[火电机组爬坡约束1_10_67],0.0
cons[火电机组爬坡约束2_10_67],0.0
cons[火电机组爬坡约束1_10_68],0.0
cons[火电机组爬坡约束2_10_68],0.0
cons[火电机组爬坡约束1_10_69],0.0
cons[火电机组爬坡约束2_10_69],0.0
cons[火电机组爬坡约束1_10_70],0.0
cons[火电机组爬坡约束2_10_70],0.0
cons[火电机组爬坡约束1_10_71],0.0
cons[火电机组爬坡约束2_10_71],0.0
cons[火电机组爬坡约束1_10_72],0.0
cons[火电机组爬坡约束2_10_72],0.0
cons[火电机组爬坡约束1_10_73],0.0
cons[火电机组爬坡约束2_10_73],0.0
cons[火电机组爬坡约束1_10_74],0.0
cons[火电机组爬坡约束2_10_74],0.0
cons[火电机组爬坡约束1_10_75],0.0
cons[火电机组爬坡约束2_10_75],0.0
cons[火电机组爬坡约束1_10_76],0.0
cons[火电机组爬坡约束2_10_76],0.0
cons[火电机组爬坡约束1_10_77],0.0
cons[火电机组爬坡约束2_10_77],0.0
cons[火电机组爬坡约束1_10_78],0.0
cons[火电机组爬坡约束2_10_78],0.0
cons[火电机组爬坡约束1_10_79],0.0
cons[火电机组爬坡约束2_10_79],0.0
cons[火电机组爬坡约束1_10_80],0.0
cons[火电机组爬坡约束2_10_80],0.0
cons[火电机组爬坡约束1_10_81],0.0
cons[火电机组爬坡约束2_10_81],0.0
cons[火电机组爬坡约束1_10_82],0.0
cons[火电机组爬坡约束2_10_82],0.0
cons[火电机组爬坡约束1_10_83],0.0
cons[火电机组爬坡约束2_10_83],0.0
cons[火电机组爬坡约束1_10_84],0.0
cons[火电机组爬坡约束2_10_84],0.0
cons[火电机组爬坡约束1_10_85],0.0
cons[火电机组爬坡约束2_10_85],0.0
cons[火电机组爬坡约束1_10_86],0.0
cons[火电机组爬坡约束2_10_86],0.0
cons[火电机组爬坡约束1_10_87],0.0
cons[火电机组爬坡约束2_10_87],0.0
cons[火电机组爬坡约束1_10_88],0.0
cons[火电机组爬坡约束2_10_88],0.0
cons[火电机组爬坡约束1_10_89],0.0
cons[火电机组爬坡约束2_10_89],0.0
cons[火电机组爬坡约束1_10_90],0.0
cons[火电机组爬坡约束2_10_90],0.0
cons[火电机组爬坡约束1_10_91],0.0
cons[火电机组爬坡约束2_10_91],0.0
cons[火电机组爬坡约束1_10_92],0.0
cons[火电机组爬坡约束2_10_92],0.0
cons[火电机组爬坡约束1_10_93],0.0
cons[火电机组爬坡约束2_10_93],0.0
cons[火电机组爬坡约束1_10_94],0.0
cons[火电机组爬坡约束2_10_94],0.0
cons[火电机组爬坡约束1_10_95],0.0
cons[火电机组爬坡约束2_10_95],0.0
cons[火电机组爬坡约束1_11_1],0.0
cons[火电机组爬坡约束2_11_1],0.0
cons[火电机组爬坡约束1_11_2],0.0
cons[火电机组爬坡约束2_11_2],0.0
cons[火电机组爬坡约束1_11_3],0.0
cons[火电机组爬坡约束2_11_3],0.0
cons[火电机组爬坡约束1_11_4],0.0
cons[火电机组爬坡约束2_11_4],0.0
cons[火电机组爬坡约束1_11_5],0.0
cons[火电机组爬坡约束2_11_5],0.0
cons[火电机组爬坡约束1_11_6],0.0
cons[火电机组爬坡约束2_11_6],0.0
cons[火电机组爬坡约束1_11_7],0.0
cons[火电机组爬坡约束2_11_7],0.0
cons[火电机组爬坡约束1_11_8],0.0
cons[火电机组爬坡约束2_11_8],0.0
cons[火电机组爬坡约束1_11_9],0.0
cons[火电机组爬坡约束2_11_9],0.0
cons[火电机组爬坡约束1_11_10],0.0
cons[火电机组爬坡约束2_11_10],0.0
cons[火电机组爬坡约束1_11_11],0.0
cons[火电机组爬坡约束2_11_11],0.0
cons[火电机组爬坡约束1_11_12],0.0
cons[火电机组爬坡约束2_11_12],0.0
cons[火电机组爬坡约束1_11_13],0.0
cons[火电机组爬坡约束2_11_13],0.0
cons[火电机组爬坡约束1_11_14],0.0
cons[火电机组爬坡约束2_11_14],0.0
cons[火电机组爬坡约束1_11_15],0.0
cons[火电机组爬坡约束2_11_15],0.0
cons[火电机组爬坡约束1_11_16],0.0
cons[火电机组爬坡约束2_11_16],0.0
cons[火电机组爬坡约束1_11_17],0.0
cons[火电机组爬坡约束2_11_17],0.0
cons[火电机组爬坡约束1_11_18],0.0
cons[火电机组爬坡约束2_11_18],0.0
cons[火电机组爬坡约束1_11_19],0.0
cons[火电机组爬坡约束2_11_19],0.0
cons[火电机组爬坡约束1_11_20],0.0
cons[火电机组爬坡约束2_11_20],0.0
cons[火电机组爬坡约束1_11_21],0.0
cons[火电机组爬坡约束2_11_21],0.0
cons[火电机组爬坡约束1_11_22],0.0
cons[火电机组爬坡约束2_11_22],0.0
cons[火电机组爬坡约束1_11_23],0.0
cons[火电机组爬坡约束2_11_23],0.0
cons[火电机组爬坡约束1_11_24],0.0
cons[火电机组爬坡约束2_11_24],0.0
cons[火电机组爬坡约束1_11_25],0.0
cons[火电机组爬坡约束2_11_25],0.0
cons[火电机组爬坡约束1_11_26],0.0
cons[火电机组爬坡约束2_11_26],0.0
cons[火电机组爬坡约束1_11_27],0.0
cons[火电机组爬坡约束2_11_27],0.0
cons[火电机组爬坡约束1_11_28],0.0
cons[火电机组爬坡约束2_11_28],0.0
cons[火电机组爬坡约束1_11_29],0.0
cons[火电机组爬坡约束2_11_29],0.0
cons[火电机组爬坡约束1_11_30],0.0
cons[火电机组爬坡约束2_11_30],0.0
cons[火电机组爬坡约束1_11_31],0.0
cons[火电机组爬坡约束2_11_31],0.0
cons[火电机组爬坡约束1_11_32],0.0
cons[火电机组爬坡约束2_11_32],0.0
cons[火电机组爬坡约束1_11_33],0.0
cons[火电机组爬坡约束2_11_33],0.0
cons[火电机组爬坡约束1_11_34],0.0
cons[火电机组爬坡约束2_11_34],0.0
cons[火电机组爬坡约束1_11_35],0.0
cons[火电机组爬坡约束2_11_35],0.0
cons[火电机组爬坡约束1_11_36],0.0
cons[火电机组爬坡约束2_11_36],0.0
cons[火电机组爬坡约束1_11_37],0.0
cons[火电机组爬坡约束2_11_37],0.0
cons[火电机组爬坡约束1_11_38],0.0
cons[火电机组爬坡约束2_11_38],0.0
cons[火电机组爬坡约束1_11_39],0.0
cons[火电机组爬坡约束2_11_39],0.0
cons[火电机组爬坡约束1_11_40],0.0
cons[火电机组爬坡约束2_11_40],0.0
cons[火电机组爬坡约束1_11_41],0.0
cons[火电机组爬坡约束2_11_41],0.0
cons[火电机组爬坡约束1_11_42],0.0
cons[火电机组爬坡约束2_11_42],0.0
cons[火电机组爬坡约束1_11_43],0.0
cons[火电机组爬坡约束2_11_43],0.0
cons[火电机组爬坡约束1_11_44],0.0
cons[火电机组爬坡约束2_11_44],0.0
cons[火电机组爬坡约束1_11_45],0.0
cons[火电机组爬坡约束2_11_45],0.0
cons[火电机组爬坡约束1_11_46],0.0
cons[火电机组爬坡约束2_11_46],0.0
cons[火电机组爬坡约束1_11_47],0.0
cons[火电机组爬坡约束2_11_47],0.0
cons[火电机组爬坡约束1_11_48],0.0
cons[火电机组爬坡约束2_11_48],0.0
cons[火电机组爬坡约束1_11_49],0.0
cons[火电机组爬坡约束2_11_49],0.0
cons[火电机组爬坡约束1_11_50],0.0
cons[火电机组爬坡约束2_11_50],0.0
cons[火电机组爬坡约束1_11_51],0.0
cons[火电机组爬坡约束2_11_51],0.0
cons[火电机组爬坡约束1_11_52],0.0
cons[火电机组爬坡约束2_11_52],0.0
cons[火电机组爬坡约束1_11_53],0.0
cons[火电机组爬坡约束2_11_53],0.0
cons[火电机组爬坡约束1_11_54],0.0
cons[火电机组爬坡约束2_11_54],0.0
cons[火电机组爬坡约束1_11_55],0.0
cons[火电机组爬坡约束2_11_55],0.0
cons[火电机组爬坡约束1_11_56],0.0
cons[火电机组爬坡约束2_11_56],0.0
cons[火电机组爬坡约束1_11_57],0.0
cons[火电机组爬坡约束2_11_57],0.0
cons[火电机组爬坡约束1_11_58],0.0
cons[火电机组爬坡约束2_11_58],0.0
cons[火电机组爬坡约束1_11_59],0.0
cons[火电机组爬坡约束2_11_59],0.0
cons[火电机组爬坡约束1_11_60],0.0
cons[火电机组爬坡约束2_11_60],0.0
cons[火电机组爬坡约束1_11_61],0.0
cons[火电机组爬坡约束2_11_61],0.0
cons[火电机组爬坡约束1_11_62],0.0
cons[火电机组爬坡约束2_11_62],0.0
cons[火电机组爬坡约束1_11_63],0.0
cons[火电机组爬坡约束2_11_63],0.0
cons[火电机组爬坡约束1_11_64],0.0
cons[火电机组爬坡约束2_11_64],0.0
cons[火电机组爬坡约束1_11_65],0.0
cons[火电机组爬坡约束2_11_65],0.0
cons[火电机组爬坡约束1_11_66],0.0
cons[火电机组爬坡约束2_11_66],0.0
cons[火电机组爬坡约束1_11_67],0.0
cons[火电机组爬坡约束2_11_67],0.0
cons[火电机组爬坡约束1_11_68],0.0
cons[火电机组爬坡约束2_11_68],0.0
cons[火电机组爬坡约束1_11_69],0.0
cons[火电机组爬坡约束2_11_69],0.0
cons[火电机组爬坡约束1_11_70],0.0
cons[火电机组爬坡约束2_11_70],0.0
cons[火电机组爬坡约束1_11_71],0.0
cons[火电机组爬坡约束2_11_71],0.0
cons[火电机组爬坡约束1_11_72],0.0
cons[火电机组爬坡约束2_11_72],0.0
cons[火电机组爬坡约束1_11_73],0.0
cons[火电机组爬坡约束2_11_73],0.0
cons[火电机组爬坡约束1_11_74],0.0
cons[火电机组爬坡约束2_11_74],0.0
cons[火电机组爬坡约束1_11_75],0.0
cons[火电机组爬坡约束2_11_75],0.0
cons[火电机组爬坡约束1_11_76],0.0
cons[火电机组爬坡约束2_11_76],0.0
cons[火电机组爬坡约束1_11_77],0.0
cons[火电机组爬坡约束2_11_77],0.0
cons[火电机组爬坡约束1_11_78],0.0
cons[火电机组爬坡约束2_11_78],0.0
cons[火电机组爬坡约束1_11_79],0.0
cons[火电机组爬坡约束2_11_79],0.0
cons[火电机组爬坡约束1_11_80],0.0
cons[火电机组爬坡约束2_11_80],0.0
cons[火电机组爬坡约束1_11_81],0.0
cons[火电机组爬坡约束2_11_81],0.0
cons[火电机组爬坡约束1_11_82],0.0
cons[火电机组爬坡约束2_11_82],0.0
cons[火电机组爬坡约束1_11_83],0.0
cons[火电机组爬坡约束2_11_83],0.0
cons[火电机组爬坡约束1_11_84],0.0
cons[火电机组爬坡约束2_11_84],0.0
cons[火电机组爬坡约束1_11_85],0.0
cons[火电机组爬坡约束2_11_85],0.0
cons[火电机组爬坡约束1_11_86],0.0
cons[火电机组爬坡约束2_11_86],0.0
cons[火电机组爬坡约束1_11_87],0.0
cons[火电机组爬坡约束2_11_87],0.0
cons[火电机组爬坡约束1_11_88],0.0
cons[火电机组爬坡约束2_11_88],0.0
cons[火电机组爬坡约束1_11_89],0.0
cons[火电机组爬坡约束2_11_89],0.0
cons[火电机组爬坡约束1_11_90],0.0
cons[火电机组爬坡约束2_11_90],0.0
cons[火电机组爬坡约束1_11_91],0.0
cons[火电机组爬坡约束2_11_91],0.0
cons[火电机组爬坡约束1_11_92],0.0
cons[火电机组爬坡约束2_11_92],0.0
cons[火电机组爬坡约束1_11_93],0.0
cons[火电机组爬坡约束2_11_93],0.0
cons[火电机组爬坡约束1_11_94],0.0
cons[火电机组爬坡约束2_11_94],0.0
cons[火电机组爬坡约束1_11_95],0.0
cons[火电机组爬坡约束2_11_95],0.0
cons[火电机组爬坡约束1_12_1],0.0
cons[火电机组爬坡约束2_12_1],0.0
cons[火电机组爬坡约束1_12_2],0.0
cons[火电机组爬坡约束2_12_2],0.0
cons[火电机组爬坡约束1_12_3],0.0
cons[火电机组爬坡约束2_12_3],0.0
cons[火电机组爬坡约束1_12_4],0.0
cons[火电机组爬坡约束2_12_4],0.0
cons[火电机组爬坡约束1_12_5],0.0
cons[火电机组爬坡约束2_12_5],0.0
cons[火电机组爬坡约束1_12_6],0.0
cons[火电机组爬坡约束2_12_6],0.0
cons[火电机组爬坡约束1_12_7],0.0
cons[火电机组爬坡约束2_12_7],0.0
cons[火电机组爬坡约束1_12_8],0.0
cons[火电机组爬坡约束2_12_8],0.0
cons[火电机组爬坡约束1_12_9],0.0
cons[火电机组爬坡约束2_12_9],0.0
cons[火电机组爬坡约束1_12_10],0.0
cons[火电机组爬坡约束2_12_10],0.0
cons[火电机组爬坡约束1_12_11],0.0
cons[火电机组爬坡约束2_12_11],0.0
cons[火电机组爬坡约束1_12_12],0.0
cons[火电机组爬坡约束2_12_12],0.0
cons[火电机组爬坡约束1_12_13],0.0
cons[火电机组爬坡约束2_12_13],0.0
cons[火电机组爬坡约束1_12_14],0.0
cons[火电机组爬坡约束2_12_14],0.0
cons[火电机组爬坡约束1_12_15],0.0
cons[火电机组爬坡约束2_12_15],0.0
cons[火电机组爬坡约束1_12_16],0.0
cons[火电机组爬坡约束2_12_16],0.0
cons[火电机组爬坡约束1_12_17],0.0
cons[火电机组爬坡约束2_12_17],0.0
cons[火电机组爬坡约束1_12_18],0.0
cons[火电机组爬坡约束2_12_18],0.0
cons[火电机组爬坡约束1_12_19],0.0
cons[火电机组爬坡约束2_12_19],0.0
cons[火电机组爬坡约束1_12_20],0.0
cons[火电机组爬坡约束2_12_20],0.0
cons[火电机组爬坡约束1_12_21],0.0
cons[火电机组爬坡约束2_12_21],0.0
cons[火电机组爬坡约束1_12_22],0.0
cons[火电机组爬坡约束2_12_22],0.0
cons[火电机组爬坡约束1_12_23],0.0
cons[火电机组爬坡约束2_12_23],0.0
cons[火电机组爬坡约束1_12_24],0.0
cons[火电机组爬坡约束2_12_24],0.0
cons[火电机组爬坡约束1_12_25],0.0
cons[火电机组爬坡约束2_12_25],0.0
cons[火电机组爬坡约束1_12_26],0.0
cons[火电机组爬坡约束2_12_26],0.0
cons[火电机组爬坡约束1_12_27],0.0
cons[火电机组爬坡约束2_12_27],0.0
cons[火电机组爬坡约束1_12_28],0.0
cons[火电机组爬坡约束2_12_28],0.0
cons[火电机组爬坡约束1_12_29],0.0
cons[火电机组爬坡约束2_12_29],0.0
cons[火电机组爬坡约束1_12_30],0.0
cons[火电机组爬坡约束2_12_30],0.0
cons[火电机组爬坡约束1_12_31],0.0
cons[火电机组爬坡约束2_12_31],0.0
cons[火电机组爬坡约束1_12_32],0.0
cons[火电机组爬坡约束2_12_32],0.0
cons[火电机组爬坡约束1_12_33],0.0
cons[火电机组爬坡约束2_12_33],0.0
cons[火电机组爬坡约束1_12_34],0.0
cons[火电机组爬坡约束2_12_34],0.0
cons[火电机组爬坡约束1_12_35],0.0
cons[火电机组爬坡约束2_12_35],0.0
cons[火电机组爬坡约束1_12_36],0.0
cons[火电机组爬坡约束2_12_36],0.0
cons[火电机组爬坡约束1_12_37],0.0
cons[火电机组爬坡约束2_12_37],0.0
cons[火电机组爬坡约束1_12_38],0.0
cons[火电机组爬坡约束2_12_38],0.0
cons[火电机组爬坡约束1_12_39],0.0
cons[火电机组爬坡约束2_12_39],0.0
cons[火电机组爬坡约束1_12_40],0.0
cons[火电机组爬坡约束2_12_40],0.0
cons[火电机组爬坡约束1_12_41],0.0
cons[火电机组爬坡约束2_12_41],0.0
cons[火电机组爬坡约束1_12_42],0.0
cons[火电机组爬坡约束2_12_42],0.0
cons[火电机组爬坡约束1_12_43],0.0
cons[火电机组爬坡约束2_12_43],0.0
cons[火电机组爬坡约束1_12_44],0.0
cons[火电机组爬坡约束2_12_44],0.0
cons[火电机组爬坡约束1_12_45],0.0
cons[火电机组爬坡约束2_12_45],0.0
cons[火电机组爬坡约束1_12_46],0.0
cons[火电机组爬坡约束2_12_46],0.0
cons[火电机组爬坡约束1_12_47],0.0
cons[火电机组爬坡约束2_12_47],0.0
cons[火电机组爬坡约束1_12_48],0.0
cons[火电机组爬坡约束2_12_48],0.0
cons[火电机组爬坡约束1_12_49],0.0
cons[火电机组爬坡约束2_12_49],0.0
cons[火电机组爬坡约束1_12_50],0.0
cons[火电机组爬坡约束2_12_50],0.0
cons[火电机组爬坡约束1_12_51],0.0
cons[火电机组爬坡约束2_12_51],0.0
cons[火电机组爬坡约束1_12_52],0.0
cons[火电机组爬坡约束2_12_52],0.0
cons[火电机组爬坡约束1_12_53],0.0
cons[火电机组爬坡约束2_12_53],0.0
cons[火电机组爬坡约束1_12_54],0.0
cons[火电机组爬坡约束2_12_54],0.0
cons[火电机组爬坡约束1_12_55],0.0
cons[火电机组爬坡约束2_12_55],0.0
cons[火电机组爬坡约束1_12_56],0.0
cons[火电机组爬坡约束2_12_56],0.0
cons[火电机组爬坡约束1_12_57],0.0
cons[火电机组爬坡约束2_12_57],0.0
cons[火电机组爬坡约束1_12_58],0.0
cons[火电机组爬坡约束2_12_58],0.0
cons[火电机组爬坡约束1_12_59],0.0
cons[火电机组爬坡约束2_12_59],0.0
cons[火电机组爬坡约束1_12_60],0.0
cons[火电机组爬坡约束2_12_60],0.0
cons[火电机组爬坡约束1_12_61],0.0
cons[火电机组爬坡约束2_12_61],0.0
cons[火电机组爬坡约束1_12_62],0.0
cons[火电机组爬坡约束2_12_62],0.0
cons[火电机组爬坡约束1_12_63],0.0
cons[火电机组爬坡约束2_12_63],0.0
cons[火电机组爬坡约束1_12_64],0.0
cons[火电机组爬坡约束2_12_64],0.0
cons[火电机组爬坡约束1_12_65],0.0
cons[火电机组爬坡约束2_12_65],0.0
cons[火电机组爬坡约束1_12_66],0.0
cons[火电机组爬坡约束2_12_66],0.0
cons[火电机组爬坡约束1_12_67],0.0
cons[火电机组爬坡约束2_12_67],0.0
cons[火电机组爬坡约束1_12_68],0.0
cons[火电机组爬坡约束2_12_68],0.0
cons[火电机组爬坡约束1_12_69],0.0
cons[火电机组爬坡约束2_12_69],0.0
cons[火电机组爬坡约束1_12_70],0.0
cons[火电机组爬坡约束2_12_70],0.0
cons[火电机组爬坡约束1_12_71],0.0
cons[火电机组爬坡约束2_12_71],0.0
cons[火电机组爬坡约束1_12_72],0.0
cons[火电机组爬坡约束2_12_72],0.0
cons[火电机组爬坡约束1_12_73],0.0
cons[火电机组爬坡约束2_12_73],0.0
cons[火电机组爬坡约束1_12_74],0.0
cons[火电机组爬坡约束2_12_74],0.0
cons[火电机组爬坡约束1_12_75],0.0
cons[火电机组爬坡约束2_12_75],0.0
cons[火电机组爬坡约束1_12_76],0.0
cons[火电机组爬坡约束2_12_76],0.0
cons[火电机组爬坡约束1_12_77],0.0
cons[火电机组爬坡约束2_12_77],0.0
cons[火电机组爬坡约束1_12_78],0.0
cons[火电机组爬坡约束2_12_78],0.0
cons[火电机组爬坡约束1_12_79],0.0
cons[火电机组爬坡约束2_12_79],0.0
cons[火电机组爬坡约束1_12_80],0.0
cons[火电机组爬坡约束2_12_80],0.0
cons[火电机组爬坡约束1_12_81],0.0
cons[火电机组爬坡约束2_12_81],0.0
cons[火电机组爬坡约束1_12_82],0.0
cons[火电机组爬坡约束2_12_82],0.0
cons[火电机组爬坡约束1_12_83],0.0
cons[火电机组爬坡约束2_12_83],0.0
cons[火电机组爬坡约束1_12_84],0.0
cons[火电机组爬坡约束2_12_84],0.0
cons[火电机组爬坡约束1_12_85],0.0
cons[火电机组爬坡约束2_12_85],0.0
cons[火电机组爬坡约束1_12_86],0.0
cons[火电机组爬坡约束2_12_86],0.0
cons[火电机组爬坡约束1_12_87],0.0
cons[火电机组爬坡约束2_12_87],0.0
cons[火电机组爬坡约束1_12_88],0.0
cons[火电机组爬坡约束2_12_88],0.0
cons[火电机组爬坡约束1_12_89],0.0
cons[火电机组爬坡约束2_12_89],0.0
cons[火电机组爬坡约束1_12_90],0.0
cons[火电机组爬坡约束2_12_90],0.0
cons[火电机组爬坡约束1_12_91],0.0
cons[火电机组爬坡约束2_12_91],0.0
cons[火电机组爬坡约束1_12_92],0.0
cons[火电机组爬坡约束2_12_92],0.0
cons[火电机组爬坡约束1_12_93],0.0
cons[火电机组爬坡约束2_12_93],0.0
cons[火电机组爬坡约束1_12_94],0.0
cons[火电机组爬坡约束2_12_94],0.0
cons[火电机组爬坡约束1_12_95],0.0
cons[火电机组爬坡约束2_12_95],0.0
cons[火电机组爬坡约束1_13_1],0.0
cons[火电机组爬坡约束2_13_1],0.0
cons[火电机组爬坡约束1_13_2],0.0
cons[火电机组爬坡约束2_13_2],0.0
cons[火电机组爬坡约束1_13_3],0.0
cons[火电机组爬坡约束2_13_3],0.0
cons[火电机组爬坡约束1_13_4],0.0
cons[火电机组爬坡约束2_13_4],0.0
cons[火电机组爬坡约束1_13_5],0.0
cons[火电机组爬坡约束2_13_5],0.0
cons[火电机组爬坡约束1_13_6],0.0
cons[火电机组爬坡约束2_13_6],0.0
cons[火电机组爬坡约束1_13_7],0.0
cons[火电机组爬坡约束2_13_7],0.0
cons[火电机组爬坡约束1_13_8],0.0
cons[火电机组爬坡约束2_13_8],0.0
cons[火电机组爬坡约束1_13_9],0.0
cons[火电机组爬坡约束2_13_9],0.0
cons[火电机组爬坡约束1_13_10],0.0
cons[火电机组爬坡约束2_13_10],0.0
cons[火电机组爬坡约束1_13_11],0.0
cons[火电机组爬坡约束2_13_11],0.0
cons[火电机组爬坡约束1_13_12],0.0
cons[火电机组爬坡约束2_13_12],0.0
cons[火电机组爬坡约束1_13_13],0.0
cons[火电机组爬坡约束2_13_13],0.0
cons[火电机组爬坡约束1_13_14],0.0
cons[火电机组爬坡约束2_13_14],0.0
cons[火电机组爬坡约束1_13_15],0.0
cons[火电机组爬坡约束2_13_15],0.0
cons[火电机组爬坡约束1_13_16],0.0
cons[火电机组爬坡约束2_13_16],0.0
cons[火电机组爬坡约束1_13_17],0.0
cons[火电机组爬坡约束2_13_17],0.0
cons[火电机组爬坡约束1_13_18],0.0
cons[火电机组爬坡约束2_13_18],0.0
cons[火电机组爬坡约束1_13_19],0.0
cons[火电机组爬坡约束2_13_19],0.0
cons[火电机组爬坡约束1_13_20],0.0
cons[火电机组爬坡约束2_13_20],0.0
cons[火电机组爬坡约束1_13_21],0.0
cons[火电机组爬坡约束2_13_21],0.0
cons[火电机组爬坡约束1_13_22],0.0
cons[火电机组爬坡约束2_13_22],0.0
cons[火电机组爬坡约束1_13_23],0.0
cons[火电机组爬坡约束2_13_23],0.0
cons[火电机组爬坡约束1_13_24],0.0
cons[火电机组爬坡约束2_13_24],0.0
cons[火电机组爬坡约束1_13_25],0.0
cons[火电机组爬坡约束2_13_25],0.0
cons[火电机组爬坡约束1_13_26],0.0
cons[火电机组爬坡约束2_13_26],0.0
cons[火电机组爬坡约束1_13_27],0.0
cons[火电机组爬坡约束2_13_27],0.0
cons[火电机组爬坡约束1_13_28],0.0
cons[火电机组爬坡约束2_13_28],0.0
cons[火电机组爬坡约束1_13_29],0.0
cons[火电机组爬坡约束2_13_29],0.0
cons[火电机组爬坡约束1_13_30],0.0
cons[火电机组爬坡约束2_13_30],0.0
cons[火电机组爬坡约束1_13_31],0.0
cons[火电机组爬坡约束2_13_31],0.0
cons[火电机组爬坡约束1_13_32],0.0
cons[火电机组爬坡约束2_13_32],0.0
cons[火电机组爬坡约束1_13_33],0.0
cons[火电机组爬坡约束2_13_33],0.0
cons[火电机组爬坡约束1_13_34],0.0
cons[火电机组爬坡约束2_13_34],0.0
cons[火电机组爬坡约束1_13_35],0.0
cons[火电机组爬坡约束2_13_35],0.0
cons[火电机组爬坡约束1_13_36],0.0
cons[火电机组爬坡约束2_13_36],0.0
cons[火电机组爬坡约束1_13_37],0.0
cons[火电机组爬坡约束2_13_37],0.0
cons[火电机组爬坡约束1_13_38],0.0
cons[火电机组爬坡约束2_13_38],0.0
cons[火电机组爬坡约束1_13_39],0.0
cons[火电机组爬坡约束2_13_39],0.0
cons[火电机组爬坡约束1_13_40],0.0
cons[火电机组爬坡约束2_13_40],0.0
cons[火电机组爬坡约束1_13_41],0.0
cons[火电机组爬坡约束2_13_41],0.0
cons[火电机组爬坡约束1_13_42],0.0
cons[火电机组爬坡约束2_13_42],0.0
cons[火电机组爬坡约束1_13_43],0.0
cons[火电机组爬坡约束2_13_43],0.0
cons[火电机组爬坡约束1_13_44],0.0
cons[火电机组爬坡约束2_13_44],0.0
cons[火电机组爬坡约束1_13_45],0.0
cons[火电机组爬坡约束2_13_45],0.0
cons[火电机组爬坡约束1_13_46],0.0
cons[火电机组爬坡约束2_13_46],0.0
cons[火电机组爬坡约束1_13_47],0.0
cons[火电机组爬坡约束2_13_47],0.0
cons[火电机组爬坡约束1_13_48],0.0
cons[火电机组爬坡约束2_13_48],0.0
cons[火电机组爬坡约束1_13_49],0.0
cons[火电机组爬坡约束2_13_49],0.0
cons[火电机组爬坡约束1_13_50],0.0
cons[火电机组爬坡约束2_13_50],0.0
cons[火电机组爬坡约束1_13_51],0.0
cons[火电机组爬坡约束2_13_51],0.0
cons[火电机组爬坡约束1_13_52],0.0
cons[火电机组爬坡约束2_13_52],0.0
cons[火电机组爬坡约束1_13_53],0.0
cons[火电机组爬坡约束2_13_53],0.0
cons[火电机组爬坡约束1_13_54],0.0
cons[火电机组爬坡约束2_13_54],0.0
cons[火电机组爬坡约束1_13_55],0.0
cons[火电机组爬坡约束2_13_55],0.0
cons[火电机组爬坡约束1_13_56],0.0
cons[火电机组爬坡约束2_13_56],0.0
cons[火电机组爬坡约束1_13_57],0.0
cons[火电机组爬坡约束2_13_57],0.0
cons[火电机组爬坡约束1_13_58],0.0
cons[火电机组爬坡约束2_13_58],0.0
cons[火电机组爬坡约束1_13_59],0.0
cons[火电机组爬坡约束2_13_59],0.0
cons[火电机组爬坡约束1_13_60],0.0
cons[火电机组爬坡约束2_13_60],0.0
cons[火电机组爬坡约束1_13_61],0.0
cons[火电机组爬坡约束2_13_61],0.0
cons[火电机组爬坡约束1_13_62],0.0
cons[火电机组爬坡约束2_13_62],0.0
cons[火电机组爬坡约束1_13_63],0.0
cons[火电机组爬坡约束2_13_63],0.0
cons[火电机组爬坡约束1_13_64],0.0
cons[火电机组爬坡约束2_13_64],0.0
cons[火电机组爬坡约束1_13_65],0.0
cons[火电机组爬坡约束2_13_65],0.0
cons[火电机组爬坡约束1_13_66],0.0
cons[火电机组爬坡约束2_13_66],0.0
cons[火电机组爬坡约束1_13_67],0.0
cons[火电机组爬坡约束2_13_67],0.0
cons[火电机组爬坡约束1_13_68],0.0
cons[火电机组爬坡约束2_13_68],0.0
cons[火电机组爬坡约束1_13_69],0.0
cons[火电机组爬坡约束2_13_69],0.0
cons[火电机组爬坡约束1_13_70],0.0
cons[火电机组爬坡约束2_13_70],0.0
cons[火电机组爬坡约束1_13_71],0.0
cons[火电机组爬坡约束2_13_71],0.0
cons[火电机组爬坡约束1_13_72],0.0
cons[火电机组爬坡约束2_13_72],0.0
cons[火电机组爬坡约束1_13_73],0.0
cons[火电机组爬坡约束2_13_73],0.0
cons[火电机组爬坡约束1_13_74],0.0
cons[火电机组爬坡约束2_13_74],0.0
cons[火电机组爬坡约束1_13_75],0.0
cons[火电机组爬坡约束2_13_75],0.0
cons[火电机组爬坡约束1_13_76],0.0
cons[火电机组爬坡约束2_13_76],0.0
cons[火电机组爬坡约束1_13_77],0.0
cons[火电机组爬坡约束2_13_77],0.0
cons[火电机组爬坡约束1_13_78],0.0
cons[火电机组爬坡约束2_13_78],0.0
cons[火电机组爬坡约束1_13_79],0.0
cons[火电机组爬坡约束2_13_79],0.0
cons[火电机组爬坡约束1_13_80],0.0
cons[火电机组爬坡约束2_13_80],0.0
cons[火电机组爬坡约束1_13_81],0.0
cons[火电机组爬坡约束2_13_81],0.0
cons[火电机组爬坡约束1_13_82],0.0
cons[火电机组爬坡约束2_13_82],0.0
cons[火电机组爬坡约束1_13_83],0.0
cons[火电机组爬坡约束2_13_83],0.0
cons[火电机组爬坡约束1_13_84],0.0
cons[火电机组爬坡约束2_13_84],0.0
cons[火电机组爬坡约束1_13_85],0.0
cons[火电机组爬坡约束2_13_85],0.0
cons[火电机组爬坡约束1_13_86],0.0
cons[火电机组爬坡约束2_13_86],0.0
cons[火电机组爬坡约束1_13_87],0.0
cons[火电机组爬坡约束2_13_87],0.0
cons[火电机组爬坡约束1_13_88],0.0
cons[火电机组爬坡约束2_13_88],0.0
cons[火电机组爬坡约束1_13_89],0.0
cons[火电机组爬坡约束2_13_89],0.0
cons[火电机组爬坡约束1_13_90],0.0
cons[火电机组爬坡约束2_13_90],0.0
cons[火电机组爬坡约束1_13_91],0.0
cons[火电机组爬坡约束2_13_91],0.0
cons[火电机组爬坡约束1_13_92],0.0
cons[火电机组爬坡约束2_13_92],0.0
cons[火电机组爬坡约束1_13_93],0.0
cons[火电机组爬坡约束2_13_93],0.0
cons[火电机组爬坡约束1_13_94],0.0
cons[火电机组爬坡约束2_13_94],0.0
cons[火电机组爬坡约束1_13_95],0.0
cons[火电机组爬坡约束2_13_95],0.0
cons[火电机组爬坡约束1_14_1],0.0
cons[火电机组爬坡约束2_14_1],0.0
cons[火电机组爬坡约束1_14_2],0.0
cons[火电机组爬坡约束2_14_2],0.0
cons[火电机组爬坡约束1_14_3],0.0
cons[火电机组爬坡约束2_14_3],0.0
cons[火电机组爬坡约束1_14_4],0.0
cons[火电机组爬坡约束2_14_4],0.0
cons[火电机组爬坡约束1_14_5],0.0
cons[火电机组爬坡约束2_14_5],0.0
cons[火电机组爬坡约束1_14_6],0.0
cons[火电机组爬坡约束2_14_6],0.0
cons[火电机组爬坡约束1_14_7],0.0
cons[火电机组爬坡约束2_14_7],0.0
cons[火电机组爬坡约束1_14_8],0.0
cons[火电机组爬坡约束2_14_8],0.0
cons[火电机组爬坡约束1_14_9],0.0
cons[火电机组爬坡约束2_14_9],0.0
cons[火电机组爬坡约束1_14_10],0.0
cons[火电机组爬坡约束2_14_10],0.0
cons[火电机组爬坡约束1_14_11],0.0
cons[火电机组爬坡约束2_14_11],0.0
cons[火电机组爬坡约束1_14_12],0.0
cons[火电机组爬坡约束2_14_12],0.0
cons[火电机组爬坡约束1_14_13],0.0
cons[火电机组爬坡约束2_14_13],0.0
cons[火电机组爬坡约束1_14_14],0.0
cons[火电机组爬坡约束2_14_14],0.0
cons[火电机组爬坡约束1_14_15],0.0
cons[火电机组爬坡约束2_14_15],0.0
cons[火电机组爬坡约束1_14_16],0.0
cons[火电机组爬坡约束2_14_16],0.0
cons[火电机组爬坡约束1_14_17],0.0
cons[火电机组爬坡约束2_14_17],0.0
cons[火电机组爬坡约束1_14_18],0.0
cons[火电机组爬坡约束2_14_18],0.0
cons[火电机组爬坡约束1_14_19],0.0
cons[火电机组爬坡约束2_14_19],0.0
cons[火电机组爬坡约束1_14_20],0.0
cons[火电机组爬坡约束2_14_20],0.0
cons[火电机组爬坡约束1_14_21],0.0
cons[火电机组爬坡约束2_14_21],0.0
cons[火电机组爬坡约束1_14_22],0.0
cons[火电机组爬坡约束2_14_22],0.0
cons[火电机组爬坡约束1_14_23],0.0
cons[火电机组爬坡约束2_14_23],0.0
cons[火电机组爬坡约束1_14_24],0.0
cons[火电机组爬坡约束2_14_24],0.0
cons[火电机组爬坡约束1_14_25],0.0
cons[火电机组爬坡约束2_14_25],0.0
cons[火电机组爬坡约束1_14_26],0.0
cons[火电机组爬坡约束2_14_26],0.0
cons[火电机组爬坡约束1_14_27],0.0
cons[火电机组爬坡约束2_14_27],0.0
cons[火电机组爬坡约束1_14_28],0.0
cons[火电机组爬坡约束2_14_28],0.0
cons[火电机组爬坡约束1_14_29],0.0
cons[火电机组爬坡约束2_14_29],0.0
cons[火电机组爬坡约束1_14_30],0.0
cons[火电机组爬坡约束2_14_30],0.0
cons[火电机组爬坡约束1_14_31],0.0
cons[火电机组爬坡约束2_14_31],0.0
cons[火电机组爬坡约束1_14_32],0.0
cons[火电机组爬坡约束2_14_32],0.0
cons[火电机组爬坡约束1_14_33],0.0
cons[火电机组爬坡约束2_14_33],0.0
cons[火电机组爬坡约束1_14_34],0.0
cons[火电机组爬坡约束2_14_34],0.0
cons[火电机组爬坡约束1_14_35],0.0
cons[火电机组爬坡约束2_14_35],0.0
cons[火电机组爬坡约束1_14_36],0.0
cons[火电机组爬坡约束2_14_36],0.0
cons[火电机组爬坡约束1_14_37],0.0
cons[火电机组爬坡约束2_14_37],0.0
cons[火电机组爬坡约束1_14_38],0.0
cons[火电机组爬坡约束2_14_38],0.0
cons[火电机组爬坡约束1_14_39],0.0
cons[火电机组爬坡约束2_14_39],0.0
cons[火电机组爬坡约束1_14_40],0.0
cons[火电机组爬坡约束2_14_40],0.0
cons[火电机组爬坡约束1_14_41],0.0
cons[火电机组爬坡约束2_14_41],0.0
cons[火电机组爬坡约束1_14_42],0.0
cons[火电机组爬坡约束2_14_42],0.0
cons[火电机组爬坡约束1_14_43],0.0
cons[火电机组爬坡约束2_14_43],0.0
cons[火电机组爬坡约束1_14_44],0.0
cons[火电机组爬坡约束2_14_44],0.0
cons[火电机组爬坡约束1_14_45],0.0
cons[火电机组爬坡约束2_14_45],0.0
cons[火电机组爬坡约束1_14_46],0.0
cons[火电机组爬坡约束2_14_46],0.0
cons[火电机组爬坡约束1_14_47],0.0
cons[火电机组爬坡约束2_14_47],0.0
cons[火电机组爬坡约束1_14_48],0.0
cons[火电机组爬坡约束2_14_48],0.0
cons[火电机组爬坡约束1_14_49],0.0
cons[火电机组爬坡约束2_14_49],0.0
cons[火电机组爬坡约束1_14_50],0.0
cons[火电机组爬坡约束2_14_50],0.0
cons[火电机组爬坡约束1_14_51],0.0
cons[火电机组爬坡约束2_14_51],0.0
cons[火电机组爬坡约束1_14_52],0.0
cons[火电机组爬坡约束2_14_52],0.0
cons[火电机组爬坡约束1_14_53],0.0
cons[火电机组爬坡约束2_14_53],0.0
cons[火电机组爬坡约束1_14_54],0.0
cons[火电机组爬坡约束2_14_54],0.0
cons[火电机组爬坡约束1_14_55],0.0
cons[火电机组爬坡约束2_14_55],0.0
cons[火电机组爬坡约束1_14_56],0.0
cons[火电机组爬坡约束2_14_56],0.0
cons[火电机组爬坡约束1_14_57],0.0
cons[火电机组爬坡约束2_14_57],0.0
cons[火电机组爬坡约束1_14_58],0.0
cons[火电机组爬坡约束2_14_58],0.0
cons[火电机组爬坡约束1_14_59],0.0
cons[火电机组爬坡约束2_14_59],0.0
cons[火电机组爬坡约束1_14_60],0.0
cons[火电机组爬坡约束2_14_60],0.0
cons[火电机组爬坡约束1_14_61],0.0
cons[火电机组爬坡约束2_14_61],0.0
cons[火电机组爬坡约束1_14_62],0.0
cons[火电机组爬坡约束2_14_62],0.0
cons[火电机组爬坡约束1_14_63],0.0
cons[火电机组爬坡约束2_14_63],0.0
cons[火电机组爬坡约束1_14_64],0.0
cons[火电机组爬坡约束2_14_64],0.0
cons[火电机组爬坡约束1_14_65],0.0
cons[火电机组爬坡约束2_14_65],0.0
cons[火电机组爬坡约束1_14_66],0.0
cons[火电机组爬坡约束2_14_66],0.0
cons[火电机组爬坡约束1_14_67],0.0
cons[火电机组爬坡约束2_14_67],0.0
cons[火电机组爬坡约束1_14_68],0.0
cons[火电机组爬坡约束2_14_68],0.0
cons[火电机组爬坡约束1_14_69],0.0
cons[火电机组爬坡约束2_14_69],0.0
cons[火电机组爬坡约束1_14_70],0.0
cons[火电机组爬坡约束2_14_70],0.0
cons[火电机组爬坡约束1_14_71],0.0
cons[火电机组爬坡约束2_14_71],0.0
cons[火电机组爬坡约束1_14_72],0.0
cons[火电机组爬坡约束2_14_72],0.0
cons[火电机组爬坡约束1_14_73],0.0
cons[火电机组爬坡约束2_14_73],0.0
cons[火电机组爬坡约束1_14_74],0.0
cons[火电机组爬坡约束2_14_74],0.0
cons[火电机组爬坡约束1_14_75],0.0
cons[火电机组爬坡约束2_14_75],0.0
cons[火电机组爬坡约束1_14_76],0.0
cons[火电机组爬坡约束2_14_76],0.0
cons[火电机组爬坡约束1_14_77],0.0
cons[火电机组爬坡约束2_14_77],0.0
cons[火电机组爬坡约束1_14_78],0.0
cons[火电机组爬坡约束2_14_78],0.0
cons[火电机组爬坡约束1_14_79],0.0
cons[火电机组爬坡约束2_14_79],0.0
cons[火电机组爬坡约束1_14_80],0.0
cons[火电机组爬坡约束2_14_80],0.0
cons[火电机组爬坡约束1_14_81],0.0
cons[火电机组爬坡约束2_14_81],0.0
cons[火电机组爬坡约束1_14_82],0.0
cons[火电机组爬坡约束2_14_82],0.0
cons[火电机组爬坡约束1_14_83],0.0
cons[火电机组爬坡约束2_14_83],0.0
cons[火电机组爬坡约束1_14_84],0.0
cons[火电机组爬坡约束2_14_84],0.0
cons[火电机组爬坡约束1_14_85],0.0
cons[火电机组爬坡约束2_14_85],0.0
cons[火电机组爬坡约束1_14_86],0.0
cons[火电机组爬坡约束2_14_86],0.0
cons[火电机组爬坡约束1_14_87],0.0
cons[火电机组爬坡约束2_14_87],0.0
cons[火电机组爬坡约束1_14_88],0.0
cons[火电机组爬坡约束2_14_88],0.0
cons[火电机组爬坡约束1_14_89],0.0
cons[火电机组爬坡约束2_14_89],0.0
cons[火电机组爬坡约束1_14_90],0.0
cons[火电机组爬坡约束2_14_90],0.0
cons[火电机组爬坡约束1_14_91],0.0
cons[火电机组爬坡约束2_14_91],0.0
cons[火电机组爬坡约束1_14_92],0.0
cons[火电机组爬坡约束2_14_92],0.0
cons[火电机组爬坡约束1_14_93],0.0
cons[火电机组爬坡约束2_14_93],0.0
cons[火电机组爬坡约束1_14_94],0.0
cons[火电机组爬坡约束2_14_94],0.0
cons[火电机组爬坡约束1_14_95],0.0
cons[火电机组爬坡约束2_14_95],0.0
cons[火电机组爬坡约束1_15_1],0.0
cons[火电机组爬坡约束2_15_1],0.0
cons[火电机组爬坡约束1_15_2],0.0
cons[火电机组爬坡约束2_15_2],0.0
cons[火电机组爬坡约束1_15_3],0.0
cons[火电机组爬坡约束2_15_3],0.0
cons[火电机组爬坡约束1_15_4],0.0
cons[火电机组爬坡约束2_15_4],0.0
cons[火电机组爬坡约束1_15_5],0.0
cons[火电机组爬坡约束2_15_5],0.0
cons[火电机组爬坡约束1_15_6],0.0
cons[火电机组爬坡约束2_15_6],0.0
cons[火电机组爬坡约束1_15_7],0.0
cons[火电机组爬坡约束2_15_7],0.0
cons[火电机组爬坡约束1_15_8],0.0
cons[火电机组爬坡约束2_15_8],0.0
cons[火电机组爬坡约束1_15_9],0.0
cons[火电机组爬坡约束2_15_9],0.0
cons[火电机组爬坡约束1_15_10],0.0
cons[火电机组爬坡约束2_15_10],0.0
cons[火电机组爬坡约束1_15_11],0.0
cons[火电机组爬坡约束2_15_11],0.0
cons[火电机组爬坡约束1_15_12],0.0
cons[火电机组爬坡约束2_15_12],0.0
cons[火电机组爬坡约束1_15_13],0.0
cons[火电机组爬坡约束2_15_13],0.0
cons[火电机组爬坡约束1_15_14],0.0
cons[火电机组爬坡约束2_15_14],0.0
cons[火电机组爬坡约束1_15_15],0.0
cons[火电机组爬坡约束2_15_15],0.0
cons[火电机组爬坡约束1_15_16],0.0
cons[火电机组爬坡约束2_15_16],0.0
cons[火电机组爬坡约束1_15_17],0.0
cons[火电机组爬坡约束2_15_17],0.0
cons[火电机组爬坡约束1_15_18],0.0
cons[火电机组爬坡约束2_15_18],0.0
cons[火电机组爬坡约束1_15_19],0.0
cons[火电机组爬坡约束2_15_19],0.0
cons[火电机组爬坡约束1_15_20],0.0
cons[火电机组爬坡约束2_15_20],0.0
cons[火电机组爬坡约束1_15_21],0.0
cons[火电机组爬坡约束2_15_21],0.0
cons[火电机组爬坡约束1_15_22],0.0
cons[火电机组爬坡约束2_15_22],0.0
cons[火电机组爬坡约束1_15_23],0.0
cons[火电机组爬坡约束2_15_23],0.0
cons[火电机组爬坡约束1_15_24],0.0
cons[火电机组爬坡约束2_15_24],0.0
cons[火电机组爬坡约束1_15_25],0.0
cons[火电机组爬坡约束2_15_25],0.0
cons[火电机组爬坡约束1_15_26],0.0
cons[火电机组爬坡约束2_15_26],0.0
cons[火电机组爬坡约束1_15_27],0.0
cons[火电机组爬坡约束2_15_27],0.0
cons[火电机组爬坡约束1_15_28],0.0
cons[火电机组爬坡约束2_15_28],0.0
cons[火电机组爬坡约束1_15_29],0.0
cons[火电机组爬坡约束2_15_29],0.0
cons[火电机组爬坡约束1_15_30],0.0
cons[火电机组爬坡约束2_15_30],0.0
cons[火电机组爬坡约束1_15_31],0.0
cons[火电机组爬坡约束2_15_31],0.0
cons[火电机组爬坡约束1_15_32],0.0
cons[火电机组爬坡约束2_15_32],0.0
cons[火电机组爬坡约束1_15_33],0.0
cons[火电机组爬坡约束2_15_33],0.0
cons[火电机组爬坡约束1_15_34],0.0
cons[火电机组爬坡约束2_15_34],0.0
cons[火电机组爬坡约束1_15_35],0.0
cons[火电机组爬坡约束2_15_35],0.0
cons[火电机组爬坡约束1_15_36],0.0
cons[火电机组爬坡约束2_15_36],0.0
cons[火电机组爬坡约束1_15_37],0.0
cons[火电机组爬坡约束2_15_37],0.0
cons[火电机组爬坡约束1_15_38],0.0
cons[火电机组爬坡约束2_15_38],0.0
cons[火电机组爬坡约束1_15_39],0.0
cons[火电机组爬坡约束2_15_39],0.0
cons[火电机组爬坡约束1_15_40],0.0
cons[火电机组爬坡约束2_15_40],0.0
cons[火电机组爬坡约束1_15_41],0.0
cons[火电机组爬坡约束2_15_41],0.0
cons[火电机组爬坡约束1_15_42],0.0
cons[火电机组爬坡约束2_15_42],0.0
cons[火电机组爬坡约束1_15_43],0.0
cons[火电机组爬坡约束2_15_43],0.0
cons[火电机组爬坡约束1_15_44],0.0
cons[火电机组爬坡约束2_15_44],0.0
cons[火电机组爬坡约束1_15_45],0.0
cons[火电机组爬坡约束2_15_45],0.0
cons[火电机组爬坡约束1_15_46],0.0
cons[火电机组爬坡约束2_15_46],0.0
cons[火电机组爬坡约束1_15_47],0.0
cons[火电机组爬坡约束2_15_47],0.0
cons[火电机组爬坡约束1_15_48],0.0
cons[火电机组爬坡约束2_15_48],0.0
cons[火电机组爬坡约束1_15_49],0.0
cons[火电机组爬坡约束2_15_49],0.0
cons[火电机组爬坡约束1_15_50],0.0
cons[火电机组爬坡约束2_15_50],0.0
cons[火电机组爬坡约束1_15_51],0.0
cons[火电机组爬坡约束2_15_51],0.0
cons[火电机组爬坡约束1_15_52],0.0
cons[火电机组爬坡约束2_15_52],0.0
cons[火电机组爬坡约束1_15_53],0.0
cons[火电机组爬坡约束2_15_53],0.0
cons[火电机组爬坡约束1_15_54],0.0
cons[火电机组爬坡约束2_15_54],0.0
cons[火电机组爬坡约束1_15_55],0.0
cons[火电机组爬坡约束2_15_55],0.0
cons[火电机组爬坡约束1_15_56],0.0
cons[火电机组爬坡约束2_15_56],0.0
cons[火电机组爬坡约束1_15_57],0.0
cons[火电机组爬坡约束2_15_57],0.0
cons[火电机组爬坡约束1_15_58],0.0
cons[火电机组爬坡约束2_15_58],0.0
cons[火电机组爬坡约束1_15_59],0.0
cons[火电机组爬坡约束2_15_59],0.0
cons[火电机组爬坡约束1_15_60],0.0
cons[火电机组爬坡约束2_15_60],0.0
cons[火电机组爬坡约束1_15_61],0.0
cons[火电机组爬坡约束2_15_61],0.0
cons[火电机组爬坡约束1_15_62],0.0
cons[火电机组爬坡约束2_15_62],0.0
cons[火电机组爬坡约束1_15_63],0.0
cons[火电机组爬坡约束2_15_63],0.0
cons[火电机组爬坡约束1_15_64],0.0
cons[火电机组爬坡约束2_15_64],0.0
cons[火电机组爬坡约束1_15_65],0.0
cons[火电机组爬坡约束2_15_65],0.0
cons[火电机组爬坡约束1_15_66],0.0
cons[火电机组爬坡约束2_15_66],0.0
cons[火电机组爬坡约束1_15_67],0.0
cons[火电机组爬坡约束2_15_67],0.0
cons[火电机组爬坡约束1_15_68],0.0
cons[火电机组爬坡约束2_15_68],0.0
cons[火电机组爬坡约束1_15_69],0.0
cons[火电机组爬坡约束2_15_69],0.0
cons[火电机组爬坡约束1_15_70],0.0
cons[火电机组爬坡约束2_15_70],0.0
cons[火电机组爬坡约束1_15_71],0.0
cons[火电机组爬坡约束2_15_71],0.0
cons[火电机组爬坡约束1_15_72],0.0
cons[火电机组爬坡约束2_15_72],0.0
cons[火电机组爬坡约束1_15_73],0.0
cons[火电机组爬坡约束2_15_73],0.0
cons[火电机组爬坡约束1_15_74],0.0
cons[火电机组爬坡约束2_15_74],0.0
cons[火电机组爬坡约束1_15_75],0.0
cons[火电机组爬坡约束2_15_75],0.0
cons[火电机组爬坡约束1_15_76],0.0
cons[火电机组爬坡约束2_15_76],0.0
cons[火电机组爬坡约束1_15_77],0.0
cons[火电机组爬坡约束2_15_77],0.0
cons[火电机组爬坡约束1_15_78],0.0
cons[火电机组爬坡约束2_15_78],0.0
cons[火电机组爬坡约束1_15_79],0.0
cons[火电机组爬坡约束2_15_79],0.0
cons[火电机组爬坡约束1_15_80],0.0
cons[火电机组爬坡约束2_15_80],0.0
cons[火电机组爬坡约束1_15_81],0.0
cons[火电机组爬坡约束2_15_81],0.0
cons[火电机组爬坡约束1_15_82],0.0
cons[火电机组爬坡约束2_15_82],0.0
cons[火电机组爬坡约束1_15_83],0.0
cons[火电机组爬坡约束2_15_83],0.0
cons[火电机组爬坡约束1_15_84],0.0
cons[火电机组爬坡约束2_15_84],0.0
cons[火电机组爬坡约束1_15_85],0.0
cons[火电机组爬坡约束2_15_85],0.0
cons[火电机组爬坡约束1_15_86],0.0
cons[火电机组爬坡约束2_15_86],0.0
cons[火电机组爬坡约束1_15_87],0.0
cons[火电机组爬坡约束2_15_87],0.0
cons[火电机组爬坡约束1_15_88],0.0
cons[火电机组爬坡约束2_15_88],0.0
cons[火电机组爬坡约束1_15_89],0.0
cons[火电机组爬坡约束2_15_89],0.0
cons[火电机组爬坡约束1_15_90],0.0
cons[火电机组爬坡约束2_15_90],0.0
cons[火电机组爬坡约束1_15_91],0.0
cons[火电机组爬坡约束2_15_91],0.0
cons[火电机组爬坡约束1_15_92],0.0
cons[火电机组爬坡约束2_15_92],0.0
cons[火电机组爬坡约束1_15_93],0.0
cons[火电机组爬坡约束2_15_93],0.0
cons[火电机组爬坡约束1_15_94],0.0
cons[火电机组爬坡约束2_15_94],0.0
cons[火电机组爬坡约束1_15_95],0.0
cons[火电机组爬坡约束2_15_95],0.0
cons[火电机组爬坡约束1_16_1],0.0
cons[火电机组爬坡约束2_16_1],0.0
cons[火电机组爬坡约束1_16_2],0.0
cons[火电机组爬坡约束2_16_2],0.0
cons[火电机组爬坡约束1_16_3],0.0
cons[火电机组爬坡约束2_16_3],0.0
cons[火电机组爬坡约束1_16_4],0.0
cons[火电机组爬坡约束2_16_4],0.0
cons[火电机组爬坡约束1_16_5],0.0
cons[火电机组爬坡约束2_16_5],0.0
cons[火电机组爬坡约束1_16_6],0.0
cons[火电机组爬坡约束2_16_6],0.0
cons[火电机组爬坡约束1_16_7],0.0
cons[火电机组爬坡约束2_16_7],0.0
cons[火电机组爬坡约束1_16_8],0.0
cons[火电机组爬坡约束2_16_8],0.0
cons[火电机组爬坡约束1_16_9],0.0
cons[火电机组爬坡约束2_16_9],0.0
cons[火电机组爬坡约束1_16_10],0.0
cons[火电机组爬坡约束2_16_10],0.0
cons[火电机组爬坡约束1_16_11],0.0
cons[火电机组爬坡约束2_16_11],0.0
cons[火电机组爬坡约束1_16_12],0.0
cons[火电机组爬坡约束2_16_12],0.0
cons[火电机组爬坡约束1_16_13],0.0
cons[火电机组爬坡约束2_16_13],0.0
cons[火电机组爬坡约束1_16_14],0.0
cons[火电机组爬坡约束2_16_14],0.0
cons[火电机组爬坡约束1_16_15],0.0
cons[火电机组爬坡约束2_16_15],0.0
cons[火电机组爬坡约束1_16_16],0.0
cons[火电机组爬坡约束2_16_16],0.0
cons[火电机组爬坡约束1_16_17],0.0
cons[火电机组爬坡约束2_16_17],0.0
cons[火电机组爬坡约束1_16_18],0.0
cons[火电机组爬坡约束2_16_18],0.0
cons[火电机组爬坡约束1_16_19],0.0
cons[火电机组爬坡约束2_16_19],0.0
cons[火电机组爬坡约束1_16_20],0.0
cons[火电机组爬坡约束2_16_20],0.0
cons[火电机组爬坡约束1_16_21],0.0
cons[火电机组爬坡约束2_16_21],0.0
cons[火电机组爬坡约束1_16_22],0.0
cons[火电机组爬坡约束2_16_22],0.0
cons[火电机组爬坡约束1_16_23],0.0
cons[火电机组爬坡约束2_16_23],0.0
cons[火电机组爬坡约束1_16_24],0.0
cons[火电机组爬坡约束2_16_24],0.0
cons[火电机组爬坡约束1_16_25],0.0
cons[火电机组爬坡约束2_16_25],0.0
cons[火电机组爬坡约束1_16_26],0.0
cons[火电机组爬坡约束2_16_26],0.0
cons[火电机组爬坡约束1_16_27],0.0
cons[火电机组爬坡约束2_16_27],0.0
cons[火电机组爬坡约束1_16_28],0.0
cons[火电机组爬坡约束2_16_28],0.0
cons[火电机组爬坡约束1_16_29],0.0
cons[火电机组爬坡约束2_16_29],0.0
cons[火电机组爬坡约束1_16_30],0.0
cons[火电机组爬坡约束2_16_30],0.0
cons[火电机组爬坡约束1_16_31],0.0
cons[火电机组爬坡约束2_16_31],0.0
cons[火电机组爬坡约束1_16_32],0.0
cons[火电机组爬坡约束2_16_32],0.0
cons[火电机组爬坡约束1_16_33],0.0
cons[火电机组爬坡约束2_16_33],0.0
cons[火电机组爬坡约束1_16_34],0.0
cons[火电机组爬坡约束2_16_34],0.0
cons[火电机组爬坡约束1_16_35],0.0
cons[火电机组爬坡约束2_16_35],0.0
cons[火电机组爬坡约束1_16_36],0.0
cons[火电机组爬坡约束2_16_36],0.0
cons[火电机组爬坡约束1_16_37],0.0
cons[火电机组爬坡约束2_16_37],0.0
cons[火电机组爬坡约束1_16_38],0.0
cons[火电机组爬坡约束2_16_38],0.0
cons[火电机组爬坡约束1_16_39],0.0
cons[火电机组爬坡约束2_16_39],0.0
cons[火电机组爬坡约束1_16_40],0.0
cons[火电机组爬坡约束2_16_40],0.0
cons[火电机组爬坡约束1_16_41],0.0
cons[火电机组爬坡约束2_16_41],0.0
cons[火电机组爬坡约束1_16_42],0.0
cons[火电机组爬坡约束2_16_42],0.0
cons[火电机组爬坡约束1_16_43],0.0
cons[火电机组爬坡约束2_16_43],0.0
cons[火电机组爬坡约束1_16_44],0.0
cons[火电机组爬坡约束2_16_44],0.0
cons[火电机组爬坡约束1_16_45],0.0
cons[火电机组爬坡约束2_16_45],0.0
cons[火电机组爬坡约束1_16_46],0.0
cons[火电机组爬坡约束2_16_46],0.0
cons[火电机组爬坡约束1_16_47],0.0
cons[火电机组爬坡约束2_16_47],0.0
cons[火电机组爬坡约束1_16_48],0.0
cons[火电机组爬坡约束2_16_48],0.0
cons[火电机组爬坡约束1_16_49],0.0
cons[火电机组爬坡约束2_16_49],0.0
cons[火电机组爬坡约束1_16_50],0.0
cons[火电机组爬坡约束2_16_50],0.0
cons[火电机组爬坡约束1_16_51],0.0
cons[火电机组爬坡约束2_16_51],0.0
cons[火电机组爬坡约束1_16_52],0.0
cons[火电机组爬坡约束2_16_52],0.0
cons[火电机组爬坡约束1_16_53],0.0
cons[火电机组爬坡约束2_16_53],0.0
cons[火电机组爬坡约束1_16_54],0.0
cons[火电机组爬坡约束2_16_54],0.0
cons[火电机组爬坡约束1_16_55],0.0
cons[火电机组爬坡约束2_16_55],0.0
cons[火电机组爬坡约束1_16_56],0.0
cons[火电机组爬坡约束2_16_56],0.0
cons[火电机组爬坡约束1_16_57],0.0
cons[火电机组爬坡约束2_16_57],0.0
cons[火电机组爬坡约束1_16_58],0.0
cons[火电机组爬坡约束2_16_58],0.0
cons[火电机组爬坡约束1_16_59],0.0
cons[火电机组爬坡约束2_16_59],0.0
cons[火电机组爬坡约束1_16_60],0.0
cons[火电机组爬坡约束2_16_60],0.0
cons[火电机组爬坡约束1_16_61],0.0
cons[火电机组爬坡约束2_16_61],0.0
cons[火电机组爬坡约束1_16_62],0.0
cons[火电机组爬坡约束2_16_62],0.0
cons[火电机组爬坡约束1_16_63],0.0
cons[火电机组爬坡约束2_16_63],0.0
cons[火电机组爬坡约束1_16_64],0.0
cons[火电机组爬坡约束2_16_64],0.0
cons[火电机组爬坡约束1_16_65],0.0
cons[火电机组爬坡约束2_16_65],0.0
cons[火电机组爬坡约束1_16_66],0.0
cons[火电机组爬坡约束2_16_66],0.0
cons[火电机组爬坡约束1_16_67],0.0
cons[火电机组爬坡约束2_16_67],0.0
cons[火电机组爬坡约束1_16_68],0.0
cons[火电机组爬坡约束2_16_68],0.0
cons[火电机组爬坡约束1_16_69],0.0
cons[火电机组爬坡约束2_16_69],0.0
cons[火电机组爬坡约束1_16_70],0.0
cons[火电机组爬坡约束2_16_70],0.0
cons[火电机组爬坡约束1_16_71],0.0
cons[火电机组爬坡约束2_16_71],0.0
cons[火电机组爬坡约束1_16_72],0.0
cons[火电机组爬坡约束2_16_72],0.0
cons[火电机组爬坡约束1_16_73],0.0
cons[火电机组爬坡约束2_16_73],0.0
cons[火电机组爬坡约束1_16_74],0.0
cons[火电机组爬坡约束2_16_74],0.0
cons[火电机组爬坡约束1_16_75],0.0
cons[火电机组爬坡约束2_16_75],0.0
cons[火电机组爬坡约束1_16_76],0.0
cons[火电机组爬坡约束2_16_76],0.0
cons[火电机组爬坡约束1_16_77],0.0
cons[火电机组爬坡约束2_16_77],0.0
cons[火电机组爬坡约束1_16_78],0.0
cons[火电机组爬坡约束2_16_78],0.0
cons[火电机组爬坡约束1_16_79],0.0
cons[火电机组爬坡约束2_16_79],0.0
cons[火电机组爬坡约束1_16_80],0.0
cons[火电机组爬坡约束2_16_80],0.0
cons[火电机组爬坡约束1_16_81],0.0
cons[火电机组爬坡约束2_16_81],0.0
cons[火电机组爬坡约束1_16_82],0.0
cons[火电机组爬坡约束2_16_82],0.0
cons[火电机组爬坡约束1_16_83],0.0
cons[火电机组爬坡约束2_16_83],0.0
cons[火电机组爬坡约束1_16_84],0.0
cons[火电机组爬坡约束2_16_84],0.0
cons[火电机组爬坡约束1_16_85],0.0
cons[火电机组爬坡约束2_16_85],0.0
cons[火电机组爬坡约束1_16_86],0.0
cons[火电机组爬坡约束2_16_86],0.0
cons[火电机组爬坡约束1_16_87],0.0
cons[火电机组爬坡约束2_16_87],0.0
cons[火电机组爬坡约束1_16_88],0.0
cons[火电机组爬坡约束2_16_88],0.0
cons[火电机组爬坡约束1_16_89],0.0
cons[火电机组爬坡约束2_16_89],0.0
cons[火电机组爬坡约束1_16_90],0.0
cons[火电机组爬坡约束2_16_90],0.0
cons[火电机组爬坡约束1_16_91],0.0
cons[火电机组爬坡约束2_16_91],0.0
cons[火电机组爬坡约束1_16_92],0.0
cons[火电机组爬坡约束2_16_92],0.0
cons[火电机组爬坡约束1_16_93],0.0
cons[火电机组爬坡约束2_16_93],0.0
cons[火电机组爬坡约束1_16_94],0.0
cons[火电机组爬坡约束2_16_94],0.0
cons[火电机组爬坡约束1_16_95],0.0
cons[火电机组爬坡约束2_16_95],0.0
cons[火电机组爬坡约束1_17_1],0.0
cons[火电机组爬坡约束2_17_1],0.0
cons[火电机组爬坡约束1_17_2],0.0
cons[火电机组爬坡约束2_17_2],0.0
cons[火电机组爬坡约束1_17_3],0.0
cons[火电机组爬坡约束2_17_3],0.0
cons[火电机组爬坡约束1_17_4],0.0
cons[火电机组爬坡约束2_17_4],0.0
cons[火电机组爬坡约束1_17_5],0.0
cons[火电机组爬坡约束2_17_5],0.0
cons[火电机组爬坡约束1_17_6],0.0
cons[火电机组爬坡约束2_17_6],0.0
cons[火电机组爬坡约束1_17_7],0.0
cons[火电机组爬坡约束2_17_7],0.0
cons[火电机组爬坡约束1_17_8],0.0
cons[火电机组爬坡约束2_17_8],0.0
cons[火电机组爬坡约束1_17_9],0.0
cons[火电机组爬坡约束2_17_9],0.0
cons[火电机组爬坡约束1_17_10],0.0
cons[火电机组爬坡约束2_17_10],0.0
cons[火电机组爬坡约束1_17_11],0.0
cons[火电机组爬坡约束2_17_11],0.0
cons[火电机组爬坡约束1_17_12],0.0
cons[火电机组爬坡约束2_17_12],0.0
cons[火电机组爬坡约束1_17_13],0.0
cons[火电机组爬坡约束2_17_13],0.0
cons[火电机组爬坡约束1_17_14],0.0
cons[火电机组爬坡约束2_17_14],0.0
cons[火电机组爬坡约束1_17_15],0.0
cons[火电机组爬坡约束2_17_15],0.0
cons[火电机组爬坡约束1_17_16],0.0
cons[火电机组爬坡约束2_17_16],0.0
cons[火电机组爬坡约束1_17_17],0.0
cons[火电机组爬坡约束2_17_17],0.0
cons[火电机组爬坡约束1_17_18],0.0
cons[火电机组爬坡约束2_17_18],0.0
cons[火电机组爬坡约束1_17_19],0.0
cons[火电机组爬坡约束2_17_19],0.0
cons[火电机组爬坡约束1_17_20],0.0
cons[火电机组爬坡约束2_17_20],0.0
cons[火电机组爬坡约束1_17_21],0.0
cons[火电机组爬坡约束2_17_21],0.0
cons[火电机组爬坡约束1_17_22],0.0
cons[火电机组爬坡约束2_17_22],0.0
cons[火电机组爬坡约束1_17_23],0.0
cons[火电机组爬坡约束2_17_23],0.0
cons[火电机组爬坡约束1_17_24],0.0
cons[火电机组爬坡约束2_17_24],0.0
cons[火电机组爬坡约束1_17_25],0.0
cons[火电机组爬坡约束2_17_25],0.0
cons[火电机组爬坡约束1_17_26],0.0
cons[火电机组爬坡约束2_17_26],0.0
cons[火电机组爬坡约束1_17_27],0.0
cons[火电机组爬坡约束2_17_27],0.0
cons[火电机组爬坡约束1_17_28],0.0
cons[火电机组爬坡约束2_17_28],0.0
cons[火电机组爬坡约束1_17_29],0.0
cons[火电机组爬坡约束2_17_29],0.0
cons[火电机组爬坡约束1_17_30],0.0
cons[火电机组爬坡约束2_17_30],0.0
cons[火电机组爬坡约束1_17_31],0.0
cons[火电机组爬坡约束2_17_31],0.0
cons[火电机组爬坡约束1_17_32],0.0
cons[火电机组爬坡约束2_17_32],0.0
cons[火电机组爬坡约束1_17_33],0.0
cons[火电机组爬坡约束2_17_33],0.0
cons[火电机组爬坡约束1_17_34],0.0
cons[火电机组爬坡约束2_17_34],0.0
cons[火电机组爬坡约束1_17_35],0.0
cons[火电机组爬坡约束2_17_35],0.0
cons[火电机组爬坡约束1_17_36],0.0
cons[火电机组爬坡约束2_17_36],0.0
cons[火电机组爬坡约束1_17_37],0.0
cons[火电机组爬坡约束2_17_37],0.0
cons[火电机组爬坡约束1_17_38],0.0
cons[火电机组爬坡约束2_17_38],0.0
cons[火电机组爬坡约束1_17_39],0.0
cons[火电机组爬坡约束2_17_39],0.0
cons[火电机组爬坡约束1_17_40],0.0
cons[火电机组爬坡约束2_17_40],0.0
cons[火电机组爬坡约束1_17_41],0.0
cons[火电机组爬坡约束2_17_41],0.0
cons[火电机组爬坡约束1_17_42],0.0
cons[火电机组爬坡约束2_17_42],0.0
cons[火电机组爬坡约束1_17_43],0.0
cons[火电机组爬坡约束2_17_43],0.0
cons[火电机组爬坡约束1_17_44],0.0
cons[火电机组爬坡约束2_17_44],0.0
cons[火电机组爬坡约束1_17_45],0.0
cons[火电机组爬坡约束2_17_45],0.0
cons[火电机组爬坡约束1_17_46],0.0
cons[火电机组爬坡约束2_17_46],0.0
cons[火电机组爬坡约束1_17_47],0.0
cons[火电机组爬坡约束2_17_47],0.0
cons[火电机组爬坡约束1_17_48],0.0
cons[火电机组爬坡约束2_17_48],0.0
cons[火电机组爬坡约束1_17_49],0.0
cons[火电机组爬坡约束2_17_49],0.0
cons[火电机组爬坡约束1_17_50],0.0
cons[火电机组爬坡约束2_17_50],0.0
cons[火电机组爬坡约束1_17_51],0.0
cons[火电机组爬坡约束2_17_51],0.0
cons[火电机组爬坡约束1_17_52],0.0
cons[火电机组爬坡约束2_17_52],0.0
cons[火电机组爬坡约束1_17_53],0.0
cons[火电机组爬坡约束2_17_53],0.0
cons[火电机组爬坡约束1_17_54],0.0
cons[火电机组爬坡约束2_17_54],0.0
cons[火电机组爬坡约束1_17_55],0.0
cons[火电机组爬坡约束2_17_55],0.0
cons[火电机组爬坡约束1_17_56],0.0
cons[火电机组爬坡约束2_17_56],0.0
cons[火电机组爬坡约束1_17_57],0.0
cons[火电机组爬坡约束2_17_57],0.0
cons[火电机组爬坡约束1_17_58],0.0
cons[火电机组爬坡约束2_17_58],0.0
cons[火电机组爬坡约束1_17_59],0.0
cons[火电机组爬坡约束2_17_59],0.0
cons[火电机组爬坡约束1_17_60],0.0
cons[火电机组爬坡约束2_17_60],0.0
cons[火电机组爬坡约束1_17_61],0.0
cons[火电机组爬坡约束2_17_61],0.0
cons[火电机组爬坡约束1_17_62],0.0
cons[火电机组爬坡约束2_17_62],0.0
cons[火电机组爬坡约束1_17_63],0.0
cons[火电机组爬坡约束2_17_63],0.0
cons[火电机组爬坡约束1_17_64],0.0
cons[火电机组爬坡约束2_17_64],0.0
cons[火电机组爬坡约束1_17_65],0.0
cons[火电机组爬坡约束2_17_65],0.0
cons[火电机组爬坡约束1_17_66],0.0
cons[火电机组爬坡约束2_17_66],0.0
cons[火电机组爬坡约束1_17_67],0.0
cons[火电机组爬坡约束2_17_67],0.0
cons[火电机组爬坡约束1_17_68],0.0
cons[火电机组爬坡约束2_17_68],0.0
cons[火电机组爬坡约束1_17_69],0.0
cons[火电机组爬坡约束2_17_69],0.0
cons[火电机组爬坡约束1_17_70],0.0
cons[火电机组爬坡约束2_17_70],0.0
cons[火电机组爬坡约束1_17_71],0.0
cons[火电机组爬坡约束2_17_71],0.0
cons[火电机组爬坡约束1_17_72],0.0
cons[火电机组爬坡约束2_17_72],0.0
cons[火电机组爬坡约束1_17_73],0.0
cons[火电机组爬坡约束2_17_73],0.0
cons[火电机组爬坡约束1_17_74],0.0
cons[火电机组爬坡约束2_17_74],0.0
cons[火电机组爬坡约束1_17_75],0.0
cons[火电机组爬坡约束2_17_75],0.0
cons[火电机组爬坡约束1_17_76],0.0
cons[火电机组爬坡约束2_17_76],0.0
cons[火电机组爬坡约束1_17_77],0.0
cons[火电机组爬坡约束2_17_77],0.0
cons[火电机组爬坡约束1_17_78],0.0
cons[火电机组爬坡约束2_17_78],0.0
cons[火电机组爬坡约束1_17_79],0.0
cons[火电机组爬坡约束2_17_79],0.0
cons[火电机组爬坡约束1_17_80],0.0
cons[火电机组爬坡约束2_17_80],0.0
cons[火电机组爬坡约束1_17_81],0.0
cons[火电机组爬坡约束2_17_81],0.0
cons[火电机组爬坡约束1_17_82],0.0
cons[火电机组爬坡约束2_17_82],0.0
cons[火电机组爬坡约束1_17_83],0.0
cons[火电机组爬坡约束2_17_83],0.0
cons[火电机组爬坡约束1_17_84],0.0
cons[火电机组爬坡约束2_17_84],0.0
cons[火电机组爬坡约束1_17_85],0.0
cons[火电机组爬坡约束2_17_85],0.0
cons[火电机组爬坡约束1_17_86],0.0
cons[火电机组爬坡约束2_17_86],0.0
cons[火电机组爬坡约束1_17_87],0.0
cons[火电机组爬坡约束2_17_87],0.0
cons[火电机组爬坡约束1_17_88],0.0
cons[火电机组爬坡约束2_17_88],0.0
cons[火电机组爬坡约束1_17_89],0.0
cons[火电机组爬坡约束2_17_89],0.0
cons[火电机组爬坡约束1_17_90],0.0
cons[火电机组爬坡约束2_17_90],0.0
cons[火电机组爬坡约束1_17_91],0.0
cons[火电机组爬坡约束2_17_91],0.0
cons[火电机组爬坡约束1_17_92],0.0
cons[火电机组爬坡约束2_17_92],0.0
cons[火电机组爬坡约束1_17_93],0.0
cons[火电机组爬坡约束2_17_93],0.0
cons[火电机组爬坡约束1_17_94],0.0
cons[火电机组爬坡约束2_17_94],0.0
cons[火电机组爬坡约束1_17_95],0.0
cons[火电机组爬坡约束2_17_95],0.0
cons[火电机组爬坡约束1_18_1],0.0
cons[火电机组爬坡约束2_18_1],0.0
cons[火电机组爬坡约束1_18_2],0.0
cons[火电机组爬坡约束2_18_2],0.0
cons[火电机组爬坡约束1_18_3],0.0
cons[火电机组爬坡约束2_18_3],0.0
cons[火电机组爬坡约束1_18_4],0.0
cons[火电机组爬坡约束2_18_4],0.0
cons[火电机组爬坡约束1_18_5],0.0
cons[火电机组爬坡约束2_18_5],0.0
cons[火电机组爬坡约束1_18_6],0.0
cons[火电机组爬坡约束2_18_6],0.0
cons[火电机组爬坡约束1_18_7],0.0
cons[火电机组爬坡约束2_18_7],0.0
cons[火电机组爬坡约束1_18_8],0.0
cons[火电机组爬坡约束2_18_8],0.0
cons[火电机组爬坡约束1_18_9],0.0
cons[火电机组爬坡约束2_18_9],0.0
cons[火电机组爬坡约束1_18_10],0.0
cons[火电机组爬坡约束2_18_10],0.0
cons[火电机组爬坡约束1_18_11],0.0
cons[火电机组爬坡约束2_18_11],0.0
cons[火电机组爬坡约束1_18_12],0.0
cons[火电机组爬坡约束2_18_12],0.0
cons[火电机组爬坡约束1_18_13],0.0
cons[火电机组爬坡约束2_18_13],0.0
cons[火电机组爬坡约束1_18_14],0.0
cons[火电机组爬坡约束2_18_14],0.0
cons[火电机组爬坡约束1_18_15],0.0
cons[火电机组爬坡约束2_18_15],0.0
cons[火电机组爬坡约束1_18_16],0.0
cons[火电机组爬坡约束2_18_16],0.0
cons[火电机组爬坡约束1_18_17],0.0
cons[火电机组爬坡约束2_18_17],0.0
cons[火电机组爬坡约束1_18_18],0.0
cons[火电机组爬坡约束2_18_18],0.0
cons[火电机组爬坡约束1_18_19],0.0
cons[火电机组爬坡约束2_18_19],0.0
cons[火电机组爬坡约束1_18_20],0.0
cons[火电机组爬坡约束2_18_20],0.0
cons[火电机组爬坡约束1_18_21],0.0
cons[火电机组爬坡约束2_18_21],0.0
cons[火电机组爬坡约束1_18_22],0.0
cons[火电机组爬坡约束2_18_22],0.0
cons[火电机组爬坡约束1_18_23],0.0
cons[火电机组爬坡约束2_18_23],0.0
cons[火电机组爬坡约束1_18_24],0.0
cons[火电机组爬坡约束2_18_24],0.0
cons[火电机组爬坡约束1_18_25],0.0
cons[火电机组爬坡约束2_18_25],0.0
cons[火电机组爬坡约束1_18_26],0.0
cons[火电机组爬坡约束2_18_26],0.0
cons[火电机组爬坡约束1_18_27],0.0
cons[火电机组爬坡约束2_18_27],0.0
cons[火电机组爬坡约束1_18_28],0.0
cons[火电机组爬坡约束2_18_28],0.0
cons[火电机组爬坡约束1_18_29],0.0
cons[火电机组爬坡约束2_18_29],0.0
cons[火电机组爬坡约束1_18_30],0.0
cons[火电机组爬坡约束2_18_30],0.0
cons[火电机组爬坡约束1_18_31],0.0
cons[火电机组爬坡约束2_18_31],0.0
cons[火电机组爬坡约束1_18_32],0.0
cons[火电机组爬坡约束2_18_32],0.0
cons[火电机组爬坡约束1_18_33],0.0
cons[火电机组爬坡约束2_18_33],0.0
cons[火电机组爬坡约束1_18_34],0.0
cons[火电机组爬坡约束2_18_34],0.0
cons[火电机组爬坡约束1_18_35],0.0
cons[火电机组爬坡约束2_18_35],0.0
cons[火电机组爬坡约束1_18_36],0.0
cons[火电机组爬坡约束2_18_36],0.0
cons[火电机组爬坡约束1_18_37],0.0
cons[火电机组爬坡约束2_18_37],0.0
cons[火电机组爬坡约束1_18_38],0.0
cons[火电机组爬坡约束2_18_38],0.0
cons[火电机组爬坡约束1_18_39],0.0
cons[火电机组爬坡约束2_18_39],0.0
cons[火电机组爬坡约束1_18_40],0.0
cons[火电机组爬坡约束2_18_40],0.0
cons[火电机组爬坡约束1_18_41],0.0
cons[火电机组爬坡约束2_18_41],0.0
cons[火电机组爬坡约束1_18_42],0.0
cons[火电机组爬坡约束2_18_42],0.0
cons[火电机组爬坡约束1_18_43],0.0
cons[火电机组爬坡约束2_18_43],0.0
cons[火电机组爬坡约束1_18_44],0.0
cons[火电机组爬坡约束2_18_44],0.0
cons[火电机组爬坡约束1_18_45],0.0
cons[火电机组爬坡约束2_18_45],0.0
cons[火电机组爬坡约束1_18_46],0.0
cons[火电机组爬坡约束2_18_46],0.0
cons[火电机组爬坡约束1_18_47],0.0
cons[火电机组爬坡约束2_18_47],0.0
cons[火电机组爬坡约束1_18_48],0.0
cons[火电机组爬坡约束2_18_48],0.0
cons[火电机组爬坡约束1_18_49],0.0
cons[火电机组爬坡约束2_18_49],0.0
cons[火电机组爬坡约束1_18_50],0.0
cons[火电机组爬坡约束2_18_50],0.0
cons[火电机组爬坡约束1_18_51],0.0
cons[火电机组爬坡约束2_18_51],0.0
cons[火电机组爬坡约束1_18_52],0.0
cons[火电机组爬坡约束2_18_52],0.0
cons[火电机组爬坡约束1_18_53],0.0
cons[火电机组爬坡约束2_18_53],0.0
cons[火电机组爬坡约束1_18_54],0.0
cons[火电机组爬坡约束2_18_54],0.0
cons[火电机组爬坡约束1_18_55],0.0
cons[火电机组爬坡约束2_18_55],0.0
cons[火电机组爬坡约束1_18_56],0.0
cons[火电机组爬坡约束2_18_56],0.0
cons[火电机组爬坡约束1_18_57],0.0
cons[火电机组爬坡约束2_18_57],0.0
cons[火电机组爬坡约束1_18_58],0.0
cons[火电机组爬坡约束2_18_58],0.0
cons[火电机组爬坡约束1_18_59],0.0
cons[火电机组爬坡约束2_18_59],0.0
cons[火电机组爬坡约束1_18_60],0.0
cons[火电机组爬坡约束2_18_60],0.0
cons[火电机组爬坡约束1_18_61],0.0
cons[火电机组爬坡约束2_18_61],0.0
cons[火电机组爬坡约束1_18_62],0.0
cons[火电机组爬坡约束2_18_62],0.0
cons[火电机组爬坡约束1_18_63],0.0
cons[火电机组爬坡约束2_18_63],0.0
cons[火电机组爬坡约束1_18_64],0.0
cons[火电机组爬坡约束2_18_64],0.0
cons[火电机组爬坡约束1_18_65],0.0
cons[火电机组爬坡约束2_18_65],0.0
cons[火电机组爬坡约束1_18_66],0.0
cons[火电机组爬坡约束2_18_66],0.0
cons[火电机组爬坡约束1_18_67],0.0
cons[火电机组爬坡约束2_18_67],0.0
cons[火电机组爬坡约束1_18_68],0.0
cons[火电机组爬坡约束2_18_68],0.0
cons[火电机组爬坡约束1_18_69],0.0
cons[火电机组爬坡约束2_18_69],0.0
cons[火电机组爬坡约束1_18_70],0.0
cons[火电机组爬坡约束2_18_70],0.0
cons[火电机组爬坡约束1_18_71],0.0
cons[火电机组爬坡约束2_18_71],0.0
cons[火电机组爬坡约束1_18_72],0.0
cons[火电机组爬坡约束2_18_72],0.0
cons[火电机组爬坡约束1_18_73],0.0
cons[火电机组爬坡约束2_18_73],0.0
cons[火电机组爬坡约束1_18_74],0.0
cons[火电机组爬坡约束2_18_74],0.0
cons[火电机组爬坡约束1_18_75],0.0
cons[火电机组爬坡约束2_18_75],0.0
cons[火电机组爬坡约束1_18_76],0.0
cons[火电机组爬坡约束2_18_76],0.0
cons[火电机组爬坡约束1_18_77],0.0
cons[火电机组爬坡约束2_18_77],0.0
cons[火电机组爬坡约束1_18_78],0.0
cons[火电机组爬坡约束2_18_78],0.0
cons[火电机组爬坡约束1_18_79],0.0
cons[火电机组爬坡约束2_18_79],0.0
cons[火电机组爬坡约束1_18_80],0.0
cons[火电机组爬坡约束2_18_80],0.0
cons[火电机组爬坡约束1_18_81],0.0
cons[火电机组爬坡约束2_18_81],0.0
cons[火电机组爬坡约束1_18_82],0.0
cons[火电机组爬坡约束2_18_82],0.0
cons[火电机组爬坡约束1_18_83],0.0
cons[火电机组爬坡约束2_18_83],0.0
cons[火电机组爬坡约束1_18_84],0.0
cons[火电机组爬坡约束2_18_84],0.0
cons[火电机组爬坡约束1_18_85],0.0
cons[火电机组爬坡约束2_18_85],0.0
cons[火电机组爬坡约束1_18_86],0.0
cons[火电机组爬坡约束2_18_86],0.0
cons[火电机组爬坡约束1_18_87],0.0
cons[火电机组爬坡约束2_18_87],0.0
cons[火电机组爬坡约束1_18_88],0.0
cons[火电机组爬坡约束2_18_88],0.0
cons[火电机组爬坡约束1_18_89],0.0
cons[火电机组爬坡约束2_18_89],0.0
cons[火电机组爬坡约束1_18_90],0.0
cons[火电机组爬坡约束2_18_90],0.0
cons[火电机组爬坡约束1_18_91],0.0
cons[火电机组爬坡约束2_18_91],0.0
cons[火电机组爬坡约束1_18_92],0.0
cons[火电机组爬坡约束2_18_92],0.0
cons[火电机组爬坡约束1_18_93],0.0
cons[火电机组爬坡约束2_18_93],0.0
cons[火电机组爬坡约束1_18_94],0.0
cons[火电机组爬坡约束2_18_94],0.0
cons[火电机组爬坡约束1_18_95],0.0
cons[火电机组爬坡约束2_18_95],0.0
cons[火电机组爬坡约束1_19_1],0.0
cons[火电机组爬坡约束2_19_1],0.0
cons[火电机组爬坡约束1_19_2],0.0
cons[火电机组爬坡约束2_19_2],0.0
cons[火电机组爬坡约束1_19_3],0.0
cons[火电机组爬坡约束2_19_3],0.0
cons[火电机组爬坡约束1_19_4],0.0
cons[火电机组爬坡约束2_19_4],0.0
cons[火电机组爬坡约束1_19_5],0.0
cons[火电机组爬坡约束2_19_5],0.0
cons[火电机组爬坡约束1_19_6],0.0
cons[火电机组爬坡约束2_19_6],0.0
cons[火电机组爬坡约束1_19_7],0.0
cons[火电机组爬坡约束2_19_7],0.0
cons[火电机组爬坡约束1_19_8],0.0
cons[火电机组爬坡约束2_19_8],0.0
cons[火电机组爬坡约束1_19_9],0.0
cons[火电机组爬坡约束2_19_9],0.0
cons[火电机组爬坡约束1_19_10],0.0
cons[火电机组爬坡约束2_19_10],0.0
cons[火电机组爬坡约束1_19_11],0.0
cons[火电机组爬坡约束2_19_11],0.0
cons[火电机组爬坡约束1_19_12],0.0
cons[火电机组爬坡约束2_19_12],0.0
cons[火电机组爬坡约束1_19_13],0.0
cons[火电机组爬坡约束2_19_13],0.0
cons[火电机组爬坡约束1_19_14],0.0
cons[火电机组爬坡约束2_19_14],0.0
cons[火电机组爬坡约束1_19_15],0.0
cons[火电机组爬坡约束2_19_15],0.0
cons[火电机组爬坡约束1_19_16],0.0
cons[火电机组爬坡约束2_19_16],0.0
cons[火电机组爬坡约束1_19_17],0.0
cons[火电机组爬坡约束2_19_17],0.0
cons[火电机组爬坡约束1_19_18],0.0
cons[火电机组爬坡约束2_19_18],0.0
cons[火电机组爬坡约束1_19_19],0.0
cons[火电机组爬坡约束2_19_19],0.0
cons[火电机组爬坡约束1_19_20],0.0
cons[火电机组爬坡约束2_19_20],0.0
cons[火电机组爬坡约束1_19_21],0.0
cons[火电机组爬坡约束2_19_21],0.0
cons[火电机组爬坡约束1_19_22],0.0
cons[火电机组爬坡约束2_19_22],0.0
cons[火电机组爬坡约束1_19_23],0.0
cons[火电机组爬坡约束2_19_23],0.0
cons[火电机组爬坡约束1_19_24],0.0
cons[火电机组爬坡约束2_19_24],0.0
cons[火电机组爬坡约束1_19_25],0.0
cons[火电机组爬坡约束2_19_25],0.0
cons[火电机组爬坡约束1_19_26],0.0
cons[火电机组爬坡约束2_19_26],0.0
cons[火电机组爬坡约束1_19_27],0.0
cons[火电机组爬坡约束2_19_27],0.0
cons[火电机组爬坡约束1_19_28],0.0
cons[火电机组爬坡约束2_19_28],0.0
cons[火电机组爬坡约束1_19_29],0.0
cons[火电机组爬坡约束2_19_29],0.0
cons[火电机组爬坡约束1_19_30],0.0
cons[火电机组爬坡约束2_19_30],0.0
cons[火电机组爬坡约束1_19_31],0.0
cons[火电机组爬坡约束2_19_31],0.0
cons[火电机组爬坡约束1_19_32],0.0
cons[火电机组爬坡约束2_19_32],0.0
cons[火电机组爬坡约束1_19_33],0.0
cons[火电机组爬坡约束2_19_33],0.0
cons[火电机组爬坡约束1_19_34],0.0
cons[火电机组爬坡约束2_19_34],0.0
cons[火电机组爬坡约束1_19_35],0.0
cons[火电机组爬坡约束2_19_35],0.0
cons[火电机组爬坡约束1_19_36],0.0
cons[火电机组爬坡约束2_19_36],0.0
cons[火电机组爬坡约束1_19_37],0.0
cons[火电机组爬坡约束2_19_37],0.0
cons[火电机组爬坡约束1_19_38],0.0
cons[火电机组爬坡约束2_19_38],0.0
cons[火电机组爬坡约束1_19_39],0.0
cons[火电机组爬坡约束2_19_39],0.0
cons[火电机组爬坡约束1_19_40],0.0
cons[火电机组爬坡约束2_19_40],0.0
cons[火电机组爬坡约束1_19_41],0.0
cons[火电机组爬坡约束2_19_41],0.0
cons[火电机组爬坡约束1_19_42],0.0
cons[火电机组爬坡约束2_19_42],0.0
cons[火电机组爬坡约束1_19_43],0.0
cons[火电机组爬坡约束2_19_43],0.0
cons[火电机组爬坡约束1_19_44],0.0
cons[火电机组爬坡约束2_19_44],0.0
cons[火电机组爬坡约束1_19_45],0.0
cons[火电机组爬坡约束2_19_45],0.0
cons[火电机组爬坡约束1_19_46],0.0
cons[火电机组爬坡约束2_19_46],0.0
cons[火电机组爬坡约束1_19_47],0.0
cons[火电机组爬坡约束2_19_47],0.0
cons[火电机组爬坡约束1_19_48],0.0
cons[火电机组爬坡约束2_19_48],0.0
cons[火电机组爬坡约束1_19_49],0.0
cons[火电机组爬坡约束2_19_49],0.0
cons[火电机组爬坡约束1_19_50],0.0
cons[火电机组爬坡约束2_19_50],0.0
cons[火电机组爬坡约束1_19_51],0.0
cons[火电机组爬坡约束2_19_51],0.0
cons[火电机组爬坡约束1_19_52],0.0
cons[火电机组爬坡约束2_19_52],0.0
cons[火电机组爬坡约束1_19_53],0.0
cons[火电机组爬坡约束2_19_53],0.0
cons[火电机组爬坡约束1_19_54],0.0
cons[火电机组爬坡约束2_19_54],0.0
cons[火电机组爬坡约束1_19_55],0.0
cons[火电机组爬坡约束2_19_55],0.0
cons[火电机组爬坡约束1_19_56],0.0
cons[火电机组爬坡约束2_19_56],0.0
cons[火电机组爬坡约束1_19_57],0.0
cons[火电机组爬坡约束2_19_57],0.0
cons[火电机组爬坡约束1_19_58],0.0
cons[火电机组爬坡约束2_19_58],0.0
cons[火电机组爬坡约束1_19_59],0.0
cons[火电机组爬坡约束2_19_59],0.0
cons[火电机组爬坡约束1_19_60],0.0
cons[火电机组爬坡约束2_19_60],0.0
cons[火电机组爬坡约束1_19_61],0.0
cons[火电机组爬坡约束2_19_61],0.0
cons[火电机组爬坡约束1_19_62],0.0
cons[火电机组爬坡约束2_19_62],0.0
cons[火电机组爬坡约束1_19_63],0.0
cons[火电机组爬坡约束2_19_63],0.0
cons[火电机组爬坡约束1_19_64],0.0
cons[火电机组爬坡约束2_19_64],0.0
cons[火电机组爬坡约束1_19_65],0.0
cons[火电机组爬坡约束2_19_65],0.0
cons[火电机组爬坡约束1_19_66],0.0
cons[火电机组爬坡约束2_19_66],0.0
cons[火电机组爬坡约束1_19_67],0.0
cons[火电机组爬坡约束2_19_67],0.0
cons[火电机组爬坡约束1_19_68],0.0
cons[火电机组爬坡约束2_19_68],0.0
cons[火电机组爬坡约束1_19_69],0.0
cons[火电机组爬坡约束2_19_69],0.0
cons[火电机组爬坡约束1_19_70],0.0
cons[火电机组爬坡约束2_19_70],0.0
cons[火电机组爬坡约束1_19_71],0.0
cons[火电机组爬坡约束2_19_71],0.0
cons[火电机组爬坡约束1_19_72],0.0
cons[火电机组爬坡约束2_19_72],0.0
cons[火电机组爬坡约束1_19_73],0.0
cons[火电机组爬坡约束2_19_73],0.0
cons[火电机组爬坡约束1_19_74],0.0
cons[火电机组爬坡约束2_19_74],0.0
cons[火电机组爬坡约束1_19_75],0.0
cons[火电机组爬坡约束2_19_75],0.0
cons[火电机组爬坡约束1_19_76],0.0
cons[火电机组爬坡约束2_19_76],0.0
cons[火电机组爬坡约束1_19_77],0.0
cons[火电机组爬坡约束2_19_77],0.0
cons[火电机组爬坡约束1_19_78],0.0
cons[火电机组爬坡约束2_19_78],0.0
cons[火电机组爬坡约束1_19_79],0.0
cons[火电机组爬坡约束2_19_79],0.0
cons[火电机组爬坡约束1_19_80],0.0
cons[火电机组爬坡约束2_19_80],0.0
cons[火电机组爬坡约束1_19_81],0.0
cons[火电机组爬坡约束2_19_81],0.0
cons[火电机组爬坡约束1_19_82],0.0
cons[火电机组爬坡约束2_19_82],0.0
cons[火电机组爬坡约束1_19_83],0.0
cons[火电机组爬坡约束2_19_83],0.0
cons[火电机组爬坡约束1_19_84],0.0
cons[火电机组爬坡约束2_19_84],0.0
cons[火电机组爬坡约束1_19_85],0.0
cons[火电机组爬坡约束2_19_85],0.0
cons[火电机组爬坡约束1_19_86],0.0
cons[火电机组爬坡约束2_19_86],0.0
cons[火电机组爬坡约束1_19_87],0.0
cons[火电机组爬坡约束2_19_87],0.0
cons[火电机组爬坡约束1_19_88],0.0
cons[火电机组爬坡约束2_19_88],0.0
cons[火电机组爬坡约束1_19_89],0.0
cons[火电机组爬坡约束2_19_89],0.0
cons[火电机组爬坡约束1_19_90],0.0
cons[火电机组爬坡约束2_19_90],0.0
cons[火电机组爬坡约束1_19_91],0.0
cons[火电机组爬坡约束2_19_91],0.0
cons[火电机组爬坡约束1_19_92],0.0
cons[火电机组爬坡约束2_19_92],0.0
cons[火电机组爬坡约束1_19_93],0.0
cons[火电机组爬坡约束2_19_93],0.0
cons[火电机组爬坡约束1_19_94],0.0
cons[火电机组爬坡约束2_19_94],0.0
cons[火电机组爬坡约束1_19_95],0.0
cons[火电机组爬坡约束2_19_95],0.0
cons[火电机组爬坡约束1_20_1],0.0
cons[火电机组爬坡约束2_20_1],0.0
cons[火电机组爬坡约束1_20_2],0.0
cons[火电机组爬坡约束2_20_2],0.0
cons[火电机组爬坡约束1_20_3],0.0
cons[火电机组爬坡约束2_20_3],0.0
cons[火电机组爬坡约束1_20_4],0.0
cons[火电机组爬坡约束2_20_4],0.0
cons[火电机组爬坡约束1_20_5],0.0
cons[火电机组爬坡约束2_20_5],-81.99099999999999
cons[火电机组爬坡约束1_20_6],0.0
cons[火电机组爬坡约束2_20_6],-31.486000000000786
cons[火电机组爬坡约束1_20_7],0.0
cons[火电机组爬坡约束2_20_7],0.0
cons[火电机组爬坡约束1_20_8],0.0
cons[火电机组爬坡约束2_20_8],0.0
cons[火电机组爬坡约束1_20_9],0.0
cons[火电机组爬坡约束2_20_9],0.0
cons[火电机组爬坡约束1_20_10],0.0
cons[火电机组爬坡约束2_20_10],0.0
cons[火电机组爬坡约束1_20_11],0.0
cons[火电机组爬坡约束2_20_11],0.0
cons[火电机组爬坡约束1_20_12],0.0
cons[火电机组爬坡约束2_20_12],0.0
cons[火电机组爬坡约束1_20_13],0.0
cons[火电机组爬坡约束2_20_13],0.0
cons[火电机组爬坡约束1_20_14],0.0
cons[火电机组爬坡约束2_20_14],0.0
cons[火电机组爬坡约束1_20_15],0.0
cons[火电机组爬坡约束2_20_15],0.0
cons[火电机组爬坡约束1_20_16],0.0
cons[火电机组爬坡约束2_20_16],0.0
cons[火电机组爬坡约束1_20_17],0.0
cons[火电机组爬坡约束2_20_17],0.0
cons[火电机组爬坡约束1_20_18],0.0
cons[火电机组爬坡约束2_20_18],0.0
cons[火电机组爬坡约束1_20_19],0.0
cons[火电机组爬坡约束2_20_19],0.0
cons[火电机组爬坡约束1_20_20],0.0
cons[火电机组爬坡约束2_20_20],0.0
cons[火电机组爬坡约束1_20_21],0.0
cons[火电机组爬坡约束2_20_21],0.0
cons[火电机组爬坡约束1_20_22],-59.05899999999929
cons[火电机组爬坡约束2_20_22],0.0
cons[火电机组爬坡约束1_20_23],0.0
cons[火电机组爬坡约束2_20_23],-115.02400000000034
cons[火电机组爬坡约束1_20_24],0.0
cons[火电机组爬坡约束2_20_24],0.0
cons[火电机组爬坡约束1_20_25],0.0
cons[火电机组爬坡约束2_20_25],0.0
cons[火电机组爬坡约束1_20_26],0.0
cons[火电机组爬坡约束2_20_26],0.0
cons[火电机组爬坡约束1_20_27],0.0
cons[火电机组爬坡约束2_20_27],0.0
cons[火电机组爬坡约束1_20_28],0.0
cons[火电机组爬坡约束2_20_28],0.0
cons[火电机组爬坡约束1_20_29],0.0
cons[火电机组爬坡约束2_20_29],0.0
cons[火电机组爬坡约束1_20_30],0.0
cons[火电机组爬坡约束2_20_30],0.0
cons[火电机组爬坡约束1_20_31],0.0
cons[火电机组爬坡约束2_20_31],0.0
cons[火电机组爬坡约束1_20_32],0.0
cons[火电机组爬坡约束2_20_32],0.0
cons[火电机组爬坡约束1_20_33],0.0
cons[火电机组爬坡约束2_20_33],0.0
cons[火电机组爬坡约束1_20_34],0.0
cons[火电机组爬坡约束2_20_34],0.0
cons[火电机组爬坡约束1_20_35],0.0
cons[火电机组爬坡约束2_20_35],0.0
cons[火电机组爬坡约束1_20_36],0.0
cons[火电机组爬坡约束2_20_36],0.0
cons[火电机组爬坡约束1_20_37],0.0
cons[火电机组爬坡约束2_20_37],0.0
cons[火电机组爬坡约束1_20_38],0.0
cons[火电机组爬坡约束2_20_38],0.0
cons[火电机组爬坡约束1_20_39],0.0
cons[火电机组爬坡约束2_20_39],0.0
cons[火电机组爬坡约束1_20_40],0.0
cons[火电机组爬坡约束2_20_40],0.0
cons[火电机组爬坡约束1_20_41],0.0
cons[火电机组爬坡约束2_20_41],0.0
cons[火电机组爬坡约束1_20_42],0.0
cons[火电机组爬坡约束2_20_42],0.0
cons[火电机组爬坡约束1_20_43],0.0
cons[火电机组爬坡约束2_20_43],0.0
cons[火电机组爬坡约束1_20_44],0.0
cons[火电机组爬坡约束2_20_44],0.0
cons[火电机组爬坡约束1_20_45],0.0
cons[火电机组爬坡约束2_20_45],0.0
cons[火电机组爬坡约束1_20_46],0.0
cons[火电机组爬坡约束2_20_46],0.0
cons[火电机组爬坡约束1_20_47],0.0
cons[火电机组爬坡约束2_20_47],0.0
cons[火电机组爬坡约束1_20_48],0.0
cons[火电机组爬坡约束2_20_48],0.0
cons[火电机组爬坡约束1_20_49],0.0
cons[火电机组爬坡约束2_20_49],0.0
cons[火电机组爬坡约束1_20_50],0.0
cons[火电机组爬坡约束2_20_50],0.0
cons[火电机组爬坡约束1_20_51],0.0
cons[火电机组爬坡约束2_20_51],0.0
cons[火电机组爬坡约束1_20_52],0.0
cons[火电机组爬坡约束2_20_52],0.0
cons[火电机组爬坡约束1_20_53],0.0
cons[火电机组爬坡约束2_20_53],0.0
cons[火电机组爬坡约束1_20_54],0.0
cons[火电机组爬坡约束2_20_54],0.0
cons[火电机组爬坡约束1_20_55],0.0
cons[火电机组爬坡约束2_20_55],0.0
cons[火电机组爬坡约束1_20_56],0.0
cons[火电机组爬坡约束2_20_56],0.0
cons[火电机组爬坡约束1_20_57],0.0
cons[火电机组爬坡约束2_20_57],0.0
cons[火电机组爬坡约束1_20_58],0.0
cons[火电机组爬坡约束2_20_58],0.0
cons[火电机组爬坡约束1_20_59],0.0
cons[火电机组爬坡约束2_20_59],0.0
cons[火电机组爬坡约束1_20_60],0.0
cons[火电机组爬坡约束2_20_60],0.0
cons[火电机组爬坡约束1_20_61],0.0
cons[火电机组爬坡约束2_20_61],0.0
cons[火电机组爬坡约束1_20_62],0.0
cons[火电机组爬坡约束2_20_62],0.0
cons[火电机组爬坡约束1_20_63],0.0
cons[火电机组爬坡约束2_20_63],0.0
cons[火电机组爬坡约束1_20_64],0.0
cons[火电机组爬坡约束2_20_64],0.0
cons[火电机组爬坡约束1_20_65],0.0
cons[火电机组爬坡约束2_20_65],0.0
cons[火电机组爬坡约束1_20_66],0.0
cons[火电机组爬坡约束2_20_66],0.0
cons[火电机组爬坡约束1_20_67],0.0
cons[火电机组爬坡约束2_20_67],0.0
cons[火电机组爬坡约束1_20_68],0.0
cons[火电机组爬坡约束2_20_68],0.0
cons[火电机组爬坡约束1_20_69],0.0
cons[火电机组爬坡约束2_20_69],0.0
cons[火电机组爬坡约束1_20_70],0.0
cons[火电机组爬坡约束2_20_70],0.0
cons[火电机组爬坡约束1_20_71],0.0
cons[火电机组爬坡约束2_20_71],0.0
cons[火电机组爬坡约束1_20_72],0.0
cons[火电机组爬坡约束2_20_72],0.0
cons[火电机组爬坡约束1_20_73],0.0
cons[火电机组爬坡约束2_20_73],0.0
cons[火电机组爬坡约束1_20_74],0.0
cons[火电机组爬坡约束2_20_74],0.0
cons[火电机组爬坡约束1_20_75],0.0
cons[火电机组爬坡约束2_20_75],0.0
cons[火电机组爬坡约束1_20_76],0.0
cons[火电机组爬坡约束2_20_76],0.0
cons[火电机组爬坡约束1_20_77],0.0
cons[火电机组爬坡约束2_20_77],0.0
cons[火电机组爬坡约束1_20_78],0.0
cons[火电机组爬坡约束2_20_78],0.0
cons[火电机组爬坡约束1_20_79],0.0
cons[火电机组爬坡约束2_20_79],0.0
cons[火电机组爬坡约束1_20_80],0.0
cons[火电机组爬坡约束2_20_80],0.0
cons[火电机组爬坡约束1_20_81],0.0
cons[火电机组爬坡约束2_20_81],0.0
cons[火电机组爬坡约束1_20_82],0.0
cons[火电机组爬坡约束2_20_82],0.0
cons[火电机组爬坡约束1_20_83],0.0
cons[火电机组爬坡约束2_20_83],0.0
cons[火电机组爬坡约束1_20_84],0.0
cons[火电机组爬坡约束2_20_84],0.0
cons[火电机组爬坡约束1_20_85],0.0
cons[火电机组爬坡约束2_20_85],0.0
cons[火电机组爬坡约束1_20_86],0.0
cons[火电机组爬坡约束2_20_86],0.0
cons[火电机组爬坡约束1_20_87],0.0
cons[火电机组爬坡约束2_20_87],0.0
cons[火电机组爬坡约束1_20_88],0.0
cons[火电机组爬坡约束2_20_88],0.0
cons[火电机组爬坡约束1_20_89],0.0
cons[火电机组爬坡约束2_20_89],0.0
cons[火电机组爬坡约束1_20_90],0.0
cons[火电机组爬坡约束2_20_90],0.0
cons[火电机组爬坡约束1_20_91],0.0
cons[火电机组爬坡约束2_20_91],0.0
cons[火电机组爬坡约束1_20_92],0.0
cons[火电机组爬坡约束2_20_92],0.0
cons[火电机组爬坡约束1_20_93],0.0
cons[火电机组爬坡约束2_20_93],0.0
cons[火电机组爬坡约束1_20_94],0.0
cons[火电机组爬坡约束2_20_94],0.0
cons[火电机组爬坡约束1_20_95],0.0
cons[火电机组爬坡约束2_20_95],0.0
cons[火电机组爬坡约束1_21_1],0.0
cons[火电机组爬坡约束2_21_1],0.0
cons[火电机组爬坡约束1_21_2],0.0
cons[火电机组爬坡约束2_21_2],0.0
cons[火电机组爬坡约束1_21_3],0.0
cons[火电机组爬坡约束2_21_3],0.0
cons[火电机组爬坡约束1_21_4],0.0
cons[火电机组爬坡约束2_21_4],0.0
cons[火电机组爬坡约束1_21_5],0.0
cons[火电机组爬坡约束2_21_5],-81.99099999999999
cons[火电机组爬坡约束1_21_6],0.0
cons[火电机组爬坡约束2_21_6],-31.486000000000786
cons[火电机组爬坡约束1_21_7],0.0
cons[火电机组爬坡约束2_21_7],0.0
cons[火电机组爬坡约束1_21_8],0.0
cons[火电机组爬坡约束2_21_8],0.0
cons[火电机组爬坡约束1_21_9],0.0
cons[火电机组爬坡约束2_21_9],0.0
cons[火电机组爬坡约束1_21_10],0.0
cons[火电机组爬坡约束2_21_10],0.0
cons[火电机组爬坡约束1_21_11],0.0
cons[火电机组爬坡约束2_21_11],0.0
cons[火电机组爬坡约束1_21_12],0.0
cons[火电机组爬坡约束2_21_12],0.0
cons[火电机组爬坡约束1_21_13],0.0
cons[火电机组爬坡约束2_21_13],0.0
cons[火电机组爬坡约束1_21_14],0.0
cons[火电机组爬坡约束2_21_14],0.0
cons[火电机组爬坡约束1_21_15],0.0
cons[火电机组爬坡约束2_21_15],0.0
cons[火电机组爬坡约束1_21_16],0.0
cons[火电机组爬坡约束2_21_16],0.0
cons[火电机组爬坡约束1_21_17],0.0
cons[火电机组爬坡约束2_21_17],0.0
cons[火电机组爬坡约束1_21_18],0.0
cons[火电机组爬坡约束2_21_18],0.0
cons[火电机组爬坡约束1_21_19],0.0
cons[火电机组爬坡约束2_21_19],0.0
cons[火电机组爬坡约束1_21_20],0.0
cons[火电机组爬坡约束2_21_20],0.0
cons[火电机组爬坡约束1_21_21],0.0
cons[火电机组爬坡约束2_21_21],0.0
cons[火电机组爬坡约束1_21_22],-59.05899999999929
cons[火电机组爬坡约束2_21_22],0.0
cons[火电机组爬坡约束1_21_23],0.0
cons[火电机组爬坡约束2_21_23],-115.02400000000034
cons[火电机组爬坡约束1_21_24],0.0
cons[火电机组爬坡约束2_21_24],0.0
cons[火电机组爬坡约束1_21_25],0.0
cons[火电机组爬坡约束2_21_25],0.0
cons[火电机组爬坡约束1_21_26],0.0
cons[火电机组爬坡约束2_21_26],0.0
cons[火电机组爬坡约束1_21_27],0.0
cons[火电机组爬坡约束2_21_27],0.0
cons[火电机组爬坡约束1_21_28],0.0
cons[火电机组爬坡约束2_21_28],0.0
cons[火电机组爬坡约束1_21_29],0.0
cons[火电机组爬坡约束2_21_29],0.0
cons[火电机组爬坡约束1_21_30],0.0
cons[火电机组爬坡约束2_21_30],0.0
cons[火电机组爬坡约束1_21_31],0.0
cons[火电机组爬坡约束2_21_31],0.0
cons[火电机组爬坡约束1_21_32],0.0
cons[火电机组爬坡约束2_21_32],0.0
cons[火电机组爬坡约束1_21_33],0.0
cons[火电机组爬坡约束2_21_33],0.0
cons[火电机组爬坡约束1_21_34],0.0
cons[火电机组爬坡约束2_21_34],0.0
cons[火电机组爬坡约束1_21_35],0.0
cons[火电机组爬坡约束2_21_35],0.0
cons[火电机组爬坡约束1_21_36],0.0
cons[火电机组爬坡约束2_21_36],0.0
cons[火电机组爬坡约束1_21_37],0.0
cons[火电机组爬坡约束2_21_37],0.0
cons[火电机组爬坡约束1_21_38],0.0
cons[火电机组爬坡约束2_21_38],0.0
cons[火电机组爬坡约束1_21_39],0.0
cons[火电机组爬坡约束2_21_39],0.0
cons[火电机组爬坡约束1_21_40],0.0
cons[火电机组爬坡约束2_21_40],0.0
cons[火电机组爬坡约束1_21_41],0.0
cons[火电机组爬坡约束2_21_41],0.0
cons[火电机组爬坡约束1_21_42],0.0
cons[火电机组爬坡约束2_21_42],0.0
cons[火电机组爬坡约束1_21_43],0.0
cons[火电机组爬坡约束2_21_43],0.0
cons[火电机组爬坡约束1_21_44],0.0
cons[火电机组爬坡约束2_21_44],0.0
cons[火电机组爬坡约束1_21_45],0.0
cons[火电机组爬坡约束2_21_45],0.0
cons[火电机组爬坡约束1_21_46],0.0
cons[火电机组爬坡约束2_21_46],0.0
cons[火电机组爬坡约束1_21_47],0.0
cons[火电机组爬坡约束2_21_47],0.0
cons[火电机组爬坡约束1_21_48],0.0
cons[火电机组爬坡约束2_21_48],0.0
cons[火电机组爬坡约束1_21_49],0.0
cons[火电机组爬坡约束2_21_49],0.0
cons[火电机组爬坡约束1_21_50],0.0
cons[火电机组爬坡约束2_21_50],0.0
cons[火电机组爬坡约束1_21_51],0.0
cons[火电机组爬坡约束2_21_51],0.0
cons[火电机组爬坡约束1_21_52],0.0
cons[火电机组爬坡约束2_21_52],0.0
cons[火电机组爬坡约束1_21_53],0.0
cons[火电机组爬坡约束2_21_53],0.0
cons[火电机组爬坡约束1_21_54],0.0
cons[火电机组爬坡约束2_21_54],0.0
cons[火电机组爬坡约束1_21_55],0.0
cons[火电机组爬坡约束2_21_55],0.0
cons[火电机组爬坡约束1_21_56],0.0
cons[火电机组爬坡约束2_21_56],0.0
cons[火电机组爬坡约束1_21_57],0.0
cons[火电机组爬坡约束2_21_57],0.0
cons[火电机组爬坡约束1_21_58],0.0
cons[火电机组爬坡约束2_21_58],0.0
cons[火电机组爬坡约束1_21_59],0.0
cons[火电机组爬坡约束2_21_59],0.0
cons[火电机组爬坡约束1_21_60],0.0
cons[火电机组爬坡约束2_21_60],0.0
cons[火电机组爬坡约束1_21_61],0.0
cons[火电机组爬坡约束2_21_61],0.0
cons[火电机组爬坡约束1_21_62],0.0
cons[火电机组爬坡约束2_21_62],0.0
cons[火电机组爬坡约束1_21_63],0.0
cons[火电机组爬坡约束2_21_63],0.0
cons[火电机组爬坡约束1_21_64],0.0
cons[火电机组爬坡约束2_21_64],0.0
cons[火电机组爬坡约束1_21_65],0.0
cons[火电机组爬坡约束2_21_65],0.0
cons[火电机组爬坡约束1_21_66],0.0
cons[火电机组爬坡约束2_21_66],0.0
cons[火电机组爬坡约束1_21_67],0.0
cons[火电机组爬坡约束2_21_67],0.0
cons[火电机组爬坡约束1_21_68],0.0
cons[火电机组爬坡约束2_21_68],0.0
cons[火电机组爬坡约束1_21_69],0.0
cons[火电机组爬坡约束2_21_69],0.0
cons[火电机组爬坡约束1_21_70],0.0
cons[火电机组爬坡约束2_21_70],0.0
cons[火电机组爬坡约束1_21_71],0.0
cons[火电机组爬坡约束2_21_71],0.0
cons[火电机组爬坡约束1_21_72],0.0
cons[火电机组爬坡约束2_21_72],0.0
cons[火电机组爬坡约束1_21_73],0.0
cons[火电机组爬坡约束2_21_73],0.0
cons[火电机组爬坡约束1_21_74],0.0
cons[火电机组爬坡约束2_21_74],0.0
cons[火电机组爬坡约束1_21_75],0.0
cons[火电机组爬坡约束2_21_75],0.0
cons[火电机组爬坡约束1_21_76],0.0
cons[火电机组爬坡约束2_21_76],0.0
cons[火电机组爬坡约束1_21_77],0.0
cons[火电机组爬坡约束2_21_77],0.0
cons[火电机组爬坡约束1_21_78],0.0
cons[火电机组爬坡约束2_21_78],0.0
cons[火电机组爬坡约束1_21_79],0.0
cons[火电机组爬坡约束2_21_79],0.0
cons[火电机组爬坡约束1_21_80],0.0
cons[火电机组爬坡约束2_21_80],0.0
cons[火电机组爬坡约束1_21_81],0.0
cons[火电机组爬坡约束2_21_81],0.0
cons[火电机组爬坡约束1_21_82],0.0
cons[火电机组爬坡约束2_21_82],0.0
cons[火电机组爬坡约束1_21_83],0.0
cons[火电机组爬坡约束2_21_83],0.0
cons[火电机组爬坡约束1_21_84],0.0
cons[火电机组爬坡约束2_21_84],0.0
cons[火电机组爬坡约束1_21_85],0.0
cons[火电机组爬坡约束2_21_85],0.0
cons[火电机组爬坡约束1_21_86],0.0
cons[火电机组爬坡约束2_21_86],0.0
cons[火电机组爬坡约束1_21_87],0.0
cons[火电机组爬坡约束2_21_87],0.0
cons[火电机组爬坡约束1_21_88],0.0
cons[火电机组爬坡约束2_21_88],0.0
cons[火电机组爬坡约束1_21_89],0.0
cons[火电机组爬坡约束2_21_89],0.0
cons[火电机组爬坡约束1_21_90],0.0
cons[火电机组爬坡约束2_21_90],0.0
cons[火电机组爬坡约束1_21_91],0.0
cons[火电机组爬坡约束2_21_91],0.0
cons[火电机组爬坡约束1_21_92],0.0
cons[火电机组爬坡约束2_21_92],0.0
cons[火电机组爬坡约束1_21_93],0.0
cons[火电机组爬坡约束2_21_93],0.0
cons[火电机组爬坡约束1_21_94],0.0
cons[火电机组爬坡约束2_21_94],0.0
cons[火电机组爬坡约束1_21_95],0.0
cons[火电机组爬坡约束2_21_95],0.0
cons[火电机组爬坡约束1_22_1],0.0
cons[火电机组爬坡约束2_22_1],0.0
cons[火电机组爬坡约束1_22_2],0.0
cons[火电机组爬坡约束2_22_2],0.0
cons[火电机组爬坡约束1_22_3],0.0
cons[火电机组爬坡约束2_22_3],0.0
cons[火电机组爬坡约束1_22_4],0.0
cons[火电机组爬坡约束2_22_4],0.0
cons[火电机组爬坡约束1_22_5],0.0
cons[火电机组爬坡约束2_22_5],-81.99099999999999
cons[火电机组爬坡约束1_22_6],0.0
cons[火电机组爬坡约束2_22_6],-31.486000000000786
cons[火电机组爬坡约束1_22_7],0.0
cons[火电机组爬坡约束2_22_7],0.0
cons[火电机组爬坡约束1_22_8],0.0
cons[火电机组爬坡约束2_22_8],0.0
cons[火电机组爬坡约束1_22_9],0.0
cons[火电机组爬坡约束2_22_9],0.0
cons[火电机组爬坡约束1_22_10],0.0
cons[火电机组爬坡约束2_22_10],0.0
cons[火电机组爬坡约束1_22_11],0.0
cons[火电机组爬坡约束2_22_11],0.0
cons[火电机组爬坡约束1_22_12],0.0
cons[火电机组爬坡约束2_22_12],0.0
cons[火电机组爬坡约束1_22_13],0.0
cons[火电机组爬坡约束2_22_13],0.0
cons[火电机组爬坡约束1_22_14],0.0
cons[火电机组爬坡约束2_22_14],0.0
cons[火电机组爬坡约束1_22_15],0.0
cons[火电机组爬坡约束2_22_15],0.0
cons[火电机组爬坡约束1_22_16],0.0
cons[火电机组爬坡约束2_22_16],0.0
cons[火电机组爬坡约束1_22_17],0.0
cons[火电机组爬坡约束2_22_17],0.0
cons[火电机组爬坡约束1_22_18],0.0
cons[火电机组爬坡约束2_22_18],0.0
cons[火电机组爬坡约束1_22_19],0.0
cons[火电机组爬坡约束2_22_19],0.0
cons[火电机组爬坡约束1_22_20],0.0
cons[火电机组爬坡约束2_22_20],0.0
cons[火电机组爬坡约束1_22_21],0.0
cons[火电机组爬坡约束2_22_21],0.0
cons[火电机组爬坡约束1_22_22],-59.05899999999929
cons[火电机组爬坡约束2_22_22],0.0
cons[火电机组爬坡约束1_22_23],0.0
cons[火电机组爬坡约束2_22_23],-115.02400000000034
cons[火电机组爬坡约束1_22_24],0.0
cons[火电机组爬坡约束2_22_24],0.0
cons[火电机组爬坡约束1_22_25],0.0
cons[火电机组爬坡约束2_22_25],0.0
cons[火电机组爬坡约束1_22_26],0.0
cons[火电机组爬坡约束2_22_26],0.0
cons[火电机组爬坡约束1_22_27],0.0
cons[火电机组爬坡约束2_22_27],0.0
cons[火电机组爬坡约束1_22_28],0.0
cons[火电机组爬坡约束2_22_28],0.0
cons[火电机组爬坡约束1_22_29],0.0
cons[火电机组爬坡约束2_22_29],0.0
cons[火电机组爬坡约束1_22_30],0.0
cons[火电机组爬坡约束2_22_30],0.0
cons[火电机组爬坡约束1_22_31],0.0
cons[火电机组爬坡约束2_22_31],0.0
cons[火电机组爬坡约束1_22_32],0.0
cons[火电机组爬坡约束2_22_32],0.0
cons[火电机组爬坡约束1_22_33],0.0
cons[火电机组爬坡约束2_22_33],0.0
cons[火电机组爬坡约束1_22_34],0.0
cons[火电机组爬坡约束2_22_34],0.0
cons[火电机组爬坡约束1_22_35],0.0
cons[火电机组爬坡约束2_22_35],0.0
cons[火电机组爬坡约束1_22_36],0.0
cons[火电机组爬坡约束2_22_36],0.0
cons[火电机组爬坡约束1_22_37],0.0
cons[火电机组爬坡约束2_22_37],0.0
cons[火电机组爬坡约束1_22_38],0.0
cons[火电机组爬坡约束2_22_38],0.0
cons[火电机组爬坡约束1_22_39],0.0
cons[火电机组爬坡约束2_22_39],0.0
cons[火电机组爬坡约束1_22_40],0.0
cons[火电机组爬坡约束2_22_40],0.0
cons[火电机组爬坡约束1_22_41],0.0
cons[火电机组爬坡约束2_22_41],0.0
cons[火电机组爬坡约束1_22_42],0.0
cons[火电机组爬坡约束2_22_42],0.0
cons[火电机组爬坡约束1_22_43],0.0
cons[火电机组爬坡约束2_22_43],0.0
cons[火电机组爬坡约束1_22_44],0.0
cons[火电机组爬坡约束2_22_44],0.0
cons[火电机组爬坡约束1_22_45],0.0
cons[火电机组爬坡约束2_22_45],0.0
cons[火电机组爬坡约束1_22_46],0.0
cons[火电机组爬坡约束2_22_46],0.0
cons[火电机组爬坡约束1_22_47],0.0
cons[火电机组爬坡约束2_22_47],0.0
cons[火电机组爬坡约束1_22_48],0.0
cons[火电机组爬坡约束2_22_48],0.0
cons[火电机组爬坡约束1_22_49],0.0
cons[火电机组爬坡约束2_22_49],0.0
cons[火电机组爬坡约束1_22_50],0.0
cons[火电机组爬坡约束2_22_50],0.0
cons[火电机组爬坡约束1_22_51],0.0
cons[火电机组爬坡约束2_22_51],0.0
cons[火电机组爬坡约束1_22_52],0.0
cons[火电机组爬坡约束2_22_52],0.0
cons[火电机组爬坡约束1_22_53],0.0
cons[火电机组爬坡约束2_22_53],0.0
cons[火电机组爬坡约束1_22_54],0.0
cons[火电机组爬坡约束2_22_54],0.0
cons[火电机组爬坡约束1_22_55],0.0
cons[火电机组爬坡约束2_22_55],0.0
cons[火电机组爬坡约束1_22_56],0.0
cons[火电机组爬坡约束2_22_56],0.0
cons[火电机组爬坡约束1_22_57],0.0
cons[火电机组爬坡约束2_22_57],0.0
cons[火电机组爬坡约束1_22_58],0.0
cons[火电机组爬坡约束2_22_58],0.0
cons[火电机组爬坡约束1_22_59],0.0
cons[火电机组爬坡约束2_22_59],0.0
cons[火电机组爬坡约束1_22_60],0.0
cons[火电机组爬坡约束2_22_60],0.0
cons[火电机组爬坡约束1_22_61],0.0
cons[火电机组爬坡约束2_22_61],0.0
cons[火电机组爬坡约束1_22_62],0.0
cons[火电机组爬坡约束2_22_62],0.0
cons[火电机组爬坡约束1_22_63],0.0
cons[火电机组爬坡约束2_22_63],0.0
cons[火电机组爬坡约束1_22_64],0.0
cons[火电机组爬坡约束2_22_64],0.0
cons[火电机组爬坡约束1_22_65],0.0
cons[火电机组爬坡约束2_22_65],0.0
cons[火电机组爬坡约束1_22_66],0.0
cons[火电机组爬坡约束2_22_66],0.0
cons[火电机组爬坡约束1_22_67],0.0
cons[火电机组爬坡约束2_22_67],0.0
cons[火电机组爬坡约束1_22_68],0.0
cons[火电机组爬坡约束2_22_68],0.0
cons[火电机组爬坡约束1_22_69],0.0
cons[火电机组爬坡约束2_22_69],0.0
cons[火电机组爬坡约束1_22_70],0.0
cons[火电机组爬坡约束2_22_70],0.0
cons[火电机组爬坡约束1_22_71],0.0
cons[火电机组爬坡约束2_22_71],0.0
cons[火电机组爬坡约束1_22_72],0.0
cons[火电机组爬坡约束2_22_72],0.0
cons[火电机组爬坡约束1_22_73],0.0
cons[火电机组爬坡约束2_22_73],0.0
cons[火电机组爬坡约束1_22_74],0.0
cons[火电机组爬坡约束2_22_74],0.0
cons[火电机组爬坡约束1_22_75],0.0
cons[火电机组爬坡约束2_22_75],0.0
cons[火电机组爬坡约束1_22_76],0.0
cons[火电机组爬坡约束2_22_76],0.0
cons[火电机组爬坡约束1_22_77],0.0
cons[火电机组爬坡约束2_22_77],0.0
cons[火电机组爬坡约束1_22_78],0.0
cons[火电机组爬坡约束2_22_78],0.0
cons[火电机组爬坡约束1_22_79],0.0
cons[火电机组爬坡约束2_22_79],0.0
cons[火电机组爬坡约束1_22_80],0.0
cons[火电机组爬坡约束2_22_80],0.0
cons[火电机组爬坡约束1_22_81],0.0
cons[火电机组爬坡约束2_22_81],0.0
cons[火电机组爬坡约束1_22_82],0.0
cons[火电机组爬坡约束2_22_82],0.0
cons[火电机组爬坡约束1_22_83],0.0
cons[火电机组爬坡约束2_22_83],0.0
cons[火电机组爬坡约束1_22_84],0.0
cons[火电机组爬坡约束2_22_84],0.0
cons[火电机组爬坡约束1_22_85],0.0
cons[火电机组爬坡约束2_22_85],0.0
cons[火电机组爬坡约束1_22_86],0.0
cons[火电机组爬坡约束2_22_86],0.0
cons[火电机组爬坡约束1_22_87],0.0
cons[火电机组爬坡约束2_22_87],0.0
cons[火电机组爬坡约束1_22_88],0.0
cons[火电机组爬坡约束2_22_88],0.0
cons[火电机组爬坡约束1_22_89],0.0
cons[火电机组爬坡约束2_22_89],0.0
cons[火电机组爬坡约束1_22_90],0.0
cons[火电机组爬坡约束2_22_90],0.0
cons[火电机组爬坡约束1_22_91],0.0
cons[火电机组爬坡约束2_22_91],0.0
cons[火电机组爬坡约束1_22_92],0.0
cons[火电机组爬坡约束2_22_92],0.0
cons[火电机组爬坡约束1_22_93],0.0
cons[火电机组爬坡约束2_22_93],0.0
cons[火电机组爬坡约束1_22_94],0.0
cons[火电机组爬坡约束2_22_94],0.0
cons[火电机组爬坡约束1_22_95],0.0
cons[火电机组爬坡约束2_22_95],0.0
cons[火电机组爬坡约束1_23_1],0.0
cons[火电机组爬坡约束2_23_1],0.0
cons[火电机组爬坡约束1_23_2],0.0
cons[火电机组爬坡约束2_23_2],0.0
cons[火电机组爬坡约束1_23_3],0.0
cons[火电机组爬坡约束2_23_3],0.0
cons[火电机组爬坡约束1_23_4],0.0
cons[火电机组爬坡约束2_23_4],0.0
cons[火电机组爬坡约束1_23_5],0.0
cons[火电机组爬坡约束2_23_5],-81.99099999999999
cons[火电机组爬坡约束1_23_6],0.0
cons[火电机组爬坡约束2_23_6],-31.486000000000786
cons[火电机组爬坡约束1_23_7],0.0
cons[火电机组爬坡约束2_23_7],0.0
cons[火电机组爬坡约束1_23_8],0.0
cons[火电机组爬坡约束2_23_8],0.0
cons[火电机组爬坡约束1_23_9],0.0
cons[火电机组爬坡约束2_23_9],0.0
cons[火电机组爬坡约束1_23_10],0.0
cons[火电机组爬坡约束2_23_10],0.0
cons[火电机组爬坡约束1_23_11],0.0
cons[火电机组爬坡约束2_23_11],0.0
cons[火电机组爬坡约束1_23_12],0.0
cons[火电机组爬坡约束2_23_12],0.0
cons[火电机组爬坡约束1_23_13],0.0
cons[火电机组爬坡约束2_23_13],0.0
cons[火电机组爬坡约束1_23_14],0.0
cons[火电机组爬坡约束2_23_14],0.0
cons[火电机组爬坡约束1_23_15],0.0
cons[火电机组爬坡约束2_23_15],0.0
cons[火电机组爬坡约束1_23_16],0.0
cons[火电机组爬坡约束2_23_16],0.0
cons[火电机组爬坡约束1_23_17],0.0
cons[火电机组爬坡约束2_23_17],0.0
cons[火电机组爬坡约束1_23_18],0.0
cons[火电机组爬坡约束2_23_18],0.0
cons[火电机组爬坡约束1_23_19],0.0
cons[火电机组爬坡约束2_23_19],0.0
cons[火电机组爬坡约束1_23_20],0.0
cons[火电机组爬坡约束2_23_20],0.0
cons[火电机组爬坡约束1_23_21],0.0
cons[火电机组爬坡约束2_23_21],0.0
cons[火电机组爬坡约束1_23_22],-59.05899999999929
cons[火电机组爬坡约束2_23_22],0.0
cons[火电机组爬坡约束1_23_23],0.0
cons[火电机组爬坡约束2_23_23],-115.02400000000034
cons[火电机组爬坡约束1_23_24],0.0
cons[火电机组爬坡约束2_23_24],0.0
cons[火电机组爬坡约束1_23_25],0.0
cons[火电机组爬坡约束2_23_25],0.0
cons[火电机组爬坡约束1_23_26],0.0
cons[火电机组爬坡约束2_23_26],0.0
cons[火电机组爬坡约束1_23_27],0.0
cons[火电机组爬坡约束2_23_27],0.0
cons[火电机组爬坡约束1_23_28],0.0
cons[火电机组爬坡约束2_23_28],0.0
cons[火电机组爬坡约束1_23_29],0.0
cons[火电机组爬坡约束2_23_29],0.0
cons[火电机组爬坡约束1_23_30],0.0
cons[火电机组爬坡约束2_23_30],0.0
cons[火电机组爬坡约束1_23_31],0.0
cons[火电机组爬坡约束2_23_31],0.0
cons[火电机组爬坡约束1_23_32],0.0
cons[火电机组爬坡约束2_23_32],0.0
cons[火电机组爬坡约束1_23_33],0.0
cons[火电机组爬坡约束2_23_33],0.0
cons[火电机组爬坡约束1_23_34],0.0
cons[火电机组爬坡约束2_23_34],0.0
cons[火电机组爬坡约束1_23_35],0.0
cons[火电机组爬坡约束2_23_35],0.0
cons[火电机组爬坡约束1_23_36],0.0
cons[火电机组爬坡约束2_23_36],0.0
cons[火电机组爬坡约束1_23_37],0.0
cons[火电机组爬坡约束2_23_37],0.0
cons[火电机组爬坡约束1_23_38],0.0
cons[火电机组爬坡约束2_23_38],0.0
cons[火电机组爬坡约束1_23_39],0.0
cons[火电机组爬坡约束2_23_39],0.0
cons[火电机组爬坡约束1_23_40],0.0
cons[火电机组爬坡约束2_23_40],0.0
cons[火电机组爬坡约束1_23_41],0.0
cons[火电机组爬坡约束2_23_41],0.0
cons[火电机组爬坡约束1_23_42],0.0
cons[火电机组爬坡约束2_23_42],0.0
cons[火电机组爬坡约束1_23_43],0.0
cons[火电机组爬坡约束2_23_43],0.0
cons[火电机组爬坡约束1_23_44],0.0
cons[火电机组爬坡约束2_23_44],0.0
cons[火电机组爬坡约束1_23_45],0.0
cons[火电机组爬坡约束2_23_45],0.0
cons[火电机组爬坡约束1_23_46],0.0
cons[火电机组爬坡约束2_23_46],0.0
cons[火电机组爬坡约束1_23_47],0.0
cons[火电机组爬坡约束2_23_47],0.0
cons[火电机组爬坡约束1_23_48],0.0
cons[火电机组爬坡约束2_23_48],0.0
cons[火电机组爬坡约束1_23_49],0.0
cons[火电机组爬坡约束2_23_49],0.0
cons[火电机组爬坡约束1_23_50],0.0
cons[火电机组爬坡约束2_23_50],0.0
cons[火电机组爬坡约束1_23_51],0.0
cons[火电机组爬坡约束2_23_51],0.0
cons[火电机组爬坡约束1_23_52],0.0
cons[火电机组爬坡约束2_23_52],0.0
cons[火电机组爬坡约束1_23_53],0.0
cons[火电机组爬坡约束2_23_53],0.0
cons[火电机组爬坡约束1_23_54],0.0
cons[火电机组爬坡约束2_23_54],0.0
cons[火电机组爬坡约束1_23_55],0.0
cons[火电机组爬坡约束2_23_55],0.0
cons[火电机组爬坡约束1_23_56],0.0
cons[火电机组爬坡约束2_23_56],0.0
cons[火电机组爬坡约束1_23_57],0.0
cons[火电机组爬坡约束2_23_57],0.0
cons[火电机组爬坡约束1_23_58],0.0
cons[火电机组爬坡约束2_23_58],0.0
cons[火电机组爬坡约束1_23_59],0.0
cons[火电机组爬坡约束2_23_59],0.0
cons[火电机组爬坡约束1_23_60],0.0
cons[火电机组爬坡约束2_23_60],0.0
cons[火电机组爬坡约束1_23_61],0.0
cons[火电机组爬坡约束2_23_61],0.0
cons[火电机组爬坡约束1_23_62],0.0
cons[火电机组爬坡约束2_23_62],0.0
cons[火电机组爬坡约束1_23_63],0.0
cons[火电机组爬坡约束2_23_63],0.0
cons[火电机组爬坡约束1_23_64],0.0
cons[火电机组爬坡约束2_23_64],0.0
cons[火电机组爬坡约束1_23_65],0.0
cons[火电机组爬坡约束2_23_65],0.0
cons[火电机组爬坡约束1_23_66],0.0
cons[火电机组爬坡约束2_23_66],0.0
cons[火电机组爬坡约束1_23_67],0.0
cons[火电机组爬坡约束2_23_67],0.0
cons[火电机组爬坡约束1_23_68],0.0
cons[火电机组爬坡约束2_23_68],0.0
cons[火电机组爬坡约束1_23_69],0.0
cons[火电机组爬坡约束2_23_69],0.0
cons[火电机组爬坡约束1_23_70],0.0
cons[火电机组爬坡约束2_23_70],0.0
cons[火电机组爬坡约束1_23_71],0.0
cons[火电机组爬坡约束2_23_71],0.0
cons[火电机组爬坡约束1_23_72],0.0
cons[火电机组爬坡约束2_23_72],0.0
cons[火电机组爬坡约束1_23_73],0.0
cons[火电机组爬坡约束2_23_73],0.0
cons[火电机组爬坡约束1_23_74],0.0
cons[火电机组爬坡约束2_23_74],0.0
cons[火电机组爬坡约束1_23_75],0.0
cons[火电机组爬坡约束2_23_75],0.0
cons[火电机组爬坡约束1_23_76],0.0
cons[火电机组爬坡约束2_23_76],0.0
cons[火电机组爬坡约束1_23_77],0.0
cons[火电机组爬坡约束2_23_77],0.0
cons[火电机组爬坡约束1_23_78],0.0
cons[火电机组爬坡约束2_23_78],0.0
cons[火电机组爬坡约束1_23_79],0.0
cons[火电机组爬坡约束2_23_79],0.0
cons[火电机组爬坡约束1_23_80],0.0
cons[火电机组爬坡约束2_23_80],0.0
cons[火电机组爬坡约束1_23_81],0.0
cons[火电机组爬坡约束2_23_81],0.0
cons[火电机组爬坡约束1_23_82],0.0
cons[火电机组爬坡约束2_23_82],0.0
cons[火电机组爬坡约束1_23_83],0.0
cons[火电机组爬坡约束2_23_83],0.0
cons[火电机组爬坡约束1_23_84],0.0
cons[火电机组爬坡约束2_23_84],0.0
cons[火电机组爬坡约束1_23_85],0.0
cons[火电机组爬坡约束2_23_85],0.0
cons[火电机组爬坡约束1_23_86],0.0
cons[火电机组爬坡约束2_23_86],0.0
cons[火电机组爬坡约束1_23_87],0.0
cons[火电机组爬坡约束2_23_87],0.0
cons[火电机组爬坡约束1_23_88],0.0
cons[火电机组爬坡约束2_23_88],0.0
cons[火电机组爬坡约束1_23_89],0.0
cons[火电机组爬坡约束2_23_89],0.0
cons[火电机组爬坡约束1_23_90],0.0
cons[火电机组爬坡约束2_23_90],0.0
cons[火电机组爬坡约束1_23_91],0.0
cons[火电机组爬坡约束2_23_91],0.0
cons[火电机组爬坡约束1_23_92],0.0
cons[火电机组爬坡约束2_23_92],0.0
cons[火电机组爬坡约束1_23_93],0.0
cons[火电机组爬坡约束2_23_93],0.0
cons[火电机组爬坡约束1_23_94],0.0
cons[火电机组爬坡约束2_23_94],0.0
cons[火电机组爬坡约束1_23_95],0.0
cons[火电机组爬坡约束2_23_95],0.0
cons[火电机组爬坡约束1_24_1],0.0
cons[火电机组爬坡约束2_24_1],0.0
cons[火电机组爬坡约束1_24_2],0.0
cons[火电机组爬坡约束2_24_2],0.0
cons[火电机组爬坡约束1_24_3],0.0
cons[火电机组爬坡约束2_24_3],0.0
cons[火电机组爬坡约束1_24_4],0.0
cons[火电机组爬坡约束2_24_4],0.0
cons[火电机组爬坡约束1_24_5],0.0
cons[火电机组爬坡约束2_24_5],0.0
cons[火电机组爬坡约束1_24_6],0.0
cons[火电机组爬坡约束2_24_6],0.0
cons[火电机组爬坡约束1_24_7],0.0
cons[火电机组爬坡约束2_24_7],0.0
cons[火电机组爬坡约束1_24_8],0.0
cons[火电机组爬坡约束2_24_8],0.0
cons[火电机组爬坡约束1_24_9],0.0
cons[火电机组爬坡约束2_24_9],0.0
cons[火电机组爬坡约束1_24_10],0.0
cons[火电机组爬坡约束2_24_10],0.0
cons[火电机组爬坡约束1_24_11],0.0
cons[火电机组爬坡约束2_24_11],0.0
cons[火电机组爬坡约束1_24_12],0.0
cons[火电机组爬坡约束2_24_12],0.0
cons[火电机组爬坡约束1_24_13],0.0
cons[火电机组爬坡约束2_24_13],0.0
cons[火电机组爬坡约束1_24_14],0.0
cons[火电机组爬坡约束2_24_14],0.0
cons[火电机组爬坡约束1_24_15],0.0
cons[火电机组爬坡约束2_24_15],0.0
cons[火电机组爬坡约束1_24_16],0.0
cons[火电机组爬坡约束2_24_16],0.0
cons[火电机组爬坡约束1_24_17],0.0
cons[火电机组爬坡约束2_24_17],0.0
cons[火电机组爬坡约束1_24_18],0.0
cons[火电机组爬坡约束2_24_18],0.0
cons[火电机组爬坡约束1_24_19],0.0
cons[火电机组爬坡约束2_24_19],0.0
cons[火电机组爬坡约束1_24_20],0.0
cons[火电机组爬坡约束2_24_20],0.0
cons[火电机组爬坡约束1_24_21],0.0
cons[火电机组爬坡约束2_24_21],0.0
cons[火电机组爬坡约束1_24_22],0.0
cons[火电机组爬坡约束2_24_22],0.0
cons[火电机组爬坡约束1_24_23],0.0
cons[火电机组爬坡约束2_24_23],0.0
cons[火电机组爬坡约束1_24_24],0.0
cons[火电机组爬坡约束2_24_24],0.0
cons[火电机组爬坡约束1_24_25],0.0
cons[火电机组爬坡约束2_24_25],0.0
cons[火电机组爬坡约束1_24_26],0.0
cons[火电机组爬坡约束2_24_26],0.0
cons[火电机组爬坡约束1_24_27],0.0
cons[火电机组爬坡约束2_24_27],0.0
cons[火电机组爬坡约束1_24_28],0.0
cons[火电机组爬坡约束2_24_28],0.0
cons[火电机组爬坡约束1_24_29],0.0
cons[火电机组爬坡约束2_24_29],0.0
cons[火电机组爬坡约束1_24_30],0.0
cons[火电机组爬坡约束2_24_30],0.0
cons[火电机组爬坡约束1_24_31],0.0
cons[火电机组爬坡约束2_24_31],0.0
cons[火电机组爬坡约束1_24_32],0.0
cons[火电机组爬坡约束2_24_32],0.0
cons[火电机组爬坡约束1_24_33],0.0
cons[火电机组爬坡约束2_24_33],0.0
cons[火电机组爬坡约束1_24_34],0.0
cons[火电机组爬坡约束2_24_34],0.0
cons[火电机组爬坡约束1_24_35],0.0
cons[火电机组爬坡约束2_24_35],0.0
cons[火电机组爬坡约束1_24_36],0.0
cons[火电机组爬坡约束2_24_36],0.0
cons[火电机组爬坡约束1_24_37],0.0
cons[火电机组爬坡约束2_24_37],0.0
cons[火电机组爬坡约束1_24_38],0.0
cons[火电机组爬坡约束2_24_38],0.0
cons[火电机组爬坡约束1_24_39],0.0
cons[火电机组爬坡约束2_24_39],0.0
cons[火电机组爬坡约束1_24_40],0.0
cons[火电机组爬坡约束2_24_40],0.0
cons[火电机组爬坡约束1_24_41],0.0
cons[火电机组爬坡约束2_24_41],0.0
cons[火电机组爬坡约束1_24_42],0.0
cons[火电机组爬坡约束2_24_42],0.0
cons[火电机组爬坡约束1_24_43],0.0
cons[火电机组爬坡约束2_24_43],0.0
cons[火电机组爬坡约束1_24_44],0.0
cons[火电机组爬坡约束2_24_44],0.0
cons[火电机组爬坡约束1_24_45],0.0
cons[火电机组爬坡约束2_24_45],0.0
cons[火电机组爬坡约束1_24_46],0.0
cons[火电机组爬坡约束2_24_46],0.0
cons[火电机组爬坡约束1_24_47],0.0
cons[火电机组爬坡约束2_24_47],0.0
cons[火电机组爬坡约束1_24_48],0.0
cons[火电机组爬坡约束2_24_48],0.0
cons[火电机组爬坡约束1_24_49],0.0
cons[火电机组爬坡约束2_24_49],0.0
cons[火电机组爬坡约束1_24_50],0.0
cons[火电机组爬坡约束2_24_50],0.0
cons[火电机组爬坡约束1_24_51],0.0
cons[火电机组爬坡约束2_24_51],0.0
cons[火电机组爬坡约束1_24_52],0.0
cons[火电机组爬坡约束2_24_52],0.0
cons[火电机组爬坡约束1_24_53],0.0
cons[火电机组爬坡约束2_24_53],0.0
cons[火电机组爬坡约束1_24_54],0.0
cons[火电机组爬坡约束2_24_54],0.0
cons[火电机组爬坡约束1_24_55],0.0
cons[火电机组爬坡约束2_24_55],0.0
cons[火电机组爬坡约束1_24_56],0.0
cons[火电机组爬坡约束2_24_56],0.0
cons[火电机组爬坡约束1_24_57],0.0
cons[火电机组爬坡约束2_24_57],0.0
cons[火电机组爬坡约束1_24_58],0.0
cons[火电机组爬坡约束2_24_58],0.0
cons[火电机组爬坡约束1_24_59],0.0
cons[火电机组爬坡约束2_24_59],0.0
cons[火电机组爬坡约束1_24_60],0.0
cons[火电机组爬坡约束2_24_60],0.0
cons[火电机组爬坡约束1_24_61],0.0
cons[火电机组爬坡约束2_24_61],0.0
cons[火电机组爬坡约束1_24_62],0.0
cons[火电机组爬坡约束2_24_62],0.0
cons[火电机组爬坡约束1_24_63],0.0
cons[火电机组爬坡约束2_24_63],0.0
cons[火电机组爬坡约束1_24_64],0.0
cons[火电机组爬坡约束2_24_64],0.0
cons[火电机组爬坡约束1_24_65],0.0
cons[火电机组爬坡约束2_24_65],0.0
cons[火电机组爬坡约束1_24_66],0.0
cons[火电机组爬坡约束2_24_66],0.0
cons[火电机组爬坡约束1_24_67],0.0
cons[火电机组爬坡约束2_24_67],0.0
cons[火电机组爬坡约束1_24_68],0.0
cons[火电机组爬坡约束2_24_68],0.0
cons[火电机组爬坡约束1_24_69],0.0
cons[火电机组爬坡约束2_24_69],0.0
cons[火电机组爬坡约束1_24_70],0.0
cons[火电机组爬坡约束2_24_70],0.0
cons[火电机组爬坡约束1_24_71],0.0
cons[火电机组爬坡约束2_24_71],0.0
cons[火电机组爬坡约束1_24_72],0.0
cons[火电机组爬坡约束2_24_72],0.0
cons[火电机组爬坡约束1_24_73],0.0
cons[火电机组爬坡约束2_24_73],0.0
cons[火电机组爬坡约束1_24_74],0.0
cons[火电机组爬坡约束2_24_74],0.0
cons[火电机组爬坡约束1_24_75],0.0
cons[火电机组爬坡约束2_24_75],0.0
cons[火电机组爬坡约束1_24_76],0.0
cons[火电机组爬坡约束2_24_76],0.0
cons[火电机组爬坡约束1_24_77],0.0
cons[火电机组爬坡约束2_24_77],0.0
cons[火电机组爬坡约束1_24_78],0.0
cons[火电机组爬坡约束2_24_78],0.0
cons[火电机组爬坡约束1_24_79],0.0
cons[火电机组爬坡约束2_24_79],0.0
cons[火电机组爬坡约束1_24_80],0.0
cons[火电机组爬坡约束2_24_80],0.0
cons[火电机组爬坡约束1_24_81],0.0
cons[火电机组爬坡约束2_24_81],0.0
cons[火电机组爬坡约束1_24_82],0.0
cons[火电机组爬坡约束2_24_82],0.0
cons[火电机组爬坡约束1_24_83],0.0
cons[火电机组爬坡约束2_24_83],0.0
cons[火电机组爬坡约束1_24_84],0.0
cons[火电机组爬坡约束2_24_84],0.0
cons[火电机组爬坡约束1_24_85],0.0
cons[火电机组爬坡约束2_24_85],0.0
cons[火电机组爬坡约束1_24_86],0.0
cons[火电机组爬坡约束2_24_86],0.0
cons[火电机组爬坡约束1_24_87],0.0
cons[火电机组爬坡约束2_24_87],0.0
cons[火电机组爬坡约束1_24_88],0.0
cons[火电机组爬坡约束2_24_88],0.0
cons[火电机组爬坡约束1_24_89],0.0
cons[火电机组爬坡约束2_24_89],0.0
cons[火电机组爬坡约束1_24_90],0.0
cons[火电机组爬坡约束2_24_90],0.0
cons[火电机组爬坡约束1_24_91],0.0
cons[火电机组爬坡约束2_24_91],0.0
cons[火电机组爬坡约束1_24_92],0.0
cons[火电机组爬坡约束2_24_92],0.0
cons[火电机组爬坡约束1_24_93],0.0
cons[火电机组爬坡约束2_24_93],0.0
cons[火电机组爬坡约束1_24_94],0.0
cons[火电机组爬坡约束2_24_94],0.0
cons[火电机组爬坡约束1_24_95],0.0
cons[火电机组爬坡约束2_24_95],0.0
cons[火电机组爬坡约束1_25_1],0.0
cons[火电机组爬坡约束2_25_1],0.0
cons[火电机组爬坡约束1_25_2],0.0
cons[火电机组爬坡约束2_25_2],0.0
cons[火电机组爬坡约束1_25_3],0.0
cons[火电机组爬坡约束2_25_3],0.0
cons[火电机组爬坡约束1_25_4],0.0
cons[火电机组爬坡约束2_25_4],0.0
cons[火电机组爬坡约束1_25_5],0.0
cons[火电机组爬坡约束2_25_5],0.0
cons[火电机组爬坡约束1_25_6],0.0
cons[火电机组爬坡约束2_25_6],0.0
cons[火电机组爬坡约束1_25_7],0.0
cons[火电机组爬坡约束2_25_7],0.0
cons[火电机组爬坡约束1_25_8],0.0
cons[火电机组爬坡约束2_25_8],0.0
cons[火电机组爬坡约束1_25_9],0.0
cons[火电机组爬坡约束2_25_9],0.0
cons[火电机组爬坡约束1_25_10],0.0
cons[火电机组爬坡约束2_25_10],0.0
cons[火电机组爬坡约束1_25_11],0.0
cons[火电机组爬坡约束2_25_11],0.0
cons[火电机组爬坡约束1_25_12],0.0
cons[火电机组爬坡约束2_25_12],0.0
cons[火电机组爬坡约束1_25_13],0.0
cons[火电机组爬坡约束2_25_13],0.0
cons[火电机组爬坡约束1_25_14],0.0
cons[火电机组爬坡约束2_25_14],0.0
cons[火电机组爬坡约束1_25_15],0.0
cons[火电机组爬坡约束2_25_15],0.0
cons[火电机组爬坡约束1_25_16],0.0
cons[火电机组爬坡约束2_25_16],0.0
cons[火电机组爬坡约束1_25_17],0.0
cons[火电机组爬坡约束2_25_17],0.0
cons[火电机组爬坡约束1_25_18],0.0
cons[火电机组爬坡约束2_25_18],0.0
cons[火电机组爬坡约束1_25_19],0.0
cons[火电机组爬坡约束2_25_19],0.0
cons[火电机组爬坡约束1_25_20],0.0
cons[火电机组爬坡约束2_25_20],0.0
cons[火电机组爬坡约束1_25_21],0.0
cons[火电机组爬坡约束2_25_21],0.0
cons[火电机组爬坡约束1_25_22],0.0
cons[火电机组爬坡约束2_25_22],0.0
cons[火电机组爬坡约束1_25_23],0.0
cons[火电机组爬坡约束2_25_23],0.0
cons[火电机组爬坡约束1_25_24],0.0
cons[火电机组爬坡约束2_25_24],0.0
cons[火电机组爬坡约束1_25_25],0.0
cons[火电机组爬坡约束2_25_25],0.0
cons[火电机组爬坡约束1_25_26],0.0
cons[火电机组爬坡约束2_25_26],0.0
cons[火电机组爬坡约束1_25_27],0.0
cons[火电机组爬坡约束2_25_27],0.0
cons[火电机组爬坡约束1_25_28],0.0
cons[火电机组爬坡约束2_25_28],0.0
cons[火电机组爬坡约束1_25_29],0.0
cons[火电机组爬坡约束2_25_29],0.0
cons[火电机组爬坡约束1_25_30],0.0
cons[火电机组爬坡约束2_25_30],0.0
cons[火电机组爬坡约束1_25_31],0.0
cons[火电机组爬坡约束2_25_31],0.0
cons[火电机组爬坡约束1_25_32],0.0
cons[火电机组爬坡约束2_25_32],0.0
cons[火电机组爬坡约束1_25_33],0.0
cons[火电机组爬坡约束2_25_33],0.0
cons[火电机组爬坡约束1_25_34],0.0
cons[火电机组爬坡约束2_25_34],0.0
cons[火电机组爬坡约束1_25_35],0.0
cons[火电机组爬坡约束2_25_35],0.0
cons[火电机组爬坡约束1_25_36],0.0
cons[火电机组爬坡约束2_25_36],0.0
cons[火电机组爬坡约束1_25_37],0.0
cons[火电机组爬坡约束2_25_37],0.0
cons[火电机组爬坡约束1_25_38],0.0
cons[火电机组爬坡约束2_25_38],0.0
cons[火电机组爬坡约束1_25_39],0.0
cons[火电机组爬坡约束2_25_39],0.0
cons[火电机组爬坡约束1_25_40],0.0
cons[火电机组爬坡约束2_25_40],0.0
cons[火电机组爬坡约束1_25_41],0.0
cons[火电机组爬坡约束2_25_41],0.0
cons[火电机组爬坡约束1_25_42],0.0
cons[火电机组爬坡约束2_25_42],0.0
cons[火电机组爬坡约束1_25_43],0.0
cons[火电机组爬坡约束2_25_43],0.0
cons[火电机组爬坡约束1_25_44],0.0
cons[火电机组爬坡约束2_25_44],0.0
cons[火电机组爬坡约束1_25_45],0.0
cons[火电机组爬坡约束2_25_45],0.0
cons[火电机组爬坡约束1_25_46],0.0
cons[火电机组爬坡约束2_25_46],0.0
cons[火电机组爬坡约束1_25_47],0.0
cons[火电机组爬坡约束2_25_47],0.0
cons[火电机组爬坡约束1_25_48],0.0
cons[火电机组爬坡约束2_25_48],0.0
cons[火电机组爬坡约束1_25_49],0.0
cons[火电机组爬坡约束2_25_49],0.0
cons[火电机组爬坡约束1_25_50],0.0
cons[火电机组爬坡约束2_25_50],0.0
cons[火电机组爬坡约束1_25_51],0.0
cons[火电机组爬坡约束2_25_51],0.0
cons[火电机组爬坡约束1_25_52],0.0
cons[火电机组爬坡约束2_25_52],0.0
cons[火电机组爬坡约束1_25_53],0.0
cons[火电机组爬坡约束2_25_53],0.0
cons[火电机组爬坡约束1_25_54],0.0
cons[火电机组爬坡约束2_25_54],0.0
cons[火电机组爬坡约束1_25_55],0.0
cons[火电机组爬坡约束2_25_55],0.0
cons[火电机组爬坡约束1_25_56],0.0
cons[火电机组爬坡约束2_25_56],0.0
cons[火电机组爬坡约束1_25_57],0.0
cons[火电机组爬坡约束2_25_57],0.0
cons[火电机组爬坡约束1_25_58],0.0
cons[火电机组爬坡约束2_25_58],0.0
cons[火电机组爬坡约束1_25_59],0.0
cons[火电机组爬坡约束2_25_59],0.0
cons[火电机组爬坡约束1_25_60],0.0
cons[火电机组爬坡约束2_25_60],0.0
cons[火电机组爬坡约束1_25_61],0.0
cons[火电机组爬坡约束2_25_61],0.0
cons[火电机组爬坡约束1_25_62],0.0
cons[火电机组爬坡约束2_25_62],0.0
cons[火电机组爬坡约束1_25_63],0.0
cons[火电机组爬坡约束2_25_63],0.0
cons[火电机组爬坡约束1_25_64],0.0
cons[火电机组爬坡约束2_25_64],0.0
cons[火电机组爬坡约束1_25_65],0.0
cons[火电机组爬坡约束2_25_65],0.0
cons[火电机组爬坡约束1_25_66],0.0
cons[火电机组爬坡约束2_25_66],0.0
cons[火电机组爬坡约束1_25_67],0.0
cons[火电机组爬坡约束2_25_67],0.0
cons[火电机组爬坡约束1_25_68],0.0
cons[火电机组爬坡约束2_25_68],0.0
cons[火电机组爬坡约束1_25_69],0.0
cons[火电机组爬坡约束2_25_69],0.0
cons[火电机组爬坡约束1_25_70],0.0
cons[火电机组爬坡约束2_25_70],0.0
cons[火电机组爬坡约束1_25_71],0.0
cons[火电机组爬坡约束2_25_71],0.0
cons[火电机组爬坡约束1_25_72],0.0
cons[火电机组爬坡约束2_25_72],0.0
cons[火电机组爬坡约束1_25_73],0.0
cons[火电机组爬坡约束2_25_73],0.0
cons[火电机组爬坡约束1_25_74],0.0
cons[火电机组爬坡约束2_25_74],0.0
cons[火电机组爬坡约束1_25_75],0.0
cons[火电机组爬坡约束2_25_75],0.0
cons[火电机组爬坡约束1_25_76],0.0
cons[火电机组爬坡约束2_25_76],0.0
cons[火电机组爬坡约束1_25_77],0.0
cons[火电机组爬坡约束2_25_77],0.0
cons[火电机组爬坡约束1_25_78],0.0
cons[火电机组爬坡约束2_25_78],0.0
cons[火电机组爬坡约束1_25_79],0.0
cons[火电机组爬坡约束2_25_79],0.0
cons[火电机组爬坡约束1_25_80],0.0
cons[火电机组爬坡约束2_25_80],0.0
cons[火电机组爬坡约束1_25_81],0.0
cons[火电机组爬坡约束2_25_81],0.0
cons[火电机组爬坡约束1_25_82],0.0
cons[火电机组爬坡约束2_25_82],0.0
cons[火电机组爬坡约束1_25_83],0.0
cons[火电机组爬坡约束2_25_83],0.0
cons[火电机组爬坡约束1_25_84],0.0
cons[火电机组爬坡约束2_25_84],0.0
cons[火电机组爬坡约束1_25_85],0.0
cons[火电机组爬坡约束2_25_85],0.0
cons[火电机组爬坡约束1_25_86],0.0
cons[火电机组爬坡约束2_25_86],0.0
cons[火电机组爬坡约束1_25_87],0.0
cons[火电机组爬坡约束2_25_87],0.0
cons[火电机组爬坡约束1_25_88],0.0
cons[火电机组爬坡约束2_25_88],0.0
cons[火电机组爬坡约束1_25_89],0.0
cons[火电机组爬坡约束2_25_89],0.0
cons[火电机组爬坡约束1_25_90],0.0
cons[火电机组爬坡约束2_25_90],0.0
cons[火电机组爬坡约束1_25_91],0.0
cons[火电机组爬坡约束2_25_91],0.0
cons[火电机组爬坡约束1_25_92],0.0
cons[火电机组爬坡约束2_25_92],0.0
cons[火电机组爬坡约束1_25_93],0.0
cons[火电机组爬坡约束2_25_93],0.0
cons[火电机组爬坡约束1_25_94],0.0
cons[火电机组爬坡约束2_25_94],0.0
cons[火电机组爬坡约束1_25_95],0.0
cons[火电机组爬坡约束2_25_95],0.0
cons[火电机组爬坡约束1_26_1],0.0
cons[火电机组爬坡约束2_26_1],0.0
cons[火电机组爬坡约束1_26_2],0.0
cons[火电机组爬坡约束2_26_2],0.0
cons[火电机组爬坡约束1_26_3],0.0
cons[火电机组爬坡约束2_26_3],0.0
cons[火电机组爬坡约束1_26_4],0.0
cons[火电机组爬坡约束2_26_4],0.0
cons[火电机组爬坡约束1_26_5],0.0
cons[火电机组爬坡约束2_26_5],0.0
cons[火电机组爬坡约束1_26_6],0.0
cons[火电机组爬坡约束2_26_6],0.0
cons[火电机组爬坡约束1_26_7],0.0
cons[火电机组爬坡约束2_26_7],0.0
cons[火电机组爬坡约束1_26_8],0.0
cons[火电机组爬坡约束2_26_8],0.0
cons[火电机组爬坡约束1_26_9],0.0
cons[火电机组爬坡约束2_26_9],0.0
cons[火电机组爬坡约束1_26_10],0.0
cons[火电机组爬坡约束2_26_10],0.0
cons[火电机组爬坡约束1_26_11],0.0
cons[火电机组爬坡约束2_26_11],0.0
cons[火电机组爬坡约束1_26_12],0.0
cons[火电机组爬坡约束2_26_12],0.0
cons[火电机组爬坡约束1_26_13],0.0
cons[火电机组爬坡约束2_26_13],0.0
cons[火电机组爬坡约束1_26_14],0.0
cons[火电机组爬坡约束2_26_14],0.0
cons[火电机组爬坡约束1_26_15],0.0
cons[火电机组爬坡约束2_26_15],0.0
cons[火电机组爬坡约束1_26_16],0.0
cons[火电机组爬坡约束2_26_16],0.0
cons[火电机组爬坡约束1_26_17],0.0
cons[火电机组爬坡约束2_26_17],0.0
cons[火电机组爬坡约束1_26_18],0.0
cons[火电机组爬坡约束2_26_18],0.0
cons[火电机组爬坡约束1_26_19],0.0
cons[火电机组爬坡约束2_26_19],0.0
cons[火电机组爬坡约束1_26_20],0.0
cons[火电机组爬坡约束2_26_20],0.0
cons[火电机组爬坡约束1_26_21],0.0
cons[火电机组爬坡约束2_26_21],0.0
cons[火电机组爬坡约束1_26_22],0.0
cons[火电机组爬坡约束2_26_22],0.0
cons[火电机组爬坡约束1_26_23],0.0
cons[火电机组爬坡约束2_26_23],0.0
cons[火电机组爬坡约束1_26_24],0.0
cons[火电机组爬坡约束2_26_24],0.0
cons[火电机组爬坡约束1_26_25],0.0
cons[火电机组爬坡约束2_26_25],0.0
cons[火电机组爬坡约束1_26_26],0.0
cons[火电机组爬坡约束2_26_26],0.0
cons[火电机组爬坡约束1_26_27],0.0
cons[火电机组爬坡约束2_26_27],0.0
cons[火电机组爬坡约束1_26_28],0.0
cons[火电机组爬坡约束2_26_28],0.0
cons[火电机组爬坡约束1_26_29],0.0
cons[火电机组爬坡约束2_26_29],0.0
cons[火电机组爬坡约束1_26_30],0.0
cons[火电机组爬坡约束2_26_30],0.0
cons[火电机组爬坡约束1_26_31],0.0
cons[火电机组爬坡约束2_26_31],0.0
cons[火电机组爬坡约束1_26_32],0.0
cons[火电机组爬坡约束2_26_32],0.0
cons[火电机组爬坡约束1_26_33],0.0
cons[火电机组爬坡约束2_26_33],0.0
cons[火电机组爬坡约束1_26_34],0.0
cons[火电机组爬坡约束2_26_34],0.0
cons[火电机组爬坡约束1_26_35],0.0
cons[火电机组爬坡约束2_26_35],0.0
cons[火电机组爬坡约束1_26_36],0.0
cons[火电机组爬坡约束2_26_36],0.0
cons[火电机组爬坡约束1_26_37],0.0
cons[火电机组爬坡约束2_26_37],0.0
cons[火电机组爬坡约束1_26_38],0.0
cons[火电机组爬坡约束2_26_38],0.0
cons[火电机组爬坡约束1_26_39],0.0
cons[火电机组爬坡约束2_26_39],0.0
cons[火电机组爬坡约束1_26_40],0.0
cons[火电机组爬坡约束2_26_40],0.0
cons[火电机组爬坡约束1_26_41],0.0
cons[火电机组爬坡约束2_26_41],0.0
cons[火电机组爬坡约束1_26_42],0.0
cons[火电机组爬坡约束2_26_42],0.0
cons[火电机组爬坡约束1_26_43],0.0
cons[火电机组爬坡约束2_26_43],0.0
cons[火电机组爬坡约束1_26_44],0.0
cons[火电机组爬坡约束2_26_44],0.0
cons[火电机组爬坡约束1_26_45],0.0
cons[火电机组爬坡约束2_26_45],0.0
cons[火电机组爬坡约束1_26_46],0.0
cons[火电机组爬坡约束2_26_46],0.0
cons[火电机组爬坡约束1_26_47],0.0
cons[火电机组爬坡约束2_26_47],0.0
cons[火电机组爬坡约束1_26_48],0.0
cons[火电机组爬坡约束2_26_48],0.0
cons[火电机组爬坡约束1_26_49],0.0
cons[火电机组爬坡约束2_26_49],0.0
cons[火电机组爬坡约束1_26_50],0.0
cons[火电机组爬坡约束2_26_50],0.0
cons[火电机组爬坡约束1_26_51],0.0
cons[火电机组爬坡约束2_26_51],0.0
cons[火电机组爬坡约束1_26_52],0.0
cons[火电机组爬坡约束2_26_52],0.0
cons[火电机组爬坡约束1_26_53],0.0
cons[火电机组爬坡约束2_26_53],0.0
cons[火电机组爬坡约束1_26_54],0.0
cons[火电机组爬坡约束2_26_54],0.0
cons[火电机组爬坡约束1_26_55],0.0
cons[火电机组爬坡约束2_26_55],0.0
cons[火电机组爬坡约束1_26_56],0.0
cons[火电机组爬坡约束2_26_56],0.0
cons[火电机组爬坡约束1_26_57],0.0
cons[火电机组爬坡约束2_26_57],0.0
cons[火电机组爬坡约束1_26_58],0.0
cons[火电机组爬坡约束2_26_58],0.0
cons[火电机组爬坡约束1_26_59],0.0
cons[火电机组爬坡约束2_26_59],0.0
cons[火电机组爬坡约束1_26_60],0.0
cons[火电机组爬坡约束2_26_60],0.0
cons[火电机组爬坡约束1_26_61],0.0
cons[火电机组爬坡约束2_26_61],0.0
cons[火电机组爬坡约束1_26_62],0.0
cons[火电机组爬坡约束2_26_62],0.0
cons[火电机组爬坡约束1_26_63],0.0
cons[火电机组爬坡约束2_26_63],0.0
cons[火电机组爬坡约束1_26_64],0.0
cons[火电机组爬坡约束2_26_64],0.0
cons[火电机组爬坡约束1_26_65],0.0
cons[火电机组爬坡约束2_26_65],0.0
cons[火电机组爬坡约束1_26_66],0.0
cons[火电机组爬坡约束2_26_66],0.0
cons[火电机组爬坡约束1_26_67],0.0
cons[火电机组爬坡约束2_26_67],0.0
cons[火电机组爬坡约束1_26_68],0.0
cons[火电机组爬坡约束2_26_68],0.0
cons[火电机组爬坡约束1_26_69],0.0
cons[火电机组爬坡约束2_26_69],0.0
cons[火电机组爬坡约束1_26_70],0.0
cons[火电机组爬坡约束2_26_70],0.0
cons[火电机组爬坡约束1_26_71],0.0
cons[火电机组爬坡约束2_26_71],0.0
cons[火电机组爬坡约束1_26_72],0.0
cons[火电机组爬坡约束2_26_72],0.0
cons[火电机组爬坡约束1_26_73],0.0
cons[火电机组爬坡约束2_26_73],0.0
cons[火电机组爬坡约束1_26_74],0.0
cons[火电机组爬坡约束2_26_74],0.0
cons[火电机组爬坡约束1_26_75],0.0
cons[火电机组爬坡约束2_26_75],0.0
cons[火电机组爬坡约束1_26_76],0.0
cons[火电机组爬坡约束2_26_76],0.0
cons[火电机组爬坡约束1_26_77],0.0
cons[火电机组爬坡约束2_26_77],0.0
cons[火电机组爬坡约束1_26_78],0.0
cons[火电机组爬坡约束2_26_78],0.0
cons[火电机组爬坡约束1_26_79],0.0
cons[火电机组爬坡约束2_26_79],0.0
cons[火电机组爬坡约束1_26_80],0.0
cons[火电机组爬坡约束2_26_80],0.0
cons[火电机组爬坡约束1_26_81],0.0
cons[火电机组爬坡约束2_26_81],0.0
cons[火电机组爬坡约束1_26_82],0.0
cons[火电机组爬坡约束2_26_82],0.0
cons[火电机组爬坡约束1_26_83],0.0
cons[火电机组爬坡约束2_26_83],0.0
cons[火电机组爬坡约束1_26_84],0.0
cons[火电机组爬坡约束2_26_84],0.0
cons[火电机组爬坡约束1_26_85],0.0
cons[火电机组爬坡约束2_26_85],0.0
cons[火电机组爬坡约束1_26_86],0.0
cons[火电机组爬坡约束2_26_86],0.0
cons[火电机组爬坡约束1_26_87],0.0
cons[火电机组爬坡约束2_26_87],0.0
cons[火电机组爬坡约束1_26_88],0.0
cons[火电机组爬坡约束2_26_88],0.0
cons[火电机组爬坡约束1_26_89],0.0
cons[火电机组爬坡约束2_26_89],0.0
cons[火电机组爬坡约束1_26_90],0.0
cons[火电机组爬坡约束2_26_90],0.0
cons[火电机组爬坡约束1_26_91],0.0
cons[火电机组爬坡约束2_26_91],0.0
cons[火电机组爬坡约束1_26_92],0.0
cons[火电机组爬坡约束2_26_92],0.0
cons[火电机组爬坡约束1_26_93],0.0
cons[火电机组爬坡约束2_26_93],0.0
cons[火电机组爬坡约束1_26_94],0.0
cons[火电机组爬坡约束2_26_94],0.0
cons[火电机组爬坡约束1_26_95],0.0
cons[火电机组爬坡约束2_26_95],0.0
cons[火电机组爬坡约束1_27_1],0.0
cons[火电机组爬坡约束2_27_1],0.0
cons[火电机组爬坡约束1_27_2],0.0
cons[火电机组爬坡约束2_27_2],0.0
cons[火电机组爬坡约束1_27_3],0.0
cons[火电机组爬坡约束2_27_3],0.0
cons[火电机组爬坡约束1_27_4],0.0
cons[火电机组爬坡约束2_27_4],0.0
cons[火电机组爬坡约束1_27_5],0.0
cons[火电机组爬坡约束2_27_5],0.0
cons[火电机组爬坡约束1_27_6],0.0
cons[火电机组爬坡约束2_27_6],0.0
cons[火电机组爬坡约束1_27_7],0.0
cons[火电机组爬坡约束2_27_7],0.0
cons[火电机组爬坡约束1_27_8],0.0
cons[火电机组爬坡约束2_27_8],0.0
cons[火电机组爬坡约束1_27_9],0.0
cons[火电机组爬坡约束2_27_9],0.0
cons[火电机组爬坡约束1_27_10],0.0
cons[火电机组爬坡约束2_27_10],0.0
cons[火电机组爬坡约束1_27_11],0.0
cons[火电机组爬坡约束2_27_11],0.0
cons[火电机组爬坡约束1_27_12],0.0
cons[火电机组爬坡约束2_27_12],0.0
cons[火电机组爬坡约束1_27_13],0.0
cons[火电机组爬坡约束2_27_13],0.0
cons[火电机组爬坡约束1_27_14],0.0
cons[火电机组爬坡约束2_27_14],0.0
cons[火电机组爬坡约束1_27_15],0.0
cons[火电机组爬坡约束2_27_15],0.0
cons[火电机组爬坡约束1_27_16],0.0
cons[火电机组爬坡约束2_27_16],0.0
cons[火电机组爬坡约束1_27_17],0.0
cons[火电机组爬坡约束2_27_17],0.0
cons[火电机组爬坡约束1_27_18],0.0
cons[火电机组爬坡约束2_27_18],0.0
cons[火电机组爬坡约束1_27_19],0.0
cons[火电机组爬坡约束2_27_19],0.0
cons[火电机组爬坡约束1_27_20],0.0
cons[火电机组爬坡约束2_27_20],0.0
cons[火电机组爬坡约束1_27_21],0.0
cons[火电机组爬坡约束2_27_21],0.0
cons[火电机组爬坡约束1_27_22],0.0
cons[火电机组爬坡约束2_27_22],0.0
cons[火电机组爬坡约束1_27_23],0.0
cons[火电机组爬坡约束2_27_23],0.0
cons[火电机组爬坡约束1_27_24],0.0
cons[火电机组爬坡约束2_27_24],0.0
cons[火电机组爬坡约束1_27_25],0.0
cons[火电机组爬坡约束2_27_25],0.0
cons[火电机组爬坡约束1_27_26],0.0
cons[火电机组爬坡约束2_27_26],0.0
cons[火电机组爬坡约束1_27_27],0.0
cons[火电机组爬坡约束2_27_27],0.0
cons[火电机组爬坡约束1_27_28],0.0
cons[火电机组爬坡约束2_27_28],0.0
cons[火电机组爬坡约束1_27_29],0.0
cons[火电机组爬坡约束2_27_29],0.0
cons[火电机组爬坡约束1_27_30],0.0
cons[火电机组爬坡约束2_27_30],0.0
cons[火电机组爬坡约束1_27_31],0.0
cons[火电机组爬坡约束2_27_31],0.0
cons[火电机组爬坡约束1_27_32],0.0
cons[火电机组爬坡约束2_27_32],0.0
cons[火电机组爬坡约束1_27_33],0.0
cons[火电机组爬坡约束2_27_33],0.0
cons[火电机组爬坡约束1_27_34],0.0
cons[火电机组爬坡约束2_27_34],0.0
cons[火电机组爬坡约束1_27_35],0.0
cons[火电机组爬坡约束2_27_35],0.0
cons[火电机组爬坡约束1_27_36],0.0
cons[火电机组爬坡约束2_27_36],0.0
cons[火电机组爬坡约束1_27_37],0.0
cons[火电机组爬坡约束2_27_37],0.0
cons[火电机组爬坡约束1_27_38],0.0
cons[火电机组爬坡约束2_27_38],0.0
cons[火电机组爬坡约束1_27_39],0.0
cons[火电机组爬坡约束2_27_39],0.0
cons[火电机组爬坡约束1_27_40],0.0
cons[火电机组爬坡约束2_27_40],0.0
cons[火电机组爬坡约束1_27_41],0.0
cons[火电机组爬坡约束2_27_41],0.0
cons[火电机组爬坡约束1_27_42],0.0
cons[火电机组爬坡约束2_27_42],0.0
cons[火电机组爬坡约束1_27_43],0.0
cons[火电机组爬坡约束2_27_43],0.0
cons[火电机组爬坡约束1_27_44],0.0
cons[火电机组爬坡约束2_27_44],0.0
cons[火电机组爬坡约束1_27_45],0.0
cons[火电机组爬坡约束2_27_45],0.0
cons[火电机组爬坡约束1_27_46],0.0
cons[火电机组爬坡约束2_27_46],0.0
cons[火电机组爬坡约束1_27_47],0.0
cons[火电机组爬坡约束2_27_47],0.0
cons[火电机组爬坡约束1_27_48],0.0
cons[火电机组爬坡约束2_27_48],0.0
cons[火电机组爬坡约束1_27_49],0.0
cons[火电机组爬坡约束2_27_49],0.0
cons[火电机组爬坡约束1_27_50],0.0
cons[火电机组爬坡约束2_27_50],0.0
cons[火电机组爬坡约束1_27_51],0.0
cons[火电机组爬坡约束2_27_51],0.0
cons[火电机组爬坡约束1_27_52],0.0
cons[火电机组爬坡约束2_27_52],0.0
cons[火电机组爬坡约束1_27_53],0.0
cons[火电机组爬坡约束2_27_53],0.0
cons[火电机组爬坡约束1_27_54],0.0
cons[火电机组爬坡约束2_27_54],0.0
cons[火电机组爬坡约束1_27_55],0.0
cons[火电机组爬坡约束2_27_55],0.0
cons[火电机组爬坡约束1_27_56],0.0
cons[火电机组爬坡约束2_27_56],0.0
cons[火电机组爬坡约束1_27_57],0.0
cons[火电机组爬坡约束2_27_57],0.0
cons[火电机组爬坡约束1_27_58],0.0
cons[火电机组爬坡约束2_27_58],0.0
cons[火电机组爬坡约束1_27_59],0.0
cons[火电机组爬坡约束2_27_59],0.0
cons[火电机组爬坡约束1_27_60],0.0
cons[火电机组爬坡约束2_27_60],0.0
cons[火电机组爬坡约束1_27_61],0.0
cons[火电机组爬坡约束2_27_61],0.0
cons[火电机组爬坡约束1_27_62],0.0
cons[火电机组爬坡约束2_27_62],0.0
cons[火电机组爬坡约束1_27_63],0.0
cons[火电机组爬坡约束2_27_63],0.0
cons[火电机组爬坡约束1_27_64],0.0
cons[火电机组爬坡约束2_27_64],0.0
cons[火电机组爬坡约束1_27_65],0.0
cons[火电机组爬坡约束2_27_65],0.0
cons[火电机组爬坡约束1_27_66],0.0
cons[火电机组爬坡约束2_27_66],0.0
cons[火电机组爬坡约束1_27_67],0.0
cons[火电机组爬坡约束2_27_67],0.0
cons[火电机组爬坡约束1_27_68],0.0
cons[火电机组爬坡约束2_27_68],0.0
cons[火电机组爬坡约束1_27_69],0.0
cons[火电机组爬坡约束2_27_69],0.0
cons[火电机组爬坡约束1_27_70],0.0
cons[火电机组爬坡约束2_27_70],0.0
cons[火电机组爬坡约束1_27_71],0.0
cons[火电机组爬坡约束2_27_71],0.0
cons[火电机组爬坡约束1_27_72],0.0
cons[火电机组爬坡约束2_27_72],0.0
cons[火电机组爬坡约束1_27_73],0.0
cons[火电机组爬坡约束2_27_73],0.0
cons[火电机组爬坡约束1_27_74],0.0
cons[火电机组爬坡约束2_27_74],0.0
cons[火电机组爬坡约束1_27_75],0.0
cons[火电机组爬坡约束2_27_75],0.0
cons[火电机组爬坡约束1_27_76],0.0
cons[火电机组爬坡约束2_27_76],0.0
cons[火电机组爬坡约束1_27_77],0.0
cons[火电机组爬坡约束2_27_77],0.0
cons[火电机组爬坡约束1_27_78],0.0
cons[火电机组爬坡约束2_27_78],0.0
cons[火电机组爬坡约束1_27_79],0.0
cons[火电机组爬坡约束2_27_79],0.0
cons[火电机组爬坡约束1_27_80],0.0
cons[火电机组爬坡约束2_27_80],0.0
cons[火电机组爬坡约束1_27_81],0.0
cons[火电机组爬坡约束2_27_81],0.0
cons[火电机组爬坡约束1_27_82],0.0
cons[火电机组爬坡约束2_27_82],0.0
cons[火电机组爬坡约束1_27_83],0.0
cons[火电机组爬坡约束2_27_83],0.0
cons[火电机组爬坡约束1_27_84],0.0
cons[火电机组爬坡约束2_27_84],0.0
cons[火电机组爬坡约束1_27_85],0.0
cons[火电机组爬坡约束2_27_85],0.0
cons[火电机组爬坡约束1_27_86],0.0
cons[火电机组爬坡约束2_27_86],0.0
cons[火电机组爬坡约束1_27_87],0.0
cons[火电机组爬坡约束2_27_87],0.0
cons[火电机组爬坡约束1_27_88],0.0
cons[火电机组爬坡约束2_27_88],0.0
cons[火电机组爬坡约束1_27_89],0.0
cons[火电机组爬坡约束2_27_89],0.0
cons[火电机组爬坡约束1_27_90],0.0
cons[火电机组爬坡约束2_27_90],0.0
cons[火电机组爬坡约束1_27_91],0.0
cons[火电机组爬坡约束2_27_91],0.0
cons[火电机组爬坡约束1_27_92],0.0
cons[火电机组爬坡约束2_27_92],0.0
cons[火电机组爬坡约束1_27_93],0.0
cons[火电机组爬坡约束2_27_93],0.0
cons[火电机组爬坡约束1_27_94],0.0
cons[火电机组爬坡约束2_27_94],0.0
cons[火电机组爬坡约束1_27_95],0.0
cons[火电机组爬坡约束2_27_95],0.0
cons[火电机组爬坡约束1_28_1],0.0
cons[火电机组爬坡约束2_28_1],0.0
cons[火电机组爬坡约束1_28_2],0.0
cons[火电机组爬坡约束2_28_2],0.0
cons[火电机组爬坡约束1_28_3],0.0
cons[火电机组爬坡约束2_28_3],0.0
cons[火电机组爬坡约束1_28_4],0.0
cons[火电机组爬坡约束2_28_4],0.0
cons[火电机组爬坡约束1_28_5],0.0
cons[火电机组爬坡约束2_28_5],0.0
cons[火电机组爬坡约束1_28_6],0.0
cons[火电机组爬坡约束2_28_6],0.0
cons[火电机组爬坡约束1_28_7],0.0
cons[火电机组爬坡约束2_28_7],0.0
cons[火电机组爬坡约束1_28_8],0.0
cons[火电机组爬坡约束2_28_8],0.0
cons[火电机组爬坡约束1_28_9],0.0
cons[火电机组爬坡约束2_28_9],0.0
cons[火电机组爬坡约束1_28_10],0.0
cons[火电机组爬坡约束2_28_10],0.0
cons[火电机组爬坡约束1_28_11],0.0
cons[火电机组爬坡约束2_28_11],0.0
cons[火电机组爬坡约束1_28_12],0.0
cons[火电机组爬坡约束2_28_12],0.0
cons[火电机组爬坡约束1_28_13],0.0
cons[火电机组爬坡约束2_28_13],0.0
cons[火电机组爬坡约束1_28_14],0.0
cons[火电机组爬坡约束2_28_14],0.0
cons[火电机组爬坡约束1_28_15],0.0
cons[火电机组爬坡约束2_28_15],0.0
cons[火电机组爬坡约束1_28_16],0.0
cons[火电机组爬坡约束2_28_16],0.0
cons[火电机组爬坡约束1_28_17],0.0
cons[火电机组爬坡约束2_28_17],0.0
cons[火电机组爬坡约束1_28_18],0.0
cons[火电机组爬坡约束2_28_18],0.0
cons[火电机组爬坡约束1_28_19],0.0
cons[火电机组爬坡约束2_28_19],0.0
cons[火电机组爬坡约束1_28_20],0.0
cons[火电机组爬坡约束2_28_20],0.0
cons[火电机组爬坡约束1_28_21],0.0
cons[火电机组爬坡约束2_28_21],0.0
cons[火电机组爬坡约束1_28_22],0.0
cons[火电机组爬坡约束2_28_22],0.0
cons[火电机组爬坡约束1_28_23],0.0
cons[火电机组爬坡约束2_28_23],0.0
cons[火电机组爬坡约束1_28_24],0.0
cons[火电机组爬坡约束2_28_24],0.0
cons[火电机组爬坡约束1_28_25],0.0
cons[火电机组爬坡约束2_28_25],0.0
cons[火电机组爬坡约束1_28_26],0.0
cons[火电机组爬坡约束2_28_26],0.0
cons[火电机组爬坡约束1_28_27],0.0
cons[火电机组爬坡约束2_28_27],0.0
cons[火电机组爬坡约束1_28_28],0.0
cons[火电机组爬坡约束2_28_28],0.0
cons[火电机组爬坡约束1_28_29],0.0
cons[火电机组爬坡约束2_28_29],0.0
cons[火电机组爬坡约束1_28_30],0.0
cons[火电机组爬坡约束2_28_30],0.0
cons[火电机组爬坡约束1_28_31],0.0
cons[火电机组爬坡约束2_28_31],0.0
cons[火电机组爬坡约束1_28_32],0.0
cons[火电机组爬坡约束2_28_32],0.0
cons[火电机组爬坡约束1_28_33],0.0
cons[火电机组爬坡约束2_28_33],0.0
cons[火电机组爬坡约束1_28_34],0.0
cons[火电机组爬坡约束2_28_34],0.0
cons[火电机组爬坡约束1_28_35],0.0
cons[火电机组爬坡约束2_28_35],0.0
cons[火电机组爬坡约束1_28_36],0.0
cons[火电机组爬坡约束2_28_36],0.0
cons[火电机组爬坡约束1_28_37],0.0
cons[火电机组爬坡约束2_28_37],0.0
cons[火电机组爬坡约束1_28_38],0.0
cons[火电机组爬坡约束2_28_38],0.0
cons[火电机组爬坡约束1_28_39],0.0
cons[火电机组爬坡约束2_28_39],0.0
cons[火电机组爬坡约束1_28_40],0.0
cons[火电机组爬坡约束2_28_40],0.0
cons[火电机组爬坡约束1_28_41],0.0
cons[火电机组爬坡约束2_28_41],0.0
cons[火电机组爬坡约束1_28_42],0.0
cons[火电机组爬坡约束2_28_42],0.0
cons[火电机组爬坡约束1_28_43],0.0
cons[火电机组爬坡约束2_28_43],0.0
cons[火电机组爬坡约束1_28_44],0.0
cons[火电机组爬坡约束2_28_44],0.0
cons[火电机组爬坡约束1_28_45],0.0
cons[火电机组爬坡约束2_28_45],0.0
cons[火电机组爬坡约束1_28_46],0.0
cons[火电机组爬坡约束2_28_46],0.0
cons[火电机组爬坡约束1_28_47],0.0
cons[火电机组爬坡约束2_28_47],0.0
cons[火电机组爬坡约束1_28_48],0.0
cons[火电机组爬坡约束2_28_48],0.0
cons[火电机组爬坡约束1_28_49],0.0
cons[火电机组爬坡约束2_28_49],0.0
cons[火电机组爬坡约束1_28_50],0.0
cons[火电机组爬坡约束2_28_50],0.0
cons[火电机组爬坡约束1_28_51],0.0
cons[火电机组爬坡约束2_28_51],0.0
cons[火电机组爬坡约束1_28_52],0.0
cons[火电机组爬坡约束2_28_52],0.0
cons[火电机组爬坡约束1_28_53],0.0
cons[火电机组爬坡约束2_28_53],0.0
cons[火电机组爬坡约束1_28_54],0.0
cons[火电机组爬坡约束2_28_54],0.0
cons[火电机组爬坡约束1_28_55],0.0
cons[火电机组爬坡约束2_28_55],0.0
cons[火电机组爬坡约束1_28_56],0.0
cons[火电机组爬坡约束2_28_56],0.0
cons[火电机组爬坡约束1_28_57],0.0
cons[火电机组爬坡约束2_28_57],0.0
cons[火电机组爬坡约束1_28_58],0.0
cons[火电机组爬坡约束2_28_58],0.0
cons[火电机组爬坡约束1_28_59],0.0
cons[火电机组爬坡约束2_28_59],0.0
cons[火电机组爬坡约束1_28_60],0.0
cons[火电机组爬坡约束2_28_60],0.0
cons[火电机组爬坡约束1_28_61],0.0
cons[火电机组爬坡约束2_28_61],0.0
cons[火电机组爬坡约束1_28_62],0.0
cons[火电机组爬坡约束2_28_62],0.0
cons[火电机组爬坡约束1_28_63],0.0
cons[火电机组爬坡约束2_28_63],0.0
cons[火电机组爬坡约束1_28_64],0.0
cons[火电机组爬坡约束2_28_64],0.0
cons[火电机组爬坡约束1_28_65],0.0
cons[火电机组爬坡约束2_28_65],0.0
cons[火电机组爬坡约束1_28_66],0.0
cons[火电机组爬坡约束2_28_66],0.0
cons[火电机组爬坡约束1_28_67],0.0
cons[火电机组爬坡约束2_28_67],0.0
cons[火电机组爬坡约束1_28_68],0.0
cons[火电机组爬坡约束2_28_68],0.0
cons[火电机组爬坡约束1_28_69],0.0
cons[火电机组爬坡约束2_28_69],0.0
cons[火电机组爬坡约束1_28_70],0.0
cons[火电机组爬坡约束2_28_70],0.0
cons[火电机组爬坡约束1_28_71],0.0
cons[火电机组爬坡约束2_28_71],0.0
cons[火电机组爬坡约束1_28_72],0.0
cons[火电机组爬坡约束2_28_72],0.0
cons[火电机组爬坡约束1_28_73],0.0
cons[火电机组爬坡约束2_28_73],0.0
cons[火电机组爬坡约束1_28_74],0.0
cons[火电机组爬坡约束2_28_74],0.0
cons[火电机组爬坡约束1_28_75],0.0
cons[火电机组爬坡约束2_28_75],0.0
cons[火电机组爬坡约束1_28_76],0.0
cons[火电机组爬坡约束2_28_76],0.0
cons[火电机组爬坡约束1_28_77],0.0
cons[火电机组爬坡约束2_28_77],0.0
cons[火电机组爬坡约束1_28_78],0.0
cons[火电机组爬坡约束2_28_78],0.0
cons[火电机组爬坡约束1_28_79],0.0
cons[火电机组爬坡约束2_28_79],0.0
cons[火电机组爬坡约束1_28_80],0.0
cons[火电机组爬坡约束2_28_80],0.0
cons[火电机组爬坡约束1_28_81],0.0
cons[火电机组爬坡约束2_28_81],0.0
cons[火电机组爬坡约束1_28_82],0.0
cons[火电机组爬坡约束2_28_82],0.0
cons[火电机组爬坡约束1_28_83],0.0
cons[火电机组爬坡约束2_28_83],0.0
cons[火电机组爬坡约束1_28_84],0.0
cons[火电机组爬坡约束2_28_84],0.0
cons[火电机组爬坡约束1_28_85],0.0
cons[火电机组爬坡约束2_28_85],0.0
cons[火电机组爬坡约束1_28_86],0.0
cons[火电机组爬坡约束2_28_86],0.0
cons[火电机组爬坡约束1_28_87],0.0
cons[火电机组爬坡约束2_28_87],0.0
cons[火电机组爬坡约束1_28_88],0.0
cons[火电机组爬坡约束2_28_88],0.0
cons[火电机组爬坡约束1_28_89],0.0
cons[火电机组爬坡约束2_28_89],0.0
cons[火电机组爬坡约束1_28_90],0.0
cons[火电机组爬坡约束2_28_90],0.0
cons[火电机组爬坡约束1_28_91],0.0
cons[火电机组爬坡约束2_28_91],0.0
cons[火电机组爬坡约束1_28_92],0.0
cons[火电机组爬坡约束2_28_92],0.0
cons[火电机组爬坡约束1_28_93],0.0
cons[火电机组爬坡约束2_28_93],0.0
cons[火电机组爬坡约束1_28_94],0.0
cons[火电机组爬坡约束2_28_94],0.0
cons[火电机组爬坡约束1_28_95],0.0
cons[火电机组爬坡约束2_28_95],0.0
cons[火电机组爬坡约束1_29_1],0.0
cons[火电机组爬坡约束2_29_1],0.0
cons[火电机组爬坡约束1_29_2],0.0
cons[火电机组爬坡约束2_29_2],0.0
cons[火电机组爬坡约束1_29_3],0.0
cons[火电机组爬坡约束2_29_3],0.0
cons[火电机组爬坡约束1_29_4],0.0
cons[火电机组爬坡约束2_29_4],0.0
cons[火电机组爬坡约束1_29_5],0.0
cons[火电机组爬坡约束2_29_5],0.0
cons[火电机组爬坡约束1_29_6],0.0
cons[火电机组爬坡约束2_29_6],0.0
cons[火电机组爬坡约束1_29_7],0.0
cons[火电机组爬坡约束2_29_7],0.0
cons[火电机组爬坡约束1_29_8],0.0
cons[火电机组爬坡约束2_29_8],0.0
cons[火电机组爬坡约束1_29_9],0.0
cons[火电机组爬坡约束2_29_9],0.0
cons[火电机组爬坡约束1_29_10],0.0
cons[火电机组爬坡约束2_29_10],0.0
cons[火电机组爬坡约束1_29_11],0.0
cons[火电机组爬坡约束2_29_11],0.0
cons[火电机组爬坡约束1_29_12],0.0
cons[火电机组爬坡约束2_29_12],0.0
cons[火电机组爬坡约束1_29_13],0.0
cons[火电机组爬坡约束2_29_13],0.0
cons[火电机组爬坡约束1_29_14],0.0
cons[火电机组爬坡约束2_29_14],0.0
cons[火电机组爬坡约束1_29_15],0.0
cons[火电机组爬坡约束2_29_15],0.0
cons[火电机组爬坡约束1_29_16],0.0
cons[火电机组爬坡约束2_29_16],0.0
cons[火电机组爬坡约束1_29_17],0.0
cons[火电机组爬坡约束2_29_17],0.0
cons[火电机组爬坡约束1_29_18],0.0
cons[火电机组爬坡约束2_29_18],0.0
cons[火电机组爬坡约束1_29_19],0.0
cons[火电机组爬坡约束2_29_19],0.0
cons[火电机组爬坡约束1_29_20],0.0
cons[火电机组爬坡约束2_29_20],0.0
cons[火电机组爬坡约束1_29_21],0.0
cons[火电机组爬坡约束2_29_21],0.0
cons[火电机组爬坡约束1_29_22],0.0
cons[火电机组爬坡约束2_29_22],0.0
cons[火电机组爬坡约束1_29_23],0.0
cons[火电机组爬坡约束2_29_23],0.0
cons[火电机组爬坡约束1_29_24],0.0
cons[火电机组爬坡约束2_29_24],0.0
cons[火电机组爬坡约束1_29_25],0.0
cons[火电机组爬坡约束2_29_25],0.0
cons[火电机组爬坡约束1_29_26],0.0
cons[火电机组爬坡约束2_29_26],0.0
cons[火电机组爬坡约束1_29_27],0.0
cons[火电机组爬坡约束2_29_27],0.0
cons[火电机组爬坡约束1_29_28],0.0
cons[火电机组爬坡约束2_29_28],0.0
cons[火电机组爬坡约束1_29_29],0.0
cons[火电机组爬坡约束2_29_29],0.0
cons[火电机组爬坡约束1_29_30],0.0
cons[火电机组爬坡约束2_29_30],0.0
cons[火电机组爬坡约束1_29_31],0.0
cons[火电机组爬坡约束2_29_31],0.0
cons[火电机组爬坡约束1_29_32],0.0
cons[火电机组爬坡约束2_29_32],0.0
cons[火电机组爬坡约束1_29_33],0.0
cons[火电机组爬坡约束2_29_33],0.0
cons[火电机组爬坡约束1_29_34],0.0
cons[火电机组爬坡约束2_29_34],0.0
cons[火电机组爬坡约束1_29_35],0.0
cons[火电机组爬坡约束2_29_35],0.0
cons[火电机组爬坡约束1_29_36],0.0
cons[火电机组爬坡约束2_29_36],0.0
cons[火电机组爬坡约束1_29_37],0.0
cons[火电机组爬坡约束2_29_37],0.0
cons[火电机组爬坡约束1_29_38],0.0
cons[火电机组爬坡约束2_29_38],0.0
cons[火电机组爬坡约束1_29_39],0.0
cons[火电机组爬坡约束2_29_39],0.0
cons[火电机组爬坡约束1_29_40],0.0
cons[火电机组爬坡约束2_29_40],0.0
cons[火电机组爬坡约束1_29_41],0.0
cons[火电机组爬坡约束2_29_41],0.0
cons[火电机组爬坡约束1_29_42],0.0
cons[火电机组爬坡约束2_29_42],0.0
cons[火电机组爬坡约束1_29_43],0.0
cons[火电机组爬坡约束2_29_43],0.0
cons[火电机组爬坡约束1_29_44],0.0
cons[火电机组爬坡约束2_29_44],0.0
cons[火电机组爬坡约束1_29_45],0.0
cons[火电机组爬坡约束2_29_45],0.0
cons[火电机组爬坡约束1_29_46],0.0
cons[火电机组爬坡约束2_29_46],0.0
cons[火电机组爬坡约束1_29_47],0.0
cons[火电机组爬坡约束2_29_47],0.0
cons[火电机组爬坡约束1_29_48],0.0
cons[火电机组爬坡约束2_29_48],0.0
cons[火电机组爬坡约束1_29_49],0.0
cons[火电机组爬坡约束2_29_49],0.0
cons[火电机组爬坡约束1_29_50],0.0
cons[火电机组爬坡约束2_29_50],0.0
cons[火电机组爬坡约束1_29_51],0.0
cons[火电机组爬坡约束2_29_51],0.0
cons[火电机组爬坡约束1_29_52],0.0
cons[火电机组爬坡约束2_29_52],0.0
cons[火电机组爬坡约束1_29_53],0.0
cons[火电机组爬坡约束2_29_53],0.0
cons[火电机组爬坡约束1_29_54],0.0
cons[火电机组爬坡约束2_29_54],0.0
cons[火电机组爬坡约束1_29_55],0.0
cons[火电机组爬坡约束2_29_55],0.0
cons[火电机组爬坡约束1_29_56],0.0
cons[火电机组爬坡约束2_29_56],0.0
cons[火电机组爬坡约束1_29_57],0.0
cons[火电机组爬坡约束2_29_57],0.0
cons[火电机组爬坡约束1_29_58],0.0
cons[火电机组爬坡约束2_29_58],0.0
cons[火电机组爬坡约束1_29_59],0.0
cons[火电机组爬坡约束2_29_59],0.0
cons[火电机组爬坡约束1_29_60],0.0
cons[火电机组爬坡约束2_29_60],0.0
cons[火电机组爬坡约束1_29_61],0.0
cons[火电机组爬坡约束2_29_61],0.0
cons[火电机组爬坡约束1_29_62],0.0
cons[火电机组爬坡约束2_29_62],0.0
cons[火电机组爬坡约束1_29_63],0.0
cons[火电机组爬坡约束2_29_63],0.0
cons[火电机组爬坡约束1_29_64],0.0
cons[火电机组爬坡约束2_29_64],0.0
cons[火电机组爬坡约束1_29_65],0.0
cons[火电机组爬坡约束2_29_65],0.0
cons[火电机组爬坡约束1_29_66],0.0
cons[火电机组爬坡约束2_29_66],0.0
cons[火电机组爬坡约束1_29_67],0.0
cons[火电机组爬坡约束2_29_67],0.0
cons[火电机组爬坡约束1_29_68],0.0
cons[火电机组爬坡约束2_29_68],0.0
cons[火电机组爬坡约束1_29_69],0.0
cons[火电机组爬坡约束2_29_69],0.0
cons[火电机组爬坡约束1_29_70],0.0
cons[火电机组爬坡约束2_29_70],0.0
cons[火电机组爬坡约束1_29_71],0.0
cons[火电机组爬坡约束2_29_71],0.0
cons[火电机组爬坡约束1_29_72],0.0
cons[火电机组爬坡约束2_29_72],0.0
cons[火电机组爬坡约束1_29_73],0.0
cons[火电机组爬坡约束2_29_73],0.0
cons[火电机组爬坡约束1_29_74],0.0
cons[火电机组爬坡约束2_29_74],0.0
cons[火电机组爬坡约束1_29_75],0.0
cons[火电机组爬坡约束2_29_75],0.0
cons[火电机组爬坡约束1_29_76],0.0
cons[火电机组爬坡约束2_29_76],0.0
cons[火电机组爬坡约束1_29_77],0.0
cons[火电机组爬坡约束2_29_77],0.0
cons[火电机组爬坡约束1_29_78],0.0
cons[火电机组爬坡约束2_29_78],0.0
cons[火电机组爬坡约束1_29_79],0.0
cons[火电机组爬坡约束2_29_79],0.0
cons[火电机组爬坡约束1_29_80],0.0
cons[火电机组爬坡约束2_29_80],0.0
cons[火电机组爬坡约束1_29_81],0.0
cons[火电机组爬坡约束2_29_81],0.0
cons[火电机组爬坡约束1_29_82],0.0
cons[火电机组爬坡约束2_29_82],0.0
cons[火电机组爬坡约束1_29_83],0.0
cons[火电机组爬坡约束2_29_83],0.0
cons[火电机组爬坡约束1_29_84],0.0
cons[火电机组爬坡约束2_29_84],0.0
cons[火电机组爬坡约束1_29_85],0.0
cons[火电机组爬坡约束2_29_85],0.0
cons[火电机组爬坡约束1_29_86],0.0
cons[火电机组爬坡约束2_29_86],0.0
cons[火电机组爬坡约束1_29_87],0.0
cons[火电机组爬坡约束2_29_87],0.0
cons[火电机组爬坡约束1_29_88],0.0
cons[火电机组爬坡约束2_29_88],0.0
cons[火电机组爬坡约束1_29_89],0.0
cons[火电机组爬坡约束2_29_89],0.0
cons[火电机组爬坡约束1_29_90],0.0
cons[火电机组爬坡约束2_29_90],0.0
cons[火电机组爬坡约束1_29_91],0.0
cons[火电机组爬坡约束2_29_91],0.0
cons[火电机组爬坡约束1_29_92],0.0
cons[火电机组爬坡约束2_29_92],0.0
cons[火电机组爬坡约束1_29_93],0.0
cons[火电机组爬坡约束2_29_93],0.0
cons[火电机组爬坡约束1_29_94],0.0
cons[火电机组爬坡约束2_29_94],0.0
cons[火电机组爬坡约束1_29_95],0.0
cons[火电机组爬坡约束2_29_95],0.0
cons[火电机组爬坡约束1_30_1],0.0
cons[火电机组爬坡约束2_30_1],0.0
cons[火电机组爬坡约束1_30_2],0.0
cons[火电机组爬坡约束2_30_2],0.0
cons[火电机组爬坡约束1_30_3],0.0
cons[火电机组爬坡约束2_30_3],0.0
cons[火电机组爬坡约束1_30_4],0.0
cons[火电机组爬坡约束2_30_4],0.0
cons[火电机组爬坡约束1_30_5],0.0
cons[火电机组爬坡约束2_30_5],0.0
cons[火电机组爬坡约束1_30_6],0.0
cons[火电机组爬坡约束2_30_6],0.0
cons[火电机组爬坡约束1_30_7],0.0
cons[火电机组爬坡约束2_30_7],0.0
cons[火电机组爬坡约束1_30_8],0.0
cons[火电机组爬坡约束2_30_8],0.0
cons[火电机组爬坡约束1_30_9],0.0
cons[火电机组爬坡约束2_30_9],0.0
cons[火电机组爬坡约束1_30_10],0.0
cons[火电机组爬坡约束2_30_10],0.0
cons[火电机组爬坡约束1_30_11],0.0
cons[火电机组爬坡约束2_30_11],0.0
cons[火电机组爬坡约束1_30_12],0.0
cons[火电机组爬坡约束2_30_12],0.0
cons[火电机组爬坡约束1_30_13],0.0
cons[火电机组爬坡约束2_30_13],0.0
cons[火电机组爬坡约束1_30_14],0.0
cons[火电机组爬坡约束2_30_14],0.0
cons[火电机组爬坡约束1_30_15],0.0
cons[火电机组爬坡约束2_30_15],0.0
cons[火电机组爬坡约束1_30_16],0.0
cons[火电机组爬坡约束2_30_16],0.0
cons[火电机组爬坡约束1_30_17],0.0
cons[火电机组爬坡约束2_30_17],0.0
cons[火电机组爬坡约束1_30_18],0.0
cons[火电机组爬坡约束2_30_18],0.0
cons[火电机组爬坡约束1_30_19],0.0
cons[火电机组爬坡约束2_30_19],0.0
cons[火电机组爬坡约束1_30_20],0.0
cons[火电机组爬坡约束2_30_20],0.0
cons[火电机组爬坡约束1_30_21],0.0
cons[火电机组爬坡约束2_30_21],0.0
cons[火电机组爬坡约束1_30_22],0.0
cons[火电机组爬坡约束2_30_22],0.0
cons[火电机组爬坡约束1_30_23],0.0
cons[火电机组爬坡约束2_30_23],0.0
cons[火电机组爬坡约束1_30_24],0.0
cons[火电机组爬坡约束2_30_24],0.0
cons[火电机组爬坡约束1_30_25],0.0
cons[火电机组爬坡约束2_30_25],0.0
cons[火电机组爬坡约束1_30_26],0.0
cons[火电机组爬坡约束2_30_26],0.0
cons[火电机组爬坡约束1_30_27],0.0
cons[火电机组爬坡约束2_30_27],0.0
cons[火电机组爬坡约束1_30_28],0.0
cons[火电机组爬坡约束2_30_28],0.0
cons[火电机组爬坡约束1_30_29],0.0
cons[火电机组爬坡约束2_30_29],0.0
cons[火电机组爬坡约束1_30_30],0.0
cons[火电机组爬坡约束2_30_30],0.0
cons[火电机组爬坡约束1_30_31],0.0
cons[火电机组爬坡约束2_30_31],0.0
cons[火电机组爬坡约束1_30_32],0.0
cons[火电机组爬坡约束2_30_32],0.0
cons[火电机组爬坡约束1_30_33],0.0
cons[火电机组爬坡约束2_30_33],0.0
cons[火电机组爬坡约束1_30_34],0.0
cons[火电机组爬坡约束2_30_34],0.0
cons[火电机组爬坡约束1_30_35],0.0
cons[火电机组爬坡约束2_30_35],0.0
cons[火电机组爬坡约束1_30_36],0.0
cons[火电机组爬坡约束2_30_36],0.0
cons[火电机组爬坡约束1_30_37],0.0
cons[火电机组爬坡约束2_30_37],0.0
cons[火电机组爬坡约束1_30_38],0.0
cons[火电机组爬坡约束2_30_38],0.0
cons[火电机组爬坡约束1_30_39],0.0
cons[火电机组爬坡约束2_30_39],0.0
cons[火电机组爬坡约束1_30_40],0.0
cons[火电机组爬坡约束2_30_40],0.0
cons[火电机组爬坡约束1_30_41],0.0
cons[火电机组爬坡约束2_30_41],0.0
cons[火电机组爬坡约束1_30_42],0.0
cons[火电机组爬坡约束2_30_42],0.0
cons[火电机组爬坡约束1_30_43],0.0
cons[火电机组爬坡约束2_30_43],0.0
cons[火电机组爬坡约束1_30_44],0.0
cons[火电机组爬坡约束2_30_44],0.0
cons[火电机组爬坡约束1_30_45],0.0
cons[火电机组爬坡约束2_30_45],0.0
cons[火电机组爬坡约束1_30_46],0.0
cons[火电机组爬坡约束2_30_46],0.0
cons[火电机组爬坡约束1_30_47],0.0
cons[火电机组爬坡约束2_30_47],0.0
cons[火电机组爬坡约束1_30_48],0.0
cons[火电机组爬坡约束2_30_48],0.0
cons[火电机组爬坡约束1_30_49],0.0
cons[火电机组爬坡约束2_30_49],0.0
cons[火电机组爬坡约束1_30_50],0.0
cons[火电机组爬坡约束2_30_50],0.0
cons[火电机组爬坡约束1_30_51],0.0
cons[火电机组爬坡约束2_30_51],0.0
cons[火电机组爬坡约束1_30_52],0.0
cons[火电机组爬坡约束2_30_52],0.0
cons[火电机组爬坡约束1_30_53],0.0
cons[火电机组爬坡约束2_30_53],0.0
cons[火电机组爬坡约束1_30_54],0.0
cons[火电机组爬坡约束2_30_54],0.0
cons[火电机组爬坡约束1_30_55],0.0
cons[火电机组爬坡约束2_30_55],0.0
cons[火电机组爬坡约束1_30_56],0.0
cons[火电机组爬坡约束2_30_56],0.0
cons[火电机组爬坡约束1_30_57],0.0
cons[火电机组爬坡约束2_30_57],0.0
cons[火电机组爬坡约束1_30_58],0.0
cons[火电机组爬坡约束2_30_58],0.0
cons[火电机组爬坡约束1_30_59],0.0
cons[火电机组爬坡约束2_30_59],0.0
cons[火电机组爬坡约束1_30_60],0.0
cons[火电机组爬坡约束2_30_60],0.0
cons[火电机组爬坡约束1_30_61],0.0
cons[火电机组爬坡约束2_30_61],0.0
cons[火电机组爬坡约束1_30_62],0.0
cons[火电机组爬坡约束2_30_62],0.0
cons[火电机组爬坡约束1_30_63],0.0
cons[火电机组爬坡约束2_30_63],0.0
cons[火电机组爬坡约束1_30_64],0.0
cons[火电机组爬坡约束2_30_64],0.0
cons[火电机组爬坡约束1_30_65],0.0
cons[火电机组爬坡约束2_30_65],0.0
cons[火电机组爬坡约束1_30_66],0.0
cons[火电机组爬坡约束2_30_66],0.0
cons[火电机组爬坡约束1_30_67],0.0
cons[火电机组爬坡约束2_30_67],0.0
cons[火电机组爬坡约束1_30_68],0.0
cons[火电机组爬坡约束2_30_68],0.0
cons[火电机组爬坡约束1_30_69],0.0
cons[火电机组爬坡约束2_30_69],0.0
cons[火电机组爬坡约束1_30_70],0.0
cons[火电机组爬坡约束2_30_70],0.0
cons[火电机组爬坡约束1_30_71],0.0
cons[火电机组爬坡约束2_30_71],0.0
cons[火电机组爬坡约束1_30_72],0.0
cons[火电机组爬坡约束2_30_72],0.0
cons[火电机组爬坡约束1_30_73],0.0
cons[火电机组爬坡约束2_30_73],0.0
cons[火电机组爬坡约束1_30_74],0.0
cons[火电机组爬坡约束2_30_74],0.0
cons[火电机组爬坡约束1_30_75],0.0
cons[火电机组爬坡约束2_30_75],0.0
cons[火电机组爬坡约束1_30_76],0.0
cons[火电机组爬坡约束2_30_76],0.0
cons[火电机组爬坡约束1_30_77],0.0
cons[火电机组爬坡约束2_30_77],0.0
cons[火电机组爬坡约束1_30_78],0.0
cons[火电机组爬坡约束2_30_78],0.0
cons[火电机组爬坡约束1_30_79],0.0
cons[火电机组爬坡约束2_30_79],0.0
cons[火电机组爬坡约束1_30_80],0.0
cons[火电机组爬坡约束2_30_80],0.0
cons[火电机组爬坡约束1_30_81],0.0
cons[火电机组爬坡约束2_30_81],0.0
cons[火电机组爬坡约束1_30_82],0.0
cons[火电机组爬坡约束2_30_82],0.0
cons[火电机组爬坡约束1_30_83],0.0
cons[火电机组爬坡约束2_30_83],0.0
cons[火电机组爬坡约束1_30_84],0.0
cons[火电机组爬坡约束2_30_84],0.0
cons[火电机组爬坡约束1_30_85],0.0
cons[火电机组爬坡约束2_30_85],0.0
cons[火电机组爬坡约束1_30_86],0.0
cons[火电机组爬坡约束2_30_86],0.0
cons[火电机组爬坡约束1_30_87],0.0
cons[火电机组爬坡约束2_30_87],0.0
cons[火电机组爬坡约束1_30_88],0.0
cons[火电机组爬坡约束2_30_88],0.0
cons[火电机组爬坡约束1_30_89],0.0
cons[火电机组爬坡约束2_30_89],0.0
cons[火电机组爬坡约束1_30_90],0.0
cons[火电机组爬坡约束2_30_90],0.0
cons[火电机组爬坡约束1_30_91],0.0
cons[火电机组爬坡约束2_30_91],0.0
cons[火电机组爬坡约束1_30_92],0.0
cons[火电机组爬坡约束2_30_92],0.0
cons[火电机组爬坡约束1_30_93],0.0
cons[火电机组爬坡约束2_30_93],0.0
cons[火电机组爬坡约束1_30_94],0.0
cons[火电机组爬坡约束2_30_94],0.0
cons[火电机组爬坡约束1_30_95],0.0
cons[火电机组爬坡约束2_30_95],0.0
cons[火电机组爬坡约束1_31_1],0.0
cons[火电机组爬坡约束2_31_1],0.0
cons[火电机组爬坡约束1_31_2],0.0
cons[火电机组爬坡约束2_31_2],0.0
cons[火电机组爬坡约束1_31_3],0.0
cons[火电机组爬坡约束2_31_3],0.0
cons[火电机组爬坡约束1_31_4],0.0
cons[火电机组爬坡约束2_31_4],0.0
cons[火电机组爬坡约束1_31_5],0.0
cons[火电机组爬坡约束2_31_5],0.0
cons[火电机组爬坡约束1_31_6],0.0
cons[火电机组爬坡约束2_31_6],0.0
cons[火电机组爬坡约束1_31_7],0.0
cons[火电机组爬坡约束2_31_7],0.0
cons[火电机组爬坡约束1_31_8],0.0
cons[火电机组爬坡约束2_31_8],0.0
cons[火电机组爬坡约束1_31_9],0.0
cons[火电机组爬坡约束2_31_9],0.0
cons[火电机组爬坡约束1_31_10],0.0
cons[火电机组爬坡约束2_31_10],0.0
cons[火电机组爬坡约束1_31_11],0.0
cons[火电机组爬坡约束2_31_11],0.0
cons[火电机组爬坡约束1_31_12],0.0
cons[火电机组爬坡约束2_31_12],0.0
cons[火电机组爬坡约束1_31_13],0.0
cons[火电机组爬坡约束2_31_13],0.0
cons[火电机组爬坡约束1_31_14],0.0
cons[火电机组爬坡约束2_31_14],0.0
cons[火电机组爬坡约束1_31_15],0.0
cons[火电机组爬坡约束2_31_15],0.0
cons[火电机组爬坡约束1_31_16],0.0
cons[火电机组爬坡约束2_31_16],0.0
cons[火电机组爬坡约束1_31_17],0.0
cons[火电机组爬坡约束2_31_17],0.0
cons[火电机组爬坡约束1_31_18],0.0
cons[火电机组爬坡约束2_31_18],0.0
cons[火电机组爬坡约束1_31_19],0.0
cons[火电机组爬坡约束2_31_19],0.0
cons[火电机组爬坡约束1_31_20],0.0
cons[火电机组爬坡约束2_31_20],0.0
cons[火电机组爬坡约束1_31_21],0.0
cons[火电机组爬坡约束2_31_21],0.0
cons[火电机组爬坡约束1_31_22],0.0
cons[火电机组爬坡约束2_31_22],0.0
cons[火电机组爬坡约束1_31_23],0.0
cons[火电机组爬坡约束2_31_23],0.0
cons[火电机组爬坡约束1_31_24],0.0
cons[火电机组爬坡约束2_31_24],0.0
cons[火电机组爬坡约束1_31_25],0.0
cons[火电机组爬坡约束2_31_25],0.0
cons[火电机组爬坡约束1_31_26],0.0
cons[火电机组爬坡约束2_31_26],0.0
cons[火电机组爬坡约束1_31_27],0.0
cons[火电机组爬坡约束2_31_27],0.0
cons[火电机组爬坡约束1_31_28],0.0
cons[火电机组爬坡约束2_31_28],0.0
cons[火电机组爬坡约束1_31_29],0.0
cons[火电机组爬坡约束2_31_29],0.0
cons[火电机组爬坡约束1_31_30],0.0
cons[火电机组爬坡约束2_31_30],0.0
cons[火电机组爬坡约束1_31_31],0.0
cons[火电机组爬坡约束2_31_31],0.0
cons[火电机组爬坡约束1_31_32],0.0
cons[火电机组爬坡约束2_31_32],0.0
cons[火电机组爬坡约束1_31_33],0.0
cons[火电机组爬坡约束2_31_33],0.0
cons[火电机组爬坡约束1_31_34],0.0
cons[火电机组爬坡约束2_31_34],0.0
cons[火电机组爬坡约束1_31_35],0.0
cons[火电机组爬坡约束2_31_35],0.0
cons[火电机组爬坡约束1_31_36],0.0
cons[火电机组爬坡约束2_31_36],0.0
cons[火电机组爬坡约束1_31_37],0.0
cons[火电机组爬坡约束2_31_37],0.0
cons[火电机组爬坡约束1_31_38],0.0
cons[火电机组爬坡约束2_31_38],0.0
cons[火电机组爬坡约束1_31_39],0.0
cons[火电机组爬坡约束2_31_39],0.0
cons[火电机组爬坡约束1_31_40],0.0
cons[火电机组爬坡约束2_31_40],0.0
cons[火电机组爬坡约束1_31_41],0.0
cons[火电机组爬坡约束2_31_41],0.0
cons[火电机组爬坡约束1_31_42],0.0
cons[火电机组爬坡约束2_31_42],0.0
cons[火电机组爬坡约束1_31_43],0.0
cons[火电机组爬坡约束2_31_43],0.0
cons[火电机组爬坡约束1_31_44],0.0
cons[火电机组爬坡约束2_31_44],0.0
cons[火电机组爬坡约束1_31_45],0.0
cons[火电机组爬坡约束2_31_45],0.0
cons[火电机组爬坡约束1_31_46],0.0
cons[火电机组爬坡约束2_31_46],0.0
cons[火电机组爬坡约束1_31_47],0.0
cons[火电机组爬坡约束2_31_47],0.0
cons[火电机组爬坡约束1_31_48],0.0
cons[火电机组爬坡约束2_31_48],0.0
cons[火电机组爬坡约束1_31_49],0.0
cons[火电机组爬坡约束2_31_49],0.0
cons[火电机组爬坡约束1_31_50],0.0
cons[火电机组爬坡约束2_31_50],0.0
cons[火电机组爬坡约束1_31_51],0.0
cons[火电机组爬坡约束2_31_51],0.0
cons[火电机组爬坡约束1_31_52],0.0
cons[火电机组爬坡约束2_31_52],0.0
cons[火电机组爬坡约束1_31_53],0.0
cons[火电机组爬坡约束2_31_53],0.0
cons[火电机组爬坡约束1_31_54],0.0
cons[火电机组爬坡约束2_31_54],0.0
cons[火电机组爬坡约束1_31_55],0.0
cons[火电机组爬坡约束2_31_55],0.0
cons[火电机组爬坡约束1_31_56],0.0
cons[火电机组爬坡约束2_31_56],0.0
cons[火电机组爬坡约束1_31_57],0.0
cons[火电机组爬坡约束2_31_57],0.0
cons[火电机组爬坡约束1_31_58],0.0
cons[火电机组爬坡约束2_31_58],0.0
cons[火电机组爬坡约束1_31_59],0.0
cons[火电机组爬坡约束2_31_59],0.0
cons[火电机组爬坡约束1_31_60],0.0
cons[火电机组爬坡约束2_31_60],0.0
cons[火电机组爬坡约束1_31_61],0.0
cons[火电机组爬坡约束2_31_61],0.0
cons[火电机组爬坡约束1_31_62],0.0
cons[火电机组爬坡约束2_31_62],0.0
cons[火电机组爬坡约束1_31_63],0.0
cons[火电机组爬坡约束2_31_63],0.0
cons[火电机组爬坡约束1_31_64],0.0
cons[火电机组爬坡约束2_31_64],0.0
cons[火电机组爬坡约束1_31_65],0.0
cons[火电机组爬坡约束2_31_65],0.0
cons[火电机组爬坡约束1_31_66],0.0
cons[火电机组爬坡约束2_31_66],0.0
cons[火电机组爬坡约束1_31_67],0.0
cons[火电机组爬坡约束2_31_67],0.0
cons[火电机组爬坡约束1_31_68],0.0
cons[火电机组爬坡约束2_31_68],0.0
cons[火电机组爬坡约束1_31_69],0.0
cons[火电机组爬坡约束2_31_69],0.0
cons[火电机组爬坡约束1_31_70],0.0
cons[火电机组爬坡约束2_31_70],0.0
cons[火电机组爬坡约束1_31_71],0.0
cons[火电机组爬坡约束2_31_71],0.0
cons[火电机组爬坡约束1_31_72],0.0
cons[火电机组爬坡约束2_31_72],0.0
cons[火电机组爬坡约束1_31_73],0.0
cons[火电机组爬坡约束2_31_73],0.0
cons[火电机组爬坡约束1_31_74],0.0
cons[火电机组爬坡约束2_31_74],0.0
cons[火电机组爬坡约束1_31_75],0.0
cons[火电机组爬坡约束2_31_75],0.0
cons[火电机组爬坡约束1_31_76],0.0
cons[火电机组爬坡约束2_31_76],0.0
cons[火电机组爬坡约束1_31_77],0.0
cons[火电机组爬坡约束2_31_77],0.0
cons[火电机组爬坡约束1_31_78],0.0
cons[火电机组爬坡约束2_31_78],0.0
cons[火电机组爬坡约束1_31_79],0.0
cons[火电机组爬坡约束2_31_79],0.0
cons[火电机组爬坡约束1_31_80],0.0
cons[火电机组爬坡约束2_31_80],0.0
cons[火电机组爬坡约束1_31_81],0.0
cons[火电机组爬坡约束2_31_81],0.0
cons[火电机组爬坡约束1_31_82],0.0
cons[火电机组爬坡约束2_31_82],0.0
cons[火电机组爬坡约束1_31_83],0.0
cons[火电机组爬坡约束2_31_83],0.0
cons[火电机组爬坡约束1_31_84],0.0
cons[火电机组爬坡约束2_31_84],0.0
cons[火电机组爬坡约束1_31_85],0.0
cons[火电机组爬坡约束2_31_85],0.0
cons[火电机组爬坡约束1_31_86],0.0
cons[火电机组爬坡约束2_31_86],0.0
cons[火电机组爬坡约束1_31_87],0.0
cons[火电机组爬坡约束2_31_87],0.0
cons[火电机组爬坡约束1_31_88],0.0
cons[火电机组爬坡约束2_31_88],0.0
cons[火电机组爬坡约束1_31_89],0.0
cons[火电机组爬坡约束2_31_89],0.0
cons[火电机组爬坡约束1_31_90],0.0
cons[火电机组爬坡约束2_31_90],0.0
cons[火电机组爬坡约束1_31_91],0.0
cons[火电机组爬坡约束2_31_91],0.0
cons[火电机组爬坡约束1_31_92],0.0
cons[火电机组爬坡约束2_31_92],0.0
cons[火电机组爬坡约束1_31_93],0.0
cons[火电机组爬坡约束2_31_93],0.0
cons[火电机组爬坡约束1_31_94],0.0
cons[火电机组爬坡约束2_31_94],0.0
cons[火电机组爬坡约束1_31_95],0.0
cons[火电机组爬坡约束2_31_95],0.0
cons[火电机组运行成本约束_0_0],1.0
cons[火电机组运行成本约束_0_1],1.0
cons[火电机组运行成本约束_0_2],1.0
cons[火电机组运行成本约束_0_3],1.0
cons[火电机组运行成本约束_0_4],1.0
cons[火电机组运行成本约束_0_5],1.0
cons[火电机组运行成本约束_0_6],1.0
cons[火电机组运行成本约束_0_7],1.0
cons[火电机组运行成本约束_0_8],1.0
cons[火电机组运行成本约束_0_9],1.0
cons[火电机组运行成本约束_0_10],1.0
cons[火电机组运行成本约束_0_11],1.0
cons[火电机组运行成本约束_0_12],1.0
cons[火电机组运行成本约束_0_13],1.0
cons[火电机组运行成本约束_0_14],1.0
cons[火电机组运行成本约束_0_15],1.0
cons[火电机组运行成本约束_0_16],1.0
cons[火电机组运行成本约束_0_17],1.0
cons[火电机组运行成本约束_0_18],1.0
cons[火电机组运行成本约束_0_19],1.0
cons[火电机组运行成本约束_0_20],1.0
cons[火电机组运行成本约束_0_21],1.0
cons[火电机组运行成本约束_0_22],1.0
cons[火电机组运行成本约束_0_23],1.0
cons[火电机组运行成本约束_0_24],1.0
cons[火电机组运行成本约束_0_25],1.0
cons[火电机组运行成本约束_0_26],1.0
cons[火电机组运行成本约束_0_27],1.0
cons[火电机组运行成本约束_0_28],1.0
cons[火电机组运行成本约束_0_29],1.0
cons[火电机组运行成本约束_0_30],1.0
cons[火电机组运行成本约束_0_31],1.0
cons[火电机组运行成本约束_0_32],1.0
cons[火电机组运行成本约束_0_33],1.0
cons[火电机组运行成本约束_0_34],1.0
cons[火电机组运行成本约束_0_35],1.0
cons[火电机组运行成本约束_0_36],1.0
cons[火电机组运行成本约束_0_37],1.0
cons[火电机组运行成本约束_0_38],1.0
cons[火电机组运行成本约束_0_39],1.0
cons[火电机组运行成本约束_0_40],1.0
cons[火电机组运行成本约束_0_41],1.0
cons[火电机组运行成本约束_0_42],1.0
cons[火电机组运行成本约束_0_43],1.0
cons[火电机组运行成本约束_0_44],1.0
cons[火电机组运行成本约束_0_45],1.0
cons[火电机组运行成本约束_0_46],1.0
cons[火电机组运行成本约束_0_47],1.0
cons[火电机组运行成本约束_0_48],1.0
cons[火电机组运行成本约束_0_49],1.0
cons[火电机组运行成本约束_0_50],1.0
cons[火电机组运行成本约束_0_51],1.0
cons[火电机组运行成本约束_0_52],1.0
cons[火电机组运行成本约束_0_53],1.0
cons[火电机组运行成本约束_0_54],1.0
cons[火电机组运行成本约束_0_55],1.0
cons[火电机组运行成本约束_0_56],1.0
cons[火电机组运行成本约束_0_57],1.0
cons[火电机组运行成本约束_0_58],1.0
cons[火电机组运行成本约束_0_59],1.0
cons[火电机组运行成本约束_0_60],1.0
cons[火电机组运行成本约束_0_61],1.0
cons[火电机组运行成本约束_0_62],1.0
cons[火电机组运行成本约束_0_63],1.0
cons[火电机组运行成本约束_0_64],1.0
cons[火电机组运行成本约束_0_65],1.0
cons[火电机组运行成本约束_0_66],1.0
cons[火电机组运行成本约束_0_67],1.0
cons[火电机组运行成本约束_0_68],1.0
cons[火电机组运行成本约束_0_69],1.0
cons[火电机组运行成本约束_0_70],1.0
cons[火电机组运行成本约束_0_71],1.0
cons[火电机组运行成本约束_0_72],1.0
cons[火电机组运行成本约束_0_73],1.0
cons[火电机组运行成本约束_0_74],1.0
cons[火电机组运行成本约束_0_75],1.0
cons[火电机组运行成本约束_0_76],1.0
cons[火电机组运行成本约束_0_77],1.0
cons[火电机组运行成本约束_0_78],1.0
cons[火电机组运行成本约束_0_79],1.0
cons[火电机组运行成本约束_0_80],1.0
cons[火电机组运行成本约束_0_81],1.0
cons[火电机组运行成本约束_0_82],1.0
cons[火电机组运行成本约束_0_83],1.0
cons[火电机组运行成本约束_0_84],1.0
cons[火电机组运行成本约束_0_85],1.0
cons[火电机组运行成本约束_0_86],1.0
cons[火电机组运行成本约束_0_87],1.0
cons[火电机组运行成本约束_0_88],1.0
cons[火电机组运行成本约束_0_89],1.0
cons[火电机组运行成本约束_0_90],1.0
cons[火电机组运行成本约束_0_91],1.0
cons[火电机组运行成本约束_0_92],1.0
cons[火电机组运行成本约束_0_93],1.0
cons[火电机组运行成本约束_0_94],1.0
cons[火电机组运行成本约束_0_95],1.0
cons[火电机组运行成本约束_1_0],1.0
cons[火电机组运行成本约束_1_1],1.0
cons[火电机组运行成本约束_1_2],1.0
cons[火电机组运行成本约束_1_3],1.0
cons[火电机组运行成本约束_1_4],1.0
cons[火电机组运行成本约束_1_5],1.0
cons[火电机组运行成本约束_1_6],1.0
cons[火电机组运行成本约束_1_7],1.0
cons[火电机组运行成本约束_1_8],1.0
cons[火电机组运行成本约束_1_9],1.0
cons[火电机组运行成本约束_1_10],1.0
cons[火电机组运行成本约束_1_11],1.0
cons[火电机组运行成本约束_1_12],1.0
cons[火电机组运行成本约束_1_13],1.0
cons[火电机组运行成本约束_1_14],1.0
cons[火电机组运行成本约束_1_15],1.0
cons[火电机组运行成本约束_1_16],1.0
cons[火电机组运行成本约束_1_17],1.0
cons[火电机组运行成本约束_1_18],1.0
cons[火电机组运行成本约束_1_19],1.0
cons[火电机组运行成本约束_1_20],1.0
cons[火电机组运行成本约束_1_21],1.0
cons[火电机组运行成本约束_1_22],1.0
cons[火电机组运行成本约束_1_23],1.0
cons[火电机组运行成本约束_1_24],1.0
cons[火电机组运行成本约束_1_25],1.0
cons[火电机组运行成本约束_1_26],1.0
cons[火电机组运行成本约束_1_27],1.0
cons[火电机组运行成本约束_1_28],1.0
cons[火电机组运行成本约束_1_29],1.0
cons[火电机组运行成本约束_1_30],1.0
cons[火电机组运行成本约束_1_31],1.0
cons[火电机组运行成本约束_1_32],1.0
cons[火电机组运行成本约束_1_33],1.0
cons[火电机组运行成本约束_1_34],1.0
cons[火电机组运行成本约束_1_35],1.0
cons[火电机组运行成本约束_1_36],1.0
cons[火电机组运行成本约束_1_37],1.0
cons[火电机组运行成本约束_1_38],1.0
cons[火电机组运行成本约束_1_39],1.0
cons[火电机组运行成本约束_1_40],1.0
cons[火电机组运行成本约束_1_41],1.0
cons[火电机组运行成本约束_1_42],1.0
cons[火电机组运行成本约束_1_43],1.0
cons[火电机组运行成本约束_1_44],1.0
cons[火电机组运行成本约束_1_45],1.0
cons[火电机组运行成本约束_1_46],1.0
cons[火电机组运行成本约束_1_47],1.0
cons[火电机组运行成本约束_1_48],1.0
cons[火电机组运行成本约束_1_49],1.0
cons[火电机组运行成本约束_1_50],1.0
cons[火电机组运行成本约束_1_51],1.0
cons[火电机组运行成本约束_1_52],1.0
cons[火电机组运行成本约束_1_53],1.0
cons[火电机组运行成本约束_1_54],1.0
cons[火电机组运行成本约束_1_55],1.0
cons[火电机组运行成本约束_1_56],1.0
cons[火电机组运行成本约束_1_57],1.0
cons[火电机组运行成本约束_1_58],1.0
cons[火电机组运行成本约束_1_59],1.0
cons[火电机组运行成本约束_1_60],1.0
cons[火电机组运行成本约束_1_61],1.0
cons[火电机组运行成本约束_1_62],1.0
cons[火电机组运行成本约束_1_63],1.0
cons[火电机组运行成本约束_1_64],1.0
cons[火电机组运行成本约束_1_65],1.0
cons[火电机组运行成本约束_1_66],1.0
cons[火电机组运行成本约束_1_67],1.0
cons[火电机组运行成本约束_1_68],1.0
cons[火电机组运行成本约束_1_69],1.0
cons[火电机组运行成本约束_1_70],1.0
cons[火电机组运行成本约束_1_71],1.0
cons[火电机组运行成本约束_1_72],1.0
cons[火电机组运行成本约束_1_73],1.0
cons[火电机组运行成本约束_1_74],1.0
cons[火电机组运行成本约束_1_75],1.0
cons[火电机组运行成本约束_1_76],1.0
cons[火电机组运行成本约束_1_77],1.0
cons[火电机组运行成本约束_1_78],1.0
cons[火电机组运行成本约束_1_79],1.0
cons[火电机组运行成本约束_1_80],1.0
cons[火电机组运行成本约束_1_81],1.0
cons[火电机组运行成本约束_1_82],1.0
cons[火电机组运行成本约束_1_83],1.0
cons[火电机组运行成本约束_1_84],1.0
cons[火电机组运行成本约束_1_85],1.0
cons[火电机组运行成本约束_1_86],1.0
cons[火电机组运行成本约束_1_87],1.0
cons[火电机组运行成本约束_1_88],1.0
cons[火电机组运行成本约束_1_89],1.0
cons[火电机组运行成本约束_1_90],1.0
cons[火电机组运行成本约束_1_91],1.0
cons[火电机组运行成本约束_1_92],1.0
cons[火电机组运行成本约束_1_93],1.0
cons[火电机组运行成本约束_1_94],1.0
cons[火电机组运行成本约束_1_95],1.0
cons[火电机组运行成本约束_2_0],1.0
cons[火电机组运行成本约束_2_1],1.0
cons[火电机组运行成本约束_2_2],1.0
cons[火电机组运行成本约束_2_3],1.0
cons[火电机组运行成本约束_2_4],1.0
cons[火电机组运行成本约束_2_5],1.0
cons[火电机组运行成本约束_2_6],1.0
cons[火电机组运行成本约束_2_7],1.0
cons[火电机组运行成本约束_2_8],1.0
cons[火电机组运行成本约束_2_9],1.0
cons[火电机组运行成本约束_2_10],1.0
cons[火电机组运行成本约束_2_11],1.0
cons[火电机组运行成本约束_2_12],1.0
cons[火电机组运行成本约束_2_13],1.0
cons[火电机组运行成本约束_2_14],1.0
cons[火电机组运行成本约束_2_15],1.0
cons[火电机组运行成本约束_2_16],1.0
cons[火电机组运行成本约束_2_17],1.0
cons[火电机组运行成本约束_2_18],1.0
cons[火电机组运行成本约束_2_19],1.0
cons[火电机组运行成本约束_2_20],1.0
cons[火电机组运行成本约束_2_21],1.0
cons[火电机组运行成本约束_2_22],1.0
cons[火电机组运行成本约束_2_23],1.0
cons[火电机组运行成本约束_2_24],1.0
cons[火电机组运行成本约束_2_25],1.0
cons[火电机组运行成本约束_2_26],1.0
cons[火电机组运行成本约束_2_27],1.0
cons[火电机组运行成本约束_2_28],1.0
cons[火电机组运行成本约束_2_29],1.0
cons[火电机组运行成本约束_2_30],1.0
cons[火电机组运行成本约束_2_31],1.0
cons[火电机组运行成本约束_2_32],1.0
cons[火电机组运行成本约束_2_33],1.0
cons[火电机组运行成本约束_2_34],1.0
cons[火电机组运行成本约束_2_35],1.0
cons[火电机组运行成本约束_2_36],1.0
cons[火电机组运行成本约束_2_37],1.0
cons[火电机组运行成本约束_2_38],1.0
cons[火电机组运行成本约束_2_39],1.0
cons[火电机组运行成本约束_2_40],1.0
cons[火电机组运行成本约束_2_41],1.0
cons[火电机组运行成本约束_2_42],1.0
cons[火电机组运行成本约束_2_43],1.0
cons[火电机组运行成本约束_2_44],1.0
cons[火电机组运行成本约束_2_45],1.0
cons[火电机组运行成本约束_2_46],1.0
cons[火电机组运行成本约束_2_47],1.0
cons[火电机组运行成本约束_2_48],1.0
cons[火电机组运行成本约束_2_49],1.0
cons[火电机组运行成本约束_2_50],1.0
cons[火电机组运行成本约束_2_51],1.0
cons[火电机组运行成本约束_2_52],1.0
cons[火电机组运行成本约束_2_53],1.0
cons[火电机组运行成本约束_2_54],1.0
cons[火电机组运行成本约束_2_55],1.0
cons[火电机组运行成本约束_2_56],1.0
cons[火电机组运行成本约束_2_57],1.0
cons[火电机组运行成本约束_2_58],1.0
cons[火电机组运行成本约束_2_59],1.0
cons[火电机组运行成本约束_2_60],1.0
cons[火电机组运行成本约束_2_61],1.0
cons[火电机组运行成本约束_2_62],1.0
cons[火电机组运行成本约束_2_63],1.0
cons[火电机组运行成本约束_2_64],1.0
cons[火电机组运行成本约束_2_65],1.0
cons[火电机组运行成本约束_2_66],1.0
cons[火电机组运行成本约束_2_67],1.0
cons[火电机组运行成本约束_2_68],1.0
cons[火电机组运行成本约束_2_69],1.0
cons[火电机组运行成本约束_2_70],1.0
cons[火电机组运行成本约束_2_71],1.0
cons[火电机组运行成本约束_2_72],1.0
cons[火电机组运行成本约束_2_73],1.0
cons[火电机组运行成本约束_2_74],1.0
cons[火电机组运行成本约束_2_75],1.0
cons[火电机组运行成本约束_2_76],1.0
cons[火电机组运行成本约束_2_77],1.0
cons[火电机组运行成本约束_2_78],1.0
cons[火电机组运行成本约束_2_79],1.0
cons[火电机组运行成本约束_2_80],1.0
cons[火电机组运行成本约束_2_81],1.0
cons[火电机组运行成本约束_2_82],1.0
cons[火电机组运行成本约束_2_83],1.0
cons[火电机组运行成本约束_2_84],1.0
cons[火电机组运行成本约束_2_85],1.0
cons[火电机组运行成本约束_2_86],1.0
cons[火电机组运行成本约束_2_87],1.0
cons[火电机组运行成本约束_2_88],1.0
cons[火电机组运行成本约束_2_89],1.0
cons[火电机组运行成本约束_2_90],1.0
cons[火电机组运行成本约束_2_91],1.0
cons[火电机组运行成本约束_2_92],1.0
cons[火电机组运行成本约束_2_93],1.0
cons[火电机组运行成本约束_2_94],1.0
cons[火电机组运行成本约束_2_95],1.0
cons[火电机组运行成本约束_3_0],1.0
cons[火电机组运行成本约束_3_1],1.0
cons[火电机组运行成本约束_3_2],1.0
cons[火电机组运行成本约束_3_3],1.0
cons[火电机组运行成本约束_3_4],1.0
cons[火电机组运行成本约束_3_5],1.0
cons[火电机组运行成本约束_3_6],1.0
cons[火电机组运行成本约束_3_7],1.0
cons[火电机组运行成本约束_3_8],1.0
cons[火电机组运行成本约束_3_9],1.0
cons[火电机组运行成本约束_3_10],1.0
cons[火电机组运行成本约束_3_11],1.0
cons[火电机组运行成本约束_3_12],1.0
cons[火电机组运行成本约束_3_13],1.0
cons[火电机组运行成本约束_3_14],1.0
cons[火电机组运行成本约束_3_15],1.0
cons[火电机组运行成本约束_3_16],1.0
cons[火电机组运行成本约束_3_17],1.0
cons[火电机组运行成本约束_3_18],1.0
cons[火电机组运行成本约束_3_19],1.0
cons[火电机组运行成本约束_3_20],1.0
cons[火电机组运行成本约束_3_21],1.0
cons[火电机组运行成本约束_3_22],1.0
cons[火电机组运行成本约束_3_23],1.0
cons[火电机组运行成本约束_3_24],1.0
cons[火电机组运行成本约束_3_25],1.0
cons[火电机组运行成本约束_3_26],1.0
cons[火电机组运行成本约束_3_27],1.0
cons[火电机组运行成本约束_3_28],1.0
cons[火电机组运行成本约束_3_29],1.0
cons[火电机组运行成本约束_3_30],1.0
cons[火电机组运行成本约束_3_31],1.0
cons[火电机组运行成本约束_3_32],1.0
cons[火电机组运行成本约束_3_33],1.0
cons[火电机组运行成本约束_3_34],1.0
cons[火电机组运行成本约束_3_35],1.0
cons[火电机组运行成本约束_3_36],1.0
cons[火电机组运行成本约束_3_37],1.0
cons[火电机组运行成本约束_3_38],1.0
cons[火电机组运行成本约束_3_39],1.0
cons[火电机组运行成本约束_3_40],1.0
cons[火电机组运行成本约束_3_41],1.0
cons[火电机组运行成本约束_3_42],1.0
cons[火电机组运行成本约束_3_43],1.0
cons[火电机组运行成本约束_3_44],1.0
cons[火电机组运行成本约束_3_45],1.0
cons[火电机组运行成本约束_3_46],1.0
cons[火电机组运行成本约束_3_47],1.0
cons[火电机组运行成本约束_3_48],1.0
cons[火电机组运行成本约束_3_49],1.0
cons[火电机组运行成本约束_3_50],1.0
cons[火电机组运行成本约束_3_51],1.0
cons[火电机组运行成本约束_3_52],1.0
cons[火电机组运行成本约束_3_53],1.0
cons[火电机组运行成本约束_3_54],1.0
cons[火电机组运行成本约束_3_55],1.0
cons[火电机组运行成本约束_3_56],1.0
cons[火电机组运行成本约束_3_57],1.0
cons[火电机组运行成本约束_3_58],1.0
cons[火电机组运行成本约束_3_59],1.0
cons[火电机组运行成本约束_3_60],1.0
cons[火电机组运行成本约束_3_61],1.0
cons[火电机组运行成本约束_3_62],1.0
cons[火电机组运行成本约束_3_63],1.0
cons[火电机组运行成本约束_3_64],1.0
cons[火电机组运行成本约束_3_65],1.0
cons[火电机组运行成本约束_3_66],1.0
cons[火电机组运行成本约束_3_67],1.0
cons[火电机组运行成本约束_3_68],1.0
cons[火电机组运行成本约束_3_69],1.0
cons[火电机组运行成本约束_3_70],1.0
cons[火电机组运行成本约束_3_71],1.0
cons[火电机组运行成本约束_3_72],1.0
cons[火电机组运行成本约束_3_73],1.0
cons[火电机组运行成本约束_3_74],1.0
cons[火电机组运行成本约束_3_75],1.0
cons[火电机组运行成本约束_3_76],1.0
cons[火电机组运行成本约束_3_77],1.0
cons[火电机组运行成本约束_3_78],1.0
cons[火电机组运行成本约束_3_79],1.0
cons[火电机组运行成本约束_3_80],1.0
cons[火电机组运行成本约束_3_81],1.0
cons[火电机组运行成本约束_3_82],1.0
cons[火电机组运行成本约束_3_83],1.0
cons[火电机组运行成本约束_3_84],1.0
cons[火电机组运行成本约束_3_85],1.0
cons[火电机组运行成本约束_3_86],1.0
cons[火电机组运行成本约束_3_87],1.0
cons[火电机组运行成本约束_3_88],1.0
cons[火电机组运行成本约束_3_89],1.0
cons[火电机组运行成本约束_3_90],1.0
cons[火电机组运行成本约束_3_91],1.0
cons[火电机组运行成本约束_3_92],1.0
cons[火电机组运行成本约束_3_93],1.0
cons[火电机组运行成本约束_3_94],1.0
cons[火电机组运行成本约束_3_95],1.0
cons[火电机组运行成本约束_4_0],1.0
cons[火电机组运行成本约束_4_1],1.0
cons[火电机组运行成本约束_4_2],1.0
cons[火电机组运行成本约束_4_3],1.0
cons[火电机组运行成本约束_4_4],1.0
cons[火电机组运行成本约束_4_5],1.0
cons[火电机组运行成本约束_4_6],1.0
cons[火电机组运行成本约束_4_7],1.0
cons[火电机组运行成本约束_4_8],1.0
cons[火电机组运行成本约束_4_9],1.0
cons[火电机组运行成本约束_4_10],1.0
cons[火电机组运行成本约束_4_11],1.0
cons[火电机组运行成本约束_4_12],1.0
cons[火电机组运行成本约束_4_13],1.0
cons[火电机组运行成本约束_4_14],1.0
cons[火电机组运行成本约束_4_15],1.0
cons[火电机组运行成本约束_4_16],1.0
cons[火电机组运行成本约束_4_17],1.0
cons[火电机组运行成本约束_4_18],1.0
cons[火电机组运行成本约束_4_19],1.0
cons[火电机组运行成本约束_4_20],1.0
cons[火电机组运行成本约束_4_21],1.0
cons[火电机组运行成本约束_4_22],1.0
cons[火电机组运行成本约束_4_23],1.0
cons[火电机组运行成本约束_4_24],1.0
cons[火电机组运行成本约束_4_25],1.0
cons[火电机组运行成本约束_4_26],1.0
cons[火电机组运行成本约束_4_27],1.0
cons[火电机组运行成本约束_4_28],1.0
cons[火电机组运行成本约束_4_29],1.0
cons[火电机组运行成本约束_4_30],1.0
cons[火电机组运行成本约束_4_31],1.0
cons[火电机组运行成本约束_4_32],1.0
cons[火电机组运行成本约束_4_33],1.0
cons[火电机组运行成本约束_4_34],1.0
cons[火电机组运行成本约束_4_35],1.0
cons[火电机组运行成本约束_4_36],1.0
cons[火电机组运行成本约束_4_37],1.0
cons[火电机组运行成本约束_4_38],1.0
cons[火电机组运行成本约束_4_39],1.0
cons[火电机组运行成本约束_4_40],1.0
cons[火电机组运行成本约束_4_41],1.0
cons[火电机组运行成本约束_4_42],1.0
cons[火电机组运行成本约束_4_43],1.0
cons[火电机组运行成本约束_4_44],1.0
cons[火电机组运行成本约束_4_45],1.0
cons[火电机组运行成本约束_4_46],1.0
cons[火电机组运行成本约束_4_47],1.0
cons[火电机组运行成本约束_4_48],1.0
cons[火电机组运行成本约束_4_49],1.0
cons[火电机组运行成本约束_4_50],1.0
cons[火电机组运行成本约束_4_51],1.0
cons[火电机组运行成本约束_4_52],1.0
cons[火电机组运行成本约束_4_53],1.0
cons[火电机组运行成本约束_4_54],1.0
cons[火电机组运行成本约束_4_55],1.0
cons[火电机组运行成本约束_4_56],1.0
cons[火电机组运行成本约束_4_57],1.0
cons[火电机组运行成本约束_4_58],1.0
cons[火电机组运行成本约束_4_59],1.0
cons[火电机组运行成本约束_4_60],1.0
cons[火电机组运行成本约束_4_61],1.0
cons[火电机组运行成本约束_4_62],1.0
cons[火电机组运行成本约束_4_63],1.0
cons[火电机组运行成本约束_4_64],1.0
cons[火电机组运行成本约束_4_65],1.0
cons[火电机组运行成本约束_4_66],1.0
cons[火电机组运行成本约束_4_67],1.0
cons[火电机组运行成本约束_4_68],1.0
cons[火电机组运行成本约束_4_69],1.0
cons[火电机组运行成本约束_4_70],1.0
cons[火电机组运行成本约束_4_71],1.0
cons[火电机组运行成本约束_4_72],1.0
cons[火电机组运行成本约束_4_73],1.0
cons[火电机组运行成本约束_4_74],1.0
cons[火电机组运行成本约束_4_75],1.0
cons[火电机组运行成本约束_4_76],1.0
cons[火电机组运行成本约束_4_77],1.0
cons[火电机组运行成本约束_4_78],1.0
cons[火电机组运行成本约束_4_79],1.0
cons[火电机组运行成本约束_4_80],1.0
cons[火电机组运行成本约束_4_81],1.0
cons[火电机组运行成本约束_4_82],1.0
cons[火电机组运行成本约束_4_83],1.0
cons[火电机组运行成本约束_4_84],1.0
cons[火电机组运行成本约束_4_85],1.0
cons[火电机组运行成本约束_4_86],1.0
cons[火电机组运行成本约束_4_87],1.0
cons[火电机组运行成本约束_4_88],1.0
cons[火电机组运行成本约束_4_89],1.0
cons[火电机组运行成本约束_4_90],1.0
cons[火电机组运行成本约束_4_91],1.0
cons[火电机组运行成本约束_4_92],1.0
cons[火电机组运行成本约束_4_93],1.0
cons[火电机组运行成本约束_4_94],1.0
cons[火电机组运行成本约束_4_95],1.0
cons[火电机组运行成本约束_5_0],1.0
cons[火电机组运行成本约束_5_1],1.0
cons[火电机组运行成本约束_5_2],1.0
cons[火电机组运行成本约束_5_3],1.0
cons[火电机组运行成本约束_5_4],1.0
cons[火电机组运行成本约束_5_5],1.0
cons[火电机组运行成本约束_5_6],1.0
cons[火电机组运行成本约束_5_7],1.0
cons[火电机组运行成本约束_5_8],1.0
cons[火电机组运行成本约束_5_9],1.0
cons[火电机组运行成本约束_5_10],1.0
cons[火电机组运行成本约束_5_11],1.0
cons[火电机组运行成本约束_5_12],1.0
cons[火电机组运行成本约束_5_13],1.0
cons[火电机组运行成本约束_5_14],1.0
cons[火电机组运行成本约束_5_15],1.0
cons[火电机组运行成本约束_5_16],1.0
cons[火电机组运行成本约束_5_17],1.0
cons[火电机组运行成本约束_5_18],1.0
cons[火电机组运行成本约束_5_19],1.0
cons[火电机组运行成本约束_5_20],1.0
cons[火电机组运行成本约束_5_21],1.0
cons[火电机组运行成本约束_5_22],1.0
cons[火电机组运行成本约束_5_23],1.0
cons[火电机组运行成本约束_5_24],1.0
cons[火电机组运行成本约束_5_25],1.0
cons[火电机组运行成本约束_5_26],1.0
cons[火电机组运行成本约束_5_27],1.0
cons[火电机组运行成本约束_5_28],1.0
cons[火电机组运行成本约束_5_29],1.0
cons[火电机组运行成本约束_5_30],1.0
cons[火电机组运行成本约束_5_31],1.0
cons[火电机组运行成本约束_5_32],1.0
cons[火电机组运行成本约束_5_33],1.0
cons[火电机组运行成本约束_5_34],1.0
cons[火电机组运行成本约束_5_35],1.0
cons[火电机组运行成本约束_5_36],1.0
cons[火电机组运行成本约束_5_37],1.0
cons[火电机组运行成本约束_5_38],1.0
cons[火电机组运行成本约束_5_39],1.0
cons[火电机组运行成本约束_5_40],1.0
cons[火电机组运行成本约束_5_41],1.0
cons[火电机组运行成本约束_5_42],1.0
cons[火电机组运行成本约束_5_43],1.0
cons[火电机组运行成本约束_5_44],1.0
cons[火电机组运行成本约束_5_45],1.0
cons[火电机组运行成本约束_5_46],1.0
cons[火电机组运行成本约束_5_47],1.0
cons[火电机组运行成本约束_5_48],1.0
cons[火电机组运行成本约束_5_49],1.0
cons[火电机组运行成本约束_5_50],1.0
cons[火电机组运行成本约束_5_51],1.0
cons[火电机组运行成本约束_5_52],1.0
cons[火电机组运行成本约束_5_53],1.0
cons[火电机组运行成本约束_5_54],1.0
cons[火电机组运行成本约束_5_55],1.0
cons[火电机组运行成本约束_5_56],1.0
cons[火电机组运行成本约束_5_57],1.0
cons[火电机组运行成本约束_5_58],1.0
cons[火电机组运行成本约束_5_59],1.0
cons[火电机组运行成本约束_5_60],1.0
cons[火电机组运行成本约束_5_61],1.0
cons[火电机组运行成本约束_5_62],1.0
cons[火电机组运行成本约束_5_63],1.0
cons[火电机组运行成本约束_5_64],1.0
cons[火电机组运行成本约束_5_65],1.0
cons[火电机组运行成本约束_5_66],1.0
cons[火电机组运行成本约束_5_67],1.0
cons[火电机组运行成本约束_5_68],1.0
cons[火电机组运行成本约束_5_69],1.0
cons[火电机组运行成本约束_5_70],1.0
cons[火电机组运行成本约束_5_71],1.0
cons[火电机组运行成本约束_5_72],1.0
cons[火电机组运行成本约束_5_73],1.0
cons[火电机组运行成本约束_5_74],1.0
cons[火电机组运行成本约束_5_75],1.0
cons[火电机组运行成本约束_5_76],1.0
cons[火电机组运行成本约束_5_77],1.0
cons[火电机组运行成本约束_5_78],1.0
cons[火电机组运行成本约束_5_79],1.0
cons[火电机组运行成本约束_5_80],1.0
cons[火电机组运行成本约束_5_81],1.0
cons[火电机组运行成本约束_5_82],1.0
cons[火电机组运行成本约束_5_83],1.0
cons[火电机组运行成本约束_5_84],1.0
cons[火电机组运行成本约束_5_85],1.0
cons[火电机组运行成本约束_5_86],1.0
cons[火电机组运行成本约束_5_87],1.0
cons[火电机组运行成本约束_5_88],1.0
cons[火电机组运行成本约束_5_89],1.0
cons[火电机组运行成本约束_5_90],1.0
cons[火电机组运行成本约束_5_91],1.0
cons[火电机组运行成本约束_5_92],1.0
cons[火电机组运行成本约束_5_93],1.0
cons[火电机组运行成本约束_5_94],1.0
cons[火电机组运行成本约束_5_95],1.0
cons[火电机组运行成本约束_6_0],1.0
cons[火电机组运行成本约束_6_1],1.0
cons[火电机组运行成本约束_6_2],1.0
cons[火电机组运行成本约束_6_3],1.0
cons[火电机组运行成本约束_6_4],1.0
cons[火电机组运行成本约束_6_5],1.0
cons[火电机组运行成本约束_6_6],1.0
cons[火电机组运行成本约束_6_7],1.0
cons[火电机组运行成本约束_6_8],1.0
cons[火电机组运行成本约束_6_9],1.0
cons[火电机组运行成本约束_6_10],1.0
cons[火电机组运行成本约束_6_11],1.0
cons[火电机组运行成本约束_6_12],1.0
cons[火电机组运行成本约束_6_13],1.0
cons[火电机组运行成本约束_6_14],1.0
cons[火电机组运行成本约束_6_15],1.0
cons[火电机组运行成本约束_6_16],1.0
cons[火电机组运行成本约束_6_17],1.0
cons[火电机组运行成本约束_6_18],1.0
cons[火电机组运行成本约束_6_19],1.0
cons[火电机组运行成本约束_6_20],1.0
cons[火电机组运行成本约束_6_21],1.0
cons[火电机组运行成本约束_6_22],1.0
cons[火电机组运行成本约束_6_23],1.0
cons[火电机组运行成本约束_6_24],1.0
cons[火电机组运行成本约束_6_25],1.0
cons[火电机组运行成本约束_6_26],1.0
cons[火电机组运行成本约束_6_27],1.0
cons[火电机组运行成本约束_6_28],1.0
cons[火电机组运行成本约束_6_29],1.0
cons[火电机组运行成本约束_6_30],1.0
cons[火电机组运行成本约束_6_31],1.0
cons[火电机组运行成本约束_6_32],1.0
cons[火电机组运行成本约束_6_33],1.0
cons[火电机组运行成本约束_6_34],1.0
cons[火电机组运行成本约束_6_35],1.0
cons[火电机组运行成本约束_6_36],1.0
cons[火电机组运行成本约束_6_37],1.0
cons[火电机组运行成本约束_6_38],1.0
cons[火电机组运行成本约束_6_39],1.0
cons[火电机组运行成本约束_6_40],1.0
cons[火电机组运行成本约束_6_41],1.0
cons[火电机组运行成本约束_6_42],1.0
cons[火电机组运行成本约束_6_43],1.0
cons[火电机组运行成本约束_6_44],1.0
cons[火电机组运行成本约束_6_45],1.0
cons[火电机组运行成本约束_6_46],1.0
cons[火电机组运行成本约束_6_47],1.0
cons[火电机组运行成本约束_6_48],1.0
cons[火电机组运行成本约束_6_49],1.0
cons[火电机组运行成本约束_6_50],1.0
cons[火电机组运行成本约束_6_51],1.0
cons[火电机组运行成本约束_6_52],1.0
cons[火电机组运行成本约束_6_53],1.0
cons[火电机组运行成本约束_6_54],1.0
cons[火电机组运行成本约束_6_55],1.0
cons[火电机组运行成本约束_6_56],1.0
cons[火电机组运行成本约束_6_57],1.0
cons[火电机组运行成本约束_6_58],1.0
cons[火电机组运行成本约束_6_59],1.0
cons[火电机组运行成本约束_6_60],1.0
cons[火电机组运行成本约束_6_61],1.0
cons[火电机组运行成本约束_6_62],1.0
cons[火电机组运行成本约束_6_63],1.0
cons[火电机组运行成本约束_6_64],1.0
cons[火电机组运行成本约束_6_65],1.0
cons[火电机组运行成本约束_6_66],1.0
cons[火电机组运行成本约束_6_67],1.0
cons[火电机组运行成本约束_6_68],1.0
cons[火电机组运行成本约束_6_69],1.0
cons[火电机组运行成本约束_6_70],1.0
cons[火电机组运行成本约束_6_71],1.0
cons[火电机组运行成本约束_6_72],1.0
cons[火电机组运行成本约束_6_73],1.0
cons[火电机组运行成本约束_6_74],1.0
cons[火电机组运行成本约束_6_75],1.0
cons[火电机组运行成本约束_6_76],1.0
cons[火电机组运行成本约束_6_77],1.0
cons[火电机组运行成本约束_6_78],1.0
cons[火电机组运行成本约束_6_79],1.0
cons[火电机组运行成本约束_6_80],1.0
cons[火电机组运行成本约束_6_81],1.0
cons[火电机组运行成本约束_6_82],1.0
cons[火电机组运行成本约束_6_83],1.0
cons[火电机组运行成本约束_6_84],1.0
cons[火电机组运行成本约束_6_85],1.0
cons[火电机组运行成本约束_6_86],1.0
cons[火电机组运行成本约束_6_87],1.0
cons[火电机组运行成本约束_6_88],1.0
cons[火电机组运行成本约束_6_89],1.0
cons[火电机组运行成本约束_6_90],1.0
cons[火电机组运行成本约束_6_91],1.0
cons[火电机组运行成本约束_6_92],1.0
cons[火电机组运行成本约束_6_93],1.0
cons[火电机组运行成本约束_6_94],1.0
cons[火电机组运行成本约束_6_95],1.0
cons[火电机组运行成本约束_7_0],1.0
cons[火电机组运行成本约束_7_1],1.0
cons[火电机组运行成本约束_7_2],1.0
cons[火电机组运行成本约束_7_3],1.0
cons[火电机组运行成本约束_7_4],1.0
cons[火电机组运行成本约束_7_5],1.0
cons[火电机组运行成本约束_7_6],1.0
cons[火电机组运行成本约束_7_7],1.0
cons[火电机组运行成本约束_7_8],1.0
cons[火电机组运行成本约束_7_9],1.0
cons[火电机组运行成本约束_7_10],1.0
cons[火电机组运行成本约束_7_11],1.0
cons[火电机组运行成本约束_7_12],1.0
cons[火电机组运行成本约束_7_13],1.0
cons[火电机组运行成本约束_7_14],1.0
cons[火电机组运行成本约束_7_15],1.0
cons[火电机组运行成本约束_7_16],1.0
cons[火电机组运行成本约束_7_17],1.0
cons[火电机组运行成本约束_7_18],1.0
cons[火电机组运行成本约束_7_19],1.0
cons[火电机组运行成本约束_7_20],1.0
cons[火电机组运行成本约束_7_21],1.0
cons[火电机组运行成本约束_7_22],1.0
cons[火电机组运行成本约束_7_23],1.0
cons[火电机组运行成本约束_7_24],1.0
cons[火电机组运行成本约束_7_25],1.0
cons[火电机组运行成本约束_7_26],1.0
cons[火电机组运行成本约束_7_27],1.0
cons[火电机组运行成本约束_7_28],1.0
cons[火电机组运行成本约束_7_29],1.0
cons[火电机组运行成本约束_7_30],1.0
cons[火电机组运行成本约束_7_31],1.0
cons[火电机组运行成本约束_7_32],1.0
cons[火电机组运行成本约束_7_33],1.0
cons[火电机组运行成本约束_7_34],1.0
cons[火电机组运行成本约束_7_35],1.0
cons[火电机组运行成本约束_7_36],1.0
cons[火电机组运行成本约束_7_37],1.0
cons[火电机组运行成本约束_7_38],1.0
cons[火电机组运行成本约束_7_39],1.0
cons[火电机组运行成本约束_7_40],1.0
cons[火电机组运行成本约束_7_41],1.0
cons[火电机组运行成本约束_7_42],1.0
cons[火电机组运行成本约束_7_43],1.0
cons[火电机组运行成本约束_7_44],1.0
cons[火电机组运行成本约束_7_45],1.0
cons[火电机组运行成本约束_7_46],1.0
cons[火电机组运行成本约束_7_47],1.0
cons[火电机组运行成本约束_7_48],1.0
cons[火电机组运行成本约束_7_49],1.0
cons[火电机组运行成本约束_7_50],1.0
cons[火电机组运行成本约束_7_51],1.0
cons[火电机组运行成本约束_7_52],1.0
cons[火电机组运行成本约束_7_53],1.0
cons[火电机组运行成本约束_7_54],1.0
cons[火电机组运行成本约束_7_55],1.0
cons[火电机组运行成本约束_7_56],1.0
cons[火电机组运行成本约束_7_57],1.0
cons[火电机组运行成本约束_7_58],1.0
cons[火电机组运行成本约束_7_59],1.0
cons[火电机组运行成本约束_7_60],1.0
cons[火电机组运行成本约束_7_61],1.0
cons[火电机组运行成本约束_7_62],1.0
cons[火电机组运行成本约束_7_63],1.0
cons[火电机组运行成本约束_7_64],1.0
cons[火电机组运行成本约束_7_65],1.0
cons[火电机组运行成本约束_7_66],1.0
cons[火电机组运行成本约束_7_67],1.0
cons[火电机组运行成本约束_7_68],1.0
cons[火电机组运行成本约束_7_69],1.0
cons[火电机组运行成本约束_7_70],1.0
cons[火电机组运行成本约束_7_71],1.0
cons[火电机组运行成本约束_7_72],1.0
cons[火电机组运行成本约束_7_73],1.0
cons[火电机组运行成本约束_7_74],1.0
cons[火电机组运行成本约束_7_75],1.0
cons[火电机组运行成本约束_7_76],1.0
cons[火电机组运行成本约束_7_77],1.0
cons[火电机组运行成本约束_7_78],1.0
cons[火电机组运行成本约束_7_79],1.0
cons[火电机组运行成本约束_7_80],1.0
cons[火电机组运行成本约束_7_81],1.0
cons[火电机组运行成本约束_7_82],1.0
cons[火电机组运行成本约束_7_83],1.0
cons[火电机组运行成本约束_7_84],1.0
cons[火电机组运行成本约束_7_85],1.0
cons[火电机组运行成本约束_7_86],1.0
cons[火电机组运行成本约束_7_87],1.0
cons[火电机组运行成本约束_7_88],1.0
cons[火电机组运行成本约束_7_89],1.0
cons[火电机组运行成本约束_7_90],1.0
cons[火电机组运行成本约束_7_91],1.0
cons[火电机组运行成本约束_7_92],1.0
cons[火电机组运行成本约束_7_93],1.0
cons[火电机组运行成本约束_7_94],1.0
cons[火电机组运行成本约束_7_95],1.0
cons[火电机组运行成本约束_8_0],1.0
cons[火电机组运行成本约束_8_1],1.0
cons[火电机组运行成本约束_8_2],1.0
cons[火电机组运行成本约束_8_3],1.0
cons[火电机组运行成本约束_8_4],1.0
cons[火电机组运行成本约束_8_5],1.0
cons[火电机组运行成本约束_8_6],1.0
cons[火电机组运行成本约束_8_7],1.0
cons[火电机组运行成本约束_8_8],1.0
cons[火电机组运行成本约束_8_9],1.0
cons[火电机组运行成本约束_8_10],1.0
cons[火电机组运行成本约束_8_11],1.0
cons[火电机组运行成本约束_8_12],1.0
cons[火电机组运行成本约束_8_13],1.0
cons[火电机组运行成本约束_8_14],1.0
cons[火电机组运行成本约束_8_15],1.0
cons[火电机组运行成本约束_8_16],1.0
cons[火电机组运行成本约束_8_17],1.0
cons[火电机组运行成本约束_8_18],1.0
cons[火电机组运行成本约束_8_19],1.0
cons[火电机组运行成本约束_8_20],1.0
cons[火电机组运行成本约束_8_21],1.0
cons[火电机组运行成本约束_8_22],1.0
cons[火电机组运行成本约束_8_23],1.0
cons[火电机组运行成本约束_8_24],1.0
cons[火电机组运行成本约束_8_25],1.0
cons[火电机组运行成本约束_8_26],1.0
cons[火电机组运行成本约束_8_27],1.0
cons[火电机组运行成本约束_8_28],1.0
cons[火电机组运行成本约束_8_29],1.0
cons[火电机组运行成本约束_8_30],1.0
cons[火电机组运行成本约束_8_31],1.0
cons[火电机组运行成本约束_8_32],1.0
cons[火电机组运行成本约束_8_33],1.0
cons[火电机组运行成本约束_8_34],1.0
cons[火电机组运行成本约束_8_35],1.0
cons[火电机组运行成本约束_8_36],1.0
cons[火电机组运行成本约束_8_37],1.0
cons[火电机组运行成本约束_8_38],1.0
cons[火电机组运行成本约束_8_39],1.0
cons[火电机组运行成本约束_8_40],1.0
cons[火电机组运行成本约束_8_41],1.0
cons[火电机组运行成本约束_8_42],1.0
cons[火电机组运行成本约束_8_43],1.0
cons[火电机组运行成本约束_8_44],1.0
cons[火电机组运行成本约束_8_45],1.0
cons[火电机组运行成本约束_8_46],1.0
cons[火电机组运行成本约束_8_47],1.0
cons[火电机组运行成本约束_8_48],1.0
cons[火电机组运行成本约束_8_49],1.0
cons[火电机组运行成本约束_8_50],1.0
cons[火电机组运行成本约束_8_51],1.0
cons[火电机组运行成本约束_8_52],1.0
cons[火电机组运行成本约束_8_53],1.0
cons[火电机组运行成本约束_8_54],1.0
cons[火电机组运行成本约束_8_55],1.0
cons[火电机组运行成本约束_8_56],1.0
cons[火电机组运行成本约束_8_57],1.0
cons[火电机组运行成本约束_8_58],1.0
cons[火电机组运行成本约束_8_59],1.0
cons[火电机组运行成本约束_8_60],1.0
cons[火电机组运行成本约束_8_61],1.0
cons[火电机组运行成本约束_8_62],1.0
cons[火电机组运行成本约束_8_63],1.0
cons[火电机组运行成本约束_8_64],1.0
cons[火电机组运行成本约束_8_65],1.0
cons[火电机组运行成本约束_8_66],1.0
cons[火电机组运行成本约束_8_67],1.0
cons[火电机组运行成本约束_8_68],1.0
cons[火电机组运行成本约束_8_69],1.0
cons[火电机组运行成本约束_8_70],1.0
cons[火电机组运行成本约束_8_71],1.0
cons[火电机组运行成本约束_8_72],1.0
cons[火电机组运行成本约束_8_73],1.0
cons[火电机组运行成本约束_8_74],1.0
cons[火电机组运行成本约束_8_75],1.0
cons[火电机组运行成本约束_8_76],1.0
cons[火电机组运行成本约束_8_77],1.0
cons[火电机组运行成本约束_8_78],1.0
cons[火电机组运行成本约束_8_79],1.0
cons[火电机组运行成本约束_8_80],1.0
cons[火电机组运行成本约束_8_81],1.0
cons[火电机组运行成本约束_8_82],1.0
cons[火电机组运行成本约束_8_83],1.0
cons[火电机组运行成本约束_8_84],1.0
cons[火电机组运行成本约束_8_85],1.0
cons[火电机组运行成本约束_8_86],1.0
cons[火电机组运行成本约束_8_87],1.0
cons[火电机组运行成本约束_8_88],1.0
cons[火电机组运行成本约束_8_89],1.0
cons[火电机组运行成本约束_8_90],1.0
cons[火电机组运行成本约束_8_91],1.0
cons[火电机组运行成本约束_8_92],1.0
cons[火电机组运行成本约束_8_93],1.0
cons[火电机组运行成本约束_8_94],1.0
cons[火电机组运行成本约束_8_95],1.0
cons[火电机组运行成本约束_9_0],1.0
cons[火电机组运行成本约束_9_1],1.0
cons[火电机组运行成本约束_9_2],1.0
cons[火电机组运行成本约束_9_3],1.0
cons[火电机组运行成本约束_9_4],1.0
cons[火电机组运行成本约束_9_5],1.0
cons[火电机组运行成本约束_9_6],1.0
cons[火电机组运行成本约束_9_7],1.0
cons[火电机组运行成本约束_9_8],1.0
cons[火电机组运行成本约束_9_9],1.0
cons[火电机组运行成本约束_9_10],1.0
cons[火电机组运行成本约束_9_11],1.0
cons[火电机组运行成本约束_9_12],1.0
cons[火电机组运行成本约束_9_13],1.0
cons[火电机组运行成本约束_9_14],1.0
cons[火电机组运行成本约束_9_15],1.0
cons[火电机组运行成本约束_9_16],1.0
cons[火电机组运行成本约束_9_17],1.0
cons[火电机组运行成本约束_9_18],1.0
cons[火电机组运行成本约束_9_19],1.0
cons[火电机组运行成本约束_9_20],1.0
cons[火电机组运行成本约束_9_21],1.0
cons[火电机组运行成本约束_9_22],1.0
cons[火电机组运行成本约束_9_23],1.0
cons[火电机组运行成本约束_9_24],1.0
cons[火电机组运行成本约束_9_25],1.0
cons[火电机组运行成本约束_9_26],1.0
cons[火电机组运行成本约束_9_27],1.0
cons[火电机组运行成本约束_9_28],1.0
cons[火电机组运行成本约束_9_29],1.0
cons[火电机组运行成本约束_9_30],1.0
cons[火电机组运行成本约束_9_31],1.0
cons[火电机组运行成本约束_9_32],1.0
cons[火电机组运行成本约束_9_33],1.0
cons[火电机组运行成本约束_9_34],1.0
cons[火电机组运行成本约束_9_35],1.0
cons[火电机组运行成本约束_9_36],1.0
cons[火电机组运行成本约束_9_37],1.0
cons[火电机组运行成本约束_9_38],1.0
cons[火电机组运行成本约束_9_39],1.0
cons[火电机组运行成本约束_9_40],1.0
cons[火电机组运行成本约束_9_41],1.0
cons[火电机组运行成本约束_9_42],1.0
cons[火电机组运行成本约束_9_43],1.0
cons[火电机组运行成本约束_9_44],1.0
cons[火电机组运行成本约束_9_45],1.0
cons[火电机组运行成本约束_9_46],1.0
cons[火电机组运行成本约束_9_47],1.0
cons[火电机组运行成本约束_9_48],1.0
cons[火电机组运行成本约束_9_49],1.0
cons[火电机组运行成本约束_9_50],1.0
cons[火电机组运行成本约束_9_51],1.0
cons[火电机组运行成本约束_9_52],1.0
cons[火电机组运行成本约束_9_53],1.0
cons[火电机组运行成本约束_9_54],1.0
cons[火电机组运行成本约束_9_55],1.0
cons[火电机组运行成本约束_9_56],1.0
cons[火电机组运行成本约束_9_57],1.0
cons[火电机组运行成本约束_9_58],1.0
cons[火电机组运行成本约束_9_59],1.0
cons[火电机组运行成本约束_9_60],1.0
cons[火电机组运行成本约束_9_61],1.0
cons[火电机组运行成本约束_9_62],1.0
cons[火电机组运行成本约束_9_63],1.0
cons[火电机组运行成本约束_9_64],1.0
cons[火电机组运行成本约束_9_65],1.0
cons[火电机组运行成本约束_9_66],1.0
cons[火电机组运行成本约束_9_67],1.0
cons[火电机组运行成本约束_9_68],1.0
cons[火电机组运行成本约束_9_69],1.0
cons[火电机组运行成本约束_9_70],1.0
cons[火电机组运行成本约束_9_71],1.0
cons[火电机组运行成本约束_9_72],1.0
cons[火电机组运行成本约束_9_73],1.0
cons[火电机组运行成本约束_9_74],1.0
cons[火电机组运行成本约束_9_75],1.0
cons[火电机组运行成本约束_9_76],1.0
cons[火电机组运行成本约束_9_77],1.0
cons[火电机组运行成本约束_9_78],1.0
cons[火电机组运行成本约束_9_79],1.0
cons[火电机组运行成本约束_9_80],1.0
cons[火电机组运行成本约束_9_81],1.0
cons[火电机组运行成本约束_9_82],1.0
cons[火电机组运行成本约束_9_83],1.0
cons[火电机组运行成本约束_9_84],1.0
cons[火电机组运行成本约束_9_85],1.0
cons[火电机组运行成本约束_9_86],1.0
cons[火电机组运行成本约束_9_87],1.0
cons[火电机组运行成本约束_9_88],1.0
cons[火电机组运行成本约束_9_89],1.0
cons[火电机组运行成本约束_9_90],1.0
cons[火电机组运行成本约束_9_91],1.0
cons[火电机组运行成本约束_9_92],1.0
cons[火电机组运行成本约束_9_93],1.0
cons[火电机组运行成本约束_9_94],1.0
cons[火电机组运行成本约束_9_95],1.0
cons[火电机组运行成本约束_10_0],1.0
cons[火电机组运行成本约束_10_1],1.0
cons[火电机组运行成本约束_10_2],1.0
cons[火电机组运行成本约束_10_3],1.0
cons[火电机组运行成本约束_10_4],1.0
cons[火电机组运行成本约束_10_5],1.0
cons[火电机组运行成本约束_10_6],1.0
cons[火电机组运行成本约束_10_7],1.0
cons[火电机组运行成本约束_10_8],1.0
cons[火电机组运行成本约束_10_9],1.0
cons[火电机组运行成本约束_10_10],1.0
cons[火电机组运行成本约束_10_11],1.0
cons[火电机组运行成本约束_10_12],1.0
cons[火电机组运行成本约束_10_13],1.0
cons[火电机组运行成本约束_10_14],1.0
cons[火电机组运行成本约束_10_15],1.0
cons[火电机组运行成本约束_10_16],1.0
cons[火电机组运行成本约束_10_17],1.0
cons[火电机组运行成本约束_10_18],1.0
cons[火电机组运行成本约束_10_19],1.0
cons[火电机组运行成本约束_10_20],1.0
cons[火电机组运行成本约束_10_21],1.0
cons[火电机组运行成本约束_10_22],1.0
cons[火电机组运行成本约束_10_23],1.0
cons[火电机组运行成本约束_10_24],1.0
cons[火电机组运行成本约束_10_25],1.0
cons[火电机组运行成本约束_10_26],1.0
cons[火电机组运行成本约束_10_27],1.0
cons[火电机组运行成本约束_10_28],1.0
cons[火电机组运行成本约束_10_29],1.0
cons[火电机组运行成本约束_10_30],1.0
cons[火电机组运行成本约束_10_31],1.0
cons[火电机组运行成本约束_10_32],1.0
cons[火电机组运行成本约束_10_33],1.0
cons[火电机组运行成本约束_10_34],1.0
cons[火电机组运行成本约束_10_35],1.0
cons[火电机组运行成本约束_10_36],1.0
cons[火电机组运行成本约束_10_37],1.0
cons[火电机组运行成本约束_10_38],1.0
cons[火电机组运行成本约束_10_39],1.0
cons[火电机组运行成本约束_10_40],1.0
cons[火电机组运行成本约束_10_41],1.0
cons[火电机组运行成本约束_10_42],1.0
cons[火电机组运行成本约束_10_43],1.0
cons[火电机组运行成本约束_10_44],1.0
cons[火电机组运行成本约束_10_45],1.0
cons[火电机组运行成本约束_10_46],1.0
cons[火电机组运行成本约束_10_47],1.0
cons[火电机组运行成本约束_10_48],1.0
cons[火电机组运行成本约束_10_49],1.0
cons[火电机组运行成本约束_10_50],1.0
cons[火电机组运行成本约束_10_51],1.0
cons[火电机组运行成本约束_10_52],1.0
cons[火电机组运行成本约束_10_53],1.0
cons[火电机组运行成本约束_10_54],1.0
cons[火电机组运行成本约束_10_55],1.0
cons[火电机组运行成本约束_10_56],1.0
cons[火电机组运行成本约束_10_57],1.0
cons[火电机组运行成本约束_10_58],1.0
cons[火电机组运行成本约束_10_59],1.0
cons[火电机组运行成本约束_10_60],1.0
cons[火电机组运行成本约束_10_61],1.0
cons[火电机组运行成本约束_10_62],1.0
cons[火电机组运行成本约束_10_63],1.0
cons[火电机组运行成本约束_10_64],1.0
cons[火电机组运行成本约束_10_65],1.0
cons[火电机组运行成本约束_10_66],1.0
cons[火电机组运行成本约束_10_67],1.0
cons[火电机组运行成本约束_10_68],1.0
cons[火电机组运行成本约束_10_69],1.0
cons[火电机组运行成本约束_10_70],1.0
cons[火电机组运行成本约束_10_71],1.0
cons[火电机组运行成本约束_10_72],1.0
cons[火电机组运行成本约束_10_73],1.0
cons[火电机组运行成本约束_10_74],1.0
cons[火电机组运行成本约束_10_75],1.0
cons[火电机组运行成本约束_10_76],1.0
cons[火电机组运行成本约束_10_77],1.0
cons[火电机组运行成本约束_10_78],1.0
cons[火电机组运行成本约束_10_79],1.0
cons[火电机组运行成本约束_10_80],1.0
cons[火电机组运行成本约束_10_81],1.0
cons[火电机组运行成本约束_10_82],1.0
cons[火电机组运行成本约束_10_83],1.0
cons[火电机组运行成本约束_10_84],1.0
cons[火电机组运行成本约束_10_85],1.0
cons[火电机组运行成本约束_10_86],1.0
cons[火电机组运行成本约束_10_87],1.0
cons[火电机组运行成本约束_10_88],1.0
cons[火电机组运行成本约束_10_89],1.0
cons[火电机组运行成本约束_10_90],1.0
cons[火电机组运行成本约束_10_91],1.0
cons[火电机组运行成本约束_10_92],1.0
cons[火电机组运行成本约束_10_93],1.0
cons[火电机组运行成本约束_10_94],1.0
cons[火电机组运行成本约束_10_95],1.0
cons[火电机组运行成本约束_11_0],1.0
cons[火电机组运行成本约束_11_1],1.0
cons[火电机组运行成本约束_11_2],1.0
cons[火电机组运行成本约束_11_3],1.0
cons[火电机组运行成本约束_11_4],1.0
cons[火电机组运行成本约束_11_5],1.0
cons[火电机组运行成本约束_11_6],1.0
cons[火电机组运行成本约束_11_7],1.0
cons[火电机组运行成本约束_11_8],1.0
cons[火电机组运行成本约束_11_9],1.0
cons[火电机组运行成本约束_11_10],1.0
cons[火电机组运行成本约束_11_11],1.0
cons[火电机组运行成本约束_11_12],1.0
cons[火电机组运行成本约束_11_13],1.0
cons[火电机组运行成本约束_11_14],1.0
cons[火电机组运行成本约束_11_15],1.0
cons[火电机组运行成本约束_11_16],1.0
cons[火电机组运行成本约束_11_17],1.0
cons[火电机组运行成本约束_11_18],1.0
cons[火电机组运行成本约束_11_19],1.0
cons[火电机组运行成本约束_11_20],1.0
cons[火电机组运行成本约束_11_21],1.0
cons[火电机组运行成本约束_11_22],1.0
cons[火电机组运行成本约束_11_23],1.0
cons[火电机组运行成本约束_11_24],1.0
cons[火电机组运行成本约束_11_25],1.0
cons[火电机组运行成本约束_11_26],1.0
cons[火电机组运行成本约束_11_27],1.0
cons[火电机组运行成本约束_11_28],1.0
cons[火电机组运行成本约束_11_29],1.0
cons[火电机组运行成本约束_11_30],1.0
cons[火电机组运行成本约束_11_31],1.0
cons[火电机组运行成本约束_11_32],1.0
cons[火电机组运行成本约束_11_33],1.0
cons[火电机组运行成本约束_11_34],1.0
cons[火电机组运行成本约束_11_35],1.0
cons[火电机组运行成本约束_11_36],1.0
cons[火电机组运行成本约束_11_37],1.0
cons[火电机组运行成本约束_11_38],1.0
cons[火电机组运行成本约束_11_39],1.0
cons[火电机组运行成本约束_11_40],1.0
cons[火电机组运行成本约束_11_41],1.0
cons[火电机组运行成本约束_11_42],1.0
cons[火电机组运行成本约束_11_43],1.0
cons[火电机组运行成本约束_11_44],1.0
cons[火电机组运行成本约束_11_45],1.0
cons[火电机组运行成本约束_11_46],1.0
cons[火电机组运行成本约束_11_47],1.0
cons[火电机组运行成本约束_11_48],1.0
cons[火电机组运行成本约束_11_49],1.0
cons[火电机组运行成本约束_11_50],1.0
cons[火电机组运行成本约束_11_51],1.0
cons[火电机组运行成本约束_11_52],1.0
cons[火电机组运行成本约束_11_53],1.0
cons[火电机组运行成本约束_11_54],1.0
cons[火电机组运行成本约束_11_55],1.0
cons[火电机组运行成本约束_11_56],1.0
cons[火电机组运行成本约束_11_57],1.0
cons[火电机组运行成本约束_11_58],1.0
cons[火电机组运行成本约束_11_59],1.0
cons[火电机组运行成本约束_11_60],1.0
cons[火电机组运行成本约束_11_61],1.0
cons[火电机组运行成本约束_11_62],1.0
cons[火电机组运行成本约束_11_63],1.0
cons[火电机组运行成本约束_11_64],1.0
cons[火电机组运行成本约束_11_65],1.0
cons[火电机组运行成本约束_11_66],1.0
cons[火电机组运行成本约束_11_67],1.0
cons[火电机组运行成本约束_11_68],1.0
cons[火电机组运行成本约束_11_69],1.0
cons[火电机组运行成本约束_11_70],1.0
cons[火电机组运行成本约束_11_71],1.0
cons[火电机组运行成本约束_11_72],1.0
cons[火电机组运行成本约束_11_73],1.0
cons[火电机组运行成本约束_11_74],1.0
cons[火电机组运行成本约束_11_75],1.0
cons[火电机组运行成本约束_11_76],1.0
cons[火电机组运行成本约束_11_77],1.0
cons[火电机组运行成本约束_11_78],1.0
cons[火电机组运行成本约束_11_79],1.0
cons[火电机组运行成本约束_11_80],1.0
cons[火电机组运行成本约束_11_81],1.0
cons[火电机组运行成本约束_11_82],1.0
cons[火电机组运行成本约束_11_83],1.0
cons[火电机组运行成本约束_11_84],1.0
cons[火电机组运行成本约束_11_85],1.0
cons[火电机组运行成本约束_11_86],1.0
cons[火电机组运行成本约束_11_87],1.0
cons[火电机组运行成本约束_11_88],1.0
cons[火电机组运行成本约束_11_89],1.0
cons[火电机组运行成本约束_11_90],1.0
cons[火电机组运行成本约束_11_91],1.0
cons[火电机组运行成本约束_11_92],1.0
cons[火电机组运行成本约束_11_93],1.0
cons[火电机组运行成本约束_11_94],1.0
cons[火电机组运行成本约束_11_95],1.0
cons[火电机组运行成本约束_12_0],1.0
cons[火电机组运行成本约束_12_1],1.0
cons[火电机组运行成本约束_12_2],1.0
cons[火电机组运行成本约束_12_3],1.0
cons[火电机组运行成本约束_12_4],1.0
cons[火电机组运行成本约束_12_5],1.0
cons[火电机组运行成本约束_12_6],1.0
cons[火电机组运行成本约束_12_7],1.0
cons[火电机组运行成本约束_12_8],1.0
cons[火电机组运行成本约束_12_9],1.0
cons[火电机组运行成本约束_12_10],1.0
cons[火电机组运行成本约束_12_11],1.0
cons[火电机组运行成本约束_12_12],1.0
cons[火电机组运行成本约束_12_13],1.0
cons[火电机组运行成本约束_12_14],1.0
cons[火电机组运行成本约束_12_15],1.0
cons[火电机组运行成本约束_12_16],1.0
cons[火电机组运行成本约束_12_17],1.0
cons[火电机组运行成本约束_12_18],1.0
cons[火电机组运行成本约束_12_19],1.0
cons[火电机组运行成本约束_12_20],1.0
cons[火电机组运行成本约束_12_21],1.0
cons[火电机组运行成本约束_12_22],1.0
cons[火电机组运行成本约束_12_23],1.0
cons[火电机组运行成本约束_12_24],1.0
cons[火电机组运行成本约束_12_25],1.0
cons[火电机组运行成本约束_12_26],1.0
cons[火电机组运行成本约束_12_27],1.0
cons[火电机组运行成本约束_12_28],1.0
cons[火电机组运行成本约束_12_29],1.0
cons[火电机组运行成本约束_12_30],1.0
cons[火电机组运行成本约束_12_31],1.0
cons[火电机组运行成本约束_12_32],1.0
cons[火电机组运行成本约束_12_33],1.0
cons[火电机组运行成本约束_12_34],1.0
cons[火电机组运行成本约束_12_35],1.0
cons[火电机组运行成本约束_12_36],1.0
cons[火电机组运行成本约束_12_37],1.0
cons[火电机组运行成本约束_12_38],1.0
cons[火电机组运行成本约束_12_39],1.0
cons[火电机组运行成本约束_12_40],1.0
cons[火电机组运行成本约束_12_41],1.0
cons[火电机组运行成本约束_12_42],1.0
cons[火电机组运行成本约束_12_43],1.0
cons[火电机组运行成本约束_12_44],1.0
cons[火电机组运行成本约束_12_45],1.0
cons[火电机组运行成本约束_12_46],1.0
cons[火电机组运行成本约束_12_47],1.0
cons[火电机组运行成本约束_12_48],1.0
cons[火电机组运行成本约束_12_49],1.0
cons[火电机组运行成本约束_12_50],1.0
cons[火电机组运行成本约束_12_51],1.0
cons[火电机组运行成本约束_12_52],1.0
cons[火电机组运行成本约束_12_53],1.0
cons[火电机组运行成本约束_12_54],1.0
cons[火电机组运行成本约束_12_55],1.0
cons[火电机组运行成本约束_12_56],1.0
cons[火电机组运行成本约束_12_57],1.0
cons[火电机组运行成本约束_12_58],1.0
cons[火电机组运行成本约束_12_59],1.0
cons[火电机组运行成本约束_12_60],1.0
cons[火电机组运行成本约束_12_61],1.0
cons[火电机组运行成本约束_12_62],1.0
cons[火电机组运行成本约束_12_63],1.0
cons[火电机组运行成本约束_12_64],1.0
cons[火电机组运行成本约束_12_65],1.0
cons[火电机组运行成本约束_12_66],1.0
cons[火电机组运行成本约束_12_67],1.0
cons[火电机组运行成本约束_12_68],1.0
cons[火电机组运行成本约束_12_69],1.0
cons[火电机组运行成本约束_12_70],1.0
cons[火电机组运行成本约束_12_71],1.0
cons[火电机组运行成本约束_12_72],1.0
cons[火电机组运行成本约束_12_73],1.0
cons[火电机组运行成本约束_12_74],1.0
cons[火电机组运行成本约束_12_75],1.0
cons[火电机组运行成本约束_12_76],1.0
cons[火电机组运行成本约束_12_77],1.0
cons[火电机组运行成本约束_12_78],1.0
cons[火电机组运行成本约束_12_79],1.0
cons[火电机组运行成本约束_12_80],1.0
cons[火电机组运行成本约束_12_81],1.0
cons[火电机组运行成本约束_12_82],1.0
cons[火电机组运行成本约束_12_83],1.0
cons[火电机组运行成本约束_12_84],1.0
cons[火电机组运行成本约束_12_85],1.0
cons[火电机组运行成本约束_12_86],1.0
cons[火电机组运行成本约束_12_87],1.0
cons[火电机组运行成本约束_12_88],1.0
cons[火电机组运行成本约束_12_89],1.0
cons[火电机组运行成本约束_12_90],1.0
cons[火电机组运行成本约束_12_91],1.0
cons[火电机组运行成本约束_12_92],1.0
cons[火电机组运行成本约束_12_93],1.0
cons[火电机组运行成本约束_12_94],1.0
cons[火电机组运行成本约束_12_95],1.0
cons[火电机组运行成本约束_13_0],1.0
cons[火电机组运行成本约束_13_1],1.0
cons[火电机组运行成本约束_13_2],1.0
cons[火电机组运行成本约束_13_3],1.0
cons[火电机组运行成本约束_13_4],1.0
cons[火电机组运行成本约束_13_5],1.0
cons[火电机组运行成本约束_13_6],1.0
cons[火电机组运行成本约束_13_7],1.0
cons[火电机组运行成本约束_13_8],1.0
cons[火电机组运行成本约束_13_9],1.0
cons[火电机组运行成本约束_13_10],1.0
cons[火电机组运行成本约束_13_11],1.0
cons[火电机组运行成本约束_13_12],1.0
cons[火电机组运行成本约束_13_13],1.0
cons[火电机组运行成本约束_13_14],1.0
cons[火电机组运行成本约束_13_15],1.0
cons[火电机组运行成本约束_13_16],1.0
cons[火电机组运行成本约束_13_17],1.0
cons[火电机组运行成本约束_13_18],1.0
cons[火电机组运行成本约束_13_19],1.0
cons[火电机组运行成本约束_13_20],1.0
cons[火电机组运行成本约束_13_21],1.0
cons[火电机组运行成本约束_13_22],1.0
cons[火电机组运行成本约束_13_23],1.0
cons[火电机组运行成本约束_13_24],1.0
cons[火电机组运行成本约束_13_25],1.0
cons[火电机组运行成本约束_13_26],1.0
cons[火电机组运行成本约束_13_27],1.0
cons[火电机组运行成本约束_13_28],1.0
cons[火电机组运行成本约束_13_29],1.0
cons[火电机组运行成本约束_13_30],1.0
cons[火电机组运行成本约束_13_31],1.0
cons[火电机组运行成本约束_13_32],1.0
cons[火电机组运行成本约束_13_33],1.0
cons[火电机组运行成本约束_13_34],1.0
cons[火电机组运行成本约束_13_35],1.0
cons[火电机组运行成本约束_13_36],1.0
cons[火电机组运行成本约束_13_37],1.0
cons[火电机组运行成本约束_13_38],1.0
cons[火电机组运行成本约束_13_39],1.0
cons[火电机组运行成本约束_13_40],1.0
cons[火电机组运行成本约束_13_41],1.0
cons[火电机组运行成本约束_13_42],1.0
cons[火电机组运行成本约束_13_43],1.0
cons[火电机组运行成本约束_13_44],1.0
cons[火电机组运行成本约束_13_45],1.0
cons[火电机组运行成本约束_13_46],1.0
cons[火电机组运行成本约束_13_47],1.0
cons[火电机组运行成本约束_13_48],1.0
cons[火电机组运行成本约束_13_49],1.0
cons[火电机组运行成本约束_13_50],1.0
cons[火电机组运行成本约束_13_51],1.0
cons[火电机组运行成本约束_13_52],1.0
cons[火电机组运行成本约束_13_53],1.0
cons[火电机组运行成本约束_13_54],1.0
cons[火电机组运行成本约束_13_55],1.0
cons[火电机组运行成本约束_13_56],1.0
cons[火电机组运行成本约束_13_57],1.0
cons[火电机组运行成本约束_13_58],1.0
cons[火电机组运行成本约束_13_59],1.0
cons[火电机组运行成本约束_13_60],1.0
cons[火电机组运行成本约束_13_61],1.0
cons[火电机组运行成本约束_13_62],1.0
cons[火电机组运行成本约束_13_63],1.0
cons[火电机组运行成本约束_13_64],1.0
cons[火电机组运行成本约束_13_65],1.0
cons[火电机组运行成本约束_13_66],1.0
cons[火电机组运行成本约束_13_67],1.0
cons[火电机组运行成本约束_13_68],1.0
cons[火电机组运行成本约束_13_69],1.0
cons[火电机组运行成本约束_13_70],1.0
cons[火电机组运行成本约束_13_71],1.0
cons[火电机组运行成本约束_13_72],1.0
cons[火电机组运行成本约束_13_73],1.0
cons[火电机组运行成本约束_13_74],1.0
cons[火电机组运行成本约束_13_75],1.0
cons[火电机组运行成本约束_13_76],1.0
cons[火电机组运行成本约束_13_77],1.0
cons[火电机组运行成本约束_13_78],1.0
cons[火电机组运行成本约束_13_79],1.0
cons[火电机组运行成本约束_13_80],1.0
cons[火电机组运行成本约束_13_81],1.0
cons[火电机组运行成本约束_13_82],1.0
cons[火电机组运行成本约束_13_83],1.0
cons[火电机组运行成本约束_13_84],1.0
cons[火电机组运行成本约束_13_85],1.0
cons[火电机组运行成本约束_13_86],1.0
cons[火电机组运行成本约束_13_87],1.0
cons[火电机组运行成本约束_13_88],1.0
cons[火电机组运行成本约束_13_89],1.0
cons[火电机组运行成本约束_13_90],1.0
cons[火电机组运行成本约束_13_91],1.0
cons[火电机组运行成本约束_13_92],1.0
cons[火电机组运行成本约束_13_93],1.0
cons[火电机组运行成本约束_13_94],1.0
cons[火电机组运行成本约束_13_95],1.0
cons[火电机组运行成本约束_14_0],1.0
cons[火电机组运行成本约束_14_1],1.0
cons[火电机组运行成本约束_14_2],1.0
cons[火电机组运行成本约束_14_3],1.0
cons[火电机组运行成本约束_14_4],1.0
cons[火电机组运行成本约束_14_5],1.0
cons[火电机组运行成本约束_14_6],1.0
cons[火电机组运行成本约束_14_7],1.0
cons[火电机组运行成本约束_14_8],1.0
cons[火电机组运行成本约束_14_9],1.0
cons[火电机组运行成本约束_14_10],1.0
cons[火电机组运行成本约束_14_11],1.0
cons[火电机组运行成本约束_14_12],1.0
cons[火电机组运行成本约束_14_13],1.0
cons[火电机组运行成本约束_14_14],1.0
cons[火电机组运行成本约束_14_15],1.0
cons[火电机组运行成本约束_14_16],1.0
cons[火电机组运行成本约束_14_17],1.0
cons[火电机组运行成本约束_14_18],1.0
cons[火电机组运行成本约束_14_19],1.0
cons[火电机组运行成本约束_14_20],1.0
cons[火电机组运行成本约束_14_21],1.0
cons[火电机组运行成本约束_14_22],1.0
cons[火电机组运行成本约束_14_23],1.0
cons[火电机组运行成本约束_14_24],1.0
cons[火电机组运行成本约束_14_25],1.0
cons[火电机组运行成本约束_14_26],1.0
cons[火电机组运行成本约束_14_27],1.0
cons[火电机组运行成本约束_14_28],1.0
cons[火电机组运行成本约束_14_29],1.0
cons[火电机组运行成本约束_14_30],1.0
cons[火电机组运行成本约束_14_31],1.0
cons[火电机组运行成本约束_14_32],1.0
cons[火电机组运行成本约束_14_33],1.0
cons[火电机组运行成本约束_14_34],1.0
cons[火电机组运行成本约束_14_35],1.0
cons[火电机组运行成本约束_14_36],1.0
cons[火电机组运行成本约束_14_37],1.0
cons[火电机组运行成本约束_14_38],1.0
cons[火电机组运行成本约束_14_39],1.0
cons[火电机组运行成本约束_14_40],1.0
cons[火电机组运行成本约束_14_41],1.0
cons[火电机组运行成本约束_14_42],1.0
cons[火电机组运行成本约束_14_43],1.0
cons[火电机组运行成本约束_14_44],1.0
cons[火电机组运行成本约束_14_45],1.0
cons[火电机组运行成本约束_14_46],1.0
cons[火电机组运行成本约束_14_47],1.0
cons[火电机组运行成本约束_14_48],1.0
cons[火电机组运行成本约束_14_49],1.0
cons[火电机组运行成本约束_14_50],1.0
cons[火电机组运行成本约束_14_51],1.0
cons[火电机组运行成本约束_14_52],1.0
cons[火电机组运行成本约束_14_53],1.0
cons[火电机组运行成本约束_14_54],1.0
cons[火电机组运行成本约束_14_55],1.0
cons[火电机组运行成本约束_14_56],1.0
cons[火电机组运行成本约束_14_57],1.0
cons[火电机组运行成本约束_14_58],1.0
cons[火电机组运行成本约束_14_59],1.0
cons[火电机组运行成本约束_14_60],1.0
cons[火电机组运行成本约束_14_61],1.0
cons[火电机组运行成本约束_14_62],1.0
cons[火电机组运行成本约束_14_63],1.0
cons[火电机组运行成本约束_14_64],1.0
cons[火电机组运行成本约束_14_65],1.0
cons[火电机组运行成本约束_14_66],1.0
cons[火电机组运行成本约束_14_67],1.0
cons[火电机组运行成本约束_14_68],1.0
cons[火电机组运行成本约束_14_69],1.0
cons[火电机组运行成本约束_14_70],1.0
cons[火电机组运行成本约束_14_71],1.0
cons[火电机组运行成本约束_14_72],1.0
cons[火电机组运行成本约束_14_73],1.0
cons[火电机组运行成本约束_14_74],1.0
cons[火电机组运行成本约束_14_75],1.0
cons[火电机组运行成本约束_14_76],1.0
cons[火电机组运行成本约束_14_77],1.0
cons[火电机组运行成本约束_14_78],1.0
cons[火电机组运行成本约束_14_79],1.0
cons[火电机组运行成本约束_14_80],1.0
cons[火电机组运行成本约束_14_81],1.0
cons[火电机组运行成本约束_14_82],1.0
cons[火电机组运行成本约束_14_83],1.0
cons[火电机组运行成本约束_14_84],1.0
cons[火电机组运行成本约束_14_85],1.0
cons[火电机组运行成本约束_14_86],1.0
cons[火电机组运行成本约束_14_87],1.0
cons[火电机组运行成本约束_14_88],1.0
cons[火电机组运行成本约束_14_89],1.0
cons[火电机组运行成本约束_14_90],1.0
cons[火电机组运行成本约束_14_91],1.0
cons[火电机组运行成本约束_14_92],1.0
cons[火电机组运行成本约束_14_93],1.0
cons[火电机组运行成本约束_14_94],1.0
cons[火电机组运行成本约束_14_95],1.0
cons[火电机组运行成本约束_15_0],1.0
cons[火电机组运行成本约束_15_1],1.0
cons[火电机组运行成本约束_15_2],1.0
cons[火电机组运行成本约束_15_3],1.0
cons[火电机组运行成本约束_15_4],1.0
cons[火电机组运行成本约束_15_5],1.0
cons[火电机组运行成本约束_15_6],1.0
cons[火电机组运行成本约束_15_7],1.0
cons[火电机组运行成本约束_15_8],1.0
cons[火电机组运行成本约束_15_9],1.0
cons[火电机组运行成本约束_15_10],1.0
cons[火电机组运行成本约束_15_11],1.0
cons[火电机组运行成本约束_15_12],1.0
cons[火电机组运行成本约束_15_13],1.0
cons[火电机组运行成本约束_15_14],1.0
cons[火电机组运行成本约束_15_15],1.0
cons[火电机组运行成本约束_15_16],1.0
cons[火电机组运行成本约束_15_17],1.0
cons[火电机组运行成本约束_15_18],1.0
cons[火电机组运行成本约束_15_19],1.0
cons[火电机组运行成本约束_15_20],1.0
cons[火电机组运行成本约束_15_21],1.0
cons[火电机组运行成本约束_15_22],1.0
cons[火电机组运行成本约束_15_23],1.0
cons[火电机组运行成本约束_15_24],1.0
cons[火电机组运行成本约束_15_25],1.0
cons[火电机组运行成本约束_15_26],1.0
cons[火电机组运行成本约束_15_27],1.0
cons[火电机组运行成本约束_15_28],1.0
cons[火电机组运行成本约束_15_29],1.0
cons[火电机组运行成本约束_15_30],1.0
cons[火电机组运行成本约束_15_31],1.0
cons[火电机组运行成本约束_15_32],1.0
cons[火电机组运行成本约束_15_33],1.0
cons[火电机组运行成本约束_15_34],1.0
cons[火电机组运行成本约束_15_35],1.0
cons[火电机组运行成本约束_15_36],1.0
cons[火电机组运行成本约束_15_37],1.0
cons[火电机组运行成本约束_15_38],1.0
cons[火电机组运行成本约束_15_39],1.0
cons[火电机组运行成本约束_15_40],1.0
cons[火电机组运行成本约束_15_41],1.0
cons[火电机组运行成本约束_15_42],1.0
cons[火电机组运行成本约束_15_43],1.0
cons[火电机组运行成本约束_15_44],1.0
cons[火电机组运行成本约束_15_45],1.0
cons[火电机组运行成本约束_15_46],1.0
cons[火电机组运行成本约束_15_47],1.0
cons[火电机组运行成本约束_15_48],1.0
cons[火电机组运行成本约束_15_49],1.0
cons[火电机组运行成本约束_15_50],1.0
cons[火电机组运行成本约束_15_51],1.0
cons[火电机组运行成本约束_15_52],1.0
cons[火电机组运行成本约束_15_53],1.0
cons[火电机组运行成本约束_15_54],1.0
cons[火电机组运行成本约束_15_55],1.0
cons[火电机组运行成本约束_15_56],1.0
cons[火电机组运行成本约束_15_57],1.0
cons[火电机组运行成本约束_15_58],1.0
cons[火电机组运行成本约束_15_59],1.0
cons[火电机组运行成本约束_15_60],1.0
cons[火电机组运行成本约束_15_61],1.0
cons[火电机组运行成本约束_15_62],1.0
cons[火电机组运行成本约束_15_63],1.0
cons[火电机组运行成本约束_15_64],1.0
cons[火电机组运行成本约束_15_65],1.0
cons[火电机组运行成本约束_15_66],1.0
cons[火电机组运行成本约束_15_67],1.0
cons[火电机组运行成本约束_15_68],1.0
cons[火电机组运行成本约束_15_69],1.0
cons[火电机组运行成本约束_15_70],1.0
cons[火电机组运行成本约束_15_71],1.0
cons[火电机组运行成本约束_15_72],1.0
cons[火电机组运行成本约束_15_73],1.0
cons[火电机组运行成本约束_15_74],1.0
cons[火电机组运行成本约束_15_75],1.0
cons[火电机组运行成本约束_15_76],1.0
cons[火电机组运行成本约束_15_77],1.0
cons[火电机组运行成本约束_15_78],1.0
cons[火电机组运行成本约束_15_79],1.0
cons[火电机组运行成本约束_15_80],1.0
cons[火电机组运行成本约束_15_81],1.0
cons[火电机组运行成本约束_15_82],1.0
cons[火电机组运行成本约束_15_83],1.0
cons[火电机组运行成本约束_15_84],1.0
cons[火电机组运行成本约束_15_85],1.0
cons[火电机组运行成本约束_15_86],1.0
cons[火电机组运行成本约束_15_87],1.0
cons[火电机组运行成本约束_15_88],1.0
cons[火电机组运行成本约束_15_89],1.0
cons[火电机组运行成本约束_15_90],1.0
cons[火电机组运行成本约束_15_91],1.0
cons[火电机组运行成本约束_15_92],1.0
cons[火电机组运行成本约束_15_93],1.0
cons[火电机组运行成本约束_15_94],1.0
cons[火电机组运行成本约束_15_95],1.0
cons[火电机组运行成本约束_16_0],1.0
cons[火电机组运行成本约束_16_1],1.0
cons[火电机组运行成本约束_16_2],1.0
cons[火电机组运行成本约束_16_3],1.0
cons[火电机组运行成本约束_16_4],1.0
cons[火电机组运行成本约束_16_5],1.0
cons[火电机组运行成本约束_16_6],1.0
cons[火电机组运行成本约束_16_7],1.0
cons[火电机组运行成本约束_16_8],1.0
cons[火电机组运行成本约束_16_9],1.0
cons[火电机组运行成本约束_16_10],1.0
cons[火电机组运行成本约束_16_11],1.0
cons[火电机组运行成本约束_16_12],1.0
cons[火电机组运行成本约束_16_13],1.0
cons[火电机组运行成本约束_16_14],1.0
cons[火电机组运行成本约束_16_15],1.0
cons[火电机组运行成本约束_16_16],1.0
cons[火电机组运行成本约束_16_17],1.0
cons[火电机组运行成本约束_16_18],1.0
cons[火电机组运行成本约束_16_19],1.0
cons[火电机组运行成本约束_16_20],1.0
cons[火电机组运行成本约束_16_21],1.0
cons[火电机组运行成本约束_16_22],1.0
cons[火电机组运行成本约束_16_23],1.0
cons[火电机组运行成本约束_16_24],1.0
cons[火电机组运行成本约束_16_25],1.0
cons[火电机组运行成本约束_16_26],1.0
cons[火电机组运行成本约束_16_27],1.0
cons[火电机组运行成本约束_16_28],1.0
cons[火电机组运行成本约束_16_29],1.0
cons[火电机组运行成本约束_16_30],1.0
cons[火电机组运行成本约束_16_31],1.0
cons[火电机组运行成本约束_16_32],1.0
cons[火电机组运行成本约束_16_33],1.0
cons[火电机组运行成本约束_16_34],1.0
cons[火电机组运行成本约束_16_35],1.0
cons[火电机组运行成本约束_16_36],1.0
cons[火电机组运行成本约束_16_37],1.0
cons[火电机组运行成本约束_16_38],1.0
cons[火电机组运行成本约束_16_39],1.0
cons[火电机组运行成本约束_16_40],1.0
cons[火电机组运行成本约束_16_41],1.0
cons[火电机组运行成本约束_16_42],1.0
cons[火电机组运行成本约束_16_43],1.0
cons[火电机组运行成本约束_16_44],1.0
cons[火电机组运行成本约束_16_45],1.0
cons[火电机组运行成本约束_16_46],1.0
cons[火电机组运行成本约束_16_47],1.0
cons[火电机组运行成本约束_16_48],1.0
cons[火电机组运行成本约束_16_49],1.0
cons[火电机组运行成本约束_16_50],1.0
cons[火电机组运行成本约束_16_51],1.0
cons[火电机组运行成本约束_16_52],1.0
cons[火电机组运行成本约束_16_53],1.0
cons[火电机组运行成本约束_16_54],1.0
cons[火电机组运行成本约束_16_55],1.0
cons[火电机组运行成本约束_16_56],1.0
cons[火电机组运行成本约束_16_57],1.0
cons[火电机组运行成本约束_16_58],1.0
cons[火电机组运行成本约束_16_59],1.0
cons[火电机组运行成本约束_16_60],1.0
cons[火电机组运行成本约束_16_61],1.0
cons[火电机组运行成本约束_16_62],1.0
cons[火电机组运行成本约束_16_63],1.0
cons[火电机组运行成本约束_16_64],1.0
cons[火电机组运行成本约束_16_65],1.0
cons[火电机组运行成本约束_16_66],1.0
cons[火电机组运行成本约束_16_67],1.0
cons[火电机组运行成本约束_16_68],1.0
cons[火电机组运行成本约束_16_69],1.0
cons[火电机组运行成本约束_16_70],1.0
cons[火电机组运行成本约束_16_71],1.0
cons[火电机组运行成本约束_16_72],1.0
cons[火电机组运行成本约束_16_73],1.0
cons[火电机组运行成本约束_16_74],1.0
cons[火电机组运行成本约束_16_75],1.0
cons[火电机组运行成本约束_16_76],1.0
cons[火电机组运行成本约束_16_77],1.0
cons[火电机组运行成本约束_16_78],1.0
cons[火电机组运行成本约束_16_79],1.0
cons[火电机组运行成本约束_16_80],1.0
cons[火电机组运行成本约束_16_81],1.0
cons[火电机组运行成本约束_16_82],1.0
cons[火电机组运行成本约束_16_83],1.0
cons[火电机组运行成本约束_16_84],1.0
cons[火电机组运行成本约束_16_85],1.0
cons[火电机组运行成本约束_16_86],1.0
cons[火电机组运行成本约束_16_87],1.0
cons[火电机组运行成本约束_16_88],1.0
cons[火电机组运行成本约束_16_89],1.0
cons[火电机组运行成本约束_16_90],1.0
cons[火电机组运行成本约束_16_91],1.0
cons[火电机组运行成本约束_16_92],1.0
cons[火电机组运行成本约束_16_93],1.0
cons[火电机组运行成本约束_16_94],1.0
cons[火电机组运行成本约束_16_95],1.0
cons[火电机组运行成本约束_17_0],1.0
cons[火电机组运行成本约束_17_1],1.0
cons[火电机组运行成本约束_17_2],1.0
cons[火电机组运行成本约束_17_3],1.0
cons[火电机组运行成本约束_17_4],1.0
cons[火电机组运行成本约束_17_5],1.0
cons[火电机组运行成本约束_17_6],1.0
cons[火电机组运行成本约束_17_7],1.0
cons[火电机组运行成本约束_17_8],1.0
cons[火电机组运行成本约束_17_9],1.0
cons[火电机组运行成本约束_17_10],1.0
cons[火电机组运行成本约束_17_11],1.0
cons[火电机组运行成本约束_17_12],1.0
cons[火电机组运行成本约束_17_13],1.0
cons[火电机组运行成本约束_17_14],1.0
cons[火电机组运行成本约束_17_15],1.0
cons[火电机组运行成本约束_17_16],1.0
cons[火电机组运行成本约束_17_17],1.0
cons[火电机组运行成本约束_17_18],1.0
cons[火电机组运行成本约束_17_19],1.0
cons[火电机组运行成本约束_17_20],1.0
cons[火电机组运行成本约束_17_21],1.0
cons[火电机组运行成本约束_17_22],1.0
cons[火电机组运行成本约束_17_23],1.0
cons[火电机组运行成本约束_17_24],1.0
cons[火电机组运行成本约束_17_25],1.0
cons[火电机组运行成本约束_17_26],1.0
cons[火电机组运行成本约束_17_27],1.0
cons[火电机组运行成本约束_17_28],1.0
cons[火电机组运行成本约束_17_29],1.0
cons[火电机组运行成本约束_17_30],1.0
cons[火电机组运行成本约束_17_31],1.0
cons[火电机组运行成本约束_17_32],1.0
cons[火电机组运行成本约束_17_33],1.0
cons[火电机组运行成本约束_17_34],1.0
cons[火电机组运行成本约束_17_35],1.0
cons[火电机组运行成本约束_17_36],1.0
cons[火电机组运行成本约束_17_37],1.0
cons[火电机组运行成本约束_17_38],1.0
cons[火电机组运行成本约束_17_39],1.0
cons[火电机组运行成本约束_17_40],1.0
cons[火电机组运行成本约束_17_41],1.0
cons[火电机组运行成本约束_17_42],1.0
cons[火电机组运行成本约束_17_43],1.0
cons[火电机组运行成本约束_17_44],1.0
cons[火电机组运行成本约束_17_45],1.0
cons[火电机组运行成本约束_17_46],1.0
cons[火电机组运行成本约束_17_47],1.0
cons[火电机组运行成本约束_17_48],1.0
cons[火电机组运行成本约束_17_49],1.0
cons[火电机组运行成本约束_17_50],1.0
cons[火电机组运行成本约束_17_51],1.0
cons[火电机组运行成本约束_17_52],1.0
cons[火电机组运行成本约束_17_53],1.0
cons[火电机组运行成本约束_17_54],1.0
cons[火电机组运行成本约束_17_55],1.0
cons[火电机组运行成本约束_17_56],1.0
cons[火电机组运行成本约束_17_57],1.0
cons[火电机组运行成本约束_17_58],1.0
cons[火电机组运行成本约束_17_59],1.0
cons[火电机组运行成本约束_17_60],1.0
cons[火电机组运行成本约束_17_61],1.0
cons[火电机组运行成本约束_17_62],1.0
cons[火电机组运行成本约束_17_63],1.0
cons[火电机组运行成本约束_17_64],1.0
cons[火电机组运行成本约束_17_65],1.0
cons[火电机组运行成本约束_17_66],1.0
cons[火电机组运行成本约束_17_67],1.0
cons[火电机组运行成本约束_17_68],1.0
cons[火电机组运行成本约束_17_69],1.0
cons[火电机组运行成本约束_17_70],1.0
cons[火电机组运行成本约束_17_71],1.0
cons[火电机组运行成本约束_17_72],1.0
cons[火电机组运行成本约束_17_73],1.0
cons[火电机组运行成本约束_17_74],1.0
cons[火电机组运行成本约束_17_75],1.0
cons[火电机组运行成本约束_17_76],1.0
cons[火电机组运行成本约束_17_77],1.0
cons[火电机组运行成本约束_17_78],1.0
cons[火电机组运行成本约束_17_79],1.0
cons[火电机组运行成本约束_17_80],1.0
cons[火电机组运行成本约束_17_81],1.0
cons[火电机组运行成本约束_17_82],1.0
cons[火电机组运行成本约束_17_83],1.0
cons[火电机组运行成本约束_17_84],1.0
cons[火电机组运行成本约束_17_85],1.0
cons[火电机组运行成本约束_17_86],1.0
cons[火电机组运行成本约束_17_87],1.0
cons[火电机组运行成本约束_17_88],1.0
cons[火电机组运行成本约束_17_89],1.0
cons[火电机组运行成本约束_17_90],1.0
cons[火电机组运行成本约束_17_91],1.0
cons[火电机组运行成本约束_17_92],1.0
cons[火电机组运行成本约束_17_93],1.0
cons[火电机组运行成本约束_17_94],1.0
cons[火电机组运行成本约束_17_95],1.0
cons[火电机组运行成本约束_18_0],1.0
cons[火电机组运行成本约束_18_1],1.0
cons[火电机组运行成本约束_18_2],1.0
cons[火电机组运行成本约束_18_3],1.0
cons[火电机组运行成本约束_18_4],1.0
cons[火电机组运行成本约束_18_5],1.0
cons[火电机组运行成本约束_18_6],1.0
cons[火电机组运行成本约束_18_7],1.0
cons[火电机组运行成本约束_18_8],1.0
cons[火电机组运行成本约束_18_9],1.0
cons[火电机组运行成本约束_18_10],1.0
cons[火电机组运行成本约束_18_11],1.0
cons[火电机组运行成本约束_18_12],1.0
cons[火电机组运行成本约束_18_13],1.0
cons[火电机组运行成本约束_18_14],1.0
cons[火电机组运行成本约束_18_15],1.0
cons[火电机组运行成本约束_18_16],1.0
cons[火电机组运行成本约束_18_17],1.0
cons[火电机组运行成本约束_18_18],1.0
cons[火电机组运行成本约束_18_19],1.0
cons[火电机组运行成本约束_18_20],1.0
cons[火电机组运行成本约束_18_21],1.0
cons[火电机组运行成本约束_18_22],1.0
cons[火电机组运行成本约束_18_23],1.0
cons[火电机组运行成本约束_18_24],1.0
cons[火电机组运行成本约束_18_25],1.0
cons[火电机组运行成本约束_18_26],1.0
cons[火电机组运行成本约束_18_27],1.0
cons[火电机组运行成本约束_18_28],1.0
cons[火电机组运行成本约束_18_29],1.0
cons[火电机组运行成本约束_18_30],1.0
cons[火电机组运行成本约束_18_31],1.0
cons[火电机组运行成本约束_18_32],1.0
cons[火电机组运行成本约束_18_33],1.0
cons[火电机组运行成本约束_18_34],1.0
cons[火电机组运行成本约束_18_35],1.0
cons[火电机组运行成本约束_18_36],1.0
cons[火电机组运行成本约束_18_37],1.0
cons[火电机组运行成本约束_18_38],1.0
cons[火电机组运行成本约束_18_39],1.0
cons[火电机组运行成本约束_18_40],1.0
cons[火电机组运行成本约束_18_41],1.0
cons[火电机组运行成本约束_18_42],1.0
cons[火电机组运行成本约束_18_43],1.0
cons[火电机组运行成本约束_18_44],1.0
cons[火电机组运行成本约束_18_45],1.0
cons[火电机组运行成本约束_18_46],1.0
cons[火电机组运行成本约束_18_47],1.0
cons[火电机组运行成本约束_18_48],1.0
cons[火电机组运行成本约束_18_49],1.0
cons[火电机组运行成本约束_18_50],1.0
cons[火电机组运行成本约束_18_51],1.0
cons[火电机组运行成本约束_18_52],1.0
cons[火电机组运行成本约束_18_53],1.0
cons[火电机组运行成本约束_18_54],1.0
cons[火电机组运行成本约束_18_55],1.0
cons[火电机组运行成本约束_18_56],1.0
cons[火电机组运行成本约束_18_57],1.0
cons[火电机组运行成本约束_18_58],1.0
cons[火电机组运行成本约束_18_59],1.0
cons[火电机组运行成本约束_18_60],1.0
cons[火电机组运行成本约束_18_61],1.0
cons[火电机组运行成本约束_18_62],1.0
cons[火电机组运行成本约束_18_63],1.0
cons[火电机组运行成本约束_18_64],1.0
cons[火电机组运行成本约束_18_65],1.0
cons[火电机组运行成本约束_18_66],1.0
cons[火电机组运行成本约束_18_67],1.0
cons[火电机组运行成本约束_18_68],1.0
cons[火电机组运行成本约束_18_69],1.0
cons[火电机组运行成本约束_18_70],1.0
cons[火电机组运行成本约束_18_71],1.0
cons[火电机组运行成本约束_18_72],1.0
cons[火电机组运行成本约束_18_73],1.0
cons[火电机组运行成本约束_18_74],1.0
cons[火电机组运行成本约束_18_75],1.0
cons[火电机组运行成本约束_18_76],1.0
cons[火电机组运行成本约束_18_77],1.0
cons[火电机组运行成本约束_18_78],1.0
cons[火电机组运行成本约束_18_79],1.0
cons[火电机组运行成本约束_18_80],1.0
cons[火电机组运行成本约束_18_81],1.0
cons[火电机组运行成本约束_18_82],1.0
cons[火电机组运行成本约束_18_83],1.0
cons[火电机组运行成本约束_18_84],1.0
cons[火电机组运行成本约束_18_85],1.0
cons[火电机组运行成本约束_18_86],1.0
cons[火电机组运行成本约束_18_87],1.0
cons[火电机组运行成本约束_18_88],1.0
cons[火电机组运行成本约束_18_89],1.0
cons[火电机组运行成本约束_18_90],1.0
cons[火电机组运行成本约束_18_91],1.0
cons[火电机组运行成本约束_18_92],1.0
cons[火电机组运行成本约束_18_93],1.0
cons[火电机组运行成本约束_18_94],1.0
cons[火电机组运行成本约束_18_95],1.0
cons[火电机组运行成本约束_19_0],1.0
cons[火电机组运行成本约束_19_1],1.0
cons[火电机组运行成本约束_19_2],1.0
cons[火电机组运行成本约束_19_3],1.0
cons[火电机组运行成本约束_19_4],1.0
cons[火电机组运行成本约束_19_5],1.0
cons[火电机组运行成本约束_19_6],1.0
cons[火电机组运行成本约束_19_7],1.0
cons[火电机组运行成本约束_19_8],1.0
cons[火电机组运行成本约束_19_9],1.0
cons[火电机组运行成本约束_19_10],1.0
cons[火电机组运行成本约束_19_11],1.0
cons[火电机组运行成本约束_19_12],1.0
cons[火电机组运行成本约束_19_13],1.0
cons[火电机组运行成本约束_19_14],1.0
cons[火电机组运行成本约束_19_15],1.0
cons[火电机组运行成本约束_19_16],1.0
cons[火电机组运行成本约束_19_17],1.0
cons[火电机组运行成本约束_19_18],1.0
cons[火电机组运行成本约束_19_19],1.0
cons[火电机组运行成本约束_19_20],1.0
cons[火电机组运行成本约束_19_21],1.0
cons[火电机组运行成本约束_19_22],1.0
cons[火电机组运行成本约束_19_23],1.0
cons[火电机组运行成本约束_19_24],1.0
cons[火电机组运行成本约束_19_25],1.0
cons[火电机组运行成本约束_19_26],1.0
cons[火电机组运行成本约束_19_27],1.0
cons[火电机组运行成本约束_19_28],1.0
cons[火电机组运行成本约束_19_29],1.0
cons[火电机组运行成本约束_19_30],1.0
cons[火电机组运行成本约束_19_31],1.0
cons[火电机组运行成本约束_19_32],1.0
cons[火电机组运行成本约束_19_33],1.0
cons[火电机组运行成本约束_19_34],1.0
cons[火电机组运行成本约束_19_35],1.0
cons[火电机组运行成本约束_19_36],1.0
cons[火电机组运行成本约束_19_37],1.0
cons[火电机组运行成本约束_19_38],1.0
cons[火电机组运行成本约束_19_39],1.0
cons[火电机组运行成本约束_19_40],1.0
cons[火电机组运行成本约束_19_41],1.0
cons[火电机组运行成本约束_19_42],1.0
cons[火电机组运行成本约束_19_43],1.0
cons[火电机组运行成本约束_19_44],1.0
cons[火电机组运行成本约束_19_45],1.0
cons[火电机组运行成本约束_19_46],1.0
cons[火电机组运行成本约束_19_47],1.0
cons[火电机组运行成本约束_19_48],1.0
cons[火电机组运行成本约束_19_49],1.0
cons[火电机组运行成本约束_19_50],1.0
cons[火电机组运行成本约束_19_51],1.0
cons[火电机组运行成本约束_19_52],1.0
cons[火电机组运行成本约束_19_53],1.0
cons[火电机组运行成本约束_19_54],1.0
cons[火电机组运行成本约束_19_55],1.0
cons[火电机组运行成本约束_19_56],1.0
cons[火电机组运行成本约束_19_57],1.0
cons[火电机组运行成本约束_19_58],1.0
cons[火电机组运行成本约束_19_59],1.0
cons[火电机组运行成本约束_19_60],1.0
cons[火电机组运行成本约束_19_61],1.0
cons[火电机组运行成本约束_19_62],1.0
cons[火电机组运行成本约束_19_63],1.0
cons[火电机组运行成本约束_19_64],1.0
cons[火电机组运行成本约束_19_65],1.0
cons[火电机组运行成本约束_19_66],1.0
cons[火电机组运行成本约束_19_67],1.0
cons[火电机组运行成本约束_19_68],1.0
cons[火电机组运行成本约束_19_69],1.0
cons[火电机组运行成本约束_19_70],1.0
cons[火电机组运行成本约束_19_71],1.0
cons[火电机组运行成本约束_19_72],1.0
cons[火电机组运行成本约束_19_73],1.0
cons[火电机组运行成本约束_19_74],1.0
cons[火电机组运行成本约束_19_75],1.0
cons[火电机组运行成本约束_19_76],1.0
cons[火电机组运行成本约束_19_77],1.0
cons[火电机组运行成本约束_19_78],1.0
cons[火电机组运行成本约束_19_79],1.0
cons[火电机组运行成本约束_19_80],1.0
cons[火电机组运行成本约束_19_81],1.0
cons[火电机组运行成本约束_19_82],1.0
cons[火电机组运行成本约束_19_83],1.0
cons[火电机组运行成本约束_19_84],1.0
cons[火电机组运行成本约束_19_85],1.0
cons[火电机组运行成本约束_19_86],1.0
cons[火电机组运行成本约束_19_87],1.0
cons[火电机组运行成本约束_19_88],1.0
cons[火电机组运行成本约束_19_89],1.0
cons[火电机组运行成本约束_19_90],1.0
cons[火电机组运行成本约束_19_91],1.0
cons[火电机组运行成本约束_19_92],1.0
cons[火电机组运行成本约束_19_93],1.0
cons[火电机组运行成本约束_19_94],1.0
cons[火电机组运行成本约束_19_95],1.0
cons[火电机组运行成本约束_20_0],1.0
cons[火电机组运行成本约束_20_1],1.0
cons[火电机组运行成本约束_20_2],1.0
cons[火电机组运行成本约束_20_3],1.0
cons[火电机组运行成本约束_20_4],1.0
cons[火电机组运行成本约束_20_5],1.0
cons[火电机组运行成本约束_20_6],1.0
cons[火电机组运行成本约束_20_7],1.0
cons[火电机组运行成本约束_20_8],1.0
cons[火电机组运行成本约束_20_9],1.0
cons[火电机组运行成本约束_20_10],1.0
cons[火电机组运行成本约束_20_11],1.0
cons[火电机组运行成本约束_20_12],1.0
cons[火电机组运行成本约束_20_13],1.0
cons[火电机组运行成本约束_20_14],1.0
cons[火电机组运行成本约束_20_15],1.0
cons[火电机组运行成本约束_20_16],1.0
cons[火电机组运行成本约束_20_17],1.0
cons[火电机组运行成本约束_20_18],1.0
cons[火电机组运行成本约束_20_19],1.0
cons[火电机组运行成本约束_20_20],1.0
cons[火电机组运行成本约束_20_21],1.0
cons[火电机组运行成本约束_20_22],1.0
cons[火电机组运行成本约束_20_23],1.0
cons[火电机组运行成本约束_20_24],1.0
cons[火电机组运行成本约束_20_25],1.0
cons[火电机组运行成本约束_20_26],1.0
cons[火电机组运行成本约束_20_27],1.0
cons[火电机组运行成本约束_20_28],1.0
cons[火电机组运行成本约束_20_29],1.0
cons[火电机组运行成本约束_20_30],1.0
cons[火电机组运行成本约束_20_31],1.0
cons[火电机组运行成本约束_20_32],1.0
cons[火电机组运行成本约束_20_33],1.0
cons[火电机组运行成本约束_20_34],1.0
cons[火电机组运行成本约束_20_35],1.0
cons[火电机组运行成本约束_20_36],1.0
cons[火电机组运行成本约束_20_37],1.0
cons[火电机组运行成本约束_20_38],1.0
cons[火电机组运行成本约束_20_39],1.0
cons[火电机组运行成本约束_20_40],1.0
cons[火电机组运行成本约束_20_41],1.0
cons[火电机组运行成本约束_20_42],1.0
cons[火电机组运行成本约束_20_43],1.0
cons[火电机组运行成本约束_20_44],1.0
cons[火电机组运行成本约束_20_45],1.0
cons[火电机组运行成本约束_20_46],1.0
cons[火电机组运行成本约束_20_47],1.0
cons[火电机组运行成本约束_20_48],1.0
cons[火电机组运行成本约束_20_49],1.0
cons[火电机组运行成本约束_20_50],1.0
cons[火电机组运行成本约束_20_51],1.0
cons[火电机组运行成本约束_20_52],1.0
cons[火电机组运行成本约束_20_53],1.0
cons[火电机组运行成本约束_20_54],1.0
cons[火电机组运行成本约束_20_55],1.0
cons[火电机组运行成本约束_20_56],1.0
cons[火电机组运行成本约束_20_57],1.0
cons[火电机组运行成本约束_20_58],1.0
cons[火电机组运行成本约束_20_59],1.0
cons[火电机组运行成本约束_20_60],1.0
cons[火电机组运行成本约束_20_61],1.0
cons[火电机组运行成本约束_20_62],1.0
cons[火电机组运行成本约束_20_63],1.0
cons[火电机组运行成本约束_20_64],1.0
cons[火电机组运行成本约束_20_65],1.0
cons[火电机组运行成本约束_20_66],1.0
cons[火电机组运行成本约束_20_67],1.0
cons[火电机组运行成本约束_20_68],1.0
cons[火电机组运行成本约束_20_69],1.0
cons[火电机组运行成本约束_20_70],1.0
cons[火电机组运行成本约束_20_71],1.0
cons[火电机组运行成本约束_20_72],1.0
cons[火电机组运行成本约束_20_73],1.0
cons[火电机组运行成本约束_20_74],1.0
cons[火电机组运行成本约束_20_75],1.0
cons[火电机组运行成本约束_20_76],1.0
cons[火电机组运行成本约束_20_77],1.0
cons[火电机组运行成本约束_20_78],1.0
cons[火电机组运行成本约束_20_79],1.0
cons[火电机组运行成本约束_20_80],1.0
cons[火电机组运行成本约束_20_81],1.0
cons[火电机组运行成本约束_20_82],1.0
cons[火电机组运行成本约束_20_83],1.0
cons[火电机组运行成本约束_20_84],1.0
cons[火电机组运行成本约束_20_85],1.0
cons[火电机组运行成本约束_20_86],1.0
cons[火电机组运行成本约束_20_87],1.0
cons[火电机组运行成本约束_20_88],1.0
cons[火电机组运行成本约束_20_89],1.0
cons[火电机组运行成本约束_20_90],1.0
cons[火电机组运行成本约束_20_91],1.0
cons[火电机组运行成本约束_20_92],1.0
cons[火电机组运行成本约束_20_93],1.0
cons[火电机组运行成本约束_20_94],1.0
cons[火电机组运行成本约束_20_95],1.0
cons[火电机组运行成本约束_21_0],1.0
cons[火电机组运行成本约束_21_1],1.0
cons[火电机组运行成本约束_21_2],1.0
cons[火电机组运行成本约束_21_3],1.0
cons[火电机组运行成本约束_21_4],1.0
cons[火电机组运行成本约束_21_5],1.0
cons[火电机组运行成本约束_21_6],1.0
cons[火电机组运行成本约束_21_7],1.0
cons[火电机组运行成本约束_21_8],1.0
cons[火电机组运行成本约束_21_9],1.0
cons[火电机组运行成本约束_21_10],1.0
cons[火电机组运行成本约束_21_11],1.0
cons[火电机组运行成本约束_21_12],1.0
cons[火电机组运行成本约束_21_13],1.0
cons[火电机组运行成本约束_21_14],1.0
cons[火电机组运行成本约束_21_15],1.0
cons[火电机组运行成本约束_21_16],1.0
cons[火电机组运行成本约束_21_17],1.0
cons[火电机组运行成本约束_21_18],1.0
cons[火电机组运行成本约束_21_19],1.0
cons[火电机组运行成本约束_21_20],1.0
cons[火电机组运行成本约束_21_21],1.0
cons[火电机组运行成本约束_21_22],1.0
cons[火电机组运行成本约束_21_23],1.0
cons[火电机组运行成本约束_21_24],1.0
cons[火电机组运行成本约束_21_25],1.0
cons[火电机组运行成本约束_21_26],1.0
cons[火电机组运行成本约束_21_27],1.0
cons[火电机组运行成本约束_21_28],1.0
cons[火电机组运行成本约束_21_29],1.0
cons[火电机组运行成本约束_21_30],1.0
cons[火电机组运行成本约束_21_31],1.0
cons[火电机组运行成本约束_21_32],1.0
cons[火电机组运行成本约束_21_33],1.0
cons[火电机组运行成本约束_21_34],1.0
cons[火电机组运行成本约束_21_35],1.0
cons[火电机组运行成本约束_21_36],1.0
cons[火电机组运行成本约束_21_37],1.0
cons[火电机组运行成本约束_21_38],1.0
cons[火电机组运行成本约束_21_39],1.0
cons[火电机组运行成本约束_21_40],1.0
cons[火电机组运行成本约束_21_41],1.0
cons[火电机组运行成本约束_21_42],1.0
cons[火电机组运行成本约束_21_43],1.0
cons[火电机组运行成本约束_21_44],1.0
cons[火电机组运行成本约束_21_45],1.0
cons[火电机组运行成本约束_21_46],1.0
cons[火电机组运行成本约束_21_47],1.0
cons[火电机组运行成本约束_21_48],1.0
cons[火电机组运行成本约束_21_49],1.0
cons[火电机组运行成本约束_21_50],1.0
cons[火电机组运行成本约束_21_51],1.0
cons[火电机组运行成本约束_21_52],1.0
cons[火电机组运行成本约束_21_53],1.0
cons[火电机组运行成本约束_21_54],1.0
cons[火电机组运行成本约束_21_55],1.0
cons[火电机组运行成本约束_21_56],1.0
cons[火电机组运行成本约束_21_57],1.0
cons[火电机组运行成本约束_21_58],1.0
cons[火电机组运行成本约束_21_59],1.0
cons[火电机组运行成本约束_21_60],1.0
cons[火电机组运行成本约束_21_61],1.0
cons[火电机组运行成本约束_21_62],1.0
cons[火电机组运行成本约束_21_63],1.0
cons[火电机组运行成本约束_21_64],1.0
cons[火电机组运行成本约束_21_65],1.0
cons[火电机组运行成本约束_21_66],1.0
cons[火电机组运行成本约束_21_67],1.0
cons[火电机组运行成本约束_21_68],1.0
cons[火电机组运行成本约束_21_69],1.0
cons[火电机组运行成本约束_21_70],1.0
cons[火电机组运行成本约束_21_71],1.0
cons[火电机组运行成本约束_21_72],1.0
cons[火电机组运行成本约束_21_73],1.0
cons[火电机组运行成本约束_21_74],1.0
cons[火电机组运行成本约束_21_75],1.0
cons[火电机组运行成本约束_21_76],1.0
cons[火电机组运行成本约束_21_77],1.0
cons[火电机组运行成本约束_21_78],1.0
cons[火电机组运行成本约束_21_79],1.0
cons[火电机组运行成本约束_21_80],1.0
cons[火电机组运行成本约束_21_81],1.0
cons[火电机组运行成本约束_21_82],1.0
cons[火电机组运行成本约束_21_83],1.0
cons[火电机组运行成本约束_21_84],1.0
cons[火电机组运行成本约束_21_85],1.0
cons[火电机组运行成本约束_21_86],1.0
cons[火电机组运行成本约束_21_87],1.0
cons[火电机组运行成本约束_21_88],1.0
cons[火电机组运行成本约束_21_89],1.0
cons[火电机组运行成本约束_21_90],1.0
cons[火电机组运行成本约束_21_91],1.0
cons[火电机组运行成本约束_21_92],1.0
cons[火电机组运行成本约束_21_93],1.0
cons[火电机组运行成本约束_21_94],1.0
cons[火电机组运行成本约束_21_95],1.0
cons[火电机组运行成本约束_22_0],1.0
cons[火电机组运行成本约束_22_1],1.0
cons[火电机组运行成本约束_22_2],1.0
cons[火电机组运行成本约束_22_3],1.0
cons[火电机组运行成本约束_22_4],1.0
cons[火电机组运行成本约束_22_5],1.0
cons[火电机组运行成本约束_22_6],1.0
cons[火电机组运行成本约束_22_7],1.0
cons[火电机组运行成本约束_22_8],1.0
cons[火电机组运行成本约束_22_9],1.0
cons[火电机组运行成本约束_22_10],1.0
cons[火电机组运行成本约束_22_11],1.0
cons[火电机组运行成本约束_22_12],1.0
cons[火电机组运行成本约束_22_13],1.0
cons[火电机组运行成本约束_22_14],1.0
cons[火电机组运行成本约束_22_15],1.0
cons[火电机组运行成本约束_22_16],1.0
cons[火电机组运行成本约束_22_17],1.0
cons[火电机组运行成本约束_22_18],1.0
cons[火电机组运行成本约束_22_19],1.0
cons[火电机组运行成本约束_22_20],1.0
cons[火电机组运行成本约束_22_21],1.0
cons[火电机组运行成本约束_22_22],1.0
cons[火电机组运行成本约束_22_23],1.0
cons[火电机组运行成本约束_22_24],1.0
cons[火电机组运行成本约束_22_25],1.0
cons[火电机组运行成本约束_22_26],1.0
cons[火电机组运行成本约束_22_27],1.0
cons[火电机组运行成本约束_22_28],1.0
cons[火电机组运行成本约束_22_29],1.0
cons[火电机组运行成本约束_22_30],1.0
cons[火电机组运行成本约束_22_31],1.0
cons[火电机组运行成本约束_22_32],1.0
cons[火电机组运行成本约束_22_33],1.0
cons[火电机组运行成本约束_22_34],1.0
cons[火电机组运行成本约束_22_35],1.0
cons[火电机组运行成本约束_22_36],1.0
cons[火电机组运行成本约束_22_37],1.0
cons[火电机组运行成本约束_22_38],1.0
cons[火电机组运行成本约束_22_39],1.0
cons[火电机组运行成本约束_22_40],1.0
cons[火电机组运行成本约束_22_41],1.0
cons[火电机组运行成本约束_22_42],1.0
cons[火电机组运行成本约束_22_43],1.0
cons[火电机组运行成本约束_22_44],1.0
cons[火电机组运行成本约束_22_45],1.0
cons[火电机组运行成本约束_22_46],1.0
cons[火电机组运行成本约束_22_47],1.0
cons[火电机组运行成本约束_22_48],1.0
cons[火电机组运行成本约束_22_49],1.0
cons[火电机组运行成本约束_22_50],1.0
cons[火电机组运行成本约束_22_51],1.0
cons[火电机组运行成本约束_22_52],1.0
cons[火电机组运行成本约束_22_53],1.0
cons[火电机组运行成本约束_22_54],1.0
cons[火电机组运行成本约束_22_55],1.0
cons[火电机组运行成本约束_22_56],1.0
cons[火电机组运行成本约束_22_57],1.0
cons[火电机组运行成本约束_22_58],1.0
cons[火电机组运行成本约束_22_59],1.0
cons[火电机组运行成本约束_22_60],1.0
cons[火电机组运行成本约束_22_61],1.0
cons[火电机组运行成本约束_22_62],1.0
cons[火电机组运行成本约束_22_63],1.0
cons[火电机组运行成本约束_22_64],1.0
cons[火电机组运行成本约束_22_65],1.0
cons[火电机组运行成本约束_22_66],1.0
cons[火电机组运行成本约束_22_67],1.0
cons[火电机组运行成本约束_22_68],1.0
cons[火电机组运行成本约束_22_69],1.0
cons[火电机组运行成本约束_22_70],1.0
cons[火电机组运行成本约束_22_71],1.0
cons[火电机组运行成本约束_22_72],1.0
cons[火电机组运行成本约束_22_73],1.0
cons[火电机组运行成本约束_22_74],1.0
cons[火电机组运行成本约束_22_75],1.0
cons[火电机组运行成本约束_22_76],1.0
cons[火电机组运行成本约束_22_77],1.0
cons[火电机组运行成本约束_22_78],1.0
cons[火电机组运行成本约束_22_79],1.0
cons[火电机组运行成本约束_22_80],1.0
cons[火电机组运行成本约束_22_81],1.0
cons[火电机组运行成本约束_22_82],1.0
cons[火电机组运行成本约束_22_83],1.0
cons[火电机组运行成本约束_22_84],1.0
cons[火电机组运行成本约束_22_85],1.0
cons[火电机组运行成本约束_22_86],1.0
cons[火电机组运行成本约束_22_87],1.0
cons[火电机组运行成本约束_22_88],1.0
cons[火电机组运行成本约束_22_89],1.0
cons[火电机组运行成本约束_22_90],1.0
cons[火电机组运行成本约束_22_91],1.0
cons[火电机组运行成本约束_22_92],1.0
cons[火电机组运行成本约束_22_93],1.0
cons[火电机组运行成本约束_22_94],1.0
cons[火电机组运行成本约束_22_95],1.0
cons[火电机组运行成本约束_23_0],1.0
cons[火电机组运行成本约束_23_1],1.0
cons[火电机组运行成本约束_23_2],1.0
cons[火电机组运行成本约束_23_3],1.0
cons[火电机组运行成本约束_23_4],1.0
cons[火电机组运行成本约束_23_5],1.0
cons[火电机组运行成本约束_23_6],1.0
cons[火电机组运行成本约束_23_7],1.0
cons[火电机组运行成本约束_23_8],1.0
cons[火电机组运行成本约束_23_9],1.0
cons[火电机组运行成本约束_23_10],1.0
cons[火电机组运行成本约束_23_11],1.0
cons[火电机组运行成本约束_23_12],1.0
cons[火电机组运行成本约束_23_13],1.0
cons[火电机组运行成本约束_23_14],1.0
cons[火电机组运行成本约束_23_15],1.0
cons[火电机组运行成本约束_23_16],1.0
cons[火电机组运行成本约束_23_17],1.0
cons[火电机组运行成本约束_23_18],1.0
cons[火电机组运行成本约束_23_19],1.0
cons[火电机组运行成本约束_23_20],1.0
cons[火电机组运行成本约束_23_21],1.0
cons[火电机组运行成本约束_23_22],1.0
cons[火电机组运行成本约束_23_23],1.0
cons[火电机组运行成本约束_23_24],1.0
cons[火电机组运行成本约束_23_25],1.0
cons[火电机组运行成本约束_23_26],1.0
cons[火电机组运行成本约束_23_27],1.0
cons[火电机组运行成本约束_23_28],1.0
cons[火电机组运行成本约束_23_29],1.0
cons[火电机组运行成本约束_23_30],1.0
cons[火电机组运行成本约束_23_31],1.0
cons[火电机组运行成本约束_23_32],1.0
cons[火电机组运行成本约束_23_33],1.0
cons[火电机组运行成本约束_23_34],1.0
cons[火电机组运行成本约束_23_35],1.0
cons[火电机组运行成本约束_23_36],1.0
cons[火电机组运行成本约束_23_37],1.0
cons[火电机组运行成本约束_23_38],1.0
cons[火电机组运行成本约束_23_39],1.0
cons[火电机组运行成本约束_23_40],1.0
cons[火电机组运行成本约束_23_41],1.0
cons[火电机组运行成本约束_23_42],1.0
cons[火电机组运行成本约束_23_43],1.0
cons[火电机组运行成本约束_23_44],1.0
cons[火电机组运行成本约束_23_45],1.0
cons[火电机组运行成本约束_23_46],1.0
cons[火电机组运行成本约束_23_47],1.0
cons[火电机组运行成本约束_23_48],1.0
cons[火电机组运行成本约束_23_49],1.0
cons[火电机组运行成本约束_23_50],1.0
cons[火电机组运行成本约束_23_51],1.0
cons[火电机组运行成本约束_23_52],1.0
cons[火电机组运行成本约束_23_53],1.0
cons[火电机组运行成本约束_23_54],1.0
cons[火电机组运行成本约束_23_55],1.0
cons[火电机组运行成本约束_23_56],1.0
cons[火电机组运行成本约束_23_57],1.0
cons[火电机组运行成本约束_23_58],1.0
cons[火电机组运行成本约束_23_59],1.0
cons[火电机组运行成本约束_23_60],1.0
cons[火电机组运行成本约束_23_61],1.0
cons[火电机组运行成本约束_23_62],1.0
cons[火电机组运行成本约束_23_63],1.0
cons[火电机组运行成本约束_23_64],1.0
cons[火电机组运行成本约束_23_65],1.0
cons[火电机组运行成本约束_23_66],1.0
cons[火电机组运行成本约束_23_67],1.0
cons[火电机组运行成本约束_23_68],1.0
cons[火电机组运行成本约束_23_69],1.0
cons[火电机组运行成本约束_23_70],1.0
cons[火电机组运行成本约束_23_71],1.0
cons[火电机组运行成本约束_23_72],1.0
cons[火电机组运行成本约束_23_73],1.0
cons[火电机组运行成本约束_23_74],1.0
cons[火电机组运行成本约束_23_75],1.0
cons[火电机组运行成本约束_23_76],1.0
cons[火电机组运行成本约束_23_77],1.0
cons[火电机组运行成本约束_23_78],1.0
cons[火电机组运行成本约束_23_79],1.0
cons[火电机组运行成本约束_23_80],1.0
cons[火电机组运行成本约束_23_81],1.0
cons[火电机组运行成本约束_23_82],1.0
cons[火电机组运行成本约束_23_83],1.0
cons[火电机组运行成本约束_23_84],1.0
cons[火电机组运行成本约束_23_85],1.0
cons[火电机组运行成本约束_23_86],1.0
cons[火电机组运行成本约束_23_87],1.0
cons[火电机组运行成本约束_23_88],1.0
cons[火电机组运行成本约束_23_89],1.0
cons[火电机组运行成本约束_23_90],1.0
cons[火电机组运行成本约束_23_91],1.0
cons[火电机组运行成本约束_23_92],1.0
cons[火电机组运行成本约束_23_93],1.0
cons[火电机组运行成本约束_23_94],1.0
cons[火电机组运行成本约束_23_95],1.0
cons[火电机组运行成本约束_24_0],1.0
cons[火电机组运行成本约束_24_1],1.0
cons[火电机组运行成本约束_24_2],1.0
cons[火电机组运行成本约束_24_3],1.0
cons[火电机组运行成本约束_24_4],1.0
cons[火电机组运行成本约束_24_5],1.0
cons[火电机组运行成本约束_24_6],1.0
cons[火电机组运行成本约束_24_7],1.0
cons[火电机组运行成本约束_24_8],1.0
cons[火电机组运行成本约束_24_9],1.0
cons[火电机组运行成本约束_24_10],1.0
cons[火电机组运行成本约束_24_11],1.0
cons[火电机组运行成本约束_24_12],1.0
cons[火电机组运行成本约束_24_13],1.0
cons[火电机组运行成本约束_24_14],1.0
cons[火电机组运行成本约束_24_15],1.0
cons[火电机组运行成本约束_24_16],1.0
cons[火电机组运行成本约束_24_17],1.0
cons[火电机组运行成本约束_24_18],1.0
cons[火电机组运行成本约束_24_19],1.0
cons[火电机组运行成本约束_24_20],1.0
cons[火电机组运行成本约束_24_21],1.0
cons[火电机组运行成本约束_24_22],1.0
cons[火电机组运行成本约束_24_23],1.0
cons[火电机组运行成本约束_24_24],1.0
cons[火电机组运行成本约束_24_25],1.0
cons[火电机组运行成本约束_24_26],1.0
cons[火电机组运行成本约束_24_27],1.0
cons[火电机组运行成本约束_24_28],1.0
cons[火电机组运行成本约束_24_29],1.0
cons[火电机组运行成本约束_24_30],1.0
cons[火电机组运行成本约束_24_31],1.0
cons[火电机组运行成本约束_24_32],1.0
cons[火电机组运行成本约束_24_33],1.0
cons[火电机组运行成本约束_24_34],1.0
cons[火电机组运行成本约束_24_35],1.0
cons[火电机组运行成本约束_24_36],1.0
cons[火电机组运行成本约束_24_37],1.0
cons[火电机组运行成本约束_24_38],1.0
cons[火电机组运行成本约束_24_39],1.0
cons[火电机组运行成本约束_24_40],1.0
cons[火电机组运行成本约束_24_41],1.0
cons[火电机组运行成本约束_24_42],1.0
cons[火电机组运行成本约束_24_43],1.0
cons[火电机组运行成本约束_24_44],1.0
cons[火电机组运行成本约束_24_45],1.0
cons[火电机组运行成本约束_24_46],1.0
cons[火电机组运行成本约束_24_47],1.0
cons[火电机组运行成本约束_24_48],1.0
cons[火电机组运行成本约束_24_49],1.0
cons[火电机组运行成本约束_24_50],1.0
cons[火电机组运行成本约束_24_51],1.0
cons[火电机组运行成本约束_24_52],1.0
cons[火电机组运行成本约束_24_53],1.0
cons[火电机组运行成本约束_24_54],1.0
cons[火电机组运行成本约束_24_55],1.0
cons[火电机组运行成本约束_24_56],1.0
cons[火电机组运行成本约束_24_57],1.0
cons[火电机组运行成本约束_24_58],1.0
cons[火电机组运行成本约束_24_59],1.0
cons[火电机组运行成本约束_24_60],1.0
cons[火电机组运行成本约束_24_61],1.0
cons[火电机组运行成本约束_24_62],1.0
cons[火电机组运行成本约束_24_63],1.0
cons[火电机组运行成本约束_24_64],1.0
cons[火电机组运行成本约束_24_65],1.0
cons[火电机组运行成本约束_24_66],1.0
cons[火电机组运行成本约束_24_67],1.0
cons[火电机组运行成本约束_24_68],1.0
cons[火电机组运行成本约束_24_69],1.0
cons[火电机组运行成本约束_24_70],1.0
cons[火电机组运行成本约束_24_71],1.0
cons[火电机组运行成本约束_24_72],1.0
cons[火电机组运行成本约束_24_73],1.0
cons[火电机组运行成本约束_24_74],1.0
cons[火电机组运行成本约束_24_75],1.0
cons[火电机组运行成本约束_24_76],1.0
cons[火电机组运行成本约束_24_77],1.0
cons[火电机组运行成本约束_24_78],1.0
cons[火电机组运行成本约束_24_79],1.0
cons[火电机组运行成本约束_24_80],1.0
cons[火电机组运行成本约束_24_81],1.0
cons[火电机组运行成本约束_24_82],1.0
cons[火电机组运行成本约束_24_83],1.0
cons[火电机组运行成本约束_24_84],1.0
cons[火电机组运行成本约束_24_85],1.0
cons[火电机组运行成本约束_24_86],1.0
cons[火电机组运行成本约束_24_87],1.0
cons[火电机组运行成本约束_24_88],1.0
cons[火电机组运行成本约束_24_89],1.0
cons[火电机组运行成本约束_24_90],1.0
cons[火电机组运行成本约束_24_91],1.0
cons[火电机组运行成本约束_24_92],1.0
cons[火电机组运行成本约束_24_93],1.0
cons[火电机组运行成本约束_24_94],1.0
cons[火电机组运行成本约束_24_95],1.0
cons[火电机组运行成本约束_25_0],1.0
cons[火电机组运行成本约束_25_1],1.0
cons[火电机组运行成本约束_25_2],1.0
cons[火电机组运行成本约束_25_3],1.0
cons[火电机组运行成本约束_25_4],1.0
cons[火电机组运行成本约束_25_5],1.0
cons[火电机组运行成本约束_25_6],1.0
cons[火电机组运行成本约束_25_7],1.0
cons[火电机组运行成本约束_25_8],1.0
cons[火电机组运行成本约束_25_9],1.0
cons[火电机组运行成本约束_25_10],1.0
cons[火电机组运行成本约束_25_11],1.0
cons[火电机组运行成本约束_25_12],1.0
cons[火电机组运行成本约束_25_13],1.0
cons[火电机组运行成本约束_25_14],1.0
cons[火电机组运行成本约束_25_15],1.0
cons[火电机组运行成本约束_25_16],1.0
cons[火电机组运行成本约束_25_17],1.0
cons[火电机组运行成本约束_25_18],1.0
cons[火电机组运行成本约束_25_19],1.0
cons[火电机组运行成本约束_25_20],1.0
cons[火电机组运行成本约束_25_21],1.0
cons[火电机组运行成本约束_25_22],1.0
cons[火电机组运行成本约束_25_23],1.0
cons[火电机组运行成本约束_25_24],1.0
cons[火电机组运行成本约束_25_25],1.0
cons[火电机组运行成本约束_25_26],1.0
cons[火电机组运行成本约束_25_27],1.0
cons[火电机组运行成本约束_25_28],1.0
cons[火电机组运行成本约束_25_29],1.0
cons[火电机组运行成本约束_25_30],1.0
cons[火电机组运行成本约束_25_31],1.0
cons[火电机组运行成本约束_25_32],1.0
cons[火电机组运行成本约束_25_33],1.0
cons[火电机组运行成本约束_25_34],1.0
cons[火电机组运行成本约束_25_35],1.0
cons[火电机组运行成本约束_25_36],1.0
cons[火电机组运行成本约束_25_37],1.0
cons[火电机组运行成本约束_25_38],1.0
cons[火电机组运行成本约束_25_39],1.0
cons[火电机组运行成本约束_25_40],1.0
cons[火电机组运行成本约束_25_41],1.0
cons[火电机组运行成本约束_25_42],1.0
cons[火电机组运行成本约束_25_43],1.0
cons[火电机组运行成本约束_25_44],1.0
cons[火电机组运行成本约束_25_45],1.0
cons[火电机组运行成本约束_25_46],1.0
cons[火电机组运行成本约束_25_47],1.0
cons[火电机组运行成本约束_25_48],1.0
cons[火电机组运行成本约束_25_49],1.0
cons[火电机组运行成本约束_25_50],1.0
cons[火电机组运行成本约束_25_51],1.0
cons[火电机组运行成本约束_25_52],1.0
cons[火电机组运行成本约束_25_53],1.0
cons[火电机组运行成本约束_25_54],1.0
cons[火电机组运行成本约束_25_55],1.0
cons[火电机组运行成本约束_25_56],1.0
cons[火电机组运行成本约束_25_57],1.0
cons[火电机组运行成本约束_25_58],1.0
cons[火电机组运行成本约束_25_59],1.0
cons[火电机组运行成本约束_25_60],1.0
cons[火电机组运行成本约束_25_61],1.0
cons[火电机组运行成本约束_25_62],1.0
cons[火电机组运行成本约束_25_63],1.0
cons[火电机组运行成本约束_25_64],1.0
cons[火电机组运行成本约束_25_65],1.0
cons[火电机组运行成本约束_25_66],1.0
cons[火电机组运行成本约束_25_67],1.0
cons[火电机组运行成本约束_25_68],1.0
cons[火电机组运行成本约束_25_69],1.0
cons[火电机组运行成本约束_25_70],1.0
cons[火电机组运行成本约束_25_71],1.0
cons[火电机组运行成本约束_25_72],1.0
cons[火电机组运行成本约束_25_73],1.0
cons[火电机组运行成本约束_25_74],1.0
cons[火电机组运行成本约束_25_75],1.0
cons[火电机组运行成本约束_25_76],1.0
cons[火电机组运行成本约束_25_77],1.0
cons[火电机组运行成本约束_25_78],1.0
cons[火电机组运行成本约束_25_79],1.0
cons[火电机组运行成本约束_25_80],1.0
cons[火电机组运行成本约束_25_81],1.0
cons[火电机组运行成本约束_25_82],1.0
cons[火电机组运行成本约束_25_83],1.0
cons[火电机组运行成本约束_25_84],1.0
cons[火电机组运行成本约束_25_85],1.0
cons[火电机组运行成本约束_25_86],1.0
cons[火电机组运行成本约束_25_87],1.0
cons[火电机组运行成本约束_25_88],1.0
cons[火电机组运行成本约束_25_89],1.0
cons[火电机组运行成本约束_25_90],1.0
cons[火电机组运行成本约束_25_91],1.0
cons[火电机组运行成本约束_25_92],1.0
cons[火电机组运行成本约束_25_93],1.0
cons[火电机组运行成本约束_25_94],1.0
cons[火电机组运行成本约束_25_95],1.0
cons[火电机组运行成本约束_26_0],1.0
cons[火电机组运行成本约束_26_1],1.0
cons[火电机组运行成本约束_26_2],1.0
cons[火电机组运行成本约束_26_3],1.0
cons[火电机组运行成本约束_26_4],1.0
cons[火电机组运行成本约束_26_5],1.0
cons[火电机组运行成本约束_26_6],1.0
cons[火电机组运行成本约束_26_7],1.0
cons[火电机组运行成本约束_26_8],1.0
cons[火电机组运行成本约束_26_9],1.0
cons[火电机组运行成本约束_26_10],1.0
cons[火电机组运行成本约束_26_11],1.0
cons[火电机组运行成本约束_26_12],1.0
cons[火电机组运行成本约束_26_13],1.0
cons[火电机组运行成本约束_26_14],1.0
cons[火电机组运行成本约束_26_15],1.0
cons[火电机组运行成本约束_26_16],1.0
cons[火电机组运行成本约束_26_17],1.0
cons[火电机组运行成本约束_26_18],1.0
cons[火电机组运行成本约束_26_19],1.0
cons[火电机组运行成本约束_26_20],1.0
cons[火电机组运行成本约束_26_21],1.0
cons[火电机组运行成本约束_26_22],1.0
cons[火电机组运行成本约束_26_23],1.0
cons[火电机组运行成本约束_26_24],1.0
cons[火电机组运行成本约束_26_25],1.0
cons[火电机组运行成本约束_26_26],1.0
cons[火电机组运行成本约束_26_27],1.0
cons[火电机组运行成本约束_26_28],1.0
cons[火电机组运行成本约束_26_29],1.0
cons[火电机组运行成本约束_26_30],1.0
cons[火电机组运行成本约束_26_31],1.0
cons[火电机组运行成本约束_26_32],1.0
cons[火电机组运行成本约束_26_33],1.0
cons[火电机组运行成本约束_26_34],1.0
cons[火电机组运行成本约束_26_35],1.0
cons[火电机组运行成本约束_26_36],1.0
cons[火电机组运行成本约束_26_37],1.0
cons[火电机组运行成本约束_26_38],1.0
cons[火电机组运行成本约束_26_39],1.0
cons[火电机组运行成本约束_26_40],1.0
cons[火电机组运行成本约束_26_41],1.0
cons[火电机组运行成本约束_26_42],1.0
cons[火电机组运行成本约束_26_43],1.0
cons[火电机组运行成本约束_26_44],1.0
cons[火电机组运行成本约束_26_45],1.0
cons[火电机组运行成本约束_26_46],1.0
cons[火电机组运行成本约束_26_47],1.0
cons[火电机组运行成本约束_26_48],1.0
cons[火电机组运行成本约束_26_49],1.0
cons[火电机组运行成本约束_26_50],1.0
cons[火电机组运行成本约束_26_51],1.0
cons[火电机组运行成本约束_26_52],1.0
cons[火电机组运行成本约束_26_53],1.0
cons[火电机组运行成本约束_26_54],1.0
cons[火电机组运行成本约束_26_55],1.0
cons[火电机组运行成本约束_26_56],1.0
cons[火电机组运行成本约束_26_57],1.0
cons[火电机组运行成本约束_26_58],1.0
cons[火电机组运行成本约束_26_59],1.0
cons[火电机组运行成本约束_26_60],1.0
cons[火电机组运行成本约束_26_61],1.0
cons[火电机组运行成本约束_26_62],1.0
cons[火电机组运行成本约束_26_63],1.0
cons[火电机组运行成本约束_26_64],1.0
cons[火电机组运行成本约束_26_65],1.0
cons[火电机组运行成本约束_26_66],1.0
cons[火电机组运行成本约束_26_67],1.0
cons[火电机组运行成本约束_26_68],1.0
cons[火电机组运行成本约束_26_69],1.0
cons[火电机组运行成本约束_26_70],1.0
cons[火电机组运行成本约束_26_71],1.0
cons[火电机组运行成本约束_26_72],1.0
cons[火电机组运行成本约束_26_73],1.0
cons[火电机组运行成本约束_26_74],1.0
cons[火电机组运行成本约束_26_75],1.0
cons[火电机组运行成本约束_26_76],1.0
cons[火电机组运行成本约束_26_77],1.0
cons[火电机组运行成本约束_26_78],1.0
cons[火电机组运行成本约束_26_79],1.0
cons[火电机组运行成本约束_26_80],1.0
cons[火电机组运行成本约束_26_81],1.0
cons[火电机组运行成本约束_26_82],1.0
cons[火电机组运行成本约束_26_83],1.0
cons[火电机组运行成本约束_26_84],1.0
cons[火电机组运行成本约束_26_85],1.0
cons[火电机组运行成本约束_26_86],1.0
cons[火电机组运行成本约束_26_87],1.0
cons[火电机组运行成本约束_26_88],1.0
cons[火电机组运行成本约束_26_89],1.0
cons[火电机组运行成本约束_26_90],1.0
cons[火电机组运行成本约束_26_91],1.0
cons[火电机组运行成本约束_26_92],1.0
cons[火电机组运行成本约束_26_93],1.0
cons[火电机组运行成本约束_26_94],1.0
cons[火电机组运行成本约束_26_95],1.0
cons[火电机组运行成本约束_27_0],1.0
cons[火电机组运行成本约束_27_1],1.0
cons[火电机组运行成本约束_27_2],1.0
cons[火电机组运行成本约束_27_3],1.0
cons[火电机组运行成本约束_27_4],1.0
cons[火电机组运行成本约束_27_5],1.0
cons[火电机组运行成本约束_27_6],1.0
cons[火电机组运行成本约束_27_7],1.0
cons[火电机组运行成本约束_27_8],1.0
cons[火电机组运行成本约束_27_9],1.0
cons[火电机组运行成本约束_27_10],1.0
cons[火电机组运行成本约束_27_11],1.0
cons[火电机组运行成本约束_27_12],1.0
cons[火电机组运行成本约束_27_13],1.0
cons[火电机组运行成本约束_27_14],1.0
cons[火电机组运行成本约束_27_15],1.0
cons[火电机组运行成本约束_27_16],1.0
cons[火电机组运行成本约束_27_17],1.0
cons[火电机组运行成本约束_27_18],1.0
cons[火电机组运行成本约束_27_19],1.0
cons[火电机组运行成本约束_27_20],1.0
cons[火电机组运行成本约束_27_21],1.0
cons[火电机组运行成本约束_27_22],1.0
cons[火电机组运行成本约束_27_23],1.0
cons[火电机组运行成本约束_27_24],1.0
cons[火电机组运行成本约束_27_25],1.0
cons[火电机组运行成本约束_27_26],1.0
cons[火电机组运行成本约束_27_27],1.0
cons[火电机组运行成本约束_27_28],1.0
cons[火电机组运行成本约束_27_29],1.0
cons[火电机组运行成本约束_27_30],1.0
cons[火电机组运行成本约束_27_31],1.0
cons[火电机组运行成本约束_27_32],1.0
cons[火电机组运行成本约束_27_33],1.0
cons[火电机组运行成本约束_27_34],1.0
cons[火电机组运行成本约束_27_35],1.0
cons[火电机组运行成本约束_27_36],1.0
cons[火电机组运行成本约束_27_37],1.0
cons[火电机组运行成本约束_27_38],1.0
cons[火电机组运行成本约束_27_39],1.0
cons[火电机组运行成本约束_27_40],1.0
cons[火电机组运行成本约束_27_41],1.0
cons[火电机组运行成本约束_27_42],1.0
cons[火电机组运行成本约束_27_43],1.0
cons[火电机组运行成本约束_27_44],1.0
cons[火电机组运行成本约束_27_45],1.0
cons[火电机组运行成本约束_27_46],1.0
cons[火电机组运行成本约束_27_47],1.0
cons[火电机组运行成本约束_27_48],1.0
cons[火电机组运行成本约束_27_49],1.0
cons[火电机组运行成本约束_27_50],1.0
cons[火电机组运行成本约束_27_51],1.0
cons[火电机组运行成本约束_27_52],1.0
cons[火电机组运行成本约束_27_53],1.0
cons[火电机组运行成本约束_27_54],1.0
cons[火电机组运行成本约束_27_55],1.0
cons[火电机组运行成本约束_27_56],1.0
cons[火电机组运行成本约束_27_57],1.0
cons[火电机组运行成本约束_27_58],1.0
cons[火电机组运行成本约束_27_59],1.0
cons[火电机组运行成本约束_27_60],1.0
cons[火电机组运行成本约束_27_61],1.0
cons[火电机组运行成本约束_27_62],1.0
cons[火电机组运行成本约束_27_63],1.0
cons[火电机组运行成本约束_27_64],1.0
cons[火电机组运行成本约束_27_65],1.0
cons[火电机组运行成本约束_27_66],1.0
cons[火电机组运行成本约束_27_67],1.0
cons[火电机组运行成本约束_27_68],1.0
cons[火电机组运行成本约束_27_69],1.0
cons[火电机组运行成本约束_27_70],1.0
cons[火电机组运行成本约束_27_71],1.0
cons[火电机组运行成本约束_27_72],1.0
cons[火电机组运行成本约束_27_73],1.0
cons[火电机组运行成本约束_27_74],1.0
cons[火电机组运行成本约束_27_75],1.0
cons[火电机组运行成本约束_27_76],1.0
cons[火电机组运行成本约束_27_77],1.0
cons[火电机组运行成本约束_27_78],1.0
cons[火电机组运行成本约束_27_79],1.0
cons[火电机组运行成本约束_27_80],1.0
cons[火电机组运行成本约束_27_81],1.0
cons[火电机组运行成本约束_27_82],1.0
cons[火电机组运行成本约束_27_83],1.0
cons[火电机组运行成本约束_27_84],1.0
cons[火电机组运行成本约束_27_85],1.0
cons[火电机组运行成本约束_27_86],1.0
cons[火电机组运行成本约束_27_87],1.0
cons[火电机组运行成本约束_27_88],1.0
cons[火电机组运行成本约束_27_89],1.0
cons[火电机组运行成本约束_27_90],1.0
cons[火电机组运行成本约束_27_91],1.0
cons[火电机组运行成本约束_27_92],1.0
cons[火电机组运行成本约束_27_93],1.0
cons[火电机组运行成本约束_27_94],1.0
cons[火电机组运行成本约束_27_95],1.0
cons[火电机组运行成本约束_28_0],1.0
cons[火电机组运行成本约束_28_1],1.0
cons[火电机组运行成本约束_28_2],1.0
cons[火电机组运行成本约束_28_3],1.0
cons[火电机组运行成本约束_28_4],1.0
cons[火电机组运行成本约束_28_5],1.0
cons[火电机组运行成本约束_28_6],1.0
cons[火电机组运行成本约束_28_7],1.0
cons[火电机组运行成本约束_28_8],1.0
cons[火电机组运行成本约束_28_9],1.0
cons[火电机组运行成本约束_28_10],1.0
cons[火电机组运行成本约束_28_11],1.0
cons[火电机组运行成本约束_28_12],1.0
cons[火电机组运行成本约束_28_13],1.0
cons[火电机组运行成本约束_28_14],1.0
cons[火电机组运行成本约束_28_15],1.0
cons[火电机组运行成本约束_28_16],1.0
cons[火电机组运行成本约束_28_17],1.0
cons[火电机组运行成本约束_28_18],1.0
cons[火电机组运行成本约束_28_19],1.0
cons[火电机组运行成本约束_28_20],1.0
cons[火电机组运行成本约束_28_21],1.0
cons[火电机组运行成本约束_28_22],1.0
cons[火电机组运行成本约束_28_23],1.0
cons[火电机组运行成本约束_28_24],1.0
cons[火电机组运行成本约束_28_25],1.0
cons[火电机组运行成本约束_28_26],1.0
cons[火电机组运行成本约束_28_27],1.0
cons[火电机组运行成本约束_28_28],1.0
cons[火电机组运行成本约束_28_29],1.0
cons[火电机组运行成本约束_28_30],1.0
cons[火电机组运行成本约束_28_31],1.0
cons[火电机组运行成本约束_28_32],1.0
cons[火电机组运行成本约束_28_33],1.0
cons[火电机组运行成本约束_28_34],1.0
cons[火电机组运行成本约束_28_35],1.0
cons[火电机组运行成本约束_28_36],1.0
cons[火电机组运行成本约束_28_37],1.0
cons[火电机组运行成本约束_28_38],1.0
cons[火电机组运行成本约束_28_39],1.0
cons[火电机组运行成本约束_28_40],1.0
cons[火电机组运行成本约束_28_41],1.0
cons[火电机组运行成本约束_28_42],1.0
cons[火电机组运行成本约束_28_43],1.0
cons[火电机组运行成本约束_28_44],1.0
cons[火电机组运行成本约束_28_45],1.0
cons[火电机组运行成本约束_28_46],1.0
cons[火电机组运行成本约束_28_47],1.0
cons[火电机组运行成本约束_28_48],1.0
cons[火电机组运行成本约束_28_49],1.0
cons[火电机组运行成本约束_28_50],1.0
cons[火电机组运行成本约束_28_51],1.0
cons[火电机组运行成本约束_28_52],1.0
cons[火电机组运行成本约束_28_53],1.0
cons[火电机组运行成本约束_28_54],1.0
cons[火电机组运行成本约束_28_55],1.0
cons[火电机组运行成本约束_28_56],1.0
cons[火电机组运行成本约束_28_57],1.0
cons[火电机组运行成本约束_28_58],1.0
cons[火电机组运行成本约束_28_59],1.0
cons[火电机组运行成本约束_28_60],1.0
cons[火电机组运行成本约束_28_61],1.0
cons[火电机组运行成本约束_28_62],1.0
cons[火电机组运行成本约束_28_63],1.0
cons[火电机组运行成本约束_28_64],1.0
cons[火电机组运行成本约束_28_65],1.0
cons[火电机组运行成本约束_28_66],1.0
cons[火电机组运行成本约束_28_67],1.0
cons[火电机组运行成本约束_28_68],1.0
cons[火电机组运行成本约束_28_69],1.0
cons[火电机组运行成本约束_28_70],1.0
cons[火电机组运行成本约束_28_71],1.0
cons[火电机组运行成本约束_28_72],1.0
cons[火电机组运行成本约束_28_73],1.0
cons[火电机组运行成本约束_28_74],1.0
cons[火电机组运行成本约束_28_75],1.0
cons[火电机组运行成本约束_28_76],1.0
cons[火电机组运行成本约束_28_77],1.0
cons[火电机组运行成本约束_28_78],1.0
cons[火电机组运行成本约束_28_79],1.0
cons[火电机组运行成本约束_28_80],1.0
cons[火电机组运行成本约束_28_81],1.0
cons[火电机组运行成本约束_28_82],1.0
cons[火电机组运行成本约束_28_83],1.0
cons[火电机组运行成本约束_28_84],1.0
cons[火电机组运行成本约束_28_85],1.0
cons[火电机组运行成本约束_28_86],1.0
cons[火电机组运行成本约束_28_87],1.0
cons[火电机组运行成本约束_28_88],1.0
cons[火电机组运行成本约束_28_89],1.0
cons[火电机组运行成本约束_28_90],1.0
cons[火电机组运行成本约束_28_91],1.0
cons[火电机组运行成本约束_28_92],1.0
cons[火电机组运行成本约束_28_93],1.0
cons[火电机组运行成本约束_28_94],1.0
cons[火电机组运行成本约束_28_95],1.0
cons[火电机组运行成本约束_29_0],1.0
cons[火电机组运行成本约束_29_1],1.0
cons[火电机组运行成本约束_29_2],1.0
cons[火电机组运行成本约束_29_3],1.0
cons[火电机组运行成本约束_29_4],1.0
cons[火电机组运行成本约束_29_5],1.0
cons[火电机组运行成本约束_29_6],1.0
cons[火电机组运行成本约束_29_7],1.0
cons[火电机组运行成本约束_29_8],1.0
cons[火电机组运行成本约束_29_9],1.0
cons[火电机组运行成本约束_29_10],1.0
cons[火电机组运行成本约束_29_11],1.0
cons[火电机组运行成本约束_29_12],1.0
cons[火电机组运行成本约束_29_13],1.0
cons[火电机组运行成本约束_29_14],1.0
cons[火电机组运行成本约束_29_15],1.0
cons[火电机组运行成本约束_29_16],1.0
cons[火电机组运行成本约束_29_17],1.0
cons[火电机组运行成本约束_29_18],1.0
cons[火电机组运行成本约束_29_19],1.0
cons[火电机组运行成本约束_29_20],1.0
cons[火电机组运行成本约束_29_21],1.0
cons[火电机组运行成本约束_29_22],1.0
cons[火电机组运行成本约束_29_23],1.0
cons[火电机组运行成本约束_29_24],1.0
cons[火电机组运行成本约束_29_25],1.0
cons[火电机组运行成本约束_29_26],1.0
cons[火电机组运行成本约束_29_27],1.0
cons[火电机组运行成本约束_29_28],1.0
cons[火电机组运行成本约束_29_29],1.0
cons[火电机组运行成本约束_29_30],1.0
cons[火电机组运行成本约束_29_31],1.0
cons[火电机组运行成本约束_29_32],1.0
cons[火电机组运行成本约束_29_33],1.0
cons[火电机组运行成本约束_29_34],1.0
cons[火电机组运行成本约束_29_35],1.0
cons[火电机组运行成本约束_29_36],1.0
cons[火电机组运行成本约束_29_37],1.0
cons[火电机组运行成本约束_29_38],1.0
cons[火电机组运行成本约束_29_39],1.0
cons[火电机组运行成本约束_29_40],1.0
cons[火电机组运行成本约束_29_41],1.0
cons[火电机组运行成本约束_29_42],1.0
cons[火电机组运行成本约束_29_43],1.0
cons[火电机组运行成本约束_29_44],1.0
cons[火电机组运行成本约束_29_45],1.0
cons[火电机组运行成本约束_29_46],1.0
cons[火电机组运行成本约束_29_47],1.0
cons[火电机组运行成本约束_29_48],1.0
cons[火电机组运行成本约束_29_49],1.0
cons[火电机组运行成本约束_29_50],1.0
cons[火电机组运行成本约束_29_51],1.0
cons[火电机组运行成本约束_29_52],1.0
cons[火电机组运行成本约束_29_53],1.0
cons[火电机组运行成本约束_29_54],1.0
cons[火电机组运行成本约束_29_55],1.0
cons[火电机组运行成本约束_29_56],1.0
cons[火电机组运行成本约束_29_57],1.0
cons[火电机组运行成本约束_29_58],1.0
cons[火电机组运行成本约束_29_59],1.0
cons[火电机组运行成本约束_29_60],1.0
cons[火电机组运行成本约束_29_61],1.0
cons[火电机组运行成本约束_29_62],1.0
cons[火电机组运行成本约束_29_63],1.0
cons[火电机组运行成本约束_29_64],1.0
cons[火电机组运行成本约束_29_65],1.0
cons[火电机组运行成本约束_29_66],1.0
cons[火电机组运行成本约束_29_67],1.0
cons[火电机组运行成本约束_29_68],1.0
cons[火电机组运行成本约束_29_69],1.0
cons[火电机组运行成本约束_29_70],1.0
cons[火电机组运行成本约束_29_71],1.0
cons[火电机组运行成本约束_29_72],1.0
cons[火电机组运行成本约束_29_73],1.0
cons[火电机组运行成本约束_29_74],1.0
cons[火电机组运行成本约束_29_75],1.0
cons[火电机组运行成本约束_29_76],1.0
cons[火电机组运行成本约束_29_77],1.0
cons[火电机组运行成本约束_29_78],1.0
cons[火电机组运行成本约束_29_79],1.0
cons[火电机组运行成本约束_29_80],1.0
cons[火电机组运行成本约束_29_81],1.0
cons[火电机组运行成本约束_29_82],1.0
cons[火电机组运行成本约束_29_83],1.0
cons[火电机组运行成本约束_29_84],1.0
cons[火电机组运行成本约束_29_85],1.0
cons[火电机组运行成本约束_29_86],1.0
cons[火电机组运行成本约束_29_87],1.0
cons[火电机组运行成本约束_29_88],1.0
cons[火电机组运行成本约束_29_89],1.0
cons[火电机组运行成本约束_29_90],1.0
cons[火电机组运行成本约束_29_91],1.0
cons[火电机组运行成本约束_29_92],1.0
cons[火电机组运行成本约束_29_93],1.0
cons[火电机组运行成本约束_29_94],1.0
cons[火电机组运行成本约束_29_95],1.0
cons[火电机组运行成本约束_30_0],1.0
cons[火电机组运行成本约束_30_1],1.0
cons[火电机组运行成本约束_30_2],1.0
cons[火电机组运行成本约束_30_3],1.0
cons[火电机组运行成本约束_30_4],1.0
cons[火电机组运行成本约束_30_5],1.0
cons[火电机组运行成本约束_30_6],1.0
cons[火电机组运行成本约束_30_7],1.0
cons[火电机组运行成本约束_30_8],1.0
cons[火电机组运行成本约束_30_9],1.0
cons[火电机组运行成本约束_30_10],1.0
cons[火电机组运行成本约束_30_11],1.0
cons[火电机组运行成本约束_30_12],1.0
cons[火电机组运行成本约束_30_13],1.0
cons[火电机组运行成本约束_30_14],1.0
cons[火电机组运行成本约束_30_15],1.0
cons[火电机组运行成本约束_30_16],1.0
cons[火电机组运行成本约束_30_17],1.0
cons[火电机组运行成本约束_30_18],1.0
cons[火电机组运行成本约束_30_19],1.0
cons[火电机组运行成本约束_30_20],1.0
cons[火电机组运行成本约束_30_21],1.0
cons[火电机组运行成本约束_30_22],1.0
cons[火电机组运行成本约束_30_23],1.0
cons[火电机组运行成本约束_30_24],1.0
cons[火电机组运行成本约束_30_25],1.0
cons[火电机组运行成本约束_30_26],1.0
cons[火电机组运行成本约束_30_27],1.0
cons[火电机组运行成本约束_30_28],1.0
cons[火电机组运行成本约束_30_29],1.0
cons[火电机组运行成本约束_30_30],1.0
cons[火电机组运行成本约束_30_31],1.0
cons[火电机组运行成本约束_30_32],1.0
cons[火电机组运行成本约束_30_33],1.0
cons[火电机组运行成本约束_30_34],1.0
cons[火电机组运行成本约束_30_35],1.0
cons[火电机组运行成本约束_30_36],1.0
cons[火电机组运行成本约束_30_37],1.0
cons[火电机组运行成本约束_30_38],1.0
cons[火电机组运行成本约束_30_39],1.0
cons[火电机组运行成本约束_30_40],1.0
cons[火电机组运行成本约束_30_41],1.0
cons[火电机组运行成本约束_30_42],1.0
cons[火电机组运行成本约束_30_43],1.0
cons[火电机组运行成本约束_30_44],1.0
cons[火电机组运行成本约束_30_45],1.0
cons[火电机组运行成本约束_30_46],1.0
cons[火电机组运行成本约束_30_47],1.0
cons[火电机组运行成本约束_30_48],1.0
cons[火电机组运行成本约束_30_49],1.0
cons[火电机组运行成本约束_30_50],1.0
cons[火电机组运行成本约束_30_51],1.0
cons[火电机组运行成本约束_30_52],1.0
cons[火电机组运行成本约束_30_53],1.0
cons[火电机组运行成本约束_30_54],1.0
cons[火电机组运行成本约束_30_55],1.0
cons[火电机组运行成本约束_30_56],1.0
cons[火电机组运行成本约束_30_57],1.0
cons[火电机组运行成本约束_30_58],1.0
cons[火电机组运行成本约束_30_59],1.0
cons[火电机组运行成本约束_30_60],1.0
cons[火电机组运行成本约束_30_61],1.0
cons[火电机组运行成本约束_30_62],1.0
cons[火电机组运行成本约束_30_63],1.0
cons[火电机组运行成本约束_30_64],1.0
cons[火电机组运行成本约束_30_65],1.0
cons[火电机组运行成本约束_30_66],1.0
cons[火电机组运行成本约束_30_67],1.0
cons[火电机组运行成本约束_30_68],1.0
cons[火电机组运行成本约束_30_69],1.0
cons[火电机组运行成本约束_30_70],1.0
cons[火电机组运行成本约束_30_71],1.0
cons[火电机组运行成本约束_30_72],1.0
cons[火电机组运行成本约束_30_73],1.0
cons[火电机组运行成本约束_30_74],1.0
cons[火电机组运行成本约束_30_75],1.0
cons[火电机组运行成本约束_30_76],1.0
cons[火电机组运行成本约束_30_77],1.0
cons[火电机组运行成本约束_30_78],1.0
cons[火电机组运行成本约束_30_79],1.0
cons[火电机组运行成本约束_30_80],1.0
cons[火电机组运行成本约束_30_81],1.0
cons[火电机组运行成本约束_30_82],1.0
cons[火电机组运行成本约束_30_83],1.0
cons[火电机组运行成本约束_30_84],1.0
cons[火电机组运行成本约束_30_85],1.0
cons[火电机组运行成本约束_30_86],1.0
cons[火电机组运行成本约束_30_87],1.0
cons[火电机组运行成本约束_30_88],1.0
cons[火电机组运行成本约束_30_89],1.0
cons[火电机组运行成本约束_30_90],1.0
cons[火电机组运行成本约束_30_91],1.0
cons[火电机组运行成本约束_30_92],1.0
cons[火电机组运行成本约束_30_93],1.0
cons[火电机组运行成本约束_30_94],1.0
cons[火电机组运行成本约束_30_95],1.0
cons[火电机组运行成本约束_31_0],1.0
cons[火电机组运行成本约束_31_1],1.0
cons[火电机组运行成本约束_31_2],1.0
cons[火电机组运行成本约束_31_3],1.0
cons[火电机组运行成本约束_31_4],1.0
cons[火电机组运行成本约束_31_5],1.0
cons[火电机组运行成本约束_31_6],1.0
cons[火电机组运行成本约束_31_7],1.0
cons[火电机组运行成本约束_31_8],1.0
cons[火电机组运行成本约束_31_9],1.0
cons[火电机组运行成本约束_31_10],1.0
cons[火电机组运行成本约束_31_11],1.0
cons[火电机组运行成本约束_31_12],1.0
cons[火电机组运行成本约束_31_13],1.0
cons[火电机组运行成本约束_31_14],1.0
cons[火电机组运行成本约束_31_15],1.0
cons[火电机组运行成本约束_31_16],1.0
cons[火电机组运行成本约束_31_17],1.0
cons[火电机组运行成本约束_31_18],1.0
cons[火电机组运行成本约束_31_19],1.0
cons[火电机组运行成本约束_31_20],1.0
cons[火电机组运行成本约束_31_21],1.0
cons[火电机组运行成本约束_31_22],1.0
cons[火电机组运行成本约束_31_23],1.0
cons[火电机组运行成本约束_31_24],1.0
cons[火电机组运行成本约束_31_25],1.0
cons[火电机组运行成本约束_31_26],1.0
cons[火电机组运行成本约束_31_27],1.0
cons[火电机组运行成本约束_31_28],1.0
cons[火电机组运行成本约束_31_29],1.0
cons[火电机组运行成本约束_31_30],1.0
cons[火电机组运行成本约束_31_31],1.0
cons[火电机组运行成本约束_31_32],1.0
cons[火电机组运行成本约束_31_33],1.0
cons[火电机组运行成本约束_31_34],1.0
cons[火电机组运行成本约束_31_35],1.0
cons[火电机组运行成本约束_31_36],1.0
cons[火电机组运行成本约束_31_37],1.0
cons[火电机组运行成本约束_31_38],1.0
cons[火电机组运行成本约束_31_39],1.0
cons[火电机组运行成本约束_31_40],1.0
cons[火电机组运行成本约束_31_41],1.0
cons[火电机组运行成本约束_31_42],1.0
cons[火电机组运行成本约束_31_43],1.0
cons[火电机组运行成本约束_31_44],1.0
cons[火电机组运行成本约束_31_45],1.0
cons[火电机组运行成本约束_31_46],1.0
cons[火电机组运行成本约束_31_47],1.0
cons[火电机组运行成本约束_31_48],1.0
cons[火电机组运行成本约束_31_49],1.0
cons[火电机组运行成本约束_31_50],1.0
cons[火电机组运行成本约束_31_51],1.0
cons[火电机组运行成本约束_31_52],1.0
cons[火电机组运行成本约束_31_53],1.0
cons[火电机组运行成本约束_31_54],1.0
cons[火电机组运行成本约束_31_55],1.0
cons[火电机组运行成本约束_31_56],1.0
cons[火电机组运行成本约束_31_57],1.0
cons[火电机组运行成本约束_31_58],1.0
cons[火电机组运行成本约束_31_59],1.0
cons[火电机组运行成本约束_31_60],1.0
cons[火电机组运行成本约束_31_61],1.0
cons[火电机组运行成本约束_31_62],1.0
cons[火电机组运行成本约束_31_63],1.0
cons[火电机组运行成本约束_31_64],1.0
cons[火电机组运行成本约束_31_65],1.0
cons[火电机组运行成本约束_31_66],1.0
cons[火电机组运行成本约束_31_67],1.0
cons[火电机组运行成本约束_31_68],1.0
cons[火电机组运行成本约束_31_69],1.0
cons[火电机组运行成本约束_31_70],1.0
cons[火电机组运行成本约束_31_71],1.0
cons[火电机组运行成本约束_31_72],1.0
cons[火电机组运行成本约束_31_73],1.0
cons[火电机组运行成本约束_31_74],1.0
cons[火电机组运行成本约束_31_75],1.0
cons[火电机组运行成本约束_31_76],1.0
cons[火电机组运行成本约束_31_77],1.0
cons[火电机组运行成本约束_31_78],1.0
cons[火电机组运行成本约束_31_79],1.0
cons[火电机组运行成本约束_31_80],1.0
cons[火电机组运行成本约束_31_81],1.0
cons[火电机组运行成本约束_31_82],1.0
cons[火电机组运行成本约束_31_83],1.0
cons[火电机组运行成本约束_31_84],1.0
cons[火电机组运行成本约束_31_85],1.0
cons[火电机组运行成本约束_31_86],1.0
cons[火电机组运行成本约束_31_87],1.0
cons[火电机组运行成本约束_31_88],1.0
cons[火电机组运行成本约束_31_89],1.0
cons[火电机组运行成本约束_31_90],1.0
cons[火电机组运行成本约束_31_91],1.0
cons[火电机组运行成本约束_31_92],1.0
cons[火电机组运行成本约束_31_93],1.0
cons[火电机组运行成本约束_31_94],1.0
cons[火电机组运行成本约束_31_95],1.0
cons[风电出力约束_0_0],-106210.204
cons[风电弃风约束_0_0],100000.0
cons[风电出力约束_0_1],-106196.6905
cons[风电弃风约束_0_1],100000.0
cons[风电出力约束_0_2],-106154.057
cons[风电弃风约束_0_2],100000.0
cons[风电出力约束_0_3],-106118.112
cons[风电弃风约束_0_3],100000.0
cons[风电出力约束_0_4],-106108.011
cons[风电弃风约束_0_4],100000.0
cons[风电出力约束_0_5],-105883.423
cons[风电弃风约束_0_5],100000.0
cons[风电出力约束_0_6],-105810.35
cons[风电弃风约束_0_6],100000.0
cons[风电出力约束_0_7],-105782.504
cons[风电弃风约束_0_7],100000.0
cons[风电出力约束_0_8],-105726.812
cons[风电弃风约束_0_8],100000.0
cons[风电出力约束_0_9],-105698.966
cons[风电弃风约束_0_9],100000.0
cons[风电出力约束_0_10],-105671.12
cons[风电弃风约束_0_10],100000.0
cons[风电出力约束_0_11],-105643.274
cons[风电弃风约束_0_11],100000.0
cons[风电出力约束_0_12],-78650.35399999999
cons[风电弃风约束_0_12],100000.0
cons[风电出力约束_0_13],-78650.35399999999
cons[风电弃风约束_0_13],100000.0
cons[风电出力约束_0_14],-78650.35399999999
cons[风电弃风约束_0_14],100000.0
cons[风电出力约束_0_15],-78650.35399999999
cons[风电弃风约束_0_15],100000.0
cons[风电出力约束_0_16],-78650.35399999999
cons[风电弃风约束_0_16],100000.0
cons[风电出力约束_0_17],-78650.35399999999
cons[风电弃风约束_0_17],100000.0
cons[风电出力约束_0_18],-78650.35399999999
cons[风电弃风约束_0_18],100000.0
cons[风电出力约束_0_19],-78650.35399999999
cons[风电弃风约束_0_19],100000.0
cons[风电出力约束_0_20],-78650.35399999999
cons[风电弃风约束_0_20],100000.0
cons[风电出力约束_0_21],-105317.76699999999
cons[风电弃风约束_0_21],100000.0
cons[风电出力约束_0_22],-106108.011
cons[风电弃风约束_0_22],100000.0
cons[风电出力约束_0_23],-105726.812
cons[风电弃风约束_0_23],100000.0
cons[风电出力约束_0_24],-105754.658
cons[风电弃风约束_0_24],100000.0
cons[风电出力约束_0_25],-105754.658
cons[风电弃风约束_0_25],100000.0
cons[风电出力约束_0_26],-105887.882
cons[风电弃风约束_0_26],100000.0
cons[风电出力约束_0_27],-105979.974
cons[风电弃风约束_0_27],100000.0
cons[风电出力约束_0_28],-106024.928
cons[风电弃风约束_0_28],100000.0
cons[风电出力约束_0_29],-106052.774
cons[风电弃风约束_0_29],100000.0
cons[风电出力约束_0_30],-106080.62
cons[风电弃风约束_0_30],100000.0
cons[风电出力约束_0_31],-106108.011
cons[风电弃风约束_0_31],100000.0
cons[风电出力约束_0_32],-106108.466
cons[风电弃风约束_0_32],100000.0
cons[风电出力约束_0_33],-106118.112
cons[风电弃风约束_0_33],100000.0
cons[风电出力约束_0_34],-106118.112
cons[风电弃风约束_0_34],100000.0
cons[风电出力约束_0_35],-106118.112
cons[风电弃风约束_0_35],100000.0
cons[风电出力约束_0_36],-106118.112
cons[风电弃风约束_0_36],100000.0
cons[风电出力约束_0_37],-106108.466
cons[风电弃风约束_0_37],100000.0
cons[风电出力约束_0_38],-106108.466
cons[风电弃风约束_0_38],100000.0
cons[风电出力约束_0_39],-106108.466
cons[风电弃风约束_0_39],100000.0
cons[风电出力约束_0_40],-106108.466
cons[风电弃风约束_0_40],100000.0
cons[风电出力约束_0_41],-106108.466
cons[风电弃风约束_0_41],100000.0
cons[风电出力约束_0_42],-106108.466
cons[风电弃风约束_0_42],100000.0
cons[风电出力约束_0_43],-106108.466
cons[风电弃风约束_0_43],100000.0
cons[风电出力约束_0_44],-106108.466
cons[风电弃风约束_0_44],100000.0
cons[风电出力约束_0_45],-106108.011
cons[风电弃风约束_0_45],100000.0
cons[风电出力约束_0_46],-106108.011
cons[风电弃风约束_0_46],100000.0
cons[风电出力约束_0_47],-106108.011
cons[风电弃风约束_0_47],100000.0
cons[风电出力约束_0_48],-106108.011
cons[风电弃风约束_0_48],100000.0
cons[风电出力约束_0_49],-106108.011
cons[风电弃风约束_0_49],100000.0
cons[风电出力约束_0_50],-106108.011
cons[风电弃风约束_0_50],100000.0
cons[风电出力约束_0_51],-106108.011
cons[风电弃风约束_0_51],100000.0
cons[风电出力约束_0_52],-106108.011
cons[风电弃风约束_0_52],100000.0
cons[风电出力约束_0_53],-106080.62
cons[风电弃风约束_0_53],100000.0
cons[风电出力约束_0_54],-106080.62
cons[风电弃风约束_0_54],100000.0
cons[风电出力约束_0_55],-106080.62
cons[风电弃风约束_0_55],100000.0
cons[风电出力约束_0_56],-106080.62
cons[风电弃风约束_0_56],100000.0
cons[风电出力约束_0_57],-106080.62
cons[风电弃风约束_0_57],100000.0
cons[风电出力约束_0_58],-106080.62
cons[风电弃风约束_0_58],100000.0
cons[风电出力约束_0_59],-106108.011
cons[风电弃风约束_0_59],100000.0
cons[风电出力约束_0_60],-106108.466
cons[风电弃风约束_0_60],100000.0
cons[风电出力约束_0_61],-106136.312
cons[风电弃风约束_0_61],100000.0
cons[风电出力约束_0_62],-106164.158
cons[风电弃风约束_0_62],100000.0
cons[风电出力约束_0_63],-106164.158
cons[风电弃风约束_0_63],100000.0
cons[风电出力约束_0_64],-106192.004
cons[风电弃风约束_0_64],100000.0
cons[风电出力约束_0_65],-106200.103
cons[风电弃风约束_0_65],100000.0
cons[风电出力约束_0_66],-106219.85
cons[风电弃风约束_0_66],100000.0
cons[风电出力约束_0_67],-106219.85
cons[风电弃风约束_0_67],100000.0
cons[风电出力约束_0_68],-106219.85
cons[风电弃风约束_0_68],100000.0
cons[风电出力约束_0_69],-106219.85
cons[风电弃风约束_0_69],100000.0
cons[风电出力约束_0_70],-106219.85
cons[风电弃风约束_0_70],100000.0
cons[风电出力约束_0_71],-106242.236
cons[风电弃风约束_0_71],100000.0
cons[风电出力约束_0_72],-106246.149
cons[风电弃风约束_0_72],100000.0
cons[风电出力约束_0_73],-106256.25
cons[风电弃风约束_0_73],100000.0
cons[风电出力约束_0_74],-106287.7815
cons[风电弃风约束_0_74],100000.0
cons[风电出力约束_0_75],-106287.7815
cons[风电弃风约束_0_75],100000.0
cons[风电出力约束_0_76],-106246.149
cons[风电弃风约束_0_76],100000.0
cons[风电出力约束_0_77],-106242.236
cons[风电弃风约束_0_77],100000.0
cons[风电出力约束_0_78],-106219.85
cons[风电弃风约束_0_78],100000.0
cons[风电出力约束_0_79],-106219.85
cons[风电弃风约束_0_79],100000.0
cons[风电出力约束_0_80],-106200.103
cons[风电弃风约束_0_80],100000.0
cons[风电出力约束_0_81],-106196.6905
cons[风电弃风约束_0_81],100000.0
cons[风电出力约束_0_82],-106192.004
cons[风电弃风约束_0_82],100000.0
cons[风电出力约束_0_83],-106164.158
cons[风电弃风约束_0_83],100000.0
cons[风电出力约束_0_84],-106164.158
cons[风电弃风约束_0_84],100000.0
cons[风电出力约束_0_85],-106164.158
cons[风电弃风约束_0_85],100000.0
cons[风电出力约束_0_86],-106164.158
cons[风电弃风约束_0_86],100000.0
cons[风电出力约束_0_87],-106154.057
cons[风电弃风约束_0_87],100000.0
cons[风电出力约束_0_88],-106108.466
cons[风电弃风约束_0_88],100000.0
cons[风电出力约束_0_89],-106080.62
cons[风电弃风约束_0_89],100000.0
cons[风电出力约束_0_90],-106052.774
cons[风电弃风约束_0_90],100000.0
cons[风电出力约束_0_91],-106024.928
cons[风电弃风约束_0_91],100000.0
cons[风电出力约束_0_92],-105979.974
cons[风电弃风约束_0_92],100000.0
cons[风电出力约束_0_93],-105933.928
cons[风电弃风约束_0_93],100000.0
cons[风电出力约束_0_94],-105887.882
cons[风电弃风约束_0_94],100000.0
cons[风电出力约束_0_95],-105414.318
cons[风电弃风约束_0_95],100000.0
cons[风电出力约束_1_0],-106210.204
cons[风电弃风约束_1_0],100000.0
cons[风电出力约束_1_1],-106196.6905
cons[风电弃风约束_1_1],100000.0
cons[风电出力约束_1_2],-106154.057
cons[风电弃风约束_1_2],100000.0
cons[风电出力约束_1_3],-106118.112
cons[风电弃风约束_1_3],100000.0
cons[风电出力约束_1_4],-106108.011
cons[风电弃风约束_1_4],100000.0
cons[风电出力约束_1_5],-105883.423
cons[风电弃风约束_1_5],100000.0
cons[风电出力约束_1_6],-105810.35
cons[风电弃风约束_1_6],100000.0
cons[风电出力约束_1_7],-105782.504
cons[风电弃风约束_1_7],100000.0
cons[风电出力约束_1_8],-105726.812
cons[风电弃风约束_1_8],100000.0
cons[风电出力约束_1_9],-105698.966
cons[风电弃风约束_1_9],100000.0
cons[风电出力约束_1_10],-105671.12
cons[风电弃风约束_1_10],100000.0
cons[风电出力约束_1_11],-105643.274
cons[风电弃风约束_1_11],100000.0
cons[风电出力约束_1_12],-78650.35399999999
cons[风电弃风约束_1_12],100000.0
cons[风电出力约束_1_13],-78650.35399999999
cons[风电弃风约束_1_13],100000.0
cons[风电出力约束_1_14],-78650.35399999999
cons[风电弃风约束_1_14],100000.0
cons[风电出力约束_1_15],-78650.35399999999
cons[风电弃风约束_1_15],100000.0
cons[风电出力约束_1_16],-78650.35399999999
cons[风电弃风约束_1_16],100000.0
cons[风电出力约束_1_17],-78650.35399999999
cons[风电弃风约束_1_17],100000.0
cons[风电出力约束_1_18],-78650.35399999999
cons[风电弃风约束_1_18],100000.0
cons[风电出力约束_1_19],-78650.35399999999
cons[风电弃风约束_1_19],100000.0
cons[风电出力约束_1_20],-78650.35399999999
cons[风电弃风约束_1_20],100000.0
cons[风电出力约束_1_21],-105317.76699999999
cons[风电弃风约束_1_21],100000.0
cons[风电出力约束_1_22],-106108.011
cons[风电弃风约束_1_22],100000.0
cons[风电出力约束_1_23],-105726.812
cons[风电弃风约束_1_23],100000.0
cons[风电出力约束_1_24],-105754.658
cons[风电弃风约束_1_24],100000.0
cons[风电出力约束_1_25],-105754.658
cons[风电弃风约束_1_25],100000.0
cons[风电出力约束_1_26],-105887.882
cons[风电弃风约束_1_26],100000.0
cons[风电出力约束_1_27],-105979.974
cons[风电弃风约束_1_27],100000.0
cons[风电出力约束_1_28],-106024.928
cons[风电弃风约束_1_28],100000.0
cons[风电出力约束_1_29],-106052.774
cons[风电弃风约束_1_29],100000.0
cons[风电出力约束_1_30],-106080.62
cons[风电弃风约束_1_30],100000.0
cons[风电出力约束_1_31],-106108.011
cons[风电弃风约束_1_31],100000.0
cons[风电出力约束_1_32],-106108.466
cons[风电弃风约束_1_32],100000.0
cons[风电出力约束_1_33],-106118.112
cons[风电弃风约束_1_33],100000.0
cons[风电出力约束_1_34],-106118.112
cons[风电弃风约束_1_34],100000.0
cons[风电出力约束_1_35],-106118.112
cons[风电弃风约束_1_35],100000.0
cons[风电出力约束_1_36],-106118.112
cons[风电弃风约束_1_36],100000.0
cons[风电出力约束_1_37],-106108.466
cons[风电弃风约束_1_37],100000.0
cons[风电出力约束_1_38],-106108.466
cons[风电弃风约束_1_38],100000.0
cons[风电出力约束_1_39],-106108.466
cons[风电弃风约束_1_39],100000.0
cons[风电出力约束_1_40],-106108.466
cons[风电弃风约束_1_40],100000.0
cons[风电出力约束_1_41],-106108.466
cons[风电弃风约束_1_41],100000.0
cons[风电出力约束_1_42],-106108.466
cons[风电弃风约束_1_42],100000.0
cons[风电出力约束_1_43],-106108.466
cons[风电弃风约束_1_43],100000.0
cons[风电出力约束_1_44],-106108.466
cons[风电弃风约束_1_44],100000.0
cons[风电出力约束_1_45],-106108.011
cons[风电弃风约束_1_45],100000.0
cons[风电出力约束_1_46],-106108.011
cons[风电弃风约束_1_46],100000.0
cons[风电出力约束_1_47],-106108.011
cons[风电弃风约束_1_47],100000.0
cons[风电出力约束_1_48],-106108.011
cons[风电弃风约束_1_48],100000.0
cons[风电出力约束_1_49],-106108.011
cons[风电弃风约束_1_49],100000.0
cons[风电出力约束_1_50],-106108.011
cons[风电弃风约束_1_50],100000.0
cons[风电出力约束_1_51],-106108.011
cons[风电弃风约束_1_51],100000.0
cons[风电出力约束_1_52],-106108.011
cons[风电弃风约束_1_52],100000.0
cons[风电出力约束_1_53],-106080.62
cons[风电弃风约束_1_53],100000.0
cons[风电出力约束_1_54],-106080.62
cons[风电弃风约束_1_54],100000.0
cons[风电出力约束_1_55],-106080.62
cons[风电弃风约束_1_55],100000.0
cons[风电出力约束_1_56],-106080.62
cons[风电弃风约束_1_56],100000.0
cons[风电出力约束_1_57],-106080.62
cons[风电弃风约束_1_57],100000.0
cons[风电出力约束_1_58],-106080.62
cons[风电弃风约束_1_58],100000.0
cons[风电出力约束_1_59],-106108.011
cons[风电弃风约束_1_59],100000.0
cons[风电出力约束_1_60],-106108.466
cons[风电弃风约束_1_60],100000.0
cons[风电出力约束_1_61],-106136.312
cons[风电弃风约束_1_61],100000.0
cons[风电出力约束_1_62],-106164.158
cons[风电弃风约束_1_62],100000.0
cons[风电出力约束_1_63],-106164.158
cons[风电弃风约束_1_63],100000.0
cons[风电出力约束_1_64],-106192.004
cons[风电弃风约束_1_64],100000.0
cons[风电出力约束_1_65],-106200.103
cons[风电弃风约束_1_65],100000.0
cons[风电出力约束_1_66],-106219.85
cons[风电弃风约束_1_66],100000.0
cons[风电出力约束_1_67],-106219.85
cons[风电弃风约束_1_67],100000.0
cons[风电出力约束_1_68],-106219.85
cons[风电弃风约束_1_68],100000.0
cons[风电出力约束_1_69],-106219.85
cons[风电弃风约束_1_69],100000.0
cons[风电出力约束_1_70],-106219.85
cons[风电弃风约束_1_70],100000.0
cons[风电出力约束_1_71],-106242.236
cons[风电弃风约束_1_71],100000.0
cons[风电出力约束_1_72],-106246.149
cons[风电弃风约束_1_72],100000.0
cons[风电出力约束_1_73],-106256.25
cons[风电弃风约束_1_73],100000.0
cons[风电出力约束_1_74],-106287.7815
cons[风电弃风约束_1_74],100000.0
cons[风电出力约束_1_75],-106287.7815
cons[风电弃风约束_1_75],100000.0
cons[风电出力约束_1_76],-106246.149
cons[风电弃风约束_1_76],100000.0
cons[风电出力约束_1_77],-106242.236
cons[风电弃风约束_1_77],100000.0
cons[风电出力约束_1_78],-106219.85
cons[风电弃风约束_1_78],100000.0
cons[风电出力约束_1_79],-106219.85
cons[风电弃风约束_1_79],100000.0
cons[风电出力约束_1_80],-106200.103
cons[风电弃风约束_1_80],100000.0
cons[风电出力约束_1_81],-106196.6905
cons[风电弃风约束_1_81],100000.0
cons[风电出力约束_1_82],-106192.004
cons[风电弃风约束_1_82],100000.0
cons[风电出力约束_1_83],-106164.158
cons[风电弃风约束_1_83],100000.0
cons[风电出力约束_1_84],-106164.158
cons[风电弃风约束_1_84],100000.0
cons[风电出力约束_1_85],-106164.158
cons[风电弃风约束_1_85],100000.0
cons[风电出力约束_1_86],-106164.158
cons[风电弃风约束_1_86],100000.0
cons[风电出力约束_1_87],-106154.057
cons[风电弃风约束_1_87],100000.0
cons[风电出力约束_1_88],-106108.466
cons[风电弃风约束_1_88],100000.0
cons[风电出力约束_1_89],-106080.62
cons[风电弃风约束_1_89],100000.0
cons[风电出力约束_1_90],-106052.774
cons[风电弃风约束_1_90],100000.0
cons[风电出力约束_1_91],-106024.928
cons[风电弃风约束_1_91],100000.0
cons[风电出力约束_1_92],-105979.974
cons[风电弃风约束_1_92],100000.0
cons[风电出力约束_1_93],-105933.928
cons[风电弃风约束_1_93],100000.0
cons[风电出力约束_1_94],-105887.882
cons[风电弃风约束_1_94],100000.0
cons[风电出力约束_1_95],-105414.318
cons[风电弃风约束_1_95],100000.0
cons[风电出力约束_2_0],-106210.204
cons[风电弃风约束_2_0],100000.0
cons[风电出力约束_2_1],-106196.6905
cons[风电弃风约束_2_1],100000.0
cons[风电出力约束_2_2],-106154.057
cons[风电弃风约束_2_2],100000.0
cons[风电出力约束_2_3],-106118.112
cons[风电弃风约束_2_3],100000.0
cons[风电出力约束_2_4],-106108.011
cons[风电弃风约束_2_4],100000.0
cons[风电出力约束_2_5],-105883.423
cons[风电弃风约束_2_5],100000.0
cons[风电出力约束_2_6],-105810.35
cons[风电弃风约束_2_6],100000.0
cons[风电出力约束_2_7],-105782.504
cons[风电弃风约束_2_7],100000.0
cons[风电出力约束_2_8],-105726.812
cons[风电弃风约束_2_8],100000.0
cons[风电出力约束_2_9],-105698.966
cons[风电弃风约束_2_9],100000.0
cons[风电出力约束_2_10],-105671.12
cons[风电弃风约束_2_10],100000.0
cons[风电出力约束_2_11],-105643.274
cons[风电弃风约束_2_11],100000.0
cons[风电出力约束_2_12],-78650.35399999999
cons[风电弃风约束_2_12],100000.0
cons[风电出力约束_2_13],-78650.35399999999
cons[风电弃风约束_2_13],100000.0
cons[风电出力约束_2_14],-78650.35399999999
cons[风电弃风约束_2_14],100000.0
cons[风电出力约束_2_15],-78650.35399999999
cons[风电弃风约束_2_15],100000.0
cons[风电出力约束_2_16],-78650.35399999999
cons[风电弃风约束_2_16],100000.0
cons[风电出力约束_2_17],-78650.35399999999
cons[风电弃风约束_2_17],100000.0
cons[风电出力约束_2_18],-78650.35399999999
cons[风电弃风约束_2_18],100000.0
cons[风电出力约束_2_19],-78650.35399999999
cons[风电弃风约束_2_19],100000.0
cons[风电出力约束_2_20],-78650.35399999999
cons[风电弃风约束_2_20],100000.0
cons[风电出力约束_2_21],-105317.76699999999
cons[风电弃风约束_2_21],100000.0
cons[风电出力约束_2_22],-106108.011
cons[风电弃风约束_2_22],100000.0
cons[风电出力约束_2_23],-105726.812
cons[风电弃风约束_2_23],100000.0
cons[风电出力约束_2_24],-105754.658
cons[风电弃风约束_2_24],100000.0
cons[风电出力约束_2_25],-105754.658
cons[风电弃风约束_2_25],100000.0
cons[风电出力约束_2_26],-105887.882
cons[风电弃风约束_2_26],100000.0
cons[风电出力约束_2_27],-105979.974
cons[风电弃风约束_2_27],100000.0
cons[风电出力约束_2_28],-106024.928
cons[风电弃风约束_2_28],100000.0
cons[风电出力约束_2_29],-106052.774
cons[风电弃风约束_2_29],100000.0
cons[风电出力约束_2_30],-106080.62
cons[风电弃风约束_2_30],100000.0
cons[风电出力约束_2_31],-106108.011
cons[风电弃风约束_2_31],100000.0
cons[风电出力约束_2_32],-106108.466
cons[风电弃风约束_2_32],100000.0
cons[风电出力约束_2_33],-106118.112
cons[风电弃风约束_2_33],100000.0
cons[风电出力约束_2_34],-106118.112
cons[风电弃风约束_2_34],100000.0
cons[风电出力约束_2_35],-106118.112
cons[风电弃风约束_2_35],100000.0
cons[风电出力约束_2_36],-106118.112
cons[风电弃风约束_2_36],100000.0
cons[风电出力约束_2_37],-106108.466
cons[风电弃风约束_2_37],100000.0
cons[风电出力约束_2_38],-106108.466
cons[风电弃风约束_2_38],100000.0
cons[风电出力约束_2_39],-106108.466
cons[风电弃风约束_2_39],100000.0
cons[风电出力约束_2_40],-106108.466
cons[风电弃风约束_2_40],100000.0
cons[风电出力约束_2_41],-106108.466
cons[风电弃风约束_2_41],100000.0
cons[风电出力约束_2_42],-106108.466
cons[风电弃风约束_2_42],100000.0
cons[风电出力约束_2_43],-106108.466
cons[风电弃风约束_2_43],100000.0
cons[风电出力约束_2_44],-106108.466
cons[风电弃风约束_2_44],100000.0
cons[风电出力约束_2_45],-106108.011
cons[风电弃风约束_2_45],100000.0
cons[风电出力约束_2_46],-106108.011
cons[风电弃风约束_2_46],100000.0
cons[风电出力约束_2_47],-106108.011
cons[风电弃风约束_2_47],100000.0
cons[风电出力约束_2_48],-106108.011
cons[风电弃风约束_2_48],100000.0
cons[风电出力约束_2_49],-106108.011
cons[风电弃风约束_2_49],100000.0
cons[风电出力约束_2_50],-106108.011
cons[风电弃风约束_2_50],100000.0
cons[风电出力约束_2_51],-106108.011
cons[风电弃风约束_2_51],100000.0
cons[风电出力约束_2_52],-106108.011
cons[风电弃风约束_2_52],100000.0
cons[风电出力约束_2_53],-106080.62
cons[风电弃风约束_2_53],100000.0
cons[风电出力约束_2_54],-106080.62
cons[风电弃风约束_2_54],100000.0
cons[风电出力约束_2_55],-106080.62
cons[风电弃风约束_2_55],100000.0
cons[风电出力约束_2_56],-106080.62
cons[风电弃风约束_2_56],100000.0
cons[风电出力约束_2_57],-106080.62
cons[风电弃风约束_2_57],100000.0
cons[风电出力约束_2_58],-106080.62
cons[风电弃风约束_2_58],100000.0
cons[风电出力约束_2_59],-106108.011
cons[风电弃风约束_2_59],100000.0
cons[风电出力约束_2_60],-106108.466
cons[风电弃风约束_2_60],100000.0
cons[风电出力约束_2_61],-106136.312
cons[风电弃风约束_2_61],100000.0
cons[风电出力约束_2_62],-106164.158
cons[风电弃风约束_2_62],100000.0
cons[风电出力约束_2_63],-106164.158
cons[风电弃风约束_2_63],100000.0
cons[风电出力约束_2_64],-106192.004
cons[风电弃风约束_2_64],100000.0
cons[风电出力约束_2_65],-106200.103
cons[风电弃风约束_2_65],100000.0
cons[风电出力约束_2_66],-106219.85
cons[风电弃风约束_2_66],100000.0
cons[风电出力约束_2_67],-106219.85
cons[风电弃风约束_2_67],100000.0
cons[风电出力约束_2_68],-106219.85
cons[风电弃风约束_2_68],100000.0
cons[风电出力约束_2_69],-106219.85
cons[风电弃风约束_2_69],100000.0
cons[风电出力约束_2_70],-106219.85
cons[风电弃风约束_2_70],100000.0
cons[风电出力约束_2_71],-106242.236
cons[风电弃风约束_2_71],100000.0
cons[风电出力约束_2_72],-106246.149
cons[风电弃风约束_2_72],100000.0
cons[风电出力约束_2_73],-106256.25
cons[风电弃风约束_2_73],100000.0
cons[风电出力约束_2_74],-106287.7815
cons[风电弃风约束_2_74],100000.0
cons[风电出力约束_2_75],-106287.7815
cons[风电弃风约束_2_75],100000.0
cons[风电出力约束_2_76],-106246.149
cons[风电弃风约束_2_76],100000.0
cons[风电出力约束_2_77],-106242.236
cons[风电弃风约束_2_77],100000.0
cons[风电出力约束_2_78],-106219.85
cons[风电弃风约束_2_78],100000.0
cons[风电出力约束_2_79],-106219.85
cons[风电弃风约束_2_79],100000.0
cons[风电出力约束_2_80],-106200.103
cons[风电弃风约束_2_80],100000.0
cons[风电出力约束_2_81],-106196.6905
cons[风电弃风约束_2_81],100000.0
cons[风电出力约束_2_82],-106192.004
cons[风电弃风约束_2_82],100000.0
cons[风电出力约束_2_83],-106164.158
cons[风电弃风约束_2_83],100000.0
cons[风电出力约束_2_84],-106164.158
cons[风电弃风约束_2_84],100000.0
cons[风电出力约束_2_85],-106164.158
cons[风电弃风约束_2_85],100000.0
cons[风电出力约束_2_86],-106164.158
cons[风电弃风约束_2_86],100000.0
cons[风电出力约束_2_87],-106154.057
cons[风电弃风约束_2_87],100000.0
cons[风电出力约束_2_88],-106108.466
cons[风电弃风约束_2_88],100000.0
cons[风电出力约束_2_89],-106080.62
cons[风电弃风约束_2_89],100000.0
cons[风电出力约束_2_90],-106052.774
cons[风电弃风约束_2_90],100000.0
cons[风电出力约束_2_91],-106024.928
cons[风电弃风约束_2_91],100000.0
cons[风电出力约束_2_92],-105979.974
cons[风电弃风约束_2_92],100000.0
cons[风电出力约束_2_93],-105933.928
cons[风电弃风约束_2_93],100000.0
cons[风电出力约束_2_94],-105887.882
cons[风电弃风约束_2_94],100000.0
cons[风电出力约束_2_95],-105414.318
cons[风电弃风约束_2_95],100000.0
cons[风电出力约束_3_0],-106210.204
cons[风电弃风约束_3_0],100000.0
cons[风电出力约束_3_1],-106196.6905
cons[风电弃风约束_3_1],100000.0
cons[风电出力约束_3_2],-106154.057
cons[风电弃风约束_3_2],100000.0
cons[风电出力约束_3_3],-106118.112
cons[风电弃风约束_3_3],100000.0
cons[风电出力约束_3_4],-106108.011
cons[风电弃风约束_3_4],100000.0
cons[风电出力约束_3_5],-105883.423
cons[风电弃风约束_3_5],100000.0
cons[风电出力约束_3_6],-105810.35
cons[风电弃风约束_3_6],100000.0
cons[风电出力约束_3_7],-105782.504
cons[风电弃风约束_3_7],100000.0
cons[风电出力约束_3_8],-105726.812
cons[风电弃风约束_3_8],100000.0
cons[风电出力约束_3_9],-105698.966
cons[风电弃风约束_3_9],100000.0
cons[风电出力约束_3_10],-105671.12
cons[风电弃风约束_3_10],100000.0
cons[风电出力约束_3_11],-105643.274
cons[风电弃风约束_3_11],100000.0
cons[风电出力约束_3_12],-78650.35399999999
cons[风电弃风约束_3_12],100000.0
cons[风电出力约束_3_13],-78650.35399999999
cons[风电弃风约束_3_13],100000.0
cons[风电出力约束_3_14],-78650.35399999999
cons[风电弃风约束_3_14],100000.0
cons[风电出力约束_3_15],-78650.35399999999
cons[风电弃风约束_3_15],100000.0
cons[风电出力约束_3_16],-78650.35399999999
cons[风电弃风约束_3_16],100000.0
cons[风电出力约束_3_17],-78650.35399999999
cons[风电弃风约束_3_17],100000.0
cons[风电出力约束_3_18],-78650.35399999999
cons[风电弃风约束_3_18],100000.0
cons[风电出力约束_3_19],-78650.35399999999
cons[风电弃风约束_3_19],100000.0
cons[风电出力约束_3_20],-78650.35399999999
cons[风电弃风约束_3_20],100000.0
cons[风电出力约束_3_21],-105317.76699999999
cons[风电弃风约束_3_21],100000.0
cons[风电出力约束_3_22],-106108.011
cons[风电弃风约束_3_22],100000.0
cons[风电出力约束_3_23],-105726.812
cons[风电弃风约束_3_23],100000.0
cons[风电出力约束_3_24],-105754.658
cons[风电弃风约束_3_24],100000.0
cons[风电出力约束_3_25],-105754.658
cons[风电弃风约束_3_25],100000.0
cons[风电出力约束_3_26],-105887.882
cons[风电弃风约束_3_26],100000.0
cons[风电出力约束_3_27],-105979.974
cons[风电弃风约束_3_27],100000.0
cons[风电出力约束_3_28],-106024.928
cons[风电弃风约束_3_28],100000.0
cons[风电出力约束_3_29],-106052.774
cons[风电弃风约束_3_29],100000.0
cons[风电出力约束_3_30],-106080.62
cons[风电弃风约束_3_30],100000.0
cons[风电出力约束_3_31],-106108.011
cons[风电弃风约束_3_31],100000.0
cons[风电出力约束_3_32],-106108.466
cons[风电弃风约束_3_32],100000.0
cons[风电出力约束_3_33],-106118.112
cons[风电弃风约束_3_33],100000.0
cons[风电出力约束_3_34],-106118.112
cons[风电弃风约束_3_34],100000.0
cons[风电出力约束_3_35],-106118.112
cons[风电弃风约束_3_35],100000.0
cons[风电出力约束_3_36],-106118.112
cons[风电弃风约束_3_36],100000.0
cons[风电出力约束_3_37],-106108.466
cons[风电弃风约束_3_37],100000.0
cons[风电出力约束_3_38],-106108.466
cons[风电弃风约束_3_38],100000.0
cons[风电出力约束_3_39],-106108.466
cons[风电弃风约束_3_39],100000.0
cons[风电出力约束_3_40],-106108.466
cons[风电弃风约束_3_40],100000.0
cons[风电出力约束_3_41],-106108.466
cons[风电弃风约束_3_41],100000.0
cons[风电出力约束_3_42],-106108.466
cons[风电弃风约束_3_42],100000.0
cons[风电出力约束_3_43],-106108.466
cons[风电弃风约束_3_43],100000.0
cons[风电出力约束_3_44],-106108.466
cons[风电弃风约束_3_44],100000.0
cons[风电出力约束_3_45],-106108.011
cons[风电弃风约束_3_45],100000.0
cons[风电出力约束_3_46],-106108.011
cons[风电弃风约束_3_46],100000.0
cons[风电出力约束_3_47],-106108.011
cons[风电弃风约束_3_47],100000.0
cons[风电出力约束_3_48],-106108.011
cons[风电弃风约束_3_48],100000.0
cons[风电出力约束_3_49],-106108.011
cons[风电弃风约束_3_49],100000.0
cons[风电出力约束_3_50],-106108.011
cons[风电弃风约束_3_50],100000.0
cons[风电出力约束_3_51],-106108.011
cons[风电弃风约束_3_51],100000.0
cons[风电出力约束_3_52],-106108.011
cons[风电弃风约束_3_52],100000.0
cons[风电出力约束_3_53],-106080.62
cons[风电弃风约束_3_53],100000.0
cons[风电出力约束_3_54],-106080.62
cons[风电弃风约束_3_54],100000.0
cons[风电出力约束_3_55],-106080.62
cons[风电弃风约束_3_55],100000.0
cons[风电出力约束_3_56],-106080.62
cons[风电弃风约束_3_56],100000.0
cons[风电出力约束_3_57],-106080.62
cons[风电弃风约束_3_57],100000.0
cons[风电出力约束_3_58],-106080.62
cons[风电弃风约束_3_58],100000.0
cons[风电出力约束_3_59],-106108.011
cons[风电弃风约束_3_59],100000.0
cons[风电出力约束_3_60],-106108.466
cons[风电弃风约束_3_60],100000.0
cons[风电出力约束_3_61],-106136.312
cons[风电弃风约束_3_61],100000.0
cons[风电出力约束_3_62],-106164.158
cons[风电弃风约束_3_62],100000.0
cons[风电出力约束_3_63],-106164.158
cons[风电弃风约束_3_63],100000.0
cons[风电出力约束_3_64],-106192.004
cons[风电弃风约束_3_64],100000.0
cons[风电出力约束_3_65],-106200.103
cons[风电弃风约束_3_65],100000.0
cons[风电出力约束_3_66],-106219.85
cons[风电弃风约束_3_66],100000.0
cons[风电出力约束_3_67],-106219.85
cons[风电弃风约束_3_67],100000.0
cons[风电出力约束_3_68],-106219.85
cons[风电弃风约束_3_68],100000.0
cons[风电出力约束_3_69],-106219.85
cons[风电弃风约束_3_69],100000.0
cons[风电出力约束_3_70],-106219.85
cons[风电弃风约束_3_70],100000.0
cons[风电出力约束_3_71],-106242.236
cons[风电弃风约束_3_71],100000.0
cons[风电出力约束_3_72],-106246.149
cons[风电弃风约束_3_72],100000.0
cons[风电出力约束_3_73],-106256.25
cons[风电弃风约束_3_73],100000.0
cons[风电出力约束_3_74],-106287.7815
cons[风电弃风约束_3_74],100000.0
cons[风电出力约束_3_75],-106287.7815
cons[风电弃风约束_3_75],100000.0
cons[风电出力约束_3_76],-106246.149
cons[风电弃风约束_3_76],100000.0
cons[风电出力约束_3_77],-106242.236
cons[风电弃风约束_3_77],100000.0
cons[风电出力约束_3_78],-106219.85
cons[风电弃风约束_3_78],100000.0
cons[风电出力约束_3_79],-106219.85
cons[风电弃风约束_3_79],100000.0
cons[风电出力约束_3_80],-106200.103
cons[风电弃风约束_3_80],100000.0
cons[风电出力约束_3_81],-106196.6905
cons[风电弃风约束_3_81],100000.0
cons[风电出力约束_3_82],-106192.004
cons[风电弃风约束_3_82],100000.0
cons[风电出力约束_3_83],-106164.158
cons[风电弃风约束_3_83],100000.0
cons[风电出力约束_3_84],-106164.158
cons[风电弃风约束_3_84],100000.0
cons[风电出力约束_3_85],-106164.158
cons[风电弃风约束_3_85],100000.0
cons[风电出力约束_3_86],-106164.158
cons[风电弃风约束_3_86],100000.0
cons[风电出力约束_3_87],-106154.057
cons[风电弃风约束_3_87],100000.0
cons[风电出力约束_3_88],-106108.466
cons[风电弃风约束_3_88],100000.0
cons[风电出力约束_3_89],-106080.62
cons[风电弃风约束_3_89],100000.0
cons[风电出力约束_3_90],-106052.774
cons[风电弃风约束_3_90],100000.0
cons[风电出力约束_3_91],-106024.928
cons[风电弃风约束_3_91],100000.0
cons[风电出力约束_3_92],-105979.974
cons[风电弃风约束_3_92],100000.0
cons[风电出力约束_3_93],-105933.928
cons[风电弃风约束_3_93],100000.0
cons[风电出力约束_3_94],-105887.882
cons[风电弃风约束_3_94],100000.0
cons[风电出力约束_3_95],-105414.318
cons[风电弃风约束_3_95],100000.0
cons[风电出力约束_4_0],-106210.204
cons[风电弃风约束_4_0],100000.0
cons[风电出力约束_4_1],-106196.6905
cons[风电弃风约束_4_1],100000.0
cons[风电出力约束_4_2],-106154.057
cons[风电弃风约束_4_2],100000.0
cons[风电出力约束_4_3],-106118.112
cons[风电弃风约束_4_3],100000.0
cons[风电出力约束_4_4],-106108.011
cons[风电弃风约束_4_4],100000.0
cons[风电出力约束_4_5],-105883.423
cons[风电弃风约束_4_5],100000.0
cons[风电出力约束_4_6],-105810.35
cons[风电弃风约束_4_6],100000.0
cons[风电出力约束_4_7],-105782.504
cons[风电弃风约束_4_7],100000.0
cons[风电出力约束_4_8],-105726.812
cons[风电弃风约束_4_8],100000.0
cons[风电出力约束_4_9],-105698.966
cons[风电弃风约束_4_9],100000.0
cons[风电出力约束_4_10],-105671.12
cons[风电弃风约束_4_10],100000.0
cons[风电出力约束_4_11],-105643.274
cons[风电弃风约束_4_11],100000.0
cons[风电出力约束_4_12],-78650.35399999999
cons[风电弃风约束_4_12],100000.0
cons[风电出力约束_4_13],-78650.35399999999
cons[风电弃风约束_4_13],100000.0
cons[风电出力约束_4_14],-78650.35399999999
cons[风电弃风约束_4_14],100000.0
cons[风电出力约束_4_15],-78650.35399999999
cons[风电弃风约束_4_15],100000.0
cons[风电出力约束_4_16],-78650.35399999999
cons[风电弃风约束_4_16],100000.0
cons[风电出力约束_4_17],-78650.35399999999
cons[风电弃风约束_4_17],100000.0
cons[风电出力约束_4_18],-78650.35399999999
cons[风电弃风约束_4_18],100000.0
cons[风电出力约束_4_19],-78650.35399999999
cons[风电弃风约束_4_19],100000.0
cons[风电出力约束_4_20],-78650.35399999999
cons[风电弃风约束_4_20],100000.0
cons[风电出力约束_4_21],-105317.76699999999
cons[风电弃风约束_4_21],100000.0
cons[风电出力约束_4_22],-106108.011
cons[风电弃风约束_4_22],100000.0
cons[风电出力约束_4_23],-105726.812
cons[风电弃风约束_4_23],100000.0
cons[风电出力约束_4_24],-105754.658
cons[风电弃风约束_4_24],100000.0
cons[风电出力约束_4_25],-105754.658
cons[风电弃风约束_4_25],100000.0
cons[风电出力约束_4_26],-105887.882
cons[风电弃风约束_4_26],100000.0
cons[风电出力约束_4_27],-105979.974
cons[风电弃风约束_4_27],100000.0
cons[风电出力约束_4_28],-106024.928
cons[风电弃风约束_4_28],100000.0
cons[风电出力约束_4_29],-106052.774
cons[风电弃风约束_4_29],100000.0
cons[风电出力约束_4_30],-106080.62
cons[风电弃风约束_4_30],100000.0
cons[风电出力约束_4_31],-106108.011
cons[风电弃风约束_4_31],100000.0
cons[风电出力约束_4_32],-106108.466
cons[风电弃风约束_4_32],100000.0
cons[风电出力约束_4_33],-106118.112
cons[风电弃风约束_4_33],100000.0
cons[风电出力约束_4_34],-106118.112
cons[风电弃风约束_4_34],100000.0
cons[风电出力约束_4_35],-106118.112
cons[风电弃风约束_4_35],100000.0
cons[风电出力约束_4_36],-106118.112
cons[风电弃风约束_4_36],100000.0
cons[风电出力约束_4_37],-106108.466
cons[风电弃风约束_4_37],100000.0
cons[风电出力约束_4_38],-106108.466
cons[风电弃风约束_4_38],100000.0
cons[风电出力约束_4_39],-106108.466
cons[风电弃风约束_4_39],100000.0
cons[风电出力约束_4_40],-106108.466
cons[风电弃风约束_4_40],100000.0
cons[风电出力约束_4_41],-106108.466
cons[风电弃风约束_4_41],100000.0
cons[风电出力约束_4_42],-106108.466
cons[风电弃风约束_4_42],100000.0
cons[风电出力约束_4_43],-106108.466
cons[风电弃风约束_4_43],100000.0
cons[风电出力约束_4_44],-106108.466
cons[风电弃风约束_4_44],100000.0
cons[风电出力约束_4_45],-106108.011
cons[风电弃风约束_4_45],100000.0
cons[风电出力约束_4_46],-106108.011
cons[风电弃风约束_4_46],100000.0
cons[风电出力约束_4_47],-106108.011
cons[风电弃风约束_4_47],100000.0
cons[风电出力约束_4_48],-106108.011
cons[风电弃风约束_4_48],100000.0
cons[风电出力约束_4_49],-106108.011
cons[风电弃风约束_4_49],100000.0
cons[风电出力约束_4_50],-106108.011
cons[风电弃风约束_4_50],100000.0
cons[风电出力约束_4_51],-106108.011
cons[风电弃风约束_4_51],100000.0
cons[风电出力约束_4_52],-106108.011
cons[风电弃风约束_4_52],100000.0
cons[风电出力约束_4_53],-106080.62
cons[风电弃风约束_4_53],100000.0
cons[风电出力约束_4_54],-106080.62
cons[风电弃风约束_4_54],100000.0
cons[风电出力约束_4_55],-106080.62
cons[风电弃风约束_4_55],100000.0
cons[风电出力约束_4_56],-106080.62
cons[风电弃风约束_4_56],100000.0
cons[风电出力约束_4_57],-106080.62
cons[风电弃风约束_4_57],100000.0
cons[风电出力约束_4_58],-106080.62
cons[风电弃风约束_4_58],100000.0
cons[风电出力约束_4_59],-106108.011
cons[风电弃风约束_4_59],100000.0
cons[风电出力约束_4_60],-106108.466
cons[风电弃风约束_4_60],100000.0
cons[风电出力约束_4_61],-106136.312
cons[风电弃风约束_4_61],100000.0
cons[风电出力约束_4_62],-106164.158
cons[风电弃风约束_4_62],100000.0
cons[风电出力约束_4_63],-106164.158
cons[风电弃风约束_4_63],100000.0
cons[风电出力约束_4_64],-106192.004
cons[风电弃风约束_4_64],100000.0
cons[风电出力约束_4_65],-106200.103
cons[风电弃风约束_4_65],100000.0
cons[风电出力约束_4_66],-106219.85
cons[风电弃风约束_4_66],100000.0
cons[风电出力约束_4_67],-106219.85
cons[风电弃风约束_4_67],100000.0
cons[风电出力约束_4_68],-106219.85
cons[风电弃风约束_4_68],100000.0
cons[风电出力约束_4_69],-106219.85
cons[风电弃风约束_4_69],100000.0
cons[风电出力约束_4_70],-106219.85
cons[风电弃风约束_4_70],100000.0
cons[风电出力约束_4_71],-106242.236
cons[风电弃风约束_4_71],100000.0
cons[风电出力约束_4_72],-106246.149
cons[风电弃风约束_4_72],100000.0
cons[风电出力约束_4_73],-106256.25
cons[风电弃风约束_4_73],100000.0
cons[风电出力约束_4_74],-106287.7815
cons[风电弃风约束_4_74],100000.0
cons[风电出力约束_4_75],-106287.7815
cons[风电弃风约束_4_75],100000.0
cons[风电出力约束_4_76],-106246.149
cons[风电弃风约束_4_76],100000.0
cons[风电出力约束_4_77],-106242.236
cons[风电弃风约束_4_77],100000.0
cons[风电出力约束_4_78],-106219.85
cons[风电弃风约束_4_78],100000.0
cons[风电出力约束_4_79],-106219.85
cons[风电弃风约束_4_79],100000.0
cons[风电出力约束_4_80],-106200.103
cons[风电弃风约束_4_80],100000.0
cons[风电出力约束_4_81],-106196.6905
cons[风电弃风约束_4_81],100000.0
cons[风电出力约束_4_82],-106192.004
cons[风电弃风约束_4_82],100000.0
cons[风电出力约束_4_83],-106164.158
cons[风电弃风约束_4_83],100000.0
cons[风电出力约束_4_84],-106164.158
cons[风电弃风约束_4_84],100000.0
cons[风电出力约束_4_85],-106164.158
cons[风电弃风约束_4_85],100000.0
cons[风电出力约束_4_86],-106164.158
cons[风电弃风约束_4_86],100000.0
cons[风电出力约束_4_87],-106154.057
cons[风电弃风约束_4_87],100000.0
cons[风电出力约束_4_88],-106108.466
cons[风电弃风约束_4_88],100000.0
cons[风电出力约束_4_89],-106080.62
cons[风电弃风约束_4_89],100000.0
cons[风电出力约束_4_90],-106052.774
cons[风电弃风约束_4_90],100000.0
cons[风电出力约束_4_91],-106024.928
cons[风电弃风约束_4_91],100000.0
cons[风电出力约束_4_92],-105979.974
cons[风电弃风约束_4_92],100000.0
cons[风电出力约束_4_93],-105933.928
cons[风电弃风约束_4_93],100000.0
cons[风电出力约束_4_94],-105887.882
cons[风电弃风约束_4_94],100000.0
cons[风电出力约束_4_95],-105414.318
cons[风电弃风约束_4_95],100000.0
cons[光伏出力约束_0_0],-106210.204
cons[光伏弃光约束_0_0],100000.0
cons[光伏出力约束_0_1],-106196.6905
cons[光伏弃光约束_0_1],100000.0
cons[光伏出力约束_0_2],-106154.057
cons[光伏弃光约束_0_2],100000.0
cons[光伏出力约束_0_3],-106118.112
cons[光伏弃光约束_0_3],100000.0
cons[光伏出力约束_0_4],-106108.011
cons[光伏弃光约束_0_4],100000.0
cons[光伏出力约束_0_5],-105883.423
cons[光伏弃光约束_0_5],100000.0
cons[光伏出力约束_0_6],-105810.35
cons[光伏弃光约束_0_6],100000.0
cons[光伏出力约束_0_7],-105782.504
cons[光伏弃光约束_0_7],100000.0
cons[光伏出力约束_0_8],-105726.812
cons[光伏弃光约束_0_8],100000.0
cons[光伏出力约束_0_9],-105698.966
cons[光伏弃光约束_0_9],100000.0
cons[光伏出力约束_0_10],-105671.12
cons[光伏弃光约束_0_10],100000.0
cons[光伏出力约束_0_11],-105643.274
cons[光伏弃光约束_0_11],100000.0
cons[光伏出力约束_0_12],-78650.35399999999
cons[光伏弃光约束_0_12],100000.0
cons[光伏出力约束_0_13],-78650.35399999999
cons[光伏弃光约束_0_13],100000.0
cons[光伏出力约束_0_14],-78650.35399999999
cons[光伏弃光约束_0_14],100000.0
cons[光伏出力约束_0_15],-78650.35399999999
cons[光伏弃光约束_0_15],100000.0
cons[光伏出力约束_0_16],-78650.35399999999
cons[光伏弃光约束_0_16],100000.0
cons[光伏出力约束_0_17],-78650.35399999999
cons[光伏弃光约束_0_17],100000.0
cons[光伏出力约束_0_18],-78650.35399999999
cons[光伏弃光约束_0_18],100000.0
cons[光伏出力约束_0_19],-78650.35399999999
cons[光伏弃光约束_0_19],100000.0
cons[光伏出力约束_0_20],-78650.35399999999
cons[光伏弃光约束_0_20],100000.0
cons[光伏出力约束_0_21],-105317.76699999999
cons[光伏弃光约束_0_21],100000.0
cons[光伏出力约束_0_22],-106108.011
cons[光伏弃光约束_0_22],100000.0
cons[光伏出力约束_0_23],-105726.812
cons[光伏弃光约束_0_23],100000.0
cons[光伏出力约束_0_24],-105754.658
cons[光伏弃光约束_0_24],100000.0
cons[光伏出力约束_0_25],-105754.658
cons[光伏弃光约束_0_25],100000.0
cons[光伏出力约束_0_26],-105887.882
cons[光伏弃光约束_0_26],100000.0
cons[光伏出力约束_0_27],-105979.974
cons[光伏弃光约束_0_27],100000.0
cons[光伏出力约束_0_28],-106024.928
cons[光伏弃光约束_0_28],100000.0
cons[光伏出力约束_0_29],-106052.774
cons[光伏弃光约束_0_29],100000.0
cons[光伏出力约束_0_30],-106080.62
cons[光伏弃光约束_0_30],100000.0
cons[光伏出力约束_0_31],-106108.011
cons[光伏弃光约束_0_31],100000.0
cons[光伏出力约束_0_32],-106108.466
cons[光伏弃光约束_0_32],100000.0
cons[光伏出力约束_0_33],-106118.112
cons[光伏弃光约束_0_33],100000.0
cons[光伏出力约束_0_34],-106118.112
cons[光伏弃光约束_0_34],100000.0
cons[光伏出力约束_0_35],-106118.112
cons[光伏弃光约束_0_35],100000.0
cons[光伏出力约束_0_36],-106118.112
cons[光伏弃光约束_0_36],100000.0
cons[光伏出力约束_0_37],-106108.466
cons[光伏弃光约束_0_37],100000.0
cons[光伏出力约束_0_38],-106108.466
cons[光伏弃光约束_0_38],100000.0
cons[光伏出力约束_0_39],-106108.466
cons[光伏弃光约束_0_39],100000.0
cons[光伏出力约束_0_40],-106108.466
cons[光伏弃光约束_0_40],100000.0
cons[光伏出力约束_0_41],-106108.466
cons[光伏弃光约束_0_41],100000.0
cons[光伏出力约束_0_42],-106108.466
cons[光伏弃光约束_0_42],100000.0
cons[光伏出力约束_0_43],-106108.466
cons[光伏弃光约束_0_43],100000.0
cons[光伏出力约束_0_44],-106108.466
cons[光伏弃光约束_0_44],100000.0
cons[光伏出力约束_0_45],-106108.011
cons[光伏弃光约束_0_45],100000.0
cons[光伏出力约束_0_46],-106108.011
cons[光伏弃光约束_0_46],100000.0
cons[光伏出力约束_0_47],-106108.011
cons[光伏弃光约束_0_47],100000.0
cons[光伏出力约束_0_48],-106108.011
cons[光伏弃光约束_0_48],100000.0
cons[光伏出力约束_0_49],-106108.011
cons[光伏弃光约束_0_49],100000.0
cons[光伏出力约束_0_50],-106108.011
cons[光伏弃光约束_0_50],100000.0
cons[光伏出力约束_0_51],-106108.011
cons[光伏弃光约束_0_51],100000.0
cons[光伏出力约束_0_52],-106108.011
cons[光伏弃光约束_0_52],100000.0
cons[光伏出力约束_0_53],-106080.62
cons[光伏弃光约束_0_53],100000.0
cons[光伏出力约束_0_54],-106080.62
cons[光伏弃光约束_0_54],100000.0
cons[光伏出力约束_0_55],-106080.62
cons[光伏弃光约束_0_55],100000.0
cons[光伏出力约束_0_56],-106080.62
cons[光伏弃光约束_0_56],100000.0
cons[光伏出力约束_0_57],-106080.62
cons[光伏弃光约束_0_57],100000.0
cons[光伏出力约束_0_58],-106080.62
cons[光伏弃光约束_0_58],100000.0
cons[光伏出力约束_0_59],-106108.011
cons[光伏弃光约束_0_59],100000.0
cons[光伏出力约束_0_60],-106108.466
cons[光伏弃光约束_0_60],100000.0
cons[光伏出力约束_0_61],-106136.312
cons[光伏弃光约束_0_61],100000.0
cons[光伏出力约束_0_62],-106164.158
cons[光伏弃光约束_0_62],100000.0
cons[光伏出力约束_0_63],-106164.158
cons[光伏弃光约束_0_63],100000.0
cons[光伏出力约束_0_64],-106192.004
cons[光伏弃光约束_0_64],100000.0
cons[光伏出力约束_0_65],-106200.103
cons[光伏弃光约束_0_65],100000.0
cons[光伏出力约束_0_66],-106219.85
cons[光伏弃光约束_0_66],100000.0
cons[光伏出力约束_0_67],-106219.85
cons[光伏弃光约束_0_67],100000.0
cons[光伏出力约束_0_68],-106219.85
cons[光伏弃光约束_0_68],100000.0
cons[光伏出力约束_0_69],-106219.85
cons[光伏弃光约束_0_69],100000.0
cons[光伏出力约束_0_70],-106219.85
cons[光伏弃光约束_0_70],100000.0
cons[光伏出力约束_0_71],-106242.236
cons[光伏弃光约束_0_71],100000.0
cons[光伏出力约束_0_72],-106246.149
cons[光伏弃光约束_0_72],100000.0
cons[光伏出力约束_0_73],-106256.25
cons[光伏弃光约束_0_73],100000.0
cons[光伏出力约束_0_74],-106287.7815
cons[光伏弃光约束_0_74],100000.0
cons[光伏出力约束_0_75],-106287.7815
cons[光伏弃光约束_0_75],100000.0
cons[光伏出力约束_0_76],-106246.149
cons[光伏弃光约束_0_76],100000.0
cons[光伏出力约束_0_77],-106242.236
cons[光伏弃光约束_0_77],100000.0
cons[光伏出力约束_0_78],-106219.85
cons[光伏弃光约束_0_78],100000.0
cons[光伏出力约束_0_79],-106219.85
cons[光伏弃光约束_0_79],100000.0
cons[光伏出力约束_0_80],-106200.103
cons[光伏弃光约束_0_80],100000.0
cons[光伏出力约束_0_81],-106196.6905
cons[光伏弃光约束_0_81],100000.0
cons[光伏出力约束_0_82],-106192.004
cons[光伏弃光约束_0_82],100000.0
cons[光伏出力约束_0_83],-106164.158
cons[光伏弃光约束_0_83],100000.0
cons[光伏出力约束_0_84],-106164.158
cons[光伏弃光约束_0_84],100000.0
cons[光伏出力约束_0_85],-106164.158
cons[光伏弃光约束_0_85],100000.0
cons[光伏出力约束_0_86],-106164.158
cons[光伏弃光约束_0_86],100000.0
cons[光伏出力约束_0_87],-106154.057
cons[光伏弃光约束_0_87],100000.0
cons[光伏出力约束_0_88],-106108.466
cons[光伏弃光约束_0_88],100000.0
cons[光伏出力约束_0_89],-106080.62
cons[光伏弃光约束_0_89],100000.0
cons[光伏出力约束_0_90],-106052.774
cons[光伏弃光约束_0_90],100000.0
cons[光伏出力约束_0_91],-106024.928
cons[光伏弃光约束_0_91],100000.0
cons[光伏出力约束_0_92],-105979.974
cons[光伏弃光约束_0_92],100000.0
cons[光伏出力约束_0_93],-105933.928
cons[光伏弃光约束_0_93],100000.0
cons[光伏出力约束_0_94],-105887.882
cons[光伏弃光约束_0_94],100000.0
cons[光伏出力约束_0_95],-105414.318
cons[光伏弃光约束_0_95],100000.0
cons[光伏出力约束_1_0],-106210.204
cons[光伏弃光约束_1_0],100000.0
cons[光伏出力约束_1_1],-106196.6905
cons[光伏弃光约束_1_1],100000.0
cons[光伏出力约束_1_2],-106154.057
cons[光伏弃光约束_1_2],100000.0
cons[光伏出力约束_1_3],-106118.112
cons[光伏弃光约束_1_3],100000.0
cons[光伏出力约束_1_4],-106108.011
cons[光伏弃光约束_1_4],100000.0
cons[光伏出力约束_1_5],-105883.423
cons[光伏弃光约束_1_5],100000.0
cons[光伏出力约束_1_6],-105810.35
cons[光伏弃光约束_1_6],100000.0
cons[光伏出力约束_1_7],-105782.504
cons[光伏弃光约束_1_7],100000.0
cons[光伏出力约束_1_8],-105726.812
cons[光伏弃光约束_1_8],100000.0
cons[光伏出力约束_1_9],-105698.966
cons[光伏弃光约束_1_9],100000.0
cons[光伏出力约束_1_10],-105671.12
cons[光伏弃光约束_1_10],100000.0
cons[光伏出力约束_1_11],-105643.274
cons[光伏弃光约束_1_11],100000.0
cons[光伏出力约束_1_12],-78650.35399999999
cons[光伏弃光约束_1_12],100000.0
cons[光伏出力约束_1_13],-78650.35399999999
cons[光伏弃光约束_1_13],100000.0
cons[光伏出力约束_1_14],-78650.35399999999
cons[光伏弃光约束_1_14],100000.0
cons[光伏出力约束_1_15],-78650.35399999999
cons[光伏弃光约束_1_15],100000.0
cons[光伏出力约束_1_16],-78650.35399999999
cons[光伏弃光约束_1_16],100000.0
cons[光伏出力约束_1_17],-78650.35399999999
cons[光伏弃光约束_1_17],100000.0
cons[光伏出力约束_1_18],-78650.35399999999
cons[光伏弃光约束_1_18],100000.0
cons[光伏出力约束_1_19],-78650.35399999999
cons[光伏弃光约束_1_19],100000.0
cons[光伏出力约束_1_20],-78650.35399999999
cons[光伏弃光约束_1_20],100000.0
cons[光伏出力约束_1_21],-105317.76699999999
cons[光伏弃光约束_1_21],100000.0
cons[光伏出力约束_1_22],-106108.011
cons[光伏弃光约束_1_22],100000.0
cons[光伏出力约束_1_23],-105726.812
cons[光伏弃光约束_1_23],100000.0
cons[光伏出力约束_1_24],-105754.658
cons[光伏弃光约束_1_24],100000.0
cons[光伏出力约束_1_25],-105754.658
cons[光伏弃光约束_1_25],100000.0
cons[光伏出力约束_1_26],-105887.882
cons[光伏弃光约束_1_26],100000.0
cons[光伏出力约束_1_27],-105979.974
cons[光伏弃光约束_1_27],100000.0
cons[光伏出力约束_1_28],-106024.928
cons[光伏弃光约束_1_28],100000.0
cons[光伏出力约束_1_29],-106052.774
cons[光伏弃光约束_1_29],100000.0
cons[光伏出力约束_1_30],-106080.62
cons[光伏弃光约束_1_30],100000.0
cons[光伏出力约束_1_31],-106108.011
cons[光伏弃光约束_1_31],100000.0
cons[光伏出力约束_1_32],-106108.466
cons[光伏弃光约束_1_32],100000.0
cons[光伏出力约束_1_33],-106118.112
cons[光伏弃光约束_1_33],100000.0
cons[光伏出力约束_1_34],-106118.112
cons[光伏弃光约束_1_34],100000.0
cons[光伏出力约束_1_35],-106118.112
cons[光伏弃光约束_1_35],100000.0
cons[光伏出力约束_1_36],-106118.112
cons[光伏弃光约束_1_36],100000.0
cons[光伏出力约束_1_37],-106108.466
cons[光伏弃光约束_1_37],100000.0
cons[光伏出力约束_1_38],-106108.466
cons[光伏弃光约束_1_38],100000.0
cons[光伏出力约束_1_39],-106108.466
cons[光伏弃光约束_1_39],100000.0
cons[光伏出力约束_1_40],-106108.466
cons[光伏弃光约束_1_40],100000.0
cons[光伏出力约束_1_41],-106108.466
cons[光伏弃光约束_1_41],100000.0
cons[光伏出力约束_1_42],-106108.466
cons[光伏弃光约束_1_42],100000.0
cons[光伏出力约束_1_43],-106108.466
cons[光伏弃光约束_1_43],100000.0
cons[光伏出力约束_1_44],-106108.466
cons[光伏弃光约束_1_44],100000.0
cons[光伏出力约束_1_45],-106108.011
cons[光伏弃光约束_1_45],100000.0
cons[光伏出力约束_1_46],-106108.011
cons[光伏弃光约束_1_46],100000.0
cons[光伏出力约束_1_47],-106108.011
cons[光伏弃光约束_1_47],100000.0
cons[光伏出力约束_1_48],-106108.011
cons[光伏弃光约束_1_48],100000.0
cons[光伏出力约束_1_49],-106108.011
cons[光伏弃光约束_1_49],100000.0
cons[光伏出力约束_1_50],-106108.011
cons[光伏弃光约束_1_50],100000.0
cons[光伏出力约束_1_51],-106108.011
cons[光伏弃光约束_1_51],100000.0
cons[光伏出力约束_1_52],-106108.011
cons[光伏弃光约束_1_52],100000.0
cons[光伏出力约束_1_53],-106080.62
cons[光伏弃光约束_1_53],100000.0
cons[光伏出力约束_1_54],-106080.62
cons[光伏弃光约束_1_54],100000.0
cons[光伏出力约束_1_55],-106080.62
cons[光伏弃光约束_1_55],100000.0
cons[光伏出力约束_1_56],-106080.62
cons[光伏弃光约束_1_56],100000.0
cons[光伏出力约束_1_57],-106080.62
cons[光伏弃光约束_1_57],100000.0
cons[光伏出力约束_1_58],-106080.62
cons[光伏弃光约束_1_58],100000.0
cons[光伏出力约束_1_59],-106108.011
cons[光伏弃光约束_1_59],100000.0
cons[光伏出力约束_1_60],-106108.466
cons[光伏弃光约束_1_60],100000.0
cons[光伏出力约束_1_61],-106136.312
cons[光伏弃光约束_1_61],100000.0
cons[光伏出力约束_1_62],-106164.158
cons[光伏弃光约束_1_62],100000.0
cons[光伏出力约束_1_63],-106164.158
cons[光伏弃光约束_1_63],100000.0
cons[光伏出力约束_1_64],-106192.004
cons[光伏弃光约束_1_64],100000.0
cons[光伏出力约束_1_65],-106200.103
cons[光伏弃光约束_1_65],100000.0
cons[光伏出力约束_1_66],-106219.85
cons[光伏弃光约束_1_66],100000.0
cons[光伏出力约束_1_67],-106219.85
cons[光伏弃光约束_1_67],100000.0
cons[光伏出力约束_1_68],-106219.85
cons[光伏弃光约束_1_68],100000.0
cons[光伏出力约束_1_69],-106219.85
cons[光伏弃光约束_1_69],100000.0
cons[光伏出力约束_1_70],-106219.85
cons[光伏弃光约束_1_70],100000.0
cons[光伏出力约束_1_71],-106242.236
cons[光伏弃光约束_1_71],100000.0
cons[光伏出力约束_1_72],-106246.149
cons[光伏弃光约束_1_72],100000.0
cons[光伏出力约束_1_73],-106256.25
cons[光伏弃光约束_1_73],100000.0
cons[光伏出力约束_1_74],-106287.7815
cons[光伏弃光约束_1_74],100000.0
cons[光伏出力约束_1_75],-106287.7815
cons[光伏弃光约束_1_75],100000.0
cons[光伏出力约束_1_76],-106246.149
cons[光伏弃光约束_1_76],100000.0
cons[光伏出力约束_1_77],-106242.236
cons[光伏弃光约束_1_77],100000.0
cons[光伏出力约束_1_78],-106219.85
cons[光伏弃光约束_1_78],100000.0
cons[光伏出力约束_1_79],-106219.85
cons[光伏弃光约束_1_79],100000.0
cons[光伏出力约束_1_80],-106200.103
cons[光伏弃光约束_1_80],100000.0
cons[光伏出力约束_1_81],-106196.6905
cons[光伏弃光约束_1_81],100000.0
cons[光伏出力约束_1_82],-106192.004
cons[光伏弃光约束_1_82],100000.0
cons[光伏出力约束_1_83],-106164.158
cons[光伏弃光约束_1_83],100000.0
cons[光伏出力约束_1_84],-106164.158
cons[光伏弃光约束_1_84],100000.0
cons[光伏出力约束_1_85],-106164.158
cons[光伏弃光约束_1_85],100000.0
cons[光伏出力约束_1_86],-106164.158
cons[光伏弃光约束_1_86],100000.0
cons[光伏出力约束_1_87],-106154.057
cons[光伏弃光约束_1_87],100000.0
cons[光伏出力约束_1_88],-106108.466
cons[光伏弃光约束_1_88],100000.0
cons[光伏出力约束_1_89],-106080.62
cons[光伏弃光约束_1_89],100000.0
cons[光伏出力约束_1_90],-106052.774
cons[光伏弃光约束_1_90],100000.0
cons[光伏出力约束_1_91],-106024.928
cons[光伏弃光约束_1_91],100000.0
cons[光伏出力约束_1_92],-105979.974
cons[光伏弃光约束_1_92],100000.0
cons[光伏出力约束_1_93],-105933.928
cons[光伏弃光约束_1_93],100000.0
cons[光伏出力约束_1_94],-105887.882
cons[光伏弃光约束_1_94],100000.0
cons[光伏出力约束_1_95],-105414.318
cons[光伏弃光约束_1_95],100000.0
cons[光伏出力约束_2_0],-106210.204
cons[光伏弃光约束_2_0],100000.0
cons[光伏出力约束_2_1],-106196.6905
cons[光伏弃光约束_2_1],100000.0
cons[光伏出力约束_2_2],-106154.057
cons[光伏弃光约束_2_2],100000.0
cons[光伏出力约束_2_3],-106118.112
cons[光伏弃光约束_2_3],100000.0
cons[光伏出力约束_2_4],-106108.011
cons[光伏弃光约束_2_4],100000.0
cons[光伏出力约束_2_5],-105883.423
cons[光伏弃光约束_2_5],100000.0
cons[光伏出力约束_2_6],-105810.35
cons[光伏弃光约束_2_6],100000.0
cons[光伏出力约束_2_7],-105782.504
cons[光伏弃光约束_2_7],100000.0
cons[光伏出力约束_2_8],-105726.812
cons[光伏弃光约束_2_8],100000.0
cons[光伏出力约束_2_9],-105698.966
cons[光伏弃光约束_2_9],100000.0
cons[光伏出力约束_2_10],-105671.12
cons[光伏弃光约束_2_10],100000.0
cons[光伏出力约束_2_11],-105643.274
cons[光伏弃光约束_2_11],100000.0
cons[光伏出力约束_2_12],-78650.35399999999
cons[光伏弃光约束_2_12],100000.0
cons[光伏出力约束_2_13],-78650.35399999999
cons[光伏弃光约束_2_13],100000.0
cons[光伏出力约束_2_14],-78650.35399999999
cons[光伏弃光约束_2_14],100000.0
cons[光伏出力约束_2_15],-78650.35399999999
cons[光伏弃光约束_2_15],100000.0
cons[光伏出力约束_2_16],-78650.35399999999
cons[光伏弃光约束_2_16],100000.0
cons[光伏出力约束_2_17],-78650.35399999999
cons[光伏弃光约束_2_17],100000.0
cons[光伏出力约束_2_18],-78650.35399999999
cons[光伏弃光约束_2_18],100000.0
cons[光伏出力约束_2_19],-78650.35399999999
cons[光伏弃光约束_2_19],100000.0
cons[光伏出力约束_2_20],-78650.35399999999
cons[光伏弃光约束_2_20],100000.0
cons[光伏出力约束_2_21],-105317.76699999999
cons[光伏弃光约束_2_21],100000.0
cons[光伏出力约束_2_22],-106108.011
cons[光伏弃光约束_2_22],100000.0
cons[光伏出力约束_2_23],-105726.812
cons[光伏弃光约束_2_23],100000.0
cons[光伏出力约束_2_24],-105754.658
cons[光伏弃光约束_2_24],100000.0
cons[光伏出力约束_2_25],-105754.658
cons[光伏弃光约束_2_25],100000.0
cons[光伏出力约束_2_26],-105887.882
cons[光伏弃光约束_2_26],100000.0
cons[光伏出力约束_2_27],-105979.974
cons[光伏弃光约束_2_27],100000.0
cons[光伏出力约束_2_28],-106024.928
cons[光伏弃光约束_2_28],100000.0
cons[光伏出力约束_2_29],-106052.774
cons[光伏弃光约束_2_29],100000.0
cons[光伏出力约束_2_30],-106080.62
cons[光伏弃光约束_2_30],100000.0
cons[光伏出力约束_2_31],-106108.011
cons[光伏弃光约束_2_31],100000.0
cons[光伏出力约束_2_32],-106108.466
cons[光伏弃光约束_2_32],100000.0
cons[光伏出力约束_2_33],-106118.112
cons[光伏弃光约束_2_33],100000.0
cons[光伏出力约束_2_34],-106118.112
cons[光伏弃光约束_2_34],100000.0
cons[光伏出力约束_2_35],-106118.112
cons[光伏弃光约束_2_35],100000.0
cons[光伏出力约束_2_36],-106118.112
cons[光伏弃光约束_2_36],100000.0
cons[光伏出力约束_2_37],-106108.466
cons[光伏弃光约束_2_37],100000.0
cons[光伏出力约束_2_38],-106108.466
cons[光伏弃光约束_2_38],100000.0
cons[光伏出力约束_2_39],-106108.466
cons[光伏弃光约束_2_39],100000.0
cons[光伏出力约束_2_40],-106108.466
cons[光伏弃光约束_2_40],100000.0
cons[光伏出力约束_2_41],-106108.466
cons[光伏弃光约束_2_41],100000.0
cons[光伏出力约束_2_42],-106108.466
cons[光伏弃光约束_2_42],100000.0
cons[光伏出力约束_2_43],-106108.466
cons[光伏弃光约束_2_43],100000.0
cons[光伏出力约束_2_44],-106108.466
cons[光伏弃光约束_2_44],100000.0
cons[光伏出力约束_2_45],-106108.011
cons[光伏弃光约束_2_45],100000.0
cons[光伏出力约束_2_46],-106108.011
cons[光伏弃光约束_2_46],100000.0
cons[光伏出力约束_2_47],-106108.011
cons[光伏弃光约束_2_47],100000.0
cons[光伏出力约束_2_48],-106108.011
cons[光伏弃光约束_2_48],100000.0
cons[光伏出力约束_2_49],-106108.011
cons[光伏弃光约束_2_49],100000.0
cons[光伏出力约束_2_50],-106108.011
cons[光伏弃光约束_2_50],100000.0
cons[光伏出力约束_2_51],-106108.011
cons[光伏弃光约束_2_51],100000.0
cons[光伏出力约束_2_52],-106108.011
cons[光伏弃光约束_2_52],100000.0
cons[光伏出力约束_2_53],-106080.62
cons[光伏弃光约束_2_53],100000.0
cons[光伏出力约束_2_54],-106080.62
cons[光伏弃光约束_2_54],100000.0
cons[光伏出力约束_2_55],-106080.62
cons[光伏弃光约束_2_55],100000.0
cons[光伏出力约束_2_56],-106080.62
cons[光伏弃光约束_2_56],100000.0
cons[光伏出力约束_2_57],-106080.62
cons[光伏弃光约束_2_57],100000.0
cons[光伏出力约束_2_58],-106080.62
cons[光伏弃光约束_2_58],100000.0
cons[光伏出力约束_2_59],-106108.011
cons[光伏弃光约束_2_59],100000.0
cons[光伏出力约束_2_60],-106108.466
cons[光伏弃光约束_2_60],100000.0
cons[光伏出力约束_2_61],-106136.312
cons[光伏弃光约束_2_61],100000.0
cons[光伏出力约束_2_62],-106164.158
cons[光伏弃光约束_2_62],100000.0
cons[光伏出力约束_2_63],-106164.158
cons[光伏弃光约束_2_63],100000.0
cons[光伏出力约束_2_64],-106192.004
cons[光伏弃光约束_2_64],100000.0
cons[光伏出力约束_2_65],-106200.103
cons[光伏弃光约束_2_65],100000.0
cons[光伏出力约束_2_66],-106219.85
cons[光伏弃光约束_2_66],100000.0
cons[光伏出力约束_2_67],-106219.85
cons[光伏弃光约束_2_67],100000.0
cons[光伏出力约束_2_68],-106219.85
cons[光伏弃光约束_2_68],100000.0
cons[光伏出力约束_2_69],-106219.85
cons[光伏弃光约束_2_69],100000.0
cons[光伏出力约束_2_70],-106219.85
cons[光伏弃光约束_2_70],100000.0
cons[光伏出力约束_2_71],-106242.236
cons[光伏弃光约束_2_71],100000.0
cons[光伏出力约束_2_72],-106246.149
cons[光伏弃光约束_2_72],100000.0
cons[光伏出力约束_2_73],-106256.25
cons[光伏弃光约束_2_73],100000.0
cons[光伏出力约束_2_74],-106287.7815
cons[光伏弃光约束_2_74],100000.0
cons[光伏出力约束_2_75],-106287.7815
cons[光伏弃光约束_2_75],100000.0
cons[光伏出力约束_2_76],-106246.149
cons[光伏弃光约束_2_76],100000.0
cons[光伏出力约束_2_77],-106242.236
cons[光伏弃光约束_2_77],100000.0
cons[光伏出力约束_2_78],-106219.85
cons[光伏弃光约束_2_78],100000.0
cons[光伏出力约束_2_79],-106219.85
cons[光伏弃光约束_2_79],100000.0
cons[光伏出力约束_2_80],-106200.103
cons[光伏弃光约束_2_80],100000.0
cons[光伏出力约束_2_81],-106196.6905
cons[光伏弃光约束_2_81],100000.0
cons[光伏出力约束_2_82],-106192.004
cons[光伏弃光约束_2_82],100000.0
cons[光伏出力约束_2_83],-106164.158
cons[光伏弃光约束_2_83],100000.0
cons[光伏出力约束_2_84],-106164.158
cons[光伏弃光约束_2_84],100000.0
cons[光伏出力约束_2_85],-106164.158
cons[光伏弃光约束_2_85],100000.0
cons[光伏出力约束_2_86],-106164.158
cons[光伏弃光约束_2_86],100000.0
cons[光伏出力约束_2_87],-106154.057
cons[光伏弃光约束_2_87],100000.0
cons[光伏出力约束_2_88],-106108.466
cons[光伏弃光约束_2_88],100000.0
cons[光伏出力约束_2_89],-106080.62
cons[光伏弃光约束_2_89],100000.0
cons[光伏出力约束_2_90],-106052.774
cons[光伏弃光约束_2_90],100000.0
cons[光伏出力约束_2_91],-106024.928
cons[光伏弃光约束_2_91],100000.0
cons[光伏出力约束_2_92],-105979.974
cons[光伏弃光约束_2_92],100000.0
cons[光伏出力约束_2_93],-105933.928
cons[光伏弃光约束_2_93],100000.0
cons[光伏出力约束_2_94],-105887.882
cons[光伏弃光约束_2_94],100000.0
cons[光伏出力约束_2_95],-105414.318
cons[光伏弃光约束_2_95],100000.0
cons[光伏出力约束_3_0],-106210.204
cons[光伏弃光约束_3_0],100000.0
cons[光伏出力约束_3_1],-106196.6905
cons[光伏弃光约束_3_1],100000.0
cons[光伏出力约束_3_2],-106154.057
cons[光伏弃光约束_3_2],100000.0
cons[光伏出力约束_3_3],-106118.112
cons[光伏弃光约束_3_3],100000.0
cons[光伏出力约束_3_4],-106108.011
cons[光伏弃光约束_3_4],100000.0
cons[光伏出力约束_3_5],-105883.423
cons[光伏弃光约束_3_5],100000.0
cons[光伏出力约束_3_6],-105810.35
cons[光伏弃光约束_3_6],100000.0
cons[光伏出力约束_3_7],-105782.504
cons[光伏弃光约束_3_7],100000.0
cons[光伏出力约束_3_8],-105726.812
cons[光伏弃光约束_3_8],100000.0
cons[光伏出力约束_3_9],-105698.966
cons[光伏弃光约束_3_9],100000.0
cons[光伏出力约束_3_10],-105671.12
cons[光伏弃光约束_3_10],100000.0
cons[光伏出力约束_3_11],-105643.274
cons[光伏弃光约束_3_11],100000.0
cons[光伏出力约束_3_12],-78650.35399999999
cons[光伏弃光约束_3_12],100000.0
cons[光伏出力约束_3_13],-78650.35399999999
cons[光伏弃光约束_3_13],100000.0
cons[光伏出力约束_3_14],-78650.35399999999
cons[光伏弃光约束_3_14],100000.0
cons[光伏出力约束_3_15],-78650.35399999999
cons[光伏弃光约束_3_15],100000.0
cons[光伏出力约束_3_16],-78650.35399999999
cons[光伏弃光约束_3_16],100000.0
cons[光伏出力约束_3_17],-78650.35399999999
cons[光伏弃光约束_3_17],100000.0
cons[光伏出力约束_3_18],-78650.35399999999
cons[光伏弃光约束_3_18],100000.0
cons[光伏出力约束_3_19],-78650.35399999999
cons[光伏弃光约束_3_19],100000.0
cons[光伏出力约束_3_20],-78650.35399999999
cons[光伏弃光约束_3_20],100000.0
cons[光伏出力约束_3_21],-105317.76699999999
cons[光伏弃光约束_3_21],100000.0
cons[光伏出力约束_3_22],-106108.011
cons[光伏弃光约束_3_22],100000.0
cons[光伏出力约束_3_23],-105726.812
cons[光伏弃光约束_3_23],100000.0
cons[光伏出力约束_3_24],-105754.658
cons[光伏弃光约束_3_24],100000.0
cons[光伏出力约束_3_25],-105754.658
cons[光伏弃光约束_3_25],100000.0
cons[光伏出力约束_3_26],-105887.882
cons[光伏弃光约束_3_26],100000.0
cons[光伏出力约束_3_27],-105979.974
cons[光伏弃光约束_3_27],100000.0
cons[光伏出力约束_3_28],-106024.928
cons[光伏弃光约束_3_28],100000.0
cons[光伏出力约束_3_29],-106052.774
cons[光伏弃光约束_3_29],100000.0
cons[光伏出力约束_3_30],-106080.62
cons[光伏弃光约束_3_30],100000.0
cons[光伏出力约束_3_31],-106108.011
cons[光伏弃光约束_3_31],100000.0
cons[光伏出力约束_3_32],-106108.466
cons[光伏弃光约束_3_32],100000.0
cons[光伏出力约束_3_33],-106118.112
cons[光伏弃光约束_3_33],100000.0
cons[光伏出力约束_3_34],-106118.112
cons[光伏弃光约束_3_34],100000.0
cons[光伏出力约束_3_35],-106118.112
cons[光伏弃光约束_3_35],100000.0
cons[光伏出力约束_3_36],-106118.112
cons[光伏弃光约束_3_36],100000.0
cons[光伏出力约束_3_37],-106108.466
cons[光伏弃光约束_3_37],100000.0
cons[光伏出力约束_3_38],-106108.466
cons[光伏弃光约束_3_38],100000.0
cons[光伏出力约束_3_39],-106108.466
cons[光伏弃光约束_3_39],100000.0
cons[光伏出力约束_3_40],-106108.466
cons[光伏弃光约束_3_40],100000.0
cons[光伏出力约束_3_41],-106108.466
cons[光伏弃光约束_3_41],100000.0
cons[光伏出力约束_3_42],-106108.466
cons[光伏弃光约束_3_42],100000.0
cons[光伏出力约束_3_43],-106108.466
cons[光伏弃光约束_3_43],100000.0
cons[光伏出力约束_3_44],-106108.466
cons[光伏弃光约束_3_44],100000.0
cons[光伏出力约束_3_45],-106108.011
cons[光伏弃光约束_3_45],100000.0
cons[光伏出力约束_3_46],-106108.011
cons[光伏弃光约束_3_46],100000.0
cons[光伏出力约束_3_47],-106108.011
cons[光伏弃光约束_3_47],100000.0
cons[光伏出力约束_3_48],-106108.011
cons[光伏弃光约束_3_48],100000.0
cons[光伏出力约束_3_49],-106108.011
cons[光伏弃光约束_3_49],100000.0
cons[光伏出力约束_3_50],-106108.011
cons[光伏弃光约束_3_50],100000.0
cons[光伏出力约束_3_51],-106108.011
cons[光伏弃光约束_3_51],100000.0
cons[光伏出力约束_3_52],-106108.011
cons[光伏弃光约束_3_52],100000.0
cons[光伏出力约束_3_53],-106080.62
cons[光伏弃光约束_3_53],100000.0
cons[光伏出力约束_3_54],-106080.62
cons[光伏弃光约束_3_54],100000.0
cons[光伏出力约束_3_55],-106080.62
cons[光伏弃光约束_3_55],100000.0
cons[光伏出力约束_3_56],-106080.62
cons[光伏弃光约束_3_56],100000.0
cons[光伏出力约束_3_57],-106080.62
cons[光伏弃光约束_3_57],100000.0
cons[光伏出力约束_3_58],-106080.62
cons[光伏弃光约束_3_58],100000.0
cons[光伏出力约束_3_59],-106108.011
cons[光伏弃光约束_3_59],100000.0
cons[光伏出力约束_3_60],-106108.466
cons[光伏弃光约束_3_60],100000.0
cons[光伏出力约束_3_61],-106136.312
cons[光伏弃光约束_3_61],100000.0
cons[光伏出力约束_3_62],-106164.158
cons[光伏弃光约束_3_62],100000.0
cons[光伏出力约束_3_63],-106164.158
cons[光伏弃光约束_3_63],100000.0
cons[光伏出力约束_3_64],-106192.004
cons[光伏弃光约束_3_64],100000.0
cons[光伏出力约束_3_65],-106200.103
cons[光伏弃光约束_3_65],100000.0
cons[光伏出力约束_3_66],-106219.85
cons[光伏弃光约束_3_66],100000.0
cons[光伏出力约束_3_67],-106219.85
cons[光伏弃光约束_3_67],100000.0
cons[光伏出力约束_3_68],-106219.85
cons[光伏弃光约束_3_68],100000.0
cons[光伏出力约束_3_69],-106219.85
cons[光伏弃光约束_3_69],100000.0
cons[光伏出力约束_3_70],-106219.85
cons[光伏弃光约束_3_70],100000.0
cons[光伏出力约束_3_71],-106242.236
cons[光伏弃光约束_3_71],100000.0
cons[光伏出力约束_3_72],-106246.149
cons[光伏弃光约束_3_72],100000.0
cons[光伏出力约束_3_73],-106256.25
cons[光伏弃光约束_3_73],100000.0
cons[光伏出力约束_3_74],-106287.7815
cons[光伏弃光约束_3_74],100000.0
cons[光伏出力约束_3_75],-106287.7815
cons[光伏弃光约束_3_75],100000.0
cons[光伏出力约束_3_76],-106246.149
cons[光伏弃光约束_3_76],100000.0
cons[光伏出力约束_3_77],-106242.236
cons[光伏弃光约束_3_77],100000.0
cons[光伏出力约束_3_78],-106219.85
cons[光伏弃光约束_3_78],100000.0
cons[光伏出力约束_3_79],-106219.85
cons[光伏弃光约束_3_79],100000.0
cons[光伏出力约束_3_80],-106200.103
cons[光伏弃光约束_3_80],100000.0
cons[光伏出力约束_3_81],-106196.6905
cons[光伏弃光约束_3_81],100000.0
cons[光伏出力约束_3_82],-106192.004
cons[光伏弃光约束_3_82],100000.0
cons[光伏出力约束_3_83],-106164.158
cons[光伏弃光约束_3_83],100000.0
cons[光伏出力约束_3_84],-106164.158
cons[光伏弃光约束_3_84],100000.0
cons[光伏出力约束_3_85],-106164.158
cons[光伏弃光约束_3_85],100000.0
cons[光伏出力约束_3_86],-106164.158
cons[光伏弃光约束_3_86],100000.0
cons[光伏出力约束_3_87],-106154.057
cons[光伏弃光约束_3_87],100000.0
cons[光伏出力约束_3_88],-106108.466
cons[光伏弃光约束_3_88],100000.0
cons[光伏出力约束_3_89],-106080.62
cons[光伏弃光约束_3_89],100000.0
cons[光伏出力约束_3_90],-106052.774
cons[光伏弃光约束_3_90],100000.0
cons[光伏出力约束_3_91],-106024.928
cons[光伏弃光约束_3_91],100000.0
cons[光伏出力约束_3_92],-105979.974
cons[光伏弃光约束_3_92],100000.0
cons[光伏出力约束_3_93],-105933.928
cons[光伏弃光约束_3_93],100000.0
cons[光伏出力约束_3_94],-105887.882
cons[光伏弃光约束_3_94],100000.0
cons[光伏出力约束_3_95],-105414.318
cons[光伏弃光约束_3_95],100000.0
cons[库容式水电出力上限约束_0_0],-106210.204
cons[库容式水电出力下限约束_0_0],0.0
cons[库容式水电出力上限约束_0_1],-106196.6905
cons[库容式水电出力下限约束_0_1],0.0
cons[库容式水电出力上限约束_0_2],-106154.057
cons[库容式水电出力下限约束_0_2],0.0
cons[库容式水电出力上限约束_0_3],-106118.112
cons[库容式水电出力下限约束_0_3],0.0
cons[库容式水电出力上限约束_0_4],-106108.011
cons[库容式水电出力下限约束_0_4],0.0
cons[库容式水电出力上限约束_0_5],-105883.423
cons[库容式水电出力下限约束_0_5],0.0
cons[库容式水电出力上限约束_0_6],-105810.35
cons[库容式水电出力下限约束_0_6],0.0
cons[库容式水电出力上限约束_0_7],-105782.504
cons[库容式水电出力下限约束_0_7],0.0
cons[库容式水电出力上限约束_0_8],-105726.812
cons[库容式水电出力下限约束_0_8],0.0
cons[库容式水电出力上限约束_0_9],-105698.966
cons[库容式水电出力下限约束_0_9],0.0
cons[库容式水电出力上限约束_0_10],-105671.12
cons[库容式水电出力下限约束_0_10],0.0
cons[库容式水电出力上限约束_0_11],-105643.274
cons[库容式水电出力下限约束_0_11],0.0
cons[库容式水电出力上限约束_0_12],-78650.35399999999
cons[库容式水电出力下限约束_0_12],0.0
cons[库容式水电出力上限约束_0_13],-78650.35399999999
cons[库容式水电出力下限约束_0_13],0.0
cons[库容式水电出力上限约束_0_14],-78650.35399999999
cons[库容式水电出力下限约束_0_14],0.0
cons[库容式水电出力上限约束_0_15],-78650.35399999999
cons[库容式水电出力下限约束_0_15],0.0
cons[库容式水电出力上限约束_0_16],-78650.35399999999
cons[库容式水电出力下限约束_0_16],0.0
cons[库容式水电出力上限约束_0_17],-78650.35399999999
cons[库容式水电出力下限约束_0_17],0.0
cons[库容式水电出力上限约束_0_18],-78650.35399999999
cons[库容式水电出力下限约束_0_18],0.0
cons[库容式水电出力上限约束_0_19],-78650.35399999999
cons[库容式水电出力下限约束_0_19],0.0
cons[库容式水电出力上限约束_0_20],-78650.35399999999
cons[库容式水电出力下限约束_0_20],0.0
cons[库容式水电出力上限约束_0_21],-105317.76699999999
cons[库容式水电出力下限约束_0_21],0.0
cons[库容式水电出力上限约束_0_22],-106108.011
cons[库容式水电出力下限约束_0_22],0.0
cons[库容式水电出力上限约束_0_23],-105726.812
cons[库容式水电出力下限约束_0_23],0.0
cons[库容式水电出力上限约束_0_24],-105754.658
cons[库容式水电出力下限约束_0_24],0.0
cons[库容式水电出力上限约束_0_25],-105754.658
cons[库容式水电出力下限约束_0_25],0.0
cons[库容式水电出力上限约束_0_26],-105887.882
cons[库容式水电出力下限约束_0_26],0.0
cons[库容式水电出力上限约束_0_27],-105979.974
cons[库容式水电出力下限约束_0_27],0.0
cons[库容式水电出力上限约束_0_28],-106024.928
cons[库容式水电出力下限约束_0_28],0.0
cons[库容式水电出力上限约束_0_29],-106052.774
cons[库容式水电出力下限约束_0_29],0.0
cons[库容式水电出力上限约束_0_30],-106080.62
cons[库容式水电出力下限约束_0_30],0.0
cons[库容式水电出力上限约束_0_31],-106108.011
cons[库容式水电出力下限约束_0_31],0.0
cons[库容式水电出力上限约束_0_32],-106108.466
cons[库容式水电出力下限约束_0_32],0.0
cons[库容式水电出力上限约束_0_33],-106118.112
cons[库容式水电出力下限约束_0_33],0.0
cons[库容式水电出力上限约束_0_34],-106118.112
cons[库容式水电出力下限约束_0_34],0.0
cons[库容式水电出力上限约束_0_35],-106118.112
cons[库容式水电出力下限约束_0_35],0.0
cons[库容式水电出力上限约束_0_36],-106118.112
cons[库容式水电出力下限约束_0_36],0.0
cons[库容式水电出力上限约束_0_37],-106108.466
cons[库容式水电出力下限约束_0_37],0.0
cons[库容式水电出力上限约束_0_38],-106108.466
cons[库容式水电出力下限约束_0_38],0.0
cons[库容式水电出力上限约束_0_39],-106108.466
cons[库容式水电出力下限约束_0_39],0.0
cons[库容式水电出力上限约束_0_40],-106108.466
cons[库容式水电出力下限约束_0_40],0.0
cons[库容式水电出力上限约束_0_41],-106108.466
cons[库容式水电出力下限约束_0_41],0.0
cons[库容式水电出力上限约束_0_42],-106108.466
cons[库容式水电出力下限约束_0_42],0.0
cons[库容式水电出力上限约束_0_43],-106108.466
cons[库容式水电出力下限约束_0_43],0.0
cons[库容式水电出力上限约束_0_44],-106108.466
cons[库容式水电出力下限约束_0_44],0.0
cons[库容式水电出力上限约束_0_45],-106108.011
cons[库容式水电出力下限约束_0_45],0.0
cons[库容式水电出力上限约束_0_46],-106108.011
cons[库容式水电出力下限约束_0_46],0.0
cons[库容式水电出力上限约束_0_47],-106108.011
cons[库容式水电出力下限约束_0_47],0.0
cons[库容式水电出力上限约束_0_48],-106108.011
cons[库容式水电出力下限约束_0_48],0.0
cons[库容式水电出力上限约束_0_49],-106108.011
cons[库容式水电出力下限约束_0_49],0.0
cons[库容式水电出力上限约束_0_50],-106108.011
cons[库容式水电出力下限约束_0_50],0.0
cons[库容式水电出力上限约束_0_51],-106108.011
cons[库容式水电出力下限约束_0_51],0.0
cons[库容式水电出力上限约束_0_52],-106108.011
cons[库容式水电出力下限约束_0_52],0.0
cons[库容式水电出力上限约束_0_53],-106080.62
cons[库容式水电出力下限约束_0_53],0.0
cons[库容式水电出力上限约束_0_54],-106080.62
cons[库容式水电出力下限约束_0_54],0.0
cons[库容式水电出力上限约束_0_55],-106080.62
cons[库容式水电出力下限约束_0_55],0.0
cons[库容式水电出力上限约束_0_56],-106080.62
cons[库容式水电出力下限约束_0_56],0.0
cons[库容式水电出力上限约束_0_57],-106080.62
cons[库容式水电出力下限约束_0_57],0.0
cons[库容式水电出力上限约束_0_58],-106080.62
cons[库容式水电出力下限约束_0_58],0.0
cons[库容式水电出力上限约束_0_59],-106108.011
cons[库容式水电出力下限约束_0_59],0.0
cons[库容式水电出力上限约束_0_60],-106108.466
cons[库容式水电出力下限约束_0_60],0.0
cons[库容式水电出力上限约束_0_61],-106136.312
cons[库容式水电出力下限约束_0_61],0.0
cons[库容式水电出力上限约束_0_62],-106164.158
cons[库容式水电出力下限约束_0_62],0.0
cons[库容式水电出力上限约束_0_63],-106164.158
cons[库容式水电出力下限约束_0_63],0.0
cons[库容式水电出力上限约束_0_64],-106192.004
cons[库容式水电出力下限约束_0_64],0.0
cons[库容式水电出力上限约束_0_65],-106200.103
cons[库容式水电出力下限约束_0_65],0.0
cons[库容式水电出力上限约束_0_66],-106219.85
cons[库容式水电出力下限约束_0_66],0.0
cons[库容式水电出力上限约束_0_67],-106219.85
cons[库容式水电出力下限约束_0_67],0.0
cons[库容式水电出力上限约束_0_68],-106219.85
cons[库容式水电出力下限约束_0_68],0.0
cons[库容式水电出力上限约束_0_69],-106219.85
cons[库容式水电出力下限约束_0_69],0.0
cons[库容式水电出力上限约束_0_70],-106219.85
cons[库容式水电出力下限约束_0_70],0.0
cons[库容式水电出力上限约束_0_71],-106242.236
cons[库容式水电出力下限约束_0_71],0.0
cons[库容式水电出力上限约束_0_72],-106246.149
cons[库容式水电出力下限约束_0_72],0.0
cons[库容式水电出力上限约束_0_73],-106256.25
cons[库容式水电出力下限约束_0_73],0.0
cons[库容式水电出力上限约束_0_74],-106287.7815
cons[库容式水电出力下限约束_0_74],0.0
cons[库容式水电出力上限约束_0_75],-106287.7815
cons[库容式水电出力下限约束_0_75],0.0
cons[库容式水电出力上限约束_0_76],-106246.149
cons[库容式水电出力下限约束_0_76],0.0
cons[库容式水电出力上限约束_0_77],-106242.236
cons[库容式水电出力下限约束_0_77],0.0
cons[库容式水电出力上限约束_0_78],-106219.85
cons[库容式水电出力下限约束_0_78],0.0
cons[库容式水电出力上限约束_0_79],-106219.85
cons[库容式水电出力下限约束_0_79],0.0
cons[库容式水电出力上限约束_0_80],-106200.103
cons[库容式水电出力下限约束_0_80],0.0
cons[库容式水电出力上限约束_0_81],-106196.6905
cons[库容式水电出力下限约束_0_81],0.0
cons[库容式水电出力上限约束_0_82],-106192.004
cons[库容式水电出力下限约束_0_82],0.0
cons[库容式水电出力上限约束_0_83],-106164.158
cons[库容式水电出力下限约束_0_83],0.0
cons[库容式水电出力上限约束_0_84],-106164.158
cons[库容式水电出力下限约束_0_84],0.0
cons[库容式水电出力上限约束_0_85],-106164.158
cons[库容式水电出力下限约束_0_85],0.0
cons[库容式水电出力上限约束_0_86],-106164.158
cons[库容式水电出力下限约束_0_86],0.0
cons[库容式水电出力上限约束_0_87],-106154.057
cons[库容式水电出力下限约束_0_87],0.0
cons[库容式水电出力上限约束_0_88],-106108.466
cons[库容式水电出力下限约束_0_88],0.0
cons[库容式水电出力上限约束_0_89],-106080.62
cons[库容式水电出力下限约束_0_89],0.0
cons[库容式水电出力上限约束_0_90],-106052.774
cons[库容式水电出力下限约束_0_90],0.0
cons[库容式水电出力上限约束_0_91],-106024.928
cons[库容式水电出力下限约束_0_91],0.0
cons[库容式水电出力上限约束_0_92],-105979.974
cons[库容式水电出力下限约束_0_92],0.0
cons[库容式水电出力上限约束_0_93],-105933.928
cons[库容式水电出力下限约束_0_93],0.0
cons[库容式水电出力上限约束_0_94],-105887.882
cons[库容式水电出力下限约束_0_94],0.0
cons[库容式水电出力上限约束_0_95],-105414.318
cons[库容式水电出力下限约束_0_95],0.0
cons[库容式水电出力上限约束_1_0],-106210.204
cons[库容式水电出力下限约束_1_0],0.0
cons[库容式水电出力上限约束_1_1],-106196.6905
cons[库容式水电出力下限约束_1_1],0.0
cons[库容式水电出力上限约束_1_2],-106154.057
cons[库容式水电出力下限约束_1_2],0.0
cons[库容式水电出力上限约束_1_3],-106118.112
cons[库容式水电出力下限约束_1_3],0.0
cons[库容式水电出力上限约束_1_4],-106108.011
cons[库容式水电出力下限约束_1_4],0.0
cons[库容式水电出力上限约束_1_5],-105883.423
cons[库容式水电出力下限约束_1_5],0.0
cons[库容式水电出力上限约束_1_6],-105810.35
cons[库容式水电出力下限约束_1_6],0.0
cons[库容式水电出力上限约束_1_7],-105782.504
cons[库容式水电出力下限约束_1_7],0.0
cons[库容式水电出力上限约束_1_8],-105726.812
cons[库容式水电出力下限约束_1_8],0.0
cons[库容式水电出力上限约束_1_9],-105698.966
cons[库容式水电出力下限约束_1_9],0.0
cons[库容式水电出力上限约束_1_10],-105671.12
cons[库容式水电出力下限约束_1_10],0.0
cons[库容式水电出力上限约束_1_11],-105643.274
cons[库容式水电出力下限约束_1_11],0.0
cons[库容式水电出力上限约束_1_12],-78650.35399999999
cons[库容式水电出力下限约束_1_12],0.0
cons[库容式水电出力上限约束_1_13],-78650.35399999999
cons[库容式水电出力下限约束_1_13],0.0
cons[库容式水电出力上限约束_1_14],-78650.35399999999
cons[库容式水电出力下限约束_1_14],0.0
cons[库容式水电出力上限约束_1_15],-78650.35399999999
cons[库容式水电出力下限约束_1_15],0.0
cons[库容式水电出力上限约束_1_16],-78650.35399999999
cons[库容式水电出力下限约束_1_16],0.0
cons[库容式水电出力上限约束_1_17],-78650.35399999999
cons[库容式水电出力下限约束_1_17],0.0
cons[库容式水电出力上限约束_1_18],-78650.35399999999
cons[库容式水电出力下限约束_1_18],0.0
cons[库容式水电出力上限约束_1_19],-78650.35399999999
cons[库容式水电出力下限约束_1_19],0.0
cons[库容式水电出力上限约束_1_20],-78650.35399999999
cons[库容式水电出力下限约束_1_20],0.0
cons[库容式水电出力上限约束_1_21],-105317.76699999999
cons[库容式水电出力下限约束_1_21],0.0
cons[库容式水电出力上限约束_1_22],-106108.011
cons[库容式水电出力下限约束_1_22],0.0
cons[库容式水电出力上限约束_1_23],-105726.812
cons[库容式水电出力下限约束_1_23],0.0
cons[库容式水电出力上限约束_1_24],-105754.658
cons[库容式水电出力下限约束_1_24],0.0
cons[库容式水电出力上限约束_1_25],-105754.658
cons[库容式水电出力下限约束_1_25],0.0
cons[库容式水电出力上限约束_1_26],-105887.882
cons[库容式水电出力下限约束_1_26],0.0
cons[库容式水电出力上限约束_1_27],-105979.974
cons[库容式水电出力下限约束_1_27],0.0
cons[库容式水电出力上限约束_1_28],-106024.928
cons[库容式水电出力下限约束_1_28],0.0
cons[库容式水电出力上限约束_1_29],-106052.774
cons[库容式水电出力下限约束_1_29],0.0
cons[库容式水电出力上限约束_1_30],-106080.62
cons[库容式水电出力下限约束_1_30],0.0
cons[库容式水电出力上限约束_1_31],-106108.011
cons[库容式水电出力下限约束_1_31],0.0
cons[库容式水电出力上限约束_1_32],-106108.466
cons[库容式水电出力下限约束_1_32],0.0
cons[库容式水电出力上限约束_1_33],-106118.112
cons[库容式水电出力下限约束_1_33],0.0
cons[库容式水电出力上限约束_1_34],-106118.112
cons[库容式水电出力下限约束_1_34],0.0
cons[库容式水电出力上限约束_1_35],-106118.112
cons[库容式水电出力下限约束_1_35],0.0
cons[库容式水电出力上限约束_1_36],-106118.112
cons[库容式水电出力下限约束_1_36],0.0
cons[库容式水电出力上限约束_1_37],-106108.466
cons[库容式水电出力下限约束_1_37],0.0
cons[库容式水电出力上限约束_1_38],-106108.466
cons[库容式水电出力下限约束_1_38],0.0
cons[库容式水电出力上限约束_1_39],-106108.466
cons[库容式水电出力下限约束_1_39],0.0
cons[库容式水电出力上限约束_1_40],-106108.466
cons[库容式水电出力下限约束_1_40],0.0
cons[库容式水电出力上限约束_1_41],-106108.466
cons[库容式水电出力下限约束_1_41],0.0
cons[库容式水电出力上限约束_1_42],-106108.466
cons[库容式水电出力下限约束_1_42],0.0
cons[库容式水电出力上限约束_1_43],-106108.466
cons[库容式水电出力下限约束_1_43],0.0
cons[库容式水电出力上限约束_1_44],-106108.466
cons[库容式水电出力下限约束_1_44],0.0
cons[库容式水电出力上限约束_1_45],-106108.011
cons[库容式水电出力下限约束_1_45],0.0
cons[库容式水电出力上限约束_1_46],-106108.011
cons[库容式水电出力下限约束_1_46],0.0
cons[库容式水电出力上限约束_1_47],-106108.011
cons[库容式水电出力下限约束_1_47],0.0
cons[库容式水电出力上限约束_1_48],-106108.011
cons[库容式水电出力下限约束_1_48],0.0
cons[库容式水电出力上限约束_1_49],-106108.011
cons[库容式水电出力下限约束_1_49],0.0
cons[库容式水电出力上限约束_1_50],-106108.011
cons[库容式水电出力下限约束_1_50],0.0
cons[库容式水电出力上限约束_1_51],-106108.011
cons[库容式水电出力下限约束_1_51],0.0
cons[库容式水电出力上限约束_1_52],-106108.011
cons[库容式水电出力下限约束_1_52],0.0
cons[库容式水电出力上限约束_1_53],-106080.62
cons[库容式水电出力下限约束_1_53],0.0
cons[库容式水电出力上限约束_1_54],-106080.62
cons[库容式水电出力下限约束_1_54],0.0
cons[库容式水电出力上限约束_1_55],-106080.62
cons[库容式水电出力下限约束_1_55],0.0
cons[库容式水电出力上限约束_1_56],-106080.62
cons[库容式水电出力下限约束_1_56],0.0
cons[库容式水电出力上限约束_1_57],-106080.62
cons[库容式水电出力下限约束_1_57],0.0
cons[库容式水电出力上限约束_1_58],-106080.62
cons[库容式水电出力下限约束_1_58],0.0
cons[库容式水电出力上限约束_1_59],-106108.011
cons[库容式水电出力下限约束_1_59],0.0
cons[库容式水电出力上限约束_1_60],-106108.466
cons[库容式水电出力下限约束_1_60],0.0
cons[库容式水电出力上限约束_1_61],-106136.312
cons[库容式水电出力下限约束_1_61],0.0
cons[库容式水电出力上限约束_1_62],-106164.158
cons[库容式水电出力下限约束_1_62],0.0
cons[库容式水电出力上限约束_1_63],-106164.158
cons[库容式水电出力下限约束_1_63],0.0
cons[库容式水电出力上限约束_1_64],-106192.004
cons[库容式水电出力下限约束_1_64],0.0
cons[库容式水电出力上限约束_1_65],-106200.103
cons[库容式水电出力下限约束_1_65],0.0
cons[库容式水电出力上限约束_1_66],-106219.85
cons[库容式水电出力下限约束_1_66],0.0
cons[库容式水电出力上限约束_1_67],-106219.85
cons[库容式水电出力下限约束_1_67],0.0
cons[库容式水电出力上限约束_1_68],-106219.85
cons[库容式水电出力下限约束_1_68],0.0
cons[库容式水电出力上限约束_1_69],-106219.85
cons[库容式水电出力下限约束_1_69],0.0
cons[库容式水电出力上限约束_1_70],-106219.85
cons[库容式水电出力下限约束_1_70],0.0
cons[库容式水电出力上限约束_1_71],-106242.236
cons[库容式水电出力下限约束_1_71],0.0
cons[库容式水电出力上限约束_1_72],-106246.149
cons[库容式水电出力下限约束_1_72],0.0
cons[库容式水电出力上限约束_1_73],-106256.25
cons[库容式水电出力下限约束_1_73],0.0
cons[库容式水电出力上限约束_1_74],-106287.7815
cons[库容式水电出力下限约束_1_74],0.0
cons[库容式水电出力上限约束_1_75],-106287.7815
cons[库容式水电出力下限约束_1_75],0.0
cons[库容式水电出力上限约束_1_76],-106246.149
cons[库容式水电出力下限约束_1_76],0.0
cons[库容式水电出力上限约束_1_77],-106242.236
cons[库容式水电出力下限约束_1_77],0.0
cons[库容式水电出力上限约束_1_78],-106219.85
cons[库容式水电出力下限约束_1_78],0.0
cons[库容式水电出力上限约束_1_79],-106219.85
cons[库容式水电出力下限约束_1_79],0.0
cons[库容式水电出力上限约束_1_80],-106200.103
cons[库容式水电出力下限约束_1_80],0.0
cons[库容式水电出力上限约束_1_81],-106196.6905
cons[库容式水电出力下限约束_1_81],0.0
cons[库容式水电出力上限约束_1_82],-106192.004
cons[库容式水电出力下限约束_1_82],0.0
cons[库容式水电出力上限约束_1_83],-106164.158
cons[库容式水电出力下限约束_1_83],0.0
cons[库容式水电出力上限约束_1_84],-106164.158
cons[库容式水电出力下限约束_1_84],0.0
cons[库容式水电出力上限约束_1_85],-106164.158
cons[库容式水电出力下限约束_1_85],0.0
cons[库容式水电出力上限约束_1_86],-106164.158
cons[库容式水电出力下限约束_1_86],0.0
cons[库容式水电出力上限约束_1_87],-106154.057
cons[库容式水电出力下限约束_1_87],0.0
cons[库容式水电出力上限约束_1_88],-106108.466
cons[库容式水电出力下限约束_1_88],0.0
cons[库容式水电出力上限约束_1_89],-106080.62
cons[库容式水电出力下限约束_1_89],0.0
cons[库容式水电出力上限约束_1_90],-106052.774
cons[库容式水电出力下限约束_1_90],0.0
cons[库容式水电出力上限约束_1_91],-106024.928
cons[库容式水电出力下限约束_1_91],0.0
cons[库容式水电出力上限约束_1_92],-105979.974
cons[库容式水电出力下限约束_1_92],0.0
cons[库容式水电出力上限约束_1_93],-105933.928
cons[库容式水电出力下限约束_1_93],0.0
cons[库容式水电出力上限约束_1_94],-105887.882
cons[库容式水电出力下限约束_1_94],0.0
cons[库容式水电出力上限约束_1_95],-105414.318
cons[库容式水电出力下限约束_1_95],0.0
cons[库容式水电出力上限约束_2_0],-106210.204
cons[库容式水电出力下限约束_2_0],0.0
cons[库容式水电出力上限约束_2_1],-106196.6905
cons[库容式水电出力下限约束_2_1],0.0
cons[库容式水电出力上限约束_2_2],-106154.057
cons[库容式水电出力下限约束_2_2],0.0
cons[库容式水电出力上限约束_2_3],-106118.112
cons[库容式水电出力下限约束_2_3],0.0
cons[库容式水电出力上限约束_2_4],-106108.011
cons[库容式水电出力下限约束_2_4],0.0
cons[库容式水电出力上限约束_2_5],-105883.423
cons[库容式水电出力下限约束_2_5],0.0
cons[库容式水电出力上限约束_2_6],-105810.35
cons[库容式水电出力下限约束_2_6],0.0
cons[库容式水电出力上限约束_2_7],-105782.504
cons[库容式水电出力下限约束_2_7],0.0
cons[库容式水电出力上限约束_2_8],-105726.812
cons[库容式水电出力下限约束_2_8],0.0
cons[库容式水电出力上限约束_2_9],-105698.966
cons[库容式水电出力下限约束_2_9],0.0
cons[库容式水电出力上限约束_2_10],-105671.12
cons[库容式水电出力下限约束_2_10],0.0
cons[库容式水电出力上限约束_2_11],-105643.274
cons[库容式水电出力下限约束_2_11],0.0
cons[库容式水电出力上限约束_2_12],-78650.35399999999
cons[库容式水电出力下限约束_2_12],0.0
cons[库容式水电出力上限约束_2_13],-78650.35399999999
cons[库容式水电出力下限约束_2_13],0.0
cons[库容式水电出力上限约束_2_14],-78650.35399999999
cons[库容式水电出力下限约束_2_14],0.0
cons[库容式水电出力上限约束_2_15],-78650.35399999999
cons[库容式水电出力下限约束_2_15],0.0
cons[库容式水电出力上限约束_2_16],-78650.35399999999
cons[库容式水电出力下限约束_2_16],0.0
cons[库容式水电出力上限约束_2_17],-78650.35399999999
cons[库容式水电出力下限约束_2_17],0.0
cons[库容式水电出力上限约束_2_18],-78650.35399999999
cons[库容式水电出力下限约束_2_18],0.0
cons[库容式水电出力上限约束_2_19],-78650.35399999999
cons[库容式水电出力下限约束_2_19],0.0
cons[库容式水电出力上限约束_2_20],-78650.35399999999
cons[库容式水电出力下限约束_2_20],0.0
cons[库容式水电出力上限约束_2_21],-105317.76699999999
cons[库容式水电出力下限约束_2_21],0.0
cons[库容式水电出力上限约束_2_22],-106108.011
cons[库容式水电出力下限约束_2_22],0.0
cons[库容式水电出力上限约束_2_23],-105726.812
cons[库容式水电出力下限约束_2_23],0.0
cons[库容式水电出力上限约束_2_24],-105754.658
cons[库容式水电出力下限约束_2_24],0.0
cons[库容式水电出力上限约束_2_25],-105754.658
cons[库容式水电出力下限约束_2_25],0.0
cons[库容式水电出力上限约束_2_26],-105887.882
cons[库容式水电出力下限约束_2_26],0.0
cons[库容式水电出力上限约束_2_27],-105979.974
cons[库容式水电出力下限约束_2_27],0.0
cons[库容式水电出力上限约束_2_28],-106024.928
cons[库容式水电出力下限约束_2_28],0.0
cons[库容式水电出力上限约束_2_29],-106052.774
cons[库容式水电出力下限约束_2_29],0.0
cons[库容式水电出力上限约束_2_30],-106080.62
cons[库容式水电出力下限约束_2_30],0.0
cons[库容式水电出力上限约束_2_31],-106108.011
cons[库容式水电出力下限约束_2_31],0.0
cons[库容式水电出力上限约束_2_32],-106108.466
cons[库容式水电出力下限约束_2_32],0.0
cons[库容式水电出力上限约束_2_33],-106118.112
cons[库容式水电出力下限约束_2_33],0.0
cons[库容式水电出力上限约束_2_34],-106118.112
cons[库容式水电出力下限约束_2_34],0.0
cons[库容式水电出力上限约束_2_35],-106118.112
cons[库容式水电出力下限约束_2_35],0.0
cons[库容式水电出力上限约束_2_36],-106118.112
cons[库容式水电出力下限约束_2_36],0.0
cons[库容式水电出力上限约束_2_37],-106108.466
cons[库容式水电出力下限约束_2_37],0.0
cons[库容式水电出力上限约束_2_38],-106108.466
cons[库容式水电出力下限约束_2_38],0.0
cons[库容式水电出力上限约束_2_39],-106108.466
cons[库容式水电出力下限约束_2_39],0.0
cons[库容式水电出力上限约束_2_40],-106108.466
cons[库容式水电出力下限约束_2_40],0.0
cons[库容式水电出力上限约束_2_41],-106108.466
cons[库容式水电出力下限约束_2_41],0.0
cons[库容式水电出力上限约束_2_42],-106108.466
cons[库容式水电出力下限约束_2_42],0.0
cons[库容式水电出力上限约束_2_43],-106108.466
cons[库容式水电出力下限约束_2_43],0.0
cons[库容式水电出力上限约束_2_44],-106108.466
cons[库容式水电出力下限约束_2_44],0.0
cons[库容式水电出力上限约束_2_45],-106108.011
cons[库容式水电出力下限约束_2_45],0.0
cons[库容式水电出力上限约束_2_46],-106108.011
cons[库容式水电出力下限约束_2_46],0.0
cons[库容式水电出力上限约束_2_47],-106108.011
cons[库容式水电出力下限约束_2_47],0.0
cons[库容式水电出力上限约束_2_48],-106108.011
cons[库容式水电出力下限约束_2_48],0.0
cons[库容式水电出力上限约束_2_49],-106108.011
cons[库容式水电出力下限约束_2_49],0.0
cons[库容式水电出力上限约束_2_50],-106108.011
cons[库容式水电出力下限约束_2_50],0.0
cons[库容式水电出力上限约束_2_51],-106108.011
cons[库容式水电出力下限约束_2_51],0.0
cons[库容式水电出力上限约束_2_52],-106108.011
cons[库容式水电出力下限约束_2_52],0.0
cons[库容式水电出力上限约束_2_53],-106080.62
cons[库容式水电出力下限约束_2_53],0.0
cons[库容式水电出力上限约束_2_54],-106080.62
cons[库容式水电出力下限约束_2_54],0.0
cons[库容式水电出力上限约束_2_55],-106080.62
cons[库容式水电出力下限约束_2_55],0.0
cons[库容式水电出力上限约束_2_56],-106080.62
cons[库容式水电出力下限约束_2_56],0.0
cons[库容式水电出力上限约束_2_57],-106080.62
cons[库容式水电出力下限约束_2_57],0.0
cons[库容式水电出力上限约束_2_58],-106080.62
cons[库容式水电出力下限约束_2_58],0.0
cons[库容式水电出力上限约束_2_59],-106108.011
cons[库容式水电出力下限约束_2_59],0.0
cons[库容式水电出力上限约束_2_60],-106108.466
cons[库容式水电出力下限约束_2_60],0.0
cons[库容式水电出力上限约束_2_61],-106136.312
cons[库容式水电出力下限约束_2_61],0.0
cons[库容式水电出力上限约束_2_62],-106164.158
cons[库容式水电出力下限约束_2_62],0.0
cons[库容式水电出力上限约束_2_63],-106164.158
cons[库容式水电出力下限约束_2_63],0.0
cons[库容式水电出力上限约束_2_64],-106192.004
cons[库容式水电出力下限约束_2_64],0.0
cons[库容式水电出力上限约束_2_65],-106200.103
cons[库容式水电出力下限约束_2_65],0.0
cons[库容式水电出力上限约束_2_66],-106219.85
cons[库容式水电出力下限约束_2_66],0.0
cons[库容式水电出力上限约束_2_67],-106219.85
cons[库容式水电出力下限约束_2_67],0.0
cons[库容式水电出力上限约束_2_68],-106219.85
cons[库容式水电出力下限约束_2_68],0.0
cons[库容式水电出力上限约束_2_69],-106219.85
cons[库容式水电出力下限约束_2_69],0.0
cons[库容式水电出力上限约束_2_70],-106219.85
cons[库容式水电出力下限约束_2_70],0.0
cons[库容式水电出力上限约束_2_71],-106242.236
cons[库容式水电出力下限约束_2_71],0.0
cons[库容式水电出力上限约束_2_72],-106246.149
cons[库容式水电出力下限约束_2_72],0.0
cons[库容式水电出力上限约束_2_73],-106256.25
cons[库容式水电出力下限约束_2_73],0.0
cons[库容式水电出力上限约束_2_74],-106287.7815
cons[库容式水电出力下限约束_2_74],0.0
cons[库容式水电出力上限约束_2_75],-106287.7815
cons[库容式水电出力下限约束_2_75],0.0
cons[库容式水电出力上限约束_2_76],-106246.149
cons[库容式水电出力下限约束_2_76],0.0
cons[库容式水电出力上限约束_2_77],-106242.236
cons[库容式水电出力下限约束_2_77],0.0
cons[库容式水电出力上限约束_2_78],-106219.85
cons[库容式水电出力下限约束_2_78],0.0
cons[库容式水电出力上限约束_2_79],-106219.85
cons[库容式水电出力下限约束_2_79],0.0
cons[库容式水电出力上限约束_2_80],-106200.103
cons[库容式水电出力下限约束_2_80],0.0
cons[库容式水电出力上限约束_2_81],-106196.6905
cons[库容式水电出力下限约束_2_81],0.0
cons[库容式水电出力上限约束_2_82],-106192.004
cons[库容式水电出力下限约束_2_82],0.0
cons[库容式水电出力上限约束_2_83],-106164.158
cons[库容式水电出力下限约束_2_83],0.0
cons[库容式水电出力上限约束_2_84],-106164.158
cons[库容式水电出力下限约束_2_84],0.0
cons[库容式水电出力上限约束_2_85],-106164.158
cons[库容式水电出力下限约束_2_85],0.0
cons[库容式水电出力上限约束_2_86],-106164.158
cons[库容式水电出力下限约束_2_86],0.0
cons[库容式水电出力上限约束_2_87],-106154.057
cons[库容式水电出力下限约束_2_87],0.0
cons[库容式水电出力上限约束_2_88],-106108.466
cons[库容式水电出力下限约束_2_88],0.0
cons[库容式水电出力上限约束_2_89],-106080.62
cons[库容式水电出力下限约束_2_89],0.0
cons[库容式水电出力上限约束_2_90],-106052.774
cons[库容式水电出力下限约束_2_90],0.0
cons[库容式水电出力上限约束_2_91],-106024.928
cons[库容式水电出力下限约束_2_91],0.0
cons[库容式水电出力上限约束_2_92],-105979.974
cons[库容式水电出力下限约束_2_92],0.0
cons[库容式水电出力上限约束_2_93],-105933.928
cons[库容式水电出力下限约束_2_93],0.0
cons[库容式水电出力上限约束_2_94],-105887.882
cons[库容式水电出力下限约束_2_94],0.0
cons[库容式水电出力上限约束_2_95],-105414.318
cons[库容式水电出力下限约束_2_95],0.0
cons[负荷中标出力约束_0_0],6210.204000000001
cons[负荷中标出力约束_0_1],6196.6905
cons[负荷中标出力约束_0_2],6154.057000000001
cons[负荷中标出力约束_0_3],6118.112
cons[负荷中标出力约束_0_4],6108.0109999999995
cons[负荷中标出力约束_0_5],5883.423000000001
cons[负荷中标出力约束_0_6],5810.349999999999
cons[负荷中标出力约束_0_7],5782.504
cons[负荷中标出力约束_0_8],5726.812
cons[负荷中标出力约束_0_9],5698.966
cons[负荷中标出力约束_0_10],5671.12
cons[负荷中标出力约束_0_11],5643.274
cons[负荷中标出力约束_0_12],-20000.0
cons[负荷中标出力约束_0_13],-20000.0
cons[负荷中标出力约束_0_14],-20000.0
cons[负荷中标出力约束_0_15],-20000.0
cons[负荷中标出力约束_0_16],-20000.0
cons[负荷中标出力约束_0_17],-20000.0
cons[负荷中标出力约束_0_18],-20000.0
cons[负荷中标出力约束_0_19],-20000.0
cons[负荷中标出力约束_0_20],-20000.0
cons[负荷中标出力约束_0_21],5317.767
cons[负荷中标出力约束_0_22],6108.0109999999995
cons[负荷中标出力约束_0_23],5726.812
cons[负荷中标出力约束_0_24],5754.657999999999
cons[负荷中标出力约束_0_25],5754.657999999999
cons[负荷中标出力约束_0_26],5887.882
cons[负荷中标出力约束_0_27],5979.974000000003
cons[负荷中标出力约束_0_28],6024.928
cons[负荷中标出力约束_0_29],6052.774
cons[负荷中标出力约束_0_30],6080.62
cons[负荷中标出力约束_0_31],6108.0109999999995
cons[负荷中标出力约束_0_32],6108.466
cons[负荷中标出力约束_0_33],6118.112
cons[负荷中标出力约束_0_34],6118.112
cons[负荷中标出力约束_0_35],6118.112
cons[负荷中标出力约束_0_36],6118.112
cons[负荷中标出力约束_0_37],6108.466
cons[负荷中标出力约束_0_38],6108.466
cons[负荷中标出力约束_0_39],6108.466
cons[负荷中标出力约束_0_40],6108.466
cons[负荷中标出力约束_0_41],6108.466
cons[负荷中标出力约束_0_42],6108.466
cons[负荷中标出力约束_0_43],6108.466
cons[负荷中标出力约束_0_44],6108.466
cons[负荷中标出力约束_0_45],6108.0109999999995
cons[负荷中标出力约束_0_46],6108.0109999999995
cons[负荷中标出力约束_0_47],6108.0109999999995
cons[负荷中标出力约束_0_48],6108.0109999999995
cons[负荷中标出力约束_0_49],6108.0109999999995
cons[负荷中标出力约束_0_50],6108.0109999999995
cons[负荷中标出力约束_0_51],6108.0109999999995
cons[负荷中标出力约束_0_52],6108.0109999999995
cons[负荷中标出力约束_0_53],6080.62
cons[负荷中标出力约束_0_54],6080.62
cons[负荷中标出力约束_0_55],6080.62
cons[负荷中标出力约束_0_56],6080.62
cons[负荷中标出力约束_0_57],6080.62
cons[负荷中标出力约束_0_58],6080.62
cons[负荷中标出力约束_0_59],6108.0109999999995
cons[负荷中标出力约束_0_60],6108.466
cons[负荷中标出力约束_0_61],6136.312
cons[负荷中标出力约束_0_62],6164.157999999999
cons[负荷中标出力约束_0_63],6164.157999999999
cons[负荷中标出力约束_0_64],6192.004000000002
cons[负荷中标出力约束_0_65],6200.103
cons[负荷中标出力约束_0_66],6219.85
cons[负荷中标出力约束_0_67],6219.85
cons[负荷中标出力约束_0_68],6219.85
cons[负荷中标出力约束_0_69],6219.85
cons[负荷中标出力约束_0_70],6219.85
cons[负荷中标出力约束_0_71],6242.236
cons[负荷中标出力约束_0_72],6246.148999999999
cons[负荷中标出力约束_0_73],6256.250000000003
cons[负荷中标出力约束_0_74],6287.7815
cons[负荷中标出力约束_0_75],6287.7815
cons[负荷中标出力约束_0_76],6246.148999999999
cons[负荷中标出力约束_0_77],6242.236
cons[负荷中标出力约束_0_78],6219.85
cons[负荷中标出力约束_0_79],6219.85
cons[负荷中标出力约束_0_80],6200.103
cons[负荷中标出力约束_0_81],6196.6905
cons[负荷中标出力约束_0_82],6192.004000000002
cons[负荷中标出力约束_0_83],6164.157999999999
cons[负荷中标出力约束_0_84],6164.157999999999
cons[负荷中标出力约束_0_85],6164.157999999999
cons[负荷中标出力约束_0_86],6164.157999999999
cons[负荷中标出力约束_0_87],6154.057000000001
cons[负荷中标出力约束_0_88],6108.466
cons[负荷中标出力约束_0_89],6080.62
cons[负荷中标出力约束_0_90],6052.774
cons[负荷中标出力约束_0_91],6024.928
cons[负荷中标出力约束_0_92],5979.974000000003
cons[负荷中标出力约束_0_93],5933.928
cons[负荷中标出力约束_0_94],5887.882
cons[负荷中标出力约束_0_95],5414.317999999999
cons[负荷中标出力约束_1_0],6210.204000000001
cons[负荷中标出力约束_1_1],6196.6905
cons[负荷中标出力约束_1_2],6154.057000000001
cons[负荷中标出力约束_1_3],6118.112
cons[负荷中标出力约束_1_4],6108.0109999999995
cons[负荷中标出力约束_1_5],5883.423000000001
cons[负荷中标出力约束_1_6],5810.349999999999
cons[负荷中标出力约束_1_7],5782.504
cons[负荷中标出力约束_1_8],5726.812
cons[负荷中标出力约束_1_9],5698.966
cons[负荷中标出力约束_1_10],5671.12
cons[负荷中标出力约束_1_11],5643.274
cons[负荷中标出力约束_1_12],-20000.0
cons[负荷中标出力约束_1_13],-20000.0
cons[负荷中标出力约束_1_14],-20000.0
cons[负荷中标出力约束_1_15],-20000.0
cons[负荷中标出力约束_1_16],-20000.0
cons[负荷中标出力约束_1_17],-20000.0
cons[负荷中标出力约束_1_18],-20000.0
cons[负荷中标出力约束_1_19],-20000.0
cons[负荷中标出力约束_1_20],-20000.0
cons[负荷中标出力约束_1_21],5317.767
cons[负荷中标出力约束_1_22],6108.0109999999995
cons[负荷中标出力约束_1_23],5726.812
cons[负荷中标出力约束_1_24],5754.657999999999
cons[负荷中标出力约束_1_25],5754.657999999999
cons[负荷中标出力约束_1_26],5887.882
cons[负荷中标出力约束_1_27],5979.974000000003
cons[负荷中标出力约束_1_28],6024.928
cons[负荷中标出力约束_1_29],6052.774
cons[负荷中标出力约束_1_30],6080.62
cons[负荷中标出力约束_1_31],6108.0109999999995
cons[负荷中标出力约束_1_32],6108.466
cons[负荷中标出力约束_1_33],6118.112
cons[负荷中标出力约束_1_34],6118.112
cons[负荷中标出力约束_1_35],6118.112
cons[负荷中标出力约束_1_36],6118.112
cons[负荷中标出力约束_1_37],6108.466
cons[负荷中标出力约束_1_38],6108.466
cons[负荷中标出力约束_1_39],6108.466
cons[负荷中标出力约束_1_40],6108.466
cons[负荷中标出力约束_1_41],6108.466
cons[负荷中标出力约束_1_42],6108.466
cons[负荷中标出力约束_1_43],6108.466
cons[负荷中标出力约束_1_44],6108.466
cons[负荷中标出力约束_1_45],6108.0109999999995
cons[负荷中标出力约束_1_46],6108.0109999999995
cons[负荷中标出力约束_1_47],6108.0109999999995
cons[负荷中标出力约束_1_48],6108.0109999999995
cons[负荷中标出力约束_1_49],6108.0109999999995
cons[负荷中标出力约束_1_50],6108.0109999999995
cons[负荷中标出力约束_1_51],6108.0109999999995
cons[负荷中标出力约束_1_52],6108.0109999999995
cons[负荷中标出力约束_1_53],6080.62
cons[负荷中标出力约束_1_54],6080.62
cons[负荷中标出力约束_1_55],6080.62
cons[负荷中标出力约束_1_56],6080.62
cons[负荷中标出力约束_1_57],6080.62
cons[负荷中标出力约束_1_58],6080.62
cons[负荷中标出力约束_1_59],6108.0109999999995
cons[负荷中标出力约束_1_60],6108.466
cons[负荷中标出力约束_1_61],6136.312
cons[负荷中标出力约束_1_62],6164.157999999999
cons[负荷中标出力约束_1_63],6164.157999999999
cons[负荷中标出力约束_1_64],6192.004000000002
cons[负荷中标出力约束_1_65],6200.103
cons[负荷中标出力约束_1_66],6219.85
cons[负荷中标出力约束_1_67],6219.85
cons[负荷中标出力约束_1_68],6219.85
cons[负荷中标出力约束_1_69],6219.85
cons[负荷中标出力约束_1_70],6219.85
cons[负荷中标出力约束_1_71],6242.236
cons[负荷中标出力约束_1_72],6246.148999999999
cons[负荷中标出力约束_1_73],6256.250000000003
cons[负荷中标出力约束_1_74],6287.7815
cons[负荷中标出力约束_1_75],6287.7815
cons[负荷中标出力约束_1_76],6246.148999999999
cons[负荷中标出力约束_1_77],6242.236
cons[负荷中标出力约束_1_78],6219.85
cons[负荷中标出力约束_1_79],6219.85
cons[负荷中标出力约束_1_80],6200.103
cons[负荷中标出力约束_1_81],6196.6905
cons[负荷中标出力约束_1_82],6192.004000000002
cons[负荷中标出力约束_1_83],6164.157999999999
cons[负荷中标出力约束_1_84],6164.157999999999
cons[负荷中标出力约束_1_85],6164.157999999999
cons[负荷中标出力约束_1_86],6164.157999999999
cons[负荷中标出力约束_1_87],6154.057000000001
cons[负荷中标出力约束_1_88],6108.466
cons[负荷中标出力约束_1_89],6080.62
cons[负荷中标出力约束_1_90],6052.774
cons[负荷中标出力约束_1_91],6024.928
cons[负荷中标出力约束_1_92],5979.974000000003
cons[负荷中标出力约束_1_93],5933.928
cons[负荷中标出力约束_1_94],5887.882
cons[负荷中标出力约束_1_95],5414.317999999999
cons[负荷中标出力约束_2_0],6210.204000000001
cons[负荷中标出力约束_2_1],6196.6905
cons[负荷中标出力约束_2_2],6154.057000000001
cons[负荷中标出力约束_2_3],6118.112
cons[负荷中标出力约束_2_4],6108.0109999999995
cons[负荷中标出力约束_2_5],5883.423000000001
cons[负荷中标出力约束_2_6],5810.349999999999
cons[负荷中标出力约束_2_7],5782.504
cons[负荷中标出力约束_2_8],5726.812
cons[负荷中标出力约束_2_9],5698.966
cons[负荷中标出力约束_2_10],5671.12
cons[负荷中标出力约束_2_11],5643.274
cons[负荷中标出力约束_2_12],-20000.0
cons[负荷中标出力约束_2_13],-20000.0
cons[负荷中标出力约束_2_14],-20000.0
cons[负荷中标出力约束_2_15],-20000.0
cons[负荷中标出力约束_2_16],-20000.0
cons[负荷中标出力约束_2_17],-20000.0
cons[负荷中标出力约束_2_18],-20000.0
cons[负荷中标出力约束_2_19],-20000.0
cons[负荷中标出力约束_2_20],-20000.0
cons[负荷中标出力约束_2_21],5317.767
cons[负荷中标出力约束_2_22],6108.0109999999995
cons[负荷中标出力约束_2_23],5726.812
cons[负荷中标出力约束_2_24],5754.657999999999
cons[负荷中标出力约束_2_25],5754.657999999999
cons[负荷中标出力约束_2_26],5887.882
cons[负荷中标出力约束_2_27],5979.974000000003
cons[负荷中标出力约束_2_28],6024.928
cons[负荷中标出力约束_2_29],6052.774
cons[负荷中标出力约束_2_30],6080.62
cons[负荷中标出力约束_2_31],6108.0109999999995
cons[负荷中标出力约束_2_32],6108.466
cons[负荷中标出力约束_2_33],6118.112
cons[负荷中标出力约束_2_34],6118.112
cons[负荷中标出力约束_2_35],6118.112
cons[负荷中标出力约束_2_36],6118.112
cons[负荷中标出力约束_2_37],6108.466
cons[负荷中标出力约束_2_38],6108.466
cons[负荷中标出力约束_2_39],6108.466
cons[负荷中标出力约束_2_40],6108.466
cons[负荷中标出力约束_2_41],6108.466
cons[负荷中标出力约束_2_42],6108.466
cons[负荷中标出力约束_2_43],6108.466
cons[负荷中标出力约束_2_44],6108.466
cons[负荷中标出力约束_2_45],6108.0109999999995
cons[负荷中标出力约束_2_46],6108.0109999999995
cons[负荷中标出力约束_2_47],6108.0109999999995
cons[负荷中标出力约束_2_48],6108.0109999999995
cons[负荷中标出力约束_2_49],6108.0109999999995
cons[负荷中标出力约束_2_50],6108.0109999999995
cons[负荷中标出力约束_2_51],6108.0109999999995
cons[负荷中标出力约束_2_52],6108.0109999999995
cons[负荷中标出力约束_2_53],6080.62
cons[负荷中标出力约束_2_54],6080.62
cons[负荷中标出力约束_2_55],6080.62
cons[负荷中标出力约束_2_56],6080.62
cons[负荷中标出力约束_2_57],6080.62
cons[负荷中标出力约束_2_58],6080.62
cons[负荷中标出力约束_2_59],6108.0109999999995
cons[负荷中标出力约束_2_60],6108.466
cons[负荷中标出力约束_2_61],6136.312
cons[负荷中标出力约束_2_62],6164.157999999999
cons[负荷中标出力约束_2_63],6164.157999999999
cons[负荷中标出力约束_2_64],6192.004000000002
cons[负荷中标出力约束_2_65],6200.103
cons[负荷中标出力约束_2_66],6219.85
cons[负荷中标出力约束_2_67],6219.85
cons[负荷中标出力约束_2_68],6219.85
cons[负荷中标出力约束_2_69],6219.85
cons[负荷中标出力约束_2_70],6219.85
cons[负荷中标出力约束_2_71],6242.236
cons[负荷中标出力约束_2_72],6246.148999999999
cons[负荷中标出力约束_2_73],6256.250000000003
cons[负荷中标出力约束_2_74],6287.7815
cons[负荷中标出力约束_2_75],6287.7815
cons[负荷中标出力约束_2_76],6246.148999999999
cons[负荷中标出力约束_2_77],6242.236
cons[负荷中标出力约束_2_78],6219.85
cons[负荷中标出力约束_2_79],6219.85
cons[负荷中标出力约束_2_80],6200.103
cons[负荷中标出力约束_2_81],6196.6905
cons[负荷中标出力约束_2_82],6192.004000000002
cons[负荷中标出力约束_2_83],6164.157999999999
cons[负荷中标出力约束_2_84],6164.157999999999
cons[负荷中标出力约束_2_85],6164.157999999999
cons[负荷中标出力约束_2_86],6164.157999999999
cons[负荷中标出力约束_2_87],6154.057000000001
cons[负荷中标出力约束_2_88],6108.466
cons[负荷中标出力约束_2_89],6080.62
cons[负荷中标出力约束_2_90],6052.774
cons[负荷中标出力约束_2_91],6024.928
cons[负荷中标出力约束_2_92],5979.974000000003
cons[负荷中标出力约束_2_93],5933.928
cons[负荷中标出力约束_2_94],5887.882
cons[负荷中标出力约束_2_95],5414.317999999999
cons[负荷中标出力约束_3_0],6210.204000000001
cons[负荷中标出力约束_3_1],6196.6905
cons[负荷中标出力约束_3_2],6154.057000000001
cons[负荷中标出力约束_3_3],6118.112
cons[负荷中标出力约束_3_4],6108.0109999999995
cons[负荷中标出力约束_3_5],5883.423000000001
cons[负荷中标出力约束_3_6],5810.349999999999
cons[负荷中标出力约束_3_7],5782.504
cons[负荷中标出力约束_3_8],5726.812
cons[负荷中标出力约束_3_9],5698.966
cons[负荷中标出力约束_3_10],5671.12
cons[负荷中标出力约束_3_11],5643.274
cons[负荷中标出力约束_3_12],-20000.0
cons[负荷中标出力约束_3_13],-20000.0
cons[负荷中标出力约束_3_14],-20000.0
cons[负荷中标出力约束_3_15],-20000.0
cons[负荷中标出力约束_3_16],-20000.0
cons[负荷中标出力约束_3_17],-20000.0
cons[负荷中标出力约束_3_18],-20000.0
cons[负荷中标出力约束_3_19],-20000.0
cons[负荷中标出力约束_3_20],-20000.0
cons[负荷中标出力约束_3_21],5317.767
cons[负荷中标出力约束_3_22],6108.0109999999995
cons[负荷中标出力约束_3_23],5726.812
cons[负荷中标出力约束_3_24],5754.657999999999
cons[负荷中标出力约束_3_25],5754.657999999999
cons[负荷中标出力约束_3_26],5887.882
cons[负荷中标出力约束_3_27],5979.974000000003
cons[负荷中标出力约束_3_28],6024.928
cons[负荷中标出力约束_3_29],6052.774
cons[负荷中标出力约束_3_30],6080.62
cons[负荷中标出力约束_3_31],6108.0109999999995
cons[负荷中标出力约束_3_32],6108.466
cons[负荷中标出力约束_3_33],6118.112
cons[负荷中标出力约束_3_34],6118.112
cons[负荷中标出力约束_3_35],6118.112
cons[负荷中标出力约束_3_36],6118.112
cons[负荷中标出力约束_3_37],6108.466
cons[负荷中标出力约束_3_38],6108.466
cons[负荷中标出力约束_3_39],6108.466
cons[负荷中标出力约束_3_40],6108.466
cons[负荷中标出力约束_3_41],6108.466
cons[负荷中标出力约束_3_42],6108.466
cons[负荷中标出力约束_3_43],6108.466
cons[负荷中标出力约束_3_44],6108.466
cons[负荷中标出力约束_3_45],6108.0109999999995
cons[负荷中标出力约束_3_46],6108.0109999999995
cons[负荷中标出力约束_3_47],6108.0109999999995
cons[负荷中标出力约束_3_48],6108.0109999999995
cons[负荷中标出力约束_3_49],6108.0109999999995
cons[负荷中标出力约束_3_50],6108.0109999999995
cons[负荷中标出力约束_3_51],6108.0109999999995
cons[负荷中标出力约束_3_52],6108.0109999999995
cons[负荷中标出力约束_3_53],6080.62
cons[负荷中标出力约束_3_54],6080.62
cons[负荷中标出力约束_3_55],6080.62
cons[负荷中标出力约束_3_56],6080.62
cons[负荷中标出力约束_3_57],6080.62
cons[负荷中标出力约束_3_58],6080.62
cons[负荷中标出力约束_3_59],6108.0109999999995
cons[负荷中标出力约束_3_60],6108.466
cons[负荷中标出力约束_3_61],6136.312
cons[负荷中标出力约束_3_62],6164.157999999999
cons[负荷中标出力约束_3_63],6164.157999999999
cons[负荷中标出力约束_3_64],6192.004000000002
cons[负荷中标出力约束_3_65],6200.103
cons[负荷中标出力约束_3_66],6219.85
cons[负荷中标出力约束_3_67],6219.85
cons[负荷中标出力约束_3_68],6219.85
cons[负荷中标出力约束_3_69],6219.85
cons[负荷中标出力约束_3_70],6219.85
cons[负荷中标出力约束_3_71],6242.236
cons[负荷中标出力约束_3_72],6246.148999999999
cons[负荷中标出力约束_3_73],6256.250000000003
cons[负荷中标出力约束_3_74],6287.7815
cons[负荷中标出力约束_3_75],6287.7815
cons[负荷中标出力约束_3_76],6246.148999999999
cons[负荷中标出力约束_3_77],6242.236
cons[负荷中标出力约束_3_78],6219.85
cons[负荷中标出力约束_3_79],6219.85
cons[负荷中标出力约束_3_80],6200.103
cons[负荷中标出力约束_3_81],6196.6905
cons[负荷中标出力约束_3_82],6192.004000000002
cons[负荷中标出力约束_3_83],6164.157999999999
cons[负荷中标出力约束_3_84],6164.157999999999
cons[负荷中标出力约束_3_85],6164.157999999999
cons[负荷中标出力约束_3_86],6164.157999999999
cons[负荷中标出力约束_3_87],6154.057000000001
cons[负荷中标出力约束_3_88],6108.466
cons[负荷中标出力约束_3_89],6080.62
cons[负荷中标出力约束_3_90],6052.774
cons[负荷中标出力约束_3_91],6024.928
cons[负荷中标出力约束_3_92],5979.974000000003
cons[负荷中标出力约束_3_93],5933.928
cons[负荷中标出力约束_3_94],5887.882
cons[负荷中标出力约束_3_95],5414.317999999999
cons[负荷中标出力约束_4_0],6210.204000000001
cons[负荷中标出力约束_4_1],6196.6905
cons[负荷中标出力约束_4_2],6154.057000000001
cons[负荷中标出力约束_4_3],6118.112
cons[负荷中标出力约束_4_4],6108.0109999999995
cons[负荷中标出力约束_4_5],5883.423000000001
cons[负荷中标出力约束_4_6],5810.349999999999
cons[负荷中标出力约束_4_7],5782.504
cons[负荷中标出力约束_4_8],5726.812
cons[负荷中标出力约束_4_9],5698.966
cons[负荷中标出力约束_4_10],5671.12
cons[负荷中标出力约束_4_11],5643.274
cons[负荷中标出力约束_4_12],-20000.0
cons[负荷中标出力约束_4_13],-20000.0
cons[负荷中标出力约束_4_14],-20000.0
cons[负荷中标出力约束_4_15],-20000.0
cons[负荷中标出力约束_4_16],-20000.0
cons[负荷中标出力约束_4_17],-20000.0
cons[负荷中标出力约束_4_18],-20000.0
cons[负荷中标出力约束_4_19],-20000.0
cons[负荷中标出力约束_4_20],-20000.0
cons[负荷中标出力约束_4_21],5317.767
cons[负荷中标出力约束_4_22],6108.0109999999995
cons[负荷中标出力约束_4_23],5726.812
cons[负荷中标出力约束_4_24],5754.657999999999
cons[负荷中标出力约束_4_25],5754.657999999999
cons[负荷中标出力约束_4_26],5887.882
cons[负荷中标出力约束_4_27],5979.974000000003
cons[负荷中标出力约束_4_28],6024.928
cons[负荷中标出力约束_4_29],6052.774
cons[负荷中标出力约束_4_30],6080.62
cons[负荷中标出力约束_4_31],6108.0109999999995
cons[负荷中标出力约束_4_32],6108.466
cons[负荷中标出力约束_4_33],6118.112
cons[负荷中标出力约束_4_34],6118.112
cons[负荷中标出力约束_4_35],6118.112
cons[负荷中标出力约束_4_36],6118.112
cons[负荷中标出力约束_4_37],6108.466
cons[负荷中标出力约束_4_38],6108.466
cons[负荷中标出力约束_4_39],6108.466
cons[负荷中标出力约束_4_40],6108.466
cons[负荷中标出力约束_4_41],6108.466
cons[负荷中标出力约束_4_42],6108.466
cons[负荷中标出力约束_4_43],6108.466
cons[负荷中标出力约束_4_44],6108.466
cons[负荷中标出力约束_4_45],6108.0109999999995
cons[负荷中标出力约束_4_46],6108.0109999999995
cons[负荷中标出力约束_4_47],6108.0109999999995
cons[负荷中标出力约束_4_48],6108.0109999999995
cons[负荷中标出力约束_4_49],6108.0109999999995
cons[负荷中标出力约束_4_50],6108.0109999999995
cons[负荷中标出力约束_4_51],6108.0109999999995
cons[负荷中标出力约束_4_52],6108.0109999999995
cons[负荷中标出力约束_4_53],6080.62
cons[负荷中标出力约束_4_54],6080.62
cons[负荷中标出力约束_4_55],6080.62
cons[负荷中标出力约束_4_56],6080.62
cons[负荷中标出力约束_4_57],6080.62
cons[负荷中标出力约束_4_58],6080.62
cons[负荷中标出力约束_4_59],6108.0109999999995
cons[负荷中标出力约束_4_60],6108.466
cons[负荷中标出力约束_4_61],6136.312
cons[负荷中标出力约束_4_62],6164.157999999999
cons[负荷中标出力约束_4_63],6164.157999999999
cons[负荷中标出力约束_4_64],6192.004000000002
cons[负荷中标出力约束_4_65],6200.103
cons[负荷中标出力约束_4_66],6219.85
cons[负荷中标出力约束_4_67],6219.85
cons[负荷中标出力约束_4_68],6219.85
cons[负荷中标出力约束_4_69],6219.85
cons[负荷中标出力约束_4_70],6219.85
cons[负荷中标出力约束_4_71],6242.236
cons[负荷中标出力约束_4_72],6246.148999999999
cons[负荷中标出力约束_4_73],6256.250000000003
cons[负荷中标出力约束_4_74],6287.7815
cons[负荷中标出力约束_4_75],6287.7815
cons[负荷中标出力约束_4_76],6246.148999999999
cons[负荷中标出力约束_4_77],6242.236
cons[负荷中标出力约束_4_78],6219.85
cons[负荷中标出力约束_4_79],6219.85
cons[负荷中标出力约束_4_80],6200.103
cons[负荷中标出力约束_4_81],6196.6905
cons[负荷中标出力约束_4_82],6192.004000000002
cons[负荷中标出力约束_4_83],6164.157999999999
cons[负荷中标出力约束_4_84],6164.157999999999
cons[负荷中标出力约束_4_85],6164.157999999999
cons[负荷中标出力约束_4_86],6164.157999999999
cons[负荷中标出力约束_4_87],6154.057000000001
cons[负荷中标出力约束_4_88],6108.466
cons[负荷中标出力约束_4_89],6080.62
cons[负荷中标出力约束_4_90],6052.774
cons[负荷中标出力约束_4_91],6024.928
cons[负荷中标出力约束_4_92],5979.974000000003
cons[负荷中标出力约束_4_93],5933.928
cons[负荷中标出力约束_4_94],5887.882
cons[负荷中标出力约束_4_95],5414.317999999999
cons[负荷中标出力约束_5_0],6210.204000000001
cons[负荷中标出力约束_5_1],6196.6905
cons[负荷中标出力约束_5_2],6154.057000000001
cons[负荷中标出力约束_5_3],6118.112
cons[负荷中标出力约束_5_4],6108.0109999999995
cons[负荷中标出力约束_5_5],5883.423000000001
cons[负荷中标出力约束_5_6],5810.349999999999
cons[负荷中标出力约束_5_7],5782.504
cons[负荷中标出力约束_5_8],5726.812
cons[负荷中标出力约束_5_9],5698.966
cons[负荷中标出力约束_5_10],5671.12
cons[负荷中标出力约束_5_11],5643.274
cons[负荷中标出力约束_5_12],-20000.0
cons[负荷中标出力约束_5_13],-20000.0
cons[负荷中标出力约束_5_14],-20000.0
cons[负荷中标出力约束_5_15],-20000.0
cons[负荷中标出力约束_5_16],-20000.0
cons[负荷中标出力约束_5_17],-20000.0
cons[负荷中标出力约束_5_18],-20000.0
cons[负荷中标出力约束_5_19],-20000.0
cons[负荷中标出力约束_5_20],-20000.0
cons[负荷中标出力约束_5_21],5317.767
cons[负荷中标出力约束_5_22],6108.0109999999995
cons[负荷中标出力约束_5_23],5726.812
cons[负荷中标出力约束_5_24],5754.657999999999
cons[负荷中标出力约束_5_25],5754.657999999999
cons[负荷中标出力约束_5_26],5887.882
cons[负荷中标出力约束_5_27],5979.974000000003
cons[负荷中标出力约束_5_28],6024.928
cons[负荷中标出力约束_5_29],6052.774
cons[负荷中标出力约束_5_30],6080.62
cons[负荷中标出力约束_5_31],6108.0109999999995
cons[负荷中标出力约束_5_32],6108.466
cons[负荷中标出力约束_5_33],6118.112
cons[负荷中标出力约束_5_34],6118.112
cons[负荷中标出力约束_5_35],6118.112
cons[负荷中标出力约束_5_36],6118.112
cons[负荷中标出力约束_5_37],6108.466
cons[负荷中标出力约束_5_38],6108.466
cons[负荷中标出力约束_5_39],6108.466
cons[负荷中标出力约束_5_40],6108.466
cons[负荷中标出力约束_5_41],6108.466
cons[负荷中标出力约束_5_42],6108.466
cons[负荷中标出力约束_5_43],6108.466
cons[负荷中标出力约束_5_44],6108.466
cons[负荷中标出力约束_5_45],6108.0109999999995
cons[负荷中标出力约束_5_46],6108.0109999999995
cons[负荷中标出力约束_5_47],6108.0109999999995
cons[负荷中标出力约束_5_48],6108.0109999999995
cons[负荷中标出力约束_5_49],6108.0109999999995
cons[负荷中标出力约束_5_50],6108.0109999999995
cons[负荷中标出力约束_5_51],6108.0109999999995
cons[负荷中标出力约束_5_52],6108.0109999999995
cons[负荷中标出力约束_5_53],6080.62
cons[负荷中标出力约束_5_54],6080.62
cons[负荷中标出力约束_5_55],6080.62
cons[负荷中标出力约束_5_56],6080.62
cons[负荷中标出力约束_5_57],6080.62
cons[负荷中标出力约束_5_58],6080.62
cons[负荷中标出力约束_5_59],6108.0109999999995
cons[负荷中标出力约束_5_60],6108.466
cons[负荷中标出力约束_5_61],6136.312
cons[负荷中标出力约束_5_62],6164.157999999999
cons[负荷中标出力约束_5_63],6164.157999999999
cons[负荷中标出力约束_5_64],6192.004000000002
cons[负荷中标出力约束_5_65],6200.103
cons[负荷中标出力约束_5_66],6219.85
cons[负荷中标出力约束_5_67],6219.85
cons[负荷中标出力约束_5_68],6219.85
cons[负荷中标出力约束_5_69],6219.85
cons[负荷中标出力约束_5_70],6219.85
cons[负荷中标出力约束_5_71],6242.236
cons[负荷中标出力约束_5_72],6246.148999999999
cons[负荷中标出力约束_5_73],6256.250000000003
cons[负荷中标出力约束_5_74],6287.7815
cons[负荷中标出力约束_5_75],6287.7815
cons[负荷中标出力约束_5_76],6246.148999999999
cons[负荷中标出力约束_5_77],6242.236
cons[负荷中标出力约束_5_78],6219.85
cons[负荷中标出力约束_5_79],6219.85
cons[负荷中标出力约束_5_80],6200.103
cons[负荷中标出力约束_5_81],6196.6905
cons[负荷中标出力约束_5_82],6192.004000000002
cons[负荷中标出力约束_5_83],6164.157999999999
cons[负荷中标出力约束_5_84],6164.157999999999
cons[负荷中标出力约束_5_85],6164.157999999999
cons[负荷中标出力约束_5_86],6164.157999999999
cons[负荷中标出力约束_5_87],6154.057000000001
cons[负荷中标出力约束_5_88],6108.466
cons[负荷中标出力约束_5_89],6080.62
cons[负荷中标出力约束_5_90],6052.774
cons[负荷中标出力约束_5_91],6024.928
cons[负荷中标出力约束_5_92],5979.974000000003
cons[负荷中标出力约束_5_93],5933.928
cons[负荷中标出力约束_5_94],5887.882
cons[负荷中标出力约束_5_95],5414.317999999999
cons[负荷中标出力约束_6_0],6210.204000000001
cons[负荷中标出力约束_6_1],6196.6905
cons[负荷中标出力约束_6_2],6154.057000000001
cons[负荷中标出力约束_6_3],6118.112
cons[负荷中标出力约束_6_4],6108.0109999999995
cons[负荷中标出力约束_6_5],5883.423000000001
cons[负荷中标出力约束_6_6],5810.349999999999
cons[负荷中标出力约束_6_7],5782.504
cons[负荷中标出力约束_6_8],5726.812
cons[负荷中标出力约束_6_9],5698.966
cons[负荷中标出力约束_6_10],5671.12
cons[负荷中标出力约束_6_11],5643.274
cons[负荷中标出力约束_6_12],-20000.0
cons[负荷中标出力约束_6_13],-20000.0
cons[负荷中标出力约束_6_14],-20000.0
cons[负荷中标出力约束_6_15],-20000.0
cons[负荷中标出力约束_6_16],-20000.0
cons[负荷中标出力约束_6_17],-20000.0
cons[负荷中标出力约束_6_18],-20000.0
cons[负荷中标出力约束_6_19],-20000.0
cons[负荷中标出力约束_6_20],-20000.0
cons[负荷中标出力约束_6_21],5317.767
cons[负荷中标出力约束_6_22],6108.0109999999995
cons[负荷中标出力约束_6_23],5726.812
cons[负荷中标出力约束_6_24],5754.657999999999
cons[负荷中标出力约束_6_25],5754.657999999999
cons[负荷中标出力约束_6_26],5887.882
cons[负荷中标出力约束_6_27],5979.974000000003
cons[负荷中标出力约束_6_28],6024.928
cons[负荷中标出力约束_6_29],6052.774
cons[负荷中标出力约束_6_30],6080.62
cons[负荷中标出力约束_6_31],6108.0109999999995
cons[负荷中标出力约束_6_32],6108.466
cons[负荷中标出力约束_6_33],6118.112
cons[负荷中标出力约束_6_34],6118.112
cons[负荷中标出力约束_6_35],6118.112
cons[负荷中标出力约束_6_36],6118.112
cons[负荷中标出力约束_6_37],6108.466
cons[负荷中标出力约束_6_38],6108.466
cons[负荷中标出力约束_6_39],6108.466
cons[负荷中标出力约束_6_40],6108.466
cons[负荷中标出力约束_6_41],6108.466
cons[负荷中标出力约束_6_42],6108.466
cons[负荷中标出力约束_6_43],6108.466
cons[负荷中标出力约束_6_44],6108.466
cons[负荷中标出力约束_6_45],6108.0109999999995
cons[负荷中标出力约束_6_46],6108.0109999999995
cons[负荷中标出力约束_6_47],6108.0109999999995
cons[负荷中标出力约束_6_48],6108.0109999999995
cons[负荷中标出力约束_6_49],6108.0109999999995
cons[负荷中标出力约束_6_50],6108.0109999999995
cons[负荷中标出力约束_6_51],6108.0109999999995
cons[负荷中标出力约束_6_52],6108.0109999999995
cons[负荷中标出力约束_6_53],6080.62
cons[负荷中标出力约束_6_54],6080.62
cons[负荷中标出力约束_6_55],6080.62
cons[负荷中标出力约束_6_56],6080.62
cons[负荷中标出力约束_6_57],6080.62
cons[负荷中标出力约束_6_58],6080.62
cons[负荷中标出力约束_6_59],6108.0109999999995
cons[负荷中标出力约束_6_60],6108.466
cons[负荷中标出力约束_6_61],6136.312
cons[负荷中标出力约束_6_62],6164.157999999999
cons[负荷中标出力约束_6_63],6164.157999999999
cons[负荷中标出力约束_6_64],6192.004000000002
cons[负荷中标出力约束_6_65],6200.103
cons[负荷中标出力约束_6_66],6219.85
cons[负荷中标出力约束_6_67],6219.85
cons[负荷中标出力约束_6_68],6219.85
cons[负荷中标出力约束_6_69],6219.85
cons[负荷中标出力约束_6_70],6219.85
cons[负荷中标出力约束_6_71],6242.236
cons[负荷中标出力约束_6_72],6246.148999999999
cons[负荷中标出力约束_6_73],6256.250000000003
cons[负荷中标出力约束_6_74],6287.7815
cons[负荷中标出力约束_6_75],6287.7815
cons[负荷中标出力约束_6_76],6246.148999999999
cons[负荷中标出力约束_6_77],6242.236
cons[负荷中标出力约束_6_78],6219.85
cons[负荷中标出力约束_6_79],6219.85
cons[负荷中标出力约束_6_80],6200.103
cons[负荷中标出力约束_6_81],6196.6905
cons[负荷中标出力约束_6_82],6192.004000000002
cons[负荷中标出力约束_6_83],6164.157999999999
cons[负荷中标出力约束_6_84],6164.157999999999
cons[负荷中标出力约束_6_85],6164.157999999999
cons[负荷中标出力约束_6_86],6164.157999999999
cons[负荷中标出力约束_6_87],6154.057000000001
cons[负荷中标出力约束_6_88],6108.466
cons[负荷中标出力约束_6_89],6080.62
cons[负荷中标出力约束_6_90],6052.774
cons[负荷中标出力约束_6_91],6024.928
cons[负荷中标出力约束_6_92],5979.974000000003
cons[负荷中标出力约束_6_93],5933.928
cons[负荷中标出力约束_6_94],5887.882
cons[负荷中标出力约束_6_95],5414.317999999999
cons[负荷中标出力约束_7_0],6210.204000000001
cons[负荷中标出力约束_7_1],6196.6905
cons[负荷中标出力约束_7_2],6154.057000000001
cons[负荷中标出力约束_7_3],6118.112
cons[负荷中标出力约束_7_4],6108.0109999999995
cons[负荷中标出力约束_7_5],5883.423000000001
cons[负荷中标出力约束_7_6],5810.349999999999
cons[负荷中标出力约束_7_7],5782.504
cons[负荷中标出力约束_7_8],5726.812
cons[负荷中标出力约束_7_9],5698.966
cons[负荷中标出力约束_7_10],5671.12
cons[负荷中标出力约束_7_11],5643.274
cons[负荷中标出力约束_7_12],-20000.0
cons[负荷中标出力约束_7_13],-20000.0
cons[负荷中标出力约束_7_14],-20000.0
cons[负荷中标出力约束_7_15],-20000.0
cons[负荷中标出力约束_7_16],-20000.0
cons[负荷中标出力约束_7_17],-20000.0
cons[负荷中标出力约束_7_18],-20000.0
cons[负荷中标出力约束_7_19],-20000.0
cons[负荷中标出力约束_7_20],-20000.0
cons[负荷中标出力约束_7_21],5317.767
cons[负荷中标出力约束_7_22],6108.0109999999995
cons[负荷中标出力约束_7_23],5726.812
cons[负荷中标出力约束_7_24],5754.657999999999
cons[负荷中标出力约束_7_25],5754.657999999999
cons[负荷中标出力约束_7_26],5887.882
cons[负荷中标出力约束_7_27],5979.974000000003
cons[负荷中标出力约束_7_28],6024.928
cons[负荷中标出力约束_7_29],6052.774
cons[负荷中标出力约束_7_30],6080.62
cons[负荷中标出力约束_7_31],6108.0109999999995
cons[负荷中标出力约束_7_32],6108.466
cons[负荷中标出力约束_7_33],6118.112
cons[负荷中标出力约束_7_34],6118.112
cons[负荷中标出力约束_7_35],6118.112
cons[负荷中标出力约束_7_36],6118.112
cons[负荷中标出力约束_7_37],6108.466
cons[负荷中标出力约束_7_38],6108.466
cons[负荷中标出力约束_7_39],6108.466
cons[负荷中标出力约束_7_40],6108.466
cons[负荷中标出力约束_7_41],6108.466
cons[负荷中标出力约束_7_42],6108.466
cons[负荷中标出力约束_7_43],6108.466
cons[负荷中标出力约束_7_44],6108.466
cons[负荷中标出力约束_7_45],6108.0109999999995
cons[负荷中标出力约束_7_46],6108.0109999999995
cons[负荷中标出力约束_7_47],6108.0109999999995
cons[负荷中标出力约束_7_48],6108.0109999999995
cons[负荷中标出力约束_7_49],6108.0109999999995
cons[负荷中标出力约束_7_50],6108.0109999999995
cons[负荷中标出力约束_7_51],6108.0109999999995
cons[负荷中标出力约束_7_52],6108.0109999999995
cons[负荷中标出力约束_7_53],6080.62
cons[负荷中标出力约束_7_54],6080.62
cons[负荷中标出力约束_7_55],6080.62
cons[负荷中标出力约束_7_56],6080.62
cons[负荷中标出力约束_7_57],6080.62
cons[负荷中标出力约束_7_58],6080.62
cons[负荷中标出力约束_7_59],6108.0109999999995
cons[负荷中标出力约束_7_60],6108.466
cons[负荷中标出力约束_7_61],6136.312
cons[负荷中标出力约束_7_62],6164.157999999999
cons[负荷中标出力约束_7_63],6164.157999999999
cons[负荷中标出力约束_7_64],6192.004000000002
cons[负荷中标出力约束_7_65],6200.103
cons[负荷中标出力约束_7_66],6219.85
cons[负荷中标出力约束_7_67],6219.85
cons[负荷中标出力约束_7_68],6219.85
cons[负荷中标出力约束_7_69],6219.85
cons[负荷中标出力约束_7_70],6219.85
cons[负荷中标出力约束_7_71],6242.236
cons[负荷中标出力约束_7_72],6246.148999999999
cons[负荷中标出力约束_7_73],6256.250000000003
cons[负荷中标出力约束_7_74],6287.7815
cons[负荷中标出力约束_7_75],6287.7815
cons[负荷中标出力约束_7_76],6246.148999999999
cons[负荷中标出力约束_7_77],6242.236
cons[负荷中标出力约束_7_78],6219.85
cons[负荷中标出力约束_7_79],6219.85
cons[负荷中标出力约束_7_80],6200.103
cons[负荷中标出力约束_7_81],6196.6905
cons[负荷中标出力约束_7_82],6192.004000000002
cons[负荷中标出力约束_7_83],6164.157999999999
cons[负荷中标出力约束_7_84],6164.157999999999
cons[负荷中标出力约束_7_85],6164.157999999999
cons[负荷中标出力约束_7_86],6164.157999999999
cons[负荷中标出力约束_7_87],6154.057000000001
cons[负荷中标出力约束_7_88],6108.466
cons[负荷中标出力约束_7_89],6080.62
cons[负荷中标出力约束_7_90],6052.774
cons[负荷中标出力约束_7_91],6024.928
cons[负荷中标出力约束_7_92],5979.974000000003
cons[负荷中标出力约束_7_93],5933.928
cons[负荷中标出力约束_7_94],5887.882
cons[负荷中标出力约束_7_95],5414.317999999999
cons[负荷中标出力约束_8_0],6210.204000000001
cons[负荷中标出力约束_8_1],6196.6905
cons[负荷中标出力约束_8_2],6154.057000000001
cons[负荷中标出力约束_8_3],6118.112
cons[负荷中标出力约束_8_4],6108.0109999999995
cons[负荷中标出力约束_8_5],5883.423000000001
cons[负荷中标出力约束_8_6],5810.349999999999
cons[负荷中标出力约束_8_7],5782.504
cons[负荷中标出力约束_8_8],5726.812
cons[负荷中标出力约束_8_9],5698.966
cons[负荷中标出力约束_8_10],5671.12
cons[负荷中标出力约束_8_11],5643.274
cons[负荷中标出力约束_8_12],-20000.0
cons[负荷中标出力约束_8_13],-20000.0
cons[负荷中标出力约束_8_14],-20000.0
cons[负荷中标出力约束_8_15],-20000.0
cons[负荷中标出力约束_8_16],-20000.0
cons[负荷中标出力约束_8_17],-20000.0
cons[负荷中标出力约束_8_18],-20000.0
cons[负荷中标出力约束_8_19],-20000.0
cons[负荷中标出力约束_8_20],-20000.0
cons[负荷中标出力约束_8_21],5317.767
cons[负荷中标出力约束_8_22],6108.0109999999995
cons[负荷中标出力约束_8_23],5726.812
cons[负荷中标出力约束_8_24],5754.657999999999
cons[负荷中标出力约束_8_25],5754.657999999999
cons[负荷中标出力约束_8_26],5887.882
cons[负荷中标出力约束_8_27],5979.974000000003
cons[负荷中标出力约束_8_28],6024.928
cons[负荷中标出力约束_8_29],6052.774
cons[负荷中标出力约束_8_30],6080.62
cons[负荷中标出力约束_8_31],6108.0109999999995
cons[负荷中标出力约束_8_32],6108.466
cons[负荷中标出力约束_8_33],6118.112
cons[负荷中标出力约束_8_34],6118.112
cons[负荷中标出力约束_8_35],6118.112
cons[负荷中标出力约束_8_36],6118.112
cons[负荷中标出力约束_8_37],6108.466
cons[负荷中标出力约束_8_38],6108.466
cons[负荷中标出力约束_8_39],6108.466
cons[负荷中标出力约束_8_40],6108.466
cons[负荷中标出力约束_8_41],6108.466
cons[负荷中标出力约束_8_42],6108.466
cons[负荷中标出力约束_8_43],6108.466
cons[负荷中标出力约束_8_44],6108.466
cons[负荷中标出力约束_8_45],6108.0109999999995
cons[负荷中标出力约束_8_46],6108.0109999999995
cons[负荷中标出力约束_8_47],6108.0109999999995
cons[负荷中标出力约束_8_48],6108.0109999999995
cons[负荷中标出力约束_8_49],6108.0109999999995
cons[负荷中标出力约束_8_50],6108.0109999999995
cons[负荷中标出力约束_8_51],6108.0109999999995
cons[负荷中标出力约束_8_52],6108.0109999999995
cons[负荷中标出力约束_8_53],6080.62
cons[负荷中标出力约束_8_54],6080.62
cons[负荷中标出力约束_8_55],6080.62
cons[负荷中标出力约束_8_56],6080.62
cons[负荷中标出力约束_8_57],6080.62
cons[负荷中标出力约束_8_58],6080.62
cons[负荷中标出力约束_8_59],6108.0109999999995
cons[负荷中标出力约束_8_60],6108.466
cons[负荷中标出力约束_8_61],6136.312
cons[负荷中标出力约束_8_62],6164.157999999999
cons[负荷中标出力约束_8_63],6164.157999999999
cons[负荷中标出力约束_8_64],6192.004000000002
cons[负荷中标出力约束_8_65],6200.103
cons[负荷中标出力约束_8_66],6219.85
cons[负荷中标出力约束_8_67],6219.85
cons[负荷中标出力约束_8_68],6219.85
cons[负荷中标出力约束_8_69],6219.85
cons[负荷中标出力约束_8_70],6219.85
cons[负荷中标出力约束_8_71],6242.236
cons[负荷中标出力约束_8_72],6246.148999999999
cons[负荷中标出力约束_8_73],6256.250000000003
cons[负荷中标出力约束_8_74],6287.7815
cons[负荷中标出力约束_8_75],6287.7815
cons[负荷中标出力约束_8_76],6246.148999999999
cons[负荷中标出力约束_8_77],6242.236
cons[负荷中标出力约束_8_78],6219.85
cons[负荷中标出力约束_8_79],6219.85
cons[负荷中标出力约束_8_80],6200.103
cons[负荷中标出力约束_8_81],6196.6905
cons[负荷中标出力约束_8_82],6192.004000000002
cons[负荷中标出力约束_8_83],6164.157999999999
cons[负荷中标出力约束_8_84],6164.157999999999
cons[负荷中标出力约束_8_85],6164.157999999999
cons[负荷中标出力约束_8_86],6164.157999999999
cons[负荷中标出力约束_8_87],6154.057000000001
cons[负荷中标出力约束_8_88],6108.466
cons[负荷中标出力约束_8_89],6080.62
cons[负荷中标出力约束_8_90],6052.774
cons[负荷中标出力约束_8_91],6024.928
cons[负荷中标出力约束_8_92],5979.974000000003
cons[负荷中标出力约束_8_93],5933.928
cons[负荷中标出力约束_8_94],5887.882
cons[负荷中标出力约束_8_95],5414.317999999999
cons[负荷中标出力约束_9_0],6210.204000000001
cons[负荷中标出力约束_9_1],6196.6905
cons[负荷中标出力约束_9_2],6154.057000000001
cons[负荷中标出力约束_9_3],6118.112
cons[负荷中标出力约束_9_4],6108.0109999999995
cons[负荷中标出力约束_9_5],5883.423000000001
cons[负荷中标出力约束_9_6],5810.349999999999
cons[负荷中标出力约束_9_7],5782.504
cons[负荷中标出力约束_9_8],5726.812
cons[负荷中标出力约束_9_9],5698.966
cons[负荷中标出力约束_9_10],5671.12
cons[负荷中标出力约束_9_11],5643.274
cons[负荷中标出力约束_9_12],-20000.0
cons[负荷中标出力约束_9_13],-20000.0
cons[负荷中标出力约束_9_14],-20000.0
cons[负荷中标出力约束_9_15],-20000.0
cons[负荷中标出力约束_9_16],-20000.0
cons[负荷中标出力约束_9_17],-20000.0
cons[负荷中标出力约束_9_18],-20000.0
cons[负荷中标出力约束_9_19],-20000.0
cons[负荷中标出力约束_9_20],-20000.0
cons[负荷中标出力约束_9_21],5317.767
cons[负荷中标出力约束_9_22],6108.0109999999995
cons[负荷中标出力约束_9_23],5726.812
cons[负荷中标出力约束_9_24],5754.657999999999
cons[负荷中标出力约束_9_25],5754.657999999999
cons[负荷中标出力约束_9_26],5887.882
cons[负荷中标出力约束_9_27],5979.974000000003
cons[负荷中标出力约束_9_28],6024.928
cons[负荷中标出力约束_9_29],6052.774
cons[负荷中标出力约束_9_30],6080.62
cons[负荷中标出力约束_9_31],6108.0109999999995
cons[负荷中标出力约束_9_32],6108.466
cons[负荷中标出力约束_9_33],6118.112
cons[负荷中标出力约束_9_34],6118.112
cons[负荷中标出力约束_9_35],6118.112
cons[负荷中标出力约束_9_36],6118.112
cons[负荷中标出力约束_9_37],6108.466
cons[负荷中标出力约束_9_38],6108.466
cons[负荷中标出力约束_9_39],6108.466
cons[负荷中标出力约束_9_40],6108.466
cons[负荷中标出力约束_9_41],6108.466
cons[负荷中标出力约束_9_42],6108.466
cons[负荷中标出力约束_9_43],6108.466
cons[负荷中标出力约束_9_44],6108.466
cons[负荷中标出力约束_9_45],6108.0109999999995
cons[负荷中标出力约束_9_46],6108.0109999999995
cons[负荷中标出力约束_9_47],6108.0109999999995
cons[负荷中标出力约束_9_48],6108.0109999999995
cons[负荷中标出力约束_9_49],6108.0109999999995
cons[负荷中标出力约束_9_50],6108.0109999999995
cons[负荷中标出力约束_9_51],6108.0109999999995
cons[负荷中标出力约束_9_52],6108.0109999999995
cons[负荷中标出力约束_9_53],6080.62
cons[负荷中标出力约束_9_54],6080.62
cons[负荷中标出力约束_9_55],6080.62
cons[负荷中标出力约束_9_56],6080.62
cons[负荷中标出力约束_9_57],6080.62
cons[负荷中标出力约束_9_58],6080.62
cons[负荷中标出力约束_9_59],6108.0109999999995
cons[负荷中标出力约束_9_60],6108.466
cons[负荷中标出力约束_9_61],6136.312
cons[负荷中标出力约束_9_62],6164.157999999999
cons[负荷中标出力约束_9_63],6164.157999999999
cons[负荷中标出力约束_9_64],6192.004000000002
cons[负荷中标出力约束_9_65],6200.103
cons[负荷中标出力约束_9_66],6219.85
cons[负荷中标出力约束_9_67],6219.85
cons[负荷中标出力约束_9_68],6219.85
cons[负荷中标出力约束_9_69],6219.85
cons[负荷中标出力约束_9_70],6219.85
cons[负荷中标出力约束_9_71],6242.236
cons[负荷中标出力约束_9_72],6246.148999999999
cons[负荷中标出力约束_9_73],6256.250000000003
cons[负荷中标出力约束_9_74],6287.7815
cons[负荷中标出力约束_9_75],6287.7815
cons[负荷中标出力约束_9_76],6246.148999999999
cons[负荷中标出力约束_9_77],6242.236
cons[负荷中标出力约束_9_78],6219.85
cons[负荷中标出力约束_9_79],6219.85
cons[负荷中标出力约束_9_80],6200.103
cons[负荷中标出力约束_9_81],6196.6905
cons[负荷中标出力约束_9_82],6192.004000000002
cons[负荷中标出力约束_9_83],6164.157999999999
cons[负荷中标出力约束_9_84],6164.157999999999
cons[负荷中标出力约束_9_85],6164.157999999999
cons[负荷中标出力约束_9_86],6164.157999999999
cons[负荷中标出力约束_9_87],6154.057000000001
cons[负荷中标出力约束_9_88],6108.466
cons[负荷中标出力约束_9_89],6080.62
cons[负荷中标出力约束_9_90],6052.774
cons[负荷中标出力约束_9_91],6024.928
cons[负荷中标出力约束_9_92],5979.974000000003
cons[负荷中标出力约束_9_93],5933.928
cons[负荷中标出力约束_9_94],5887.882
cons[负荷中标出力约束_9_95],5414.317999999999
cons[负荷中标出力约束_10_0],6210.204000000001
cons[负荷中标出力约束_10_1],6196.6905
cons[负荷中标出力约束_10_2],6154.057000000001
cons[负荷中标出力约束_10_3],6118.112
cons[负荷中标出力约束_10_4],6108.0109999999995
cons[负荷中标出力约束_10_5],5883.423000000001
cons[负荷中标出力约束_10_6],5810.349999999999
cons[负荷中标出力约束_10_7],5782.504
cons[负荷中标出力约束_10_8],5726.812
cons[负荷中标出力约束_10_9],5698.966
cons[负荷中标出力约束_10_10],5671.12
cons[负荷中标出力约束_10_11],5643.274
cons[负荷中标出力约束_10_12],-20000.0
cons[负荷中标出力约束_10_13],-20000.0
cons[负荷中标出力约束_10_14],-20000.0
cons[负荷中标出力约束_10_15],-20000.0
cons[负荷中标出力约束_10_16],-20000.0
cons[负荷中标出力约束_10_17],-20000.0
cons[负荷中标出力约束_10_18],-20000.0
cons[负荷中标出力约束_10_19],-20000.0
cons[负荷中标出力约束_10_20],-20000.0
cons[负荷中标出力约束_10_21],5317.767
cons[负荷中标出力约束_10_22],6108.0109999999995
cons[负荷中标出力约束_10_23],5726.812
cons[负荷中标出力约束_10_24],5754.657999999999
cons[负荷中标出力约束_10_25],5754.657999999999
cons[负荷中标出力约束_10_26],5887.882
cons[负荷中标出力约束_10_27],5979.974000000003
cons[负荷中标出力约束_10_28],6024.928
cons[负荷中标出力约束_10_29],6052.774
cons[负荷中标出力约束_10_30],6080.62
cons[负荷中标出力约束_10_31],6108.0109999999995
cons[负荷中标出力约束_10_32],6108.466
cons[负荷中标出力约束_10_33],6118.112
cons[负荷中标出力约束_10_34],6118.112
cons[负荷中标出力约束_10_35],6118.112
cons[负荷中标出力约束_10_36],6118.112
cons[负荷中标出力约束_10_37],6108.466
cons[负荷中标出力约束_10_38],6108.466
cons[负荷中标出力约束_10_39],6108.466
cons[负荷中标出力约束_10_40],6108.466
cons[负荷中标出力约束_10_41],6108.466
cons[负荷中标出力约束_10_42],6108.466
cons[负荷中标出力约束_10_43],6108.466
cons[负荷中标出力约束_10_44],6108.466
cons[负荷中标出力约束_10_45],6108.0109999999995
cons[负荷中标出力约束_10_46],6108.0109999999995
cons[负荷中标出力约束_10_47],6108.0109999999995
cons[负荷中标出力约束_10_48],6108.0109999999995
cons[负荷中标出力约束_10_49],6108.0109999999995
cons[负荷中标出力约束_10_50],6108.0109999999995
cons[负荷中标出力约束_10_51],6108.0109999999995
cons[负荷中标出力约束_10_52],6108.0109999999995
cons[负荷中标出力约束_10_53],6080.62
cons[负荷中标出力约束_10_54],6080.62
cons[负荷中标出力约束_10_55],6080.62
cons[负荷中标出力约束_10_56],6080.62
cons[负荷中标出力约束_10_57],6080.62
cons[负荷中标出力约束_10_58],6080.62
cons[负荷中标出力约束_10_59],6108.0109999999995
cons[负荷中标出力约束_10_60],6108.466
cons[负荷中标出力约束_10_61],6136.312
cons[负荷中标出力约束_10_62],6164.157999999999
cons[负荷中标出力约束_10_63],6164.157999999999
cons[负荷中标出力约束_10_64],6192.004000000002
cons[负荷中标出力约束_10_65],6200.103
cons[负荷中标出力约束_10_66],6219.85
cons[负荷中标出力约束_10_67],6219.85
cons[负荷中标出力约束_10_68],6219.85
cons[负荷中标出力约束_10_69],6219.85
cons[负荷中标出力约束_10_70],6219.85
cons[负荷中标出力约束_10_71],6242.236
cons[负荷中标出力约束_10_72],6246.148999999999
cons[负荷中标出力约束_10_73],6256.250000000003
cons[负荷中标出力约束_10_74],6287.7815
cons[负荷中标出力约束_10_75],6287.7815
cons[负荷中标出力约束_10_76],6246.148999999999
cons[负荷中标出力约束_10_77],6242.236
cons[负荷中标出力约束_10_78],6219.85
cons[负荷中标出力约束_10_79],6219.85
cons[负荷中标出力约束_10_80],6200.103
cons[负荷中标出力约束_10_81],6196.6905
cons[负荷中标出力约束_10_82],6192.004000000002
cons[负荷中标出力约束_10_83],6164.157999999999
cons[负荷中标出力约束_10_84],6164.157999999999
cons[负荷中标出力约束_10_85],6164.157999999999
cons[负荷中标出力约束_10_86],6164.157999999999
cons[负荷中标出力约束_10_87],6154.057000000001
cons[负荷中标出力约束_10_88],6108.466
cons[负荷中标出力约束_10_89],6080.62
cons[负荷中标出力约束_10_90],6052.774
cons[负荷中标出力约束_10_91],6024.928
cons[负荷中标出力约束_10_92],5979.974000000003
cons[负荷中标出力约束_10_93],5933.928
cons[负荷中标出力约束_10_94],5887.882
cons[负荷中标出力约束_10_95],5414.317999999999
cons[负荷中标出力约束_11_0],6210.204000000001
cons[负荷中标出力约束_11_1],6196.6905
cons[负荷中标出力约束_11_2],6154.057000000001
cons[负荷中标出力约束_11_3],6118.112
cons[负荷中标出力约束_11_4],6108.0109999999995
cons[负荷中标出力约束_11_5],5883.423000000001
cons[负荷中标出力约束_11_6],5810.349999999999
cons[负荷中标出力约束_11_7],5782.504
cons[负荷中标出力约束_11_8],5726.812
cons[负荷中标出力约束_11_9],5698.966
cons[负荷中标出力约束_11_10],5671.12
cons[负荷中标出力约束_11_11],5643.274
cons[负荷中标出力约束_11_12],-20000.0
cons[负荷中标出力约束_11_13],-20000.0
cons[负荷中标出力约束_11_14],-20000.0
cons[负荷中标出力约束_11_15],-20000.0
cons[负荷中标出力约束_11_16],-20000.0
cons[负荷中标出力约束_11_17],-20000.0
cons[负荷中标出力约束_11_18],-20000.0
cons[负荷中标出力约束_11_19],-20000.0
cons[负荷中标出力约束_11_20],-20000.0
cons[负荷中标出力约束_11_21],5317.767
cons[负荷中标出力约束_11_22],6108.0109999999995
cons[负荷中标出力约束_11_23],5726.812
cons[负荷中标出力约束_11_24],5754.657999999999
cons[负荷中标出力约束_11_25],5754.657999999999
cons[负荷中标出力约束_11_26],5887.882
cons[负荷中标出力约束_11_27],5979.974000000003
cons[负荷中标出力约束_11_28],6024.928
cons[负荷中标出力约束_11_29],6052.774
cons[负荷中标出力约束_11_30],6080.62
cons[负荷中标出力约束_11_31],6108.0109999999995
cons[负荷中标出力约束_11_32],6108.466
cons[负荷中标出力约束_11_33],6118.112
cons[负荷中标出力约束_11_34],6118.112
cons[负荷中标出力约束_11_35],6118.112
cons[负荷中标出力约束_11_36],6118.112
cons[负荷中标出力约束_11_37],6108.466
cons[负荷中标出力约束_11_38],6108.466
cons[负荷中标出力约束_11_39],6108.466
cons[负荷中标出力约束_11_40],6108.466
cons[负荷中标出力约束_11_41],6108.466
cons[负荷中标出力约束_11_42],6108.466
cons[负荷中标出力约束_11_43],6108.466
cons[负荷中标出力约束_11_44],6108.466
cons[负荷中标出力约束_11_45],6108.0109999999995
cons[负荷中标出力约束_11_46],6108.0109999999995
cons[负荷中标出力约束_11_47],6108.0109999999995
cons[负荷中标出力约束_11_48],6108.0109999999995
cons[负荷中标出力约束_11_49],6108.0109999999995
cons[负荷中标出力约束_11_50],6108.0109999999995
cons[负荷中标出力约束_11_51],6108.0109999999995
cons[负荷中标出力约束_11_52],6108.0109999999995
cons[负荷中标出力约束_11_53],6080.62
cons[负荷中标出力约束_11_54],6080.62
cons[负荷中标出力约束_11_55],6080.62
cons[负荷中标出力约束_11_56],6080.62
cons[负荷中标出力约束_11_57],6080.62
cons[负荷中标出力约束_11_58],6080.62
cons[负荷中标出力约束_11_59],6108.0109999999995
cons[负荷中标出力约束_11_60],6108.466
cons[负荷中标出力约束_11_61],6136.312
cons[负荷中标出力约束_11_62],6164.157999999999
cons[负荷中标出力约束_11_63],6164.157999999999
cons[负荷中标出力约束_11_64],6192.004000000002
cons[负荷中标出力约束_11_65],6200.103
cons[负荷中标出力约束_11_66],6219.85
cons[负荷中标出力约束_11_67],6219.85
cons[负荷中标出力约束_11_68],6219.85
cons[负荷中标出力约束_11_69],6219.85
cons[负荷中标出力约束_11_70],6219.85
cons[负荷中标出力约束_11_71],6242.236
cons[负荷中标出力约束_11_72],6246.148999999999
cons[负荷中标出力约束_11_73],6256.250000000003
cons[负荷中标出力约束_11_74],6287.7815
cons[负荷中标出力约束_11_75],6287.7815
cons[负荷中标出力约束_11_76],6246.148999999999
cons[负荷中标出力约束_11_77],6242.236
cons[负荷中标出力约束_11_78],6219.85
cons[负荷中标出力约束_11_79],6219.85
cons[负荷中标出力约束_11_80],6200.103
cons[负荷中标出力约束_11_81],6196.6905
cons[负荷中标出力约束_11_82],6192.004000000002
cons[负荷中标出力约束_11_83],6164.157999999999
cons[负荷中标出力约束_11_84],6164.157999999999
cons[负荷中标出力约束_11_85],6164.157999999999
cons[负荷中标出力约束_11_86],6164.157999999999
cons[负荷中标出力约束_11_87],6154.057000000001
cons[负荷中标出力约束_11_88],6108.466
cons[负荷中标出力约束_11_89],6080.62
cons[负荷中标出力约束_11_90],6052.774
cons[负荷中标出力约束_11_91],6024.928
cons[负荷中标出力约束_11_92],5979.974000000003
cons[负荷中标出力约束_11_93],5933.928
cons[负荷中标出力约束_11_94],5887.882
cons[负荷中标出力约束_11_95],5414.317999999999
cons[负荷中标出力约束_12_0],6210.204000000001
cons[负荷中标出力约束_12_1],6196.6905
cons[负荷中标出力约束_12_2],6154.057000000001
cons[负荷中标出力约束_12_3],6118.112
cons[负荷中标出力约束_12_4],6108.0109999999995
cons[负荷中标出力约束_12_5],5883.423000000001
cons[负荷中标出力约束_12_6],5810.349999999999
cons[负荷中标出力约束_12_7],5782.504
cons[负荷中标出力约束_12_8],5726.812
cons[负荷中标出力约束_12_9],5698.966
cons[负荷中标出力约束_12_10],5671.12
cons[负荷中标出力约束_12_11],5643.274
cons[负荷中标出力约束_12_12],-20000.0
cons[负荷中标出力约束_12_13],-20000.0
cons[负荷中标出力约束_12_14],-20000.0
cons[负荷中标出力约束_12_15],-20000.0
cons[负荷中标出力约束_12_16],-20000.0
cons[负荷中标出力约束_12_17],-20000.0
cons[负荷中标出力约束_12_18],-20000.0
cons[负荷中标出力约束_12_19],-20000.0
cons[负荷中标出力约束_12_20],-20000.0
cons[负荷中标出力约束_12_21],5317.767
cons[负荷中标出力约束_12_22],6108.0109999999995
cons[负荷中标出力约束_12_23],5726.812
cons[负荷中标出力约束_12_24],5754.657999999999
cons[负荷中标出力约束_12_25],5754.657999999999
cons[负荷中标出力约束_12_26],5887.882
cons[负荷中标出力约束_12_27],5979.974000000003
cons[负荷中标出力约束_12_28],6024.928
cons[负荷中标出力约束_12_29],6052.774
cons[负荷中标出力约束_12_30],6080.62
cons[负荷中标出力约束_12_31],6108.0109999999995
cons[负荷中标出力约束_12_32],6108.466
cons[负荷中标出力约束_12_33],6118.112
cons[负荷中标出力约束_12_34],6118.112
cons[负荷中标出力约束_12_35],6118.112
cons[负荷中标出力约束_12_36],6118.112
cons[负荷中标出力约束_12_37],6108.466
cons[负荷中标出力约束_12_38],6108.466
cons[负荷中标出力约束_12_39],6108.466
cons[负荷中标出力约束_12_40],6108.466
cons[负荷中标出力约束_12_41],6108.466
cons[负荷中标出力约束_12_42],6108.466
cons[负荷中标出力约束_12_43],6108.466
cons[负荷中标出力约束_12_44],6108.466
cons[负荷中标出力约束_12_45],6108.0109999999995
cons[负荷中标出力约束_12_46],6108.0109999999995
cons[负荷中标出力约束_12_47],6108.0109999999995
cons[负荷中标出力约束_12_48],6108.0109999999995
cons[负荷中标出力约束_12_49],6108.0109999999995
cons[负荷中标出力约束_12_50],6108.0109999999995
cons[负荷中标出力约束_12_51],6108.0109999999995
cons[负荷中标出力约束_12_52],6108.0109999999995
cons[负荷中标出力约束_12_53],6080.62
cons[负荷中标出力约束_12_54],6080.62
cons[负荷中标出力约束_12_55],6080.62
cons[负荷中标出力约束_12_56],6080.62
cons[负荷中标出力约束_12_57],6080.62
cons[负荷中标出力约束_12_58],6080.62
cons[负荷中标出力约束_12_59],6108.0109999999995
cons[负荷中标出力约束_12_60],6108.466
cons[负荷中标出力约束_12_61],6136.312
cons[负荷中标出力约束_12_62],6164.157999999999
cons[负荷中标出力约束_12_63],6164.157999999999
cons[负荷中标出力约束_12_64],6192.004000000002
cons[负荷中标出力约束_12_65],6200.103
cons[负荷中标出力约束_12_66],6219.85
cons[负荷中标出力约束_12_67],6219.85
cons[负荷中标出力约束_12_68],6219.85
cons[负荷中标出力约束_12_69],6219.85
cons[负荷中标出力约束_12_70],6219.85
cons[负荷中标出力约束_12_71],6242.236
cons[负荷中标出力约束_12_72],6246.148999999999
cons[负荷中标出力约束_12_73],6256.250000000003
cons[负荷中标出力约束_12_74],6287.7815
cons[负荷中标出力约束_12_75],6287.7815
cons[负荷中标出力约束_12_76],6246.148999999999
cons[负荷中标出力约束_12_77],6242.236
cons[负荷中标出力约束_12_78],6219.85
cons[负荷中标出力约束_12_79],6219.85
cons[负荷中标出力约束_12_80],6200.103
cons[负荷中标出力约束_12_81],6196.6905
cons[负荷中标出力约束_12_82],6192.004000000002
cons[负荷中标出力约束_12_83],6164.157999999999
cons[负荷中标出力约束_12_84],6164.157999999999
cons[负荷中标出力约束_12_85],6164.157999999999
cons[负荷中标出力约束_12_86],6164.157999999999
cons[负荷中标出力约束_12_87],6154.057000000001
cons[负荷中标出力约束_12_88],6108.466
cons[负荷中标出力约束_12_89],6080.62
cons[负荷中标出力约束_12_90],6052.774
cons[负荷中标出力约束_12_91],6024.928
cons[负荷中标出力约束_12_92],5979.974000000003
cons[负荷中标出力约束_12_93],5933.928
cons[负荷中标出力约束_12_94],5887.882
cons[负荷中标出力约束_12_95],5414.317999999999
cons[负荷中标出力约束_13_0],6210.204000000001
cons[负荷中标出力约束_13_1],6196.6905
cons[负荷中标出力约束_13_2],6154.057000000001
cons[负荷中标出力约束_13_3],6118.112
cons[负荷中标出力约束_13_4],6108.0109999999995
cons[负荷中标出力约束_13_5],5883.423000000001
cons[负荷中标出力约束_13_6],5810.349999999999
cons[负荷中标出力约束_13_7],5782.504
cons[负荷中标出力约束_13_8],5726.812
cons[负荷中标出力约束_13_9],5698.966
cons[负荷中标出力约束_13_10],5671.12
cons[负荷中标出力约束_13_11],5643.274
cons[负荷中标出力约束_13_12],-20000.0
cons[负荷中标出力约束_13_13],-20000.0
cons[负荷中标出力约束_13_14],-20000.0
cons[负荷中标出力约束_13_15],-20000.0
cons[负荷中标出力约束_13_16],-20000.0
cons[负荷中标出力约束_13_17],-20000.0
cons[负荷中标出力约束_13_18],-20000.0
cons[负荷中标出力约束_13_19],-20000.0
cons[负荷中标出力约束_13_20],-20000.0
cons[负荷中标出力约束_13_21],5317.767
cons[负荷中标出力约束_13_22],6108.0109999999995
cons[负荷中标出力约束_13_23],5726.812
cons[负荷中标出力约束_13_24],5754.657999999999
cons[负荷中标出力约束_13_25],5754.657999999999
cons[负荷中标出力约束_13_26],5887.882
cons[负荷中标出力约束_13_27],5979.974000000003
cons[负荷中标出力约束_13_28],6024.928
cons[负荷中标出力约束_13_29],6052.774
cons[负荷中标出力约束_13_30],6080.62
cons[负荷中标出力约束_13_31],6108.0109999999995
cons[负荷中标出力约束_13_32],6108.466
cons[负荷中标出力约束_13_33],6118.112
cons[负荷中标出力约束_13_34],6118.112
cons[负荷中标出力约束_13_35],6118.112
cons[负荷中标出力约束_13_36],6118.112
cons[负荷中标出力约束_13_37],6108.466
cons[负荷中标出力约束_13_38],6108.466
cons[负荷中标出力约束_13_39],6108.466
cons[负荷中标出力约束_13_40],6108.466
cons[负荷中标出力约束_13_41],6108.466
cons[负荷中标出力约束_13_42],6108.466
cons[负荷中标出力约束_13_43],6108.466
cons[负荷中标出力约束_13_44],6108.466
cons[负荷中标出力约束_13_45],6108.0109999999995
cons[负荷中标出力约束_13_46],6108.0109999999995
cons[负荷中标出力约束_13_47],6108.0109999999995
cons[负荷中标出力约束_13_48],6108.0109999999995
cons[负荷中标出力约束_13_49],6108.0109999999995
cons[负荷中标出力约束_13_50],6108.0109999999995
cons[负荷中标出力约束_13_51],6108.0109999999995
cons[负荷中标出力约束_13_52],6108.0109999999995
cons[负荷中标出力约束_13_53],6080.62
cons[负荷中标出力约束_13_54],6080.62
cons[负荷中标出力约束_13_55],6080.62
cons[负荷中标出力约束_13_56],6080.62
cons[负荷中标出力约束_13_57],6080.62
cons[负荷中标出力约束_13_58],6080.62
cons[负荷中标出力约束_13_59],6108.0109999999995
cons[负荷中标出力约束_13_60],6108.466
cons[负荷中标出力约束_13_61],6136.312
cons[负荷中标出力约束_13_62],6164.157999999999
cons[负荷中标出力约束_13_63],6164.157999999999
cons[负荷中标出力约束_13_64],6192.004000000002
cons[负荷中标出力约束_13_65],6200.103
cons[负荷中标出力约束_13_66],6219.85
cons[负荷中标出力约束_13_67],6219.85
cons[负荷中标出力约束_13_68],6219.85
cons[负荷中标出力约束_13_69],6219.85
cons[负荷中标出力约束_13_70],6219.85
cons[负荷中标出力约束_13_71],6242.236
cons[负荷中标出力约束_13_72],6246.148999999999
cons[负荷中标出力约束_13_73],6256.250000000003
cons[负荷中标出力约束_13_74],6287.7815
cons[负荷中标出力约束_13_75],6287.7815
cons[负荷中标出力约束_13_76],6246.148999999999
cons[负荷中标出力约束_13_77],6242.236
cons[负荷中标出力约束_13_78],6219.85
cons[负荷中标出力约束_13_79],6219.85
cons[负荷中标出力约束_13_80],6200.103
cons[负荷中标出力约束_13_81],6196.6905
cons[负荷中标出力约束_13_82],6192.004000000002
cons[负荷中标出力约束_13_83],6164.157999999999
cons[负荷中标出力约束_13_84],6164.157999999999
cons[负荷中标出力约束_13_85],6164.157999999999
cons[负荷中标出力约束_13_86],6164.157999999999
cons[负荷中标出力约束_13_87],6154.057000000001
cons[负荷中标出力约束_13_88],6108.466
cons[负荷中标出力约束_13_89],6080.62
cons[负荷中标出力约束_13_90],6052.774
cons[负荷中标出力约束_13_91],6024.928
cons[负荷中标出力约束_13_92],5979.974000000003
cons[负荷中标出力约束_13_93],5933.928
cons[负荷中标出力约束_13_94],5887.882
cons[负荷中标出力约束_13_95],5414.317999999999
cons[负荷中标出力约束_14_0],6210.204000000001
cons[负荷中标出力约束_14_1],6196.6905
cons[负荷中标出力约束_14_2],6154.057000000001
cons[负荷中标出力约束_14_3],6118.112
cons[负荷中标出力约束_14_4],6108.0109999999995
cons[负荷中标出力约束_14_5],5883.423000000001
cons[负荷中标出力约束_14_6],5810.349999999999
cons[负荷中标出力约束_14_7],5782.504
cons[负荷中标出力约束_14_8],5726.812
cons[负荷中标出力约束_14_9],5698.966
cons[负荷中标出力约束_14_10],5671.12
cons[负荷中标出力约束_14_11],5643.274
cons[负荷中标出力约束_14_12],-20000.0
cons[负荷中标出力约束_14_13],-20000.0
cons[负荷中标出力约束_14_14],-20000.0
cons[负荷中标出力约束_14_15],-20000.0
cons[负荷中标出力约束_14_16],-20000.0
cons[负荷中标出力约束_14_17],-20000.0
cons[负荷中标出力约束_14_18],-20000.0
cons[负荷中标出力约束_14_19],-20000.0
cons[负荷中标出力约束_14_20],-20000.0
cons[负荷中标出力约束_14_21],5317.767
cons[负荷中标出力约束_14_22],6108.0109999999995
cons[负荷中标出力约束_14_23],5726.812
cons[负荷中标出力约束_14_24],5754.657999999999
cons[负荷中标出力约束_14_25],5754.657999999999
cons[负荷中标出力约束_14_26],5887.882
cons[负荷中标出力约束_14_27],5979.974000000003
cons[负荷中标出力约束_14_28],6024.928
cons[负荷中标出力约束_14_29],6052.774
cons[负荷中标出力约束_14_30],6080.62
cons[负荷中标出力约束_14_31],6108.0109999999995
cons[负荷中标出力约束_14_32],6108.466
cons[负荷中标出力约束_14_33],6118.112
cons[负荷中标出力约束_14_34],6118.112
cons[负荷中标出力约束_14_35],6118.112
cons[负荷中标出力约束_14_36],6118.112
cons[负荷中标出力约束_14_37],6108.466
cons[负荷中标出力约束_14_38],6108.466
cons[负荷中标出力约束_14_39],6108.466
cons[负荷中标出力约束_14_40],6108.466
cons[负荷中标出力约束_14_41],6108.466
cons[负荷中标出力约束_14_42],6108.466
cons[负荷中标出力约束_14_43],6108.466
cons[负荷中标出力约束_14_44],6108.466
cons[负荷中标出力约束_14_45],6108.0109999999995
cons[负荷中标出力约束_14_46],6108.0109999999995
cons[负荷中标出力约束_14_47],6108.0109999999995
cons[负荷中标出力约束_14_48],6108.0109999999995
cons[负荷中标出力约束_14_49],6108.0109999999995
cons[负荷中标出力约束_14_50],6108.0109999999995
cons[负荷中标出力约束_14_51],6108.0109999999995
cons[负荷中标出力约束_14_52],6108.0109999999995
cons[负荷中标出力约束_14_53],6080.62
cons[负荷中标出力约束_14_54],6080.62
cons[负荷中标出力约束_14_55],6080.62
cons[负荷中标出力约束_14_56],6080.62
cons[负荷中标出力约束_14_57],6080.62
cons[负荷中标出力约束_14_58],6080.62
cons[负荷中标出力约束_14_59],6108.0109999999995
cons[负荷中标出力约束_14_60],6108.466
cons[负荷中标出力约束_14_61],6136.312
cons[负荷中标出力约束_14_62],6164.157999999999
cons[负荷中标出力约束_14_63],6164.157999999999
cons[负荷中标出力约束_14_64],6192.004000000002
cons[负荷中标出力约束_14_65],6200.103
cons[负荷中标出力约束_14_66],6219.85
cons[负荷中标出力约束_14_67],6219.85
cons[负荷中标出力约束_14_68],6219.85
cons[负荷中标出力约束_14_69],6219.85
cons[负荷中标出力约束_14_70],6219.85
cons[负荷中标出力约束_14_71],6242.236
cons[负荷中标出力约束_14_72],6246.148999999999
cons[负荷中标出力约束_14_73],6256.250000000003
cons[负荷中标出力约束_14_74],6287.7815
cons[负荷中标出力约束_14_75],6287.7815
cons[负荷中标出力约束_14_76],6246.148999999999
cons[负荷中标出力约束_14_77],6242.236
cons[负荷中标出力约束_14_78],6219.85
cons[负荷中标出力约束_14_79],6219.85
cons[负荷中标出力约束_14_80],6200.103
cons[负荷中标出力约束_14_81],6196.6905
cons[负荷中标出力约束_14_82],6192.004000000002
cons[负荷中标出力约束_14_83],6164.157999999999
cons[负荷中标出力约束_14_84],6164.157999999999
cons[负荷中标出力约束_14_85],6164.157999999999
cons[负荷中标出力约束_14_86],6164.157999999999
cons[负荷中标出力约束_14_87],6154.057000000001
cons[负荷中标出力约束_14_88],6108.466
cons[负荷中标出力约束_14_89],6080.62
cons[负荷中标出力约束_14_90],6052.774
cons[负荷中标出力约束_14_91],6024.928
cons[负荷中标出力约束_14_92],5979.974000000003
cons[负荷中标出力约束_14_93],5933.928
cons[负荷中标出力约束_14_94],5887.882
cons[负荷中标出力约束_14_95],5414.317999999999
cons[负荷中标出力约束_15_0],6210.204000000001
cons[负荷中标出力约束_15_1],6196.6905
cons[负荷中标出力约束_15_2],6154.057000000001
cons[负荷中标出力约束_15_3],6118.112
cons[负荷中标出力约束_15_4],6108.0109999999995
cons[负荷中标出力约束_15_5],5883.423000000001
cons[负荷中标出力约束_15_6],5810.349999999999
cons[负荷中标出力约束_15_7],5782.504
cons[负荷中标出力约束_15_8],5726.812
cons[负荷中标出力约束_15_9],5698.966
cons[负荷中标出力约束_15_10],5671.12
cons[负荷中标出力约束_15_11],5643.274
cons[负荷中标出力约束_15_12],-20000.0
cons[负荷中标出力约束_15_13],-20000.0
cons[负荷中标出力约束_15_14],-20000.0
cons[负荷中标出力约束_15_15],-20000.0
cons[负荷中标出力约束_15_16],-20000.0
cons[负荷中标出力约束_15_17],-20000.0
cons[负荷中标出力约束_15_18],-20000.0
cons[负荷中标出力约束_15_19],-20000.0
cons[负荷中标出力约束_15_20],-20000.0
cons[负荷中标出力约束_15_21],5317.767
cons[负荷中标出力约束_15_22],6108.0109999999995
cons[负荷中标出力约束_15_23],5726.812
cons[负荷中标出力约束_15_24],5754.657999999999
cons[负荷中标出力约束_15_25],5754.657999999999
cons[负荷中标出力约束_15_26],5887.882
cons[负荷中标出力约束_15_27],5979.974000000003
cons[负荷中标出力约束_15_28],6024.928
cons[负荷中标出力约束_15_29],6052.774
cons[负荷中标出力约束_15_30],6080.62
cons[负荷中标出力约束_15_31],6108.0109999999995
cons[负荷中标出力约束_15_32],6108.466
cons[负荷中标出力约束_15_33],6118.112
cons[负荷中标出力约束_15_34],6118.112
cons[负荷中标出力约束_15_35],6118.112
cons[负荷中标出力约束_15_36],6118.112
cons[负荷中标出力约束_15_37],6108.466
cons[负荷中标出力约束_15_38],6108.466
cons[负荷中标出力约束_15_39],6108.466
cons[负荷中标出力约束_15_40],6108.466
cons[负荷中标出力约束_15_41],6108.466
cons[负荷中标出力约束_15_42],6108.466
cons[负荷中标出力约束_15_43],6108.466
cons[负荷中标出力约束_15_44],6108.466
cons[负荷中标出力约束_15_45],6108.0109999999995
cons[负荷中标出力约束_15_46],6108.0109999999995
cons[负荷中标出力约束_15_47],6108.0109999999995
cons[负荷中标出力约束_15_48],6108.0109999999995
cons[负荷中标出力约束_15_49],6108.0109999999995
cons[负荷中标出力约束_15_50],6108.0109999999995
cons[负荷中标出力约束_15_51],6108.0109999999995
cons[负荷中标出力约束_15_52],6108.0109999999995
cons[负荷中标出力约束_15_53],6080.62
cons[负荷中标出力约束_15_54],6080.62
cons[负荷中标出力约束_15_55],6080.62
cons[负荷中标出力约束_15_56],6080.62
cons[负荷中标出力约束_15_57],6080.62
cons[负荷中标出力约束_15_58],6080.62
cons[负荷中标出力约束_15_59],6108.0109999999995
cons[负荷中标出力约束_15_60],6108.466
cons[负荷中标出力约束_15_61],6136.312
cons[负荷中标出力约束_15_62],6164.157999999999
cons[负荷中标出力约束_15_63],6164.157999999999
cons[负荷中标出力约束_15_64],6192.004000000002
cons[负荷中标出力约束_15_65],6200.103
cons[负荷中标出力约束_15_66],6219.85
cons[负荷中标出力约束_15_67],6219.85
cons[负荷中标出力约束_15_68],6219.85
cons[负荷中标出力约束_15_69],6219.85
cons[负荷中标出力约束_15_70],6219.85
cons[负荷中标出力约束_15_71],6242.236
cons[负荷中标出力约束_15_72],6246.148999999999
cons[负荷中标出力约束_15_73],6256.250000000003
cons[负荷中标出力约束_15_74],6287.7815
cons[负荷中标出力约束_15_75],6287.7815
cons[负荷中标出力约束_15_76],6246.148999999999
cons[负荷中标出力约束_15_77],6242.236
cons[负荷中标出力约束_15_78],6219.85
cons[负荷中标出力约束_15_79],6219.85
cons[负荷中标出力约束_15_80],6200.103
cons[负荷中标出力约束_15_81],6196.6905
cons[负荷中标出力约束_15_82],6192.004000000002
cons[负荷中标出力约束_15_83],6164.157999999999
cons[负荷中标出力约束_15_84],6164.157999999999
cons[负荷中标出力约束_15_85],6164.157999999999
cons[负荷中标出力约束_15_86],6164.157999999999
cons[负荷中标出力约束_15_87],6154.057000000001
cons[负荷中标出力约束_15_88],6108.466
cons[负荷中标出力约束_15_89],6080.62
cons[负荷中标出力约束_15_90],6052.774
cons[负荷中标出力约束_15_91],6024.928
cons[负荷中标出力约束_15_92],5979.974000000003
cons[负荷中标出力约束_15_93],5933.928
cons[负荷中标出力约束_15_94],5887.882
cons[负荷中标出力约束_15_95],5414.317999999999
cons[负荷中标出力约束_16_0],6210.204000000001
cons[负荷中标出力约束_16_1],6196.6905
cons[负荷中标出力约束_16_2],6154.057000000001
cons[负荷中标出力约束_16_3],6118.112
cons[负荷中标出力约束_16_4],6108.0109999999995
cons[负荷中标出力约束_16_5],5883.423000000001
cons[负荷中标出力约束_16_6],5810.349999999999
cons[负荷中标出力约束_16_7],5782.504
cons[负荷中标出力约束_16_8],5726.812
cons[负荷中标出力约束_16_9],5698.966
cons[负荷中标出力约束_16_10],5671.12
cons[负荷中标出力约束_16_11],5643.274
cons[负荷中标出力约束_16_12],-20000.0
cons[负荷中标出力约束_16_13],-20000.0
cons[负荷中标出力约束_16_14],-20000.0
cons[负荷中标出力约束_16_15],-20000.0
cons[负荷中标出力约束_16_16],-20000.0
cons[负荷中标出力约束_16_17],-20000.0
cons[负荷中标出力约束_16_18],-20000.0
cons[负荷中标出力约束_16_19],-20000.0
cons[负荷中标出力约束_16_20],-20000.0
cons[负荷中标出力约束_16_21],5317.767
cons[负荷中标出力约束_16_22],6108.0109999999995
cons[负荷中标出力约束_16_23],5726.812
cons[负荷中标出力约束_16_24],5754.657999999999
cons[负荷中标出力约束_16_25],5754.657999999999
cons[负荷中标出力约束_16_26],5887.882
cons[负荷中标出力约束_16_27],5979.974000000003
cons[负荷中标出力约束_16_28],6024.928
cons[负荷中标出力约束_16_29],6052.774
cons[负荷中标出力约束_16_30],6080.62
cons[负荷中标出力约束_16_31],6108.0109999999995
cons[负荷中标出力约束_16_32],6108.466
cons[负荷中标出力约束_16_33],6118.112
cons[负荷中标出力约束_16_34],6118.112
cons[负荷中标出力约束_16_35],6118.112
cons[负荷中标出力约束_16_36],6118.112
cons[负荷中标出力约束_16_37],6108.466
cons[负荷中标出力约束_16_38],6108.466
cons[负荷中标出力约束_16_39],6108.466
cons[负荷中标出力约束_16_40],6108.466
cons[负荷中标出力约束_16_41],6108.466
cons[负荷中标出力约束_16_42],6108.466
cons[负荷中标出力约束_16_43],6108.466
cons[负荷中标出力约束_16_44],6108.466
cons[负荷中标出力约束_16_45],6108.0109999999995
cons[负荷中标出力约束_16_46],6108.0109999999995
cons[负荷中标出力约束_16_47],6108.0109999999995
cons[负荷中标出力约束_16_48],6108.0109999999995
cons[负荷中标出力约束_16_49],6108.0109999999995
cons[负荷中标出力约束_16_50],6108.0109999999995
cons[负荷中标出力约束_16_51],6108.0109999999995
cons[负荷中标出力约束_16_52],6108.0109999999995
cons[负荷中标出力约束_16_53],6080.62
cons[负荷中标出力约束_16_54],6080.62
cons[负荷中标出力约束_16_55],6080.62
cons[负荷中标出力约束_16_56],6080.62
cons[负荷中标出力约束_16_57],6080.62
cons[负荷中标出力约束_16_58],6080.62
cons[负荷中标出力约束_16_59],6108.0109999999995
cons[负荷中标出力约束_16_60],6108.466
cons[负荷中标出力约束_16_61],6136.312
cons[负荷中标出力约束_16_62],6164.157999999999
cons[负荷中标出力约束_16_63],6164.157999999999
cons[负荷中标出力约束_16_64],6192.004000000002
cons[负荷中标出力约束_16_65],6200.103
cons[负荷中标出力约束_16_66],6219.85
cons[负荷中标出力约束_16_67],6219.85
cons[负荷中标出力约束_16_68],6219.85
cons[负荷中标出力约束_16_69],6219.85
cons[负荷中标出力约束_16_70],6219.85
cons[负荷中标出力约束_16_71],6242.236
cons[负荷中标出力约束_16_72],6246.148999999999
cons[负荷中标出力约束_16_73],6256.250000000003
cons[负荷中标出力约束_16_74],6287.7815
cons[负荷中标出力约束_16_75],6287.7815
cons[负荷中标出力约束_16_76],6246.148999999999
cons[负荷中标出力约束_16_77],6242.236
cons[负荷中标出力约束_16_78],6219.85
cons[负荷中标出力约束_16_79],6219.85
cons[负荷中标出力约束_16_80],6200.103
cons[负荷中标出力约束_16_81],6196.6905
cons[负荷中标出力约束_16_82],6192.004000000002
cons[负荷中标出力约束_16_83],6164.157999999999
cons[负荷中标出力约束_16_84],6164.157999999999
cons[负荷中标出力约束_16_85],6164.157999999999
cons[负荷中标出力约束_16_86],6164.157999999999
cons[负荷中标出力约束_16_87],6154.057000000001
cons[负荷中标出力约束_16_88],6108.466
cons[负荷中标出力约束_16_89],6080.62
cons[负荷中标出力约束_16_90],6052.774
cons[负荷中标出力约束_16_91],6024.928
cons[负荷中标出力约束_16_92],5979.974000000003
cons[负荷中标出力约束_16_93],5933.928
cons[负荷中标出力约束_16_94],5887.882
cons[负荷中标出力约束_16_95],5414.317999999999
cons[负荷中标出力约束_17_0],6210.204000000001
cons[负荷中标出力约束_17_1],6196.6905
cons[负荷中标出力约束_17_2],6154.057000000001
cons[负荷中标出力约束_17_3],6118.112
cons[负荷中标出力约束_17_4],6108.0109999999995
cons[负荷中标出力约束_17_5],5883.423000000001
cons[负荷中标出力约束_17_6],5810.349999999999
cons[负荷中标出力约束_17_7],5782.504
cons[负荷中标出力约束_17_8],5726.812
cons[负荷中标出力约束_17_9],5698.966
cons[负荷中标出力约束_17_10],5671.12
cons[负荷中标出力约束_17_11],5643.274
cons[负荷中标出力约束_17_12],-20000.0
cons[负荷中标出力约束_17_13],-20000.0
cons[负荷中标出力约束_17_14],-20000.0
cons[负荷中标出力约束_17_15],-20000.0
cons[负荷中标出力约束_17_16],-20000.0
cons[负荷中标出力约束_17_17],-20000.0
cons[负荷中标出力约束_17_18],-20000.0
cons[负荷中标出力约束_17_19],-20000.0
cons[负荷中标出力约束_17_20],-20000.0
cons[负荷中标出力约束_17_21],5317.767
cons[负荷中标出力约束_17_22],6108.0109999999995
cons[负荷中标出力约束_17_23],5726.812
cons[负荷中标出力约束_17_24],5754.657999999999
cons[负荷中标出力约束_17_25],5754.657999999999
cons[负荷中标出力约束_17_26],5887.882
cons[负荷中标出力约束_17_27],5979.974000000003
cons[负荷中标出力约束_17_28],6024.928
cons[负荷中标出力约束_17_29],6052.774
cons[负荷中标出力约束_17_30],6080.62
cons[负荷中标出力约束_17_31],6108.0109999999995
cons[负荷中标出力约束_17_32],6108.466
cons[负荷中标出力约束_17_33],6118.112
cons[负荷中标出力约束_17_34],6118.112
cons[负荷中标出力约束_17_35],6118.112
cons[负荷中标出力约束_17_36],6118.112
cons[负荷中标出力约束_17_37],6108.466
cons[负荷中标出力约束_17_38],6108.466
cons[负荷中标出力约束_17_39],6108.466
cons[负荷中标出力约束_17_40],6108.466
cons[负荷中标出力约束_17_41],6108.466
cons[负荷中标出力约束_17_42],6108.466
cons[负荷中标出力约束_17_43],6108.466
cons[负荷中标出力约束_17_44],6108.466
cons[负荷中标出力约束_17_45],6108.0109999999995
cons[负荷中标出力约束_17_46],6108.0109999999995
cons[负荷中标出力约束_17_47],6108.0109999999995
cons[负荷中标出力约束_17_48],6108.0109999999995
cons[负荷中标出力约束_17_49],6108.0109999999995
cons[负荷中标出力约束_17_50],6108.0109999999995
cons[负荷中标出力约束_17_51],6108.0109999999995
cons[负荷中标出力约束_17_52],6108.0109999999995
cons[负荷中标出力约束_17_53],6080.62
cons[负荷中标出力约束_17_54],6080.62
cons[负荷中标出力约束_17_55],6080.62
cons[负荷中标出力约束_17_56],6080.62
cons[负荷中标出力约束_17_57],6080.62
cons[负荷中标出力约束_17_58],6080.62
cons[负荷中标出力约束_17_59],6108.0109999999995
cons[负荷中标出力约束_17_60],6108.466
cons[负荷中标出力约束_17_61],6136.312
cons[负荷中标出力约束_17_62],6164.157999999999
cons[负荷中标出力约束_17_63],6164.157999999999
cons[负荷中标出力约束_17_64],6192.004000000002
cons[负荷中标出力约束_17_65],6200.103
cons[负荷中标出力约束_17_66],6219.85
cons[负荷中标出力约束_17_67],6219.85
cons[负荷中标出力约束_17_68],6219.85
cons[负荷中标出力约束_17_69],6219.85
cons[负荷中标出力约束_17_70],6219.85
cons[负荷中标出力约束_17_71],6242.236
cons[负荷中标出力约束_17_72],6246.148999999999
cons[负荷中标出力约束_17_73],6256.250000000003
cons[负荷中标出力约束_17_74],6287.7815
cons[负荷中标出力约束_17_75],6287.7815
cons[负荷中标出力约束_17_76],6246.148999999999
cons[负荷中标出力约束_17_77],6242.236
cons[负荷中标出力约束_17_78],6219.85
cons[负荷中标出力约束_17_79],6219.85
cons[负荷中标出力约束_17_80],6200.103
cons[负荷中标出力约束_17_81],6196.6905
cons[负荷中标出力约束_17_82],6192.004000000002
cons[负荷中标出力约束_17_83],6164.157999999999
cons[负荷中标出力约束_17_84],6164.157999999999
cons[负荷中标出力约束_17_85],6164.157999999999
cons[负荷中标出力约束_17_86],6164.157999999999
cons[负荷中标出力约束_17_87],6154.057000000001
cons[负荷中标出力约束_17_88],6108.466
cons[负荷中标出力约束_17_89],6080.62
cons[负荷中标出力约束_17_90],6052.774
cons[负荷中标出力约束_17_91],6024.928
cons[负荷中标出力约束_17_92],5979.974000000003
cons[负荷中标出力约束_17_93],5933.928
cons[负荷中标出力约束_17_94],5887.882
cons[负荷中标出力约束_17_95],5414.317999999999
cons[负荷中标出力约束_18_0],6210.204000000001
cons[负荷中标出力约束_18_1],6196.6905
cons[负荷中标出力约束_18_2],6154.057000000001
cons[负荷中标出力约束_18_3],6118.112
cons[负荷中标出力约束_18_4],6108.0109999999995
cons[负荷中标出力约束_18_5],5883.423000000001
cons[负荷中标出力约束_18_6],5810.349999999999
cons[负荷中标出力约束_18_7],5782.504
cons[负荷中标出力约束_18_8],5726.812
cons[负荷中标出力约束_18_9],5698.966
cons[负荷中标出力约束_18_10],5671.12
cons[负荷中标出力约束_18_11],5643.274
cons[负荷中标出力约束_18_12],-20000.0
cons[负荷中标出力约束_18_13],-20000.0
cons[负荷中标出力约束_18_14],-20000.0
cons[负荷中标出力约束_18_15],-20000.0
cons[负荷中标出力约束_18_16],-20000.0
cons[负荷中标出力约束_18_17],-20000.0
cons[负荷中标出力约束_18_18],-20000.0
cons[负荷中标出力约束_18_19],-20000.0
cons[负荷中标出力约束_18_20],-20000.0
cons[负荷中标出力约束_18_21],5317.767
cons[负荷中标出力约束_18_22],6108.0109999999995
cons[负荷中标出力约束_18_23],5726.812
cons[负荷中标出力约束_18_24],5754.657999999999
cons[负荷中标出力约束_18_25],5754.657999999999
cons[负荷中标出力约束_18_26],5887.882
cons[负荷中标出力约束_18_27],5979.974000000003
cons[负荷中标出力约束_18_28],6024.928
cons[负荷中标出力约束_18_29],6052.774
cons[负荷中标出力约束_18_30],6080.62
cons[负荷中标出力约束_18_31],6108.0109999999995
cons[负荷中标出力约束_18_32],6108.466
cons[负荷中标出力约束_18_33],6118.112
cons[负荷中标出力约束_18_34],6118.112
cons[负荷中标出力约束_18_35],6118.112
cons[负荷中标出力约束_18_36],6118.112
cons[负荷中标出力约束_18_37],6108.466
cons[负荷中标出力约束_18_38],6108.466
cons[负荷中标出力约束_18_39],6108.466
cons[负荷中标出力约束_18_40],6108.466
cons[负荷中标出力约束_18_41],6108.466
cons[负荷中标出力约束_18_42],6108.466
cons[负荷中标出力约束_18_43],6108.466
cons[负荷中标出力约束_18_44],6108.466
cons[负荷中标出力约束_18_45],6108.0109999999995
cons[负荷中标出力约束_18_46],6108.0109999999995
cons[负荷中标出力约束_18_47],6108.0109999999995
cons[负荷中标出力约束_18_48],6108.0109999999995
cons[负荷中标出力约束_18_49],6108.0109999999995
cons[负荷中标出力约束_18_50],6108.0109999999995
cons[负荷中标出力约束_18_51],6108.0109999999995
cons[负荷中标出力约束_18_52],6108.0109999999995
cons[负荷中标出力约束_18_53],6080.62
cons[负荷中标出力约束_18_54],6080.62
cons[负荷中标出力约束_18_55],6080.62
cons[负荷中标出力约束_18_56],6080.62
cons[负荷中标出力约束_18_57],6080.62
cons[负荷中标出力约束_18_58],6080.62
cons[负荷中标出力约束_18_59],6108.0109999999995
cons[负荷中标出力约束_18_60],6108.466
cons[负荷中标出力约束_18_61],6136.312
cons[负荷中标出力约束_18_62],6164.157999999999
cons[负荷中标出力约束_18_63],6164.157999999999
cons[负荷中标出力约束_18_64],6192.004000000002
cons[负荷中标出力约束_18_65],6200.103
cons[负荷中标出力约束_18_66],6219.85
cons[负荷中标出力约束_18_67],6219.85
cons[负荷中标出力约束_18_68],6219.85
cons[负荷中标出力约束_18_69],6219.85
cons[负荷中标出力约束_18_70],6219.85
cons[负荷中标出力约束_18_71],6242.236
cons[负荷中标出力约束_18_72],6246.148999999999
cons[负荷中标出力约束_18_73],6256.250000000003
cons[负荷中标出力约束_18_74],6287.7815
cons[负荷中标出力约束_18_75],6287.7815
cons[负荷中标出力约束_18_76],6246.148999999999
cons[负荷中标出力约束_18_77],6242.236
cons[负荷中标出力约束_18_78],6219.85
cons[负荷中标出力约束_18_79],6219.85
cons[负荷中标出力约束_18_80],6200.103
cons[负荷中标出力约束_18_81],6196.6905
cons[负荷中标出力约束_18_82],6192.004000000002
cons[负荷中标出力约束_18_83],6164.157999999999
cons[负荷中标出力约束_18_84],6164.157999999999
cons[负荷中标出力约束_18_85],6164.157999999999
cons[负荷中标出力约束_18_86],6164.157999999999
cons[负荷中标出力约束_18_87],6154.057000000001
cons[负荷中标出力约束_18_88],6108.466
cons[负荷中标出力约束_18_89],6080.62
cons[负荷中标出力约束_18_90],6052.774
cons[负荷中标出力约束_18_91],6024.928
cons[负荷中标出力约束_18_92],5979.974000000003
cons[负荷中标出力约束_18_93],5933.928
cons[负荷中标出力约束_18_94],5887.882
cons[负荷中标出力约束_18_95],5414.317999999999
cons[负荷中标出力约束_19_0],6210.204000000001
cons[负荷中标出力约束_19_1],6196.6905
cons[负荷中标出力约束_19_2],6154.057000000001
cons[负荷中标出力约束_19_3],6118.112
cons[负荷中标出力约束_19_4],6108.0109999999995
cons[负荷中标出力约束_19_5],5883.423000000001
cons[负荷中标出力约束_19_6],5810.349999999999
cons[负荷中标出力约束_19_7],5782.504
cons[负荷中标出力约束_19_8],5726.812
cons[负荷中标出力约束_19_9],5698.966
cons[负荷中标出力约束_19_10],5671.12
cons[负荷中标出力约束_19_11],5643.274
cons[负荷中标出力约束_19_12],-20000.0
cons[负荷中标出力约束_19_13],-20000.0
cons[负荷中标出力约束_19_14],-20000.0
cons[负荷中标出力约束_19_15],-20000.0
cons[负荷中标出力约束_19_16],-20000.0
cons[负荷中标出力约束_19_17],-20000.0
cons[负荷中标出力约束_19_18],-20000.0
cons[负荷中标出力约束_19_19],-20000.0
cons[负荷中标出力约束_19_20],-20000.0
cons[负荷中标出力约束_19_21],5317.767
cons[负荷中标出力约束_19_22],6108.0109999999995
cons[负荷中标出力约束_19_23],5726.812
cons[负荷中标出力约束_19_24],5754.657999999999
cons[负荷中标出力约束_19_25],5754.657999999999
cons[负荷中标出力约束_19_26],5887.882
cons[负荷中标出力约束_19_27],5979.974000000003
cons[负荷中标出力约束_19_28],6024.928
cons[负荷中标出力约束_19_29],6052.774
cons[负荷中标出力约束_19_30],6080.62
cons[负荷中标出力约束_19_31],6108.0109999999995
cons[负荷中标出力约束_19_32],6108.466
cons[负荷中标出力约束_19_33],6118.112
cons[负荷中标出力约束_19_34],6118.112
cons[负荷中标出力约束_19_35],6118.112
cons[负荷中标出力约束_19_36],6118.112
cons[负荷中标出力约束_19_37],6108.466
cons[负荷中标出力约束_19_38],6108.466
cons[负荷中标出力约束_19_39],6108.466
cons[负荷中标出力约束_19_40],6108.466
cons[负荷中标出力约束_19_41],6108.466
cons[负荷中标出力约束_19_42],6108.466
cons[负荷中标出力约束_19_43],6108.466
cons[负荷中标出力约束_19_44],6108.466
cons[负荷中标出力约束_19_45],6108.0109999999995
cons[负荷中标出力约束_19_46],6108.0109999999995
cons[负荷中标出力约束_19_47],6108.0109999999995
cons[负荷中标出力约束_19_48],6108.0109999999995
cons[负荷中标出力约束_19_49],6108.0109999999995
cons[负荷中标出力约束_19_50],6108.0109999999995
cons[负荷中标出力约束_19_51],6108.0109999999995
cons[负荷中标出力约束_19_52],6108.0109999999995
cons[负荷中标出力约束_19_53],6080.62
cons[负荷中标出力约束_19_54],6080.62
cons[负荷中标出力约束_19_55],6080.62
cons[负荷中标出力约束_19_56],6080.62
cons[负荷中标出力约束_19_57],6080.62
cons[负荷中标出力约束_19_58],6080.62
cons[负荷中标出力约束_19_59],6108.0109999999995
cons[负荷中标出力约束_19_60],6108.466
cons[负荷中标出力约束_19_61],6136.312
cons[负荷中标出力约束_19_62],6164.157999999999
cons[负荷中标出力约束_19_63],6164.157999999999
cons[负荷中标出力约束_19_64],6192.004000000002
cons[负荷中标出力约束_19_65],6200.103
cons[负荷中标出力约束_19_66],6219.85
cons[负荷中标出力约束_19_67],6219.85
cons[负荷中标出力约束_19_68],6219.85
cons[负荷中标出力约束_19_69],6219.85
cons[负荷中标出力约束_19_70],6219.85
cons[负荷中标出力约束_19_71],6242.236
cons[负荷中标出力约束_19_72],6246.148999999999
cons[负荷中标出力约束_19_73],6256.250000000003
cons[负荷中标出力约束_19_74],6287.7815
cons[负荷中标出力约束_19_75],6287.7815
cons[负荷中标出力约束_19_76],6246.148999999999
cons[负荷中标出力约束_19_77],6242.236
cons[负荷中标出力约束_19_78],6219.85
cons[负荷中标出力约束_19_79],6219.85
cons[负荷中标出力约束_19_80],6200.103
cons[负荷中标出力约束_19_81],6196.6905
cons[负荷中标出力约束_19_82],6192.004000000002
cons[负荷中标出力约束_19_83],6164.157999999999
cons[负荷中标出力约束_19_84],6164.157999999999
cons[负荷中标出力约束_19_85],6164.157999999999
cons[负荷中标出力约束_19_86],6164.157999999999
cons[负荷中标出力约束_19_87],6154.057000000001
cons[负荷中标出力约束_19_88],6108.466
cons[负荷中标出力约束_19_89],6080.62
cons[负荷中标出力约束_19_90],6052.774
cons[负荷中标出力约束_19_91],6024.928
cons[负荷中标出力约束_19_92],5979.974000000003
cons[负荷中标出力约束_19_93],5933.928
cons[负荷中标出力约束_19_94],5887.882
cons[负荷中标出力约束_19_95],5414.317999999999
cons[负荷中标出力约束_20_0],6210.204000000001
cons[负荷中标出力约束_20_1],6196.6905
cons[负荷中标出力约束_20_2],6154.057000000001
cons[负荷中标出力约束_20_3],6118.112
cons[负荷中标出力约束_20_4],6108.0109999999995
cons[负荷中标出力约束_20_5],5883.423000000001
cons[负荷中标出力约束_20_6],5810.349999999999
cons[负荷中标出力约束_20_7],5782.504
cons[负荷中标出力约束_20_8],5726.812
cons[负荷中标出力约束_20_9],5698.966
cons[负荷中标出力约束_20_10],5671.12
cons[负荷中标出力约束_20_11],5643.274
cons[负荷中标出力约束_20_12],-20000.0
cons[负荷中标出力约束_20_13],-20000.0
cons[负荷中标出力约束_20_14],-20000.0
cons[负荷中标出力约束_20_15],-20000.0
cons[负荷中标出力约束_20_16],-20000.0
cons[负荷中标出力约束_20_17],-20000.0
cons[负荷中标出力约束_20_18],-20000.0
cons[负荷中标出力约束_20_19],-20000.0
cons[负荷中标出力约束_20_20],-20000.0
cons[负荷中标出力约束_20_21],5317.767
cons[负荷中标出力约束_20_22],6108.0109999999995
cons[负荷中标出力约束_20_23],5726.812
cons[负荷中标出力约束_20_24],5754.657999999999
cons[负荷中标出力约束_20_25],5754.657999999999
cons[负荷中标出力约束_20_26],5887.882
cons[负荷中标出力约束_20_27],5979.974000000003
cons[负荷中标出力约束_20_28],6024.928
cons[负荷中标出力约束_20_29],6052.774
cons[负荷中标出力约束_20_30],6080.62
cons[负荷中标出力约束_20_31],6108.0109999999995
cons[负荷中标出力约束_20_32],6108.466
cons[负荷中标出力约束_20_33],6118.112
cons[负荷中标出力约束_20_34],6118.112
cons[负荷中标出力约束_20_35],6118.112
cons[负荷中标出力约束_20_36],6118.112
cons[负荷中标出力约束_20_37],6108.466
cons[负荷中标出力约束_20_38],6108.466
cons[负荷中标出力约束_20_39],6108.466
cons[负荷中标出力约束_20_40],6108.466
cons[负荷中标出力约束_20_41],6108.466
cons[负荷中标出力约束_20_42],6108.466
cons[负荷中标出力约束_20_43],6108.466
cons[负荷中标出力约束_20_44],6108.466
cons[负荷中标出力约束_20_45],6108.0109999999995
cons[负荷中标出力约束_20_46],6108.0109999999995
cons[负荷中标出力约束_20_47],6108.0109999999995
cons[负荷中标出力约束_20_48],6108.0109999999995
cons[负荷中标出力约束_20_49],6108.0109999999995
cons[负荷中标出力约束_20_50],6108.0109999999995
cons[负荷中标出力约束_20_51],6108.0109999999995
cons[负荷中标出力约束_20_52],6108.0109999999995
cons[负荷中标出力约束_20_53],6080.62
cons[负荷中标出力约束_20_54],6080.62
cons[负荷中标出力约束_20_55],6080.62
cons[负荷中标出力约束_20_56],6080.62
cons[负荷中标出力约束_20_57],6080.62
cons[负荷中标出力约束_20_58],6080.62
cons[负荷中标出力约束_20_59],6108.0109999999995
cons[负荷中标出力约束_20_60],6108.466
cons[负荷中标出力约束_20_61],6136.312
cons[负荷中标出力约束_20_62],6164.157999999999
cons[负荷中标出力约束_20_63],6164.157999999999
cons[负荷中标出力约束_20_64],6192.004000000002
cons[负荷中标出力约束_20_65],6200.103
cons[负荷中标出力约束_20_66],6219.85
cons[负荷中标出力约束_20_67],6219.85
cons[负荷中标出力约束_20_68],6219.85
cons[负荷中标出力约束_20_69],6219.85
cons[负荷中标出力约束_20_70],6219.85
cons[负荷中标出力约束_20_71],6242.236
cons[负荷中标出力约束_20_72],6246.148999999999
cons[负荷中标出力约束_20_73],6256.250000000003
cons[负荷中标出力约束_20_74],6287.7815
cons[负荷中标出力约束_20_75],6287.7815
cons[负荷中标出力约束_20_76],6246.148999999999
cons[负荷中标出力约束_20_77],6242.236
cons[负荷中标出力约束_20_78],6219.85
cons[负荷中标出力约束_20_79],6219.85
cons[负荷中标出力约束_20_80],6200.103
cons[负荷中标出力约束_20_81],6196.6905
cons[负荷中标出力约束_20_82],6192.004000000002
cons[负荷中标出力约束_20_83],6164.157999999999
cons[负荷中标出力约束_20_84],6164.157999999999
cons[负荷中标出力约束_20_85],6164.157999999999
cons[负荷中标出力约束_20_86],6164.157999999999
cons[负荷中标出力约束_20_87],6154.057000000001
cons[负荷中标出力约束_20_88],6108.466
cons[负荷中标出力约束_20_89],6080.62
cons[负荷中标出力约束_20_90],6052.774
cons[负荷中标出力约束_20_91],6024.928
cons[负荷中标出力约束_20_92],5979.974000000003
cons[负荷中标出力约束_20_93],5933.928
cons[负荷中标出力约束_20_94],5887.882
cons[负荷中标出力约束_20_95],5414.317999999999
cons[负荷中标出力约束_21_0],6210.204000000001
cons[负荷中标出力约束_21_1],6196.6905
cons[负荷中标出力约束_21_2],6154.057000000001
cons[负荷中标出力约束_21_3],6118.112
cons[负荷中标出力约束_21_4],6108.0109999999995
cons[负荷中标出力约束_21_5],5883.423000000001
cons[负荷中标出力约束_21_6],5810.349999999999
cons[负荷中标出力约束_21_7],5782.504
cons[负荷中标出力约束_21_8],5726.812
cons[负荷中标出力约束_21_9],5698.966
cons[负荷中标出力约束_21_10],5671.12
cons[负荷中标出力约束_21_11],5643.274
cons[负荷中标出力约束_21_12],-20000.0
cons[负荷中标出力约束_21_13],-20000.0
cons[负荷中标出力约束_21_14],-20000.0
cons[负荷中标出力约束_21_15],-20000.0
cons[负荷中标出力约束_21_16],-20000.0
cons[负荷中标出力约束_21_17],-20000.0
cons[负荷中标出力约束_21_18],-20000.0
cons[负荷中标出力约束_21_19],-20000.0
cons[负荷中标出力约束_21_20],-20000.0
cons[负荷中标出力约束_21_21],5317.767
cons[负荷中标出力约束_21_22],6108.0109999999995
cons[负荷中标出力约束_21_23],5726.812
cons[负荷中标出力约束_21_24],5754.657999999999
cons[负荷中标出力约束_21_25],5754.657999999999
cons[负荷中标出力约束_21_26],5887.882
cons[负荷中标出力约束_21_27],5979.974000000003
cons[负荷中标出力约束_21_28],6024.928
cons[负荷中标出力约束_21_29],6052.774
cons[负荷中标出力约束_21_30],6080.62
cons[负荷中标出力约束_21_31],6108.0109999999995
cons[负荷中标出力约束_21_32],6108.466
cons[负荷中标出力约束_21_33],6118.112
cons[负荷中标出力约束_21_34],6118.112
cons[负荷中标出力约束_21_35],6118.112
cons[负荷中标出力约束_21_36],6118.112
cons[负荷中标出力约束_21_37],6108.466
cons[负荷中标出力约束_21_38],6108.466
cons[负荷中标出力约束_21_39],6108.466
cons[负荷中标出力约束_21_40],6108.466
cons[负荷中标出力约束_21_41],6108.466
cons[负荷中标出力约束_21_42],6108.466
cons[负荷中标出力约束_21_43],6108.466
cons[负荷中标出力约束_21_44],6108.466
cons[负荷中标出力约束_21_45],6108.0109999999995
cons[负荷中标出力约束_21_46],6108.0109999999995
cons[负荷中标出力约束_21_47],6108.0109999999995
cons[负荷中标出力约束_21_48],6108.0109999999995
cons[负荷中标出力约束_21_49],6108.0109999999995
cons[负荷中标出力约束_21_50],6108.0109999999995
cons[负荷中标出力约束_21_51],6108.0109999999995
cons[负荷中标出力约束_21_52],6108.0109999999995
cons[负荷中标出力约束_21_53],6080.62
cons[负荷中标出力约束_21_54],6080.62
cons[负荷中标出力约束_21_55],6080.62
cons[负荷中标出力约束_21_56],6080.62
cons[负荷中标出力约束_21_57],6080.62
cons[负荷中标出力约束_21_58],6080.62
cons[负荷中标出力约束_21_59],6108.0109999999995
cons[负荷中标出力约束_21_60],6108.466
cons[负荷中标出力约束_21_61],6136.312
cons[负荷中标出力约束_21_62],6164.157999999999
cons[负荷中标出力约束_21_63],6164.157999999999
cons[负荷中标出力约束_21_64],6192.004000000002
cons[负荷中标出力约束_21_65],6200.103
cons[负荷中标出力约束_21_66],6219.85
cons[负荷中标出力约束_21_67],6219.85
cons[负荷中标出力约束_21_68],6219.85
cons[负荷中标出力约束_21_69],6219.85
cons[负荷中标出力约束_21_70],6219.85
cons[负荷中标出力约束_21_71],6242.236
cons[负荷中标出力约束_21_72],6246.148999999999
cons[负荷中标出力约束_21_73],6256.250000000003
cons[负荷中标出力约束_21_74],6287.7815
cons[负荷中标出力约束_21_75],6287.7815
cons[负荷中标出力约束_21_76],6246.148999999999
cons[负荷中标出力约束_21_77],6242.236
cons[负荷中标出力约束_21_78],6219.85
cons[负荷中标出力约束_21_79],6219.85
cons[负荷中标出力约束_21_80],6200.103
cons[负荷中标出力约束_21_81],6196.6905
cons[负荷中标出力约束_21_82],6192.004000000002
cons[负荷中标出力约束_21_83],6164.157999999999
cons[负荷中标出力约束_21_84],6164.157999999999
cons[负荷中标出力约束_21_85],6164.157999999999
cons[负荷中标出力约束_21_86],6164.157999999999
cons[负荷中标出力约束_21_87],6154.057000000001
cons[负荷中标出力约束_21_88],6108.466
cons[负荷中标出力约束_21_89],6080.62
cons[负荷中标出力约束_21_90],6052.774
cons[负荷中标出力约束_21_91],6024.928
cons[负荷中标出力约束_21_92],5979.974000000003
cons[负荷中标出力约束_21_93],5933.928
cons[负荷中标出力约束_21_94],5887.882
cons[负荷中标出力约束_21_95],5414.317999999999
cons[负荷中标出力约束_22_0],6210.204000000001
cons[负荷中标出力约束_22_1],6196.6905
cons[负荷中标出力约束_22_2],6154.057000000001
cons[负荷中标出力约束_22_3],6118.112
cons[负荷中标出力约束_22_4],6108.0109999999995
cons[负荷中标出力约束_22_5],5883.423000000001
cons[负荷中标出力约束_22_6],5810.349999999999
cons[负荷中标出力约束_22_7],5782.504
cons[负荷中标出力约束_22_8],5726.812
cons[负荷中标出力约束_22_9],5698.966
cons[负荷中标出力约束_22_10],5671.12
cons[负荷中标出力约束_22_11],5643.274
cons[负荷中标出力约束_22_12],-20000.0
cons[负荷中标出力约束_22_13],-20000.0
cons[负荷中标出力约束_22_14],-20000.0
cons[负荷中标出力约束_22_15],-20000.0
cons[负荷中标出力约束_22_16],-20000.0
cons[负荷中标出力约束_22_17],-20000.0
cons[负荷中标出力约束_22_18],-20000.0
cons[负荷中标出力约束_22_19],-20000.0
cons[负荷中标出力约束_22_20],-20000.0
cons[负荷中标出力约束_22_21],5317.767
cons[负荷中标出力约束_22_22],6108.0109999999995
cons[负荷中标出力约束_22_23],5726.812
cons[负荷中标出力约束_22_24],5754.657999999999
cons[负荷中标出力约束_22_25],5754.657999999999
cons[负荷中标出力约束_22_26],5887.882
cons[负荷中标出力约束_22_27],5979.974000000003
cons[负荷中标出力约束_22_28],6024.928
cons[负荷中标出力约束_22_29],6052.774
cons[负荷中标出力约束_22_30],6080.62
cons[负荷中标出力约束_22_31],6108.0109999999995
cons[负荷中标出力约束_22_32],6108.466
cons[负荷中标出力约束_22_33],6118.112
cons[负荷中标出力约束_22_34],6118.112
cons[负荷中标出力约束_22_35],6118.112
cons[负荷中标出力约束_22_36],6118.112
cons[负荷中标出力约束_22_37],6108.466
cons[负荷中标出力约束_22_38],6108.466
cons[负荷中标出力约束_22_39],6108.466
cons[负荷中标出力约束_22_40],6108.466
cons[负荷中标出力约束_22_41],6108.466
cons[负荷中标出力约束_22_42],6108.466
cons[负荷中标出力约束_22_43],6108.466
cons[负荷中标出力约束_22_44],6108.466
cons[负荷中标出力约束_22_45],6108.0109999999995
cons[负荷中标出力约束_22_46],6108.0109999999995
cons[负荷中标出力约束_22_47],6108.0109999999995
cons[负荷中标出力约束_22_48],6108.0109999999995
cons[负荷中标出力约束_22_49],6108.0109999999995
cons[负荷中标出力约束_22_50],6108.0109999999995
cons[负荷中标出力约束_22_51],6108.0109999999995
cons[负荷中标出力约束_22_52],6108.0109999999995
cons[负荷中标出力约束_22_53],6080.62
cons[负荷中标出力约束_22_54],6080.62
cons[负荷中标出力约束_22_55],6080.62
cons[负荷中标出力约束_22_56],6080.62
cons[负荷中标出力约束_22_57],6080.62
cons[负荷中标出力约束_22_58],6080.62
cons[负荷中标出力约束_22_59],6108.0109999999995
cons[负荷中标出力约束_22_60],6108.466
cons[负荷中标出力约束_22_61],6136.312
cons[负荷中标出力约束_22_62],6164.157999999999
cons[负荷中标出力约束_22_63],6164.157999999999
cons[负荷中标出力约束_22_64],6192.004000000002
cons[负荷中标出力约束_22_65],6200.103
cons[负荷中标出力约束_22_66],6219.85
cons[负荷中标出力约束_22_67],6219.85
cons[负荷中标出力约束_22_68],6219.85
cons[负荷中标出力约束_22_69],6219.85
cons[负荷中标出力约束_22_70],6219.85
cons[负荷中标出力约束_22_71],6242.236
cons[负荷中标出力约束_22_72],6246.148999999999
cons[负荷中标出力约束_22_73],6256.250000000003
cons[负荷中标出力约束_22_74],6287.7815
cons[负荷中标出力约束_22_75],6287.7815
cons[负荷中标出力约束_22_76],6246.148999999999
cons[负荷中标出力约束_22_77],6242.236
cons[负荷中标出力约束_22_78],6219.85
cons[负荷中标出力约束_22_79],6219.85
cons[负荷中标出力约束_22_80],6200.103
cons[负荷中标出力约束_22_81],6196.6905
cons[负荷中标出力约束_22_82],6192.004000000002
cons[负荷中标出力约束_22_83],6164.157999999999
cons[负荷中标出力约束_22_84],6164.157999999999
cons[负荷中标出力约束_22_85],6164.157999999999
cons[负荷中标出力约束_22_86],6164.157999999999
cons[负荷中标出力约束_22_87],6154.057000000001
cons[负荷中标出力约束_22_88],6108.466
cons[负荷中标出力约束_22_89],6080.62
cons[负荷中标出力约束_22_90],6052.774
cons[负荷中标出力约束_22_91],6024.928
cons[负荷中标出力约束_22_92],5979.974000000003
cons[负荷中标出力约束_22_93],5933.928
cons[负荷中标出力约束_22_94],5887.882
cons[负荷中标出力约束_22_95],5414.317999999999
cons[负荷中标出力约束_23_0],6210.204000000001
cons[负荷中标出力约束_23_1],6196.6905
cons[负荷中标出力约束_23_2],6154.057000000001
cons[负荷中标出力约束_23_3],6118.112
cons[负荷中标出力约束_23_4],6108.0109999999995
cons[负荷中标出力约束_23_5],5883.423000000001
cons[负荷中标出力约束_23_6],5810.349999999999
cons[负荷中标出力约束_23_7],5782.504
cons[负荷中标出力约束_23_8],5726.812
cons[负荷中标出力约束_23_9],5698.966
cons[负荷中标出力约束_23_10],5671.12
cons[负荷中标出力约束_23_11],5643.274
cons[负荷中标出力约束_23_12],-20000.0
cons[负荷中标出力约束_23_13],-20000.0
cons[负荷中标出力约束_23_14],-20000.0
cons[负荷中标出力约束_23_15],-20000.0
cons[负荷中标出力约束_23_16],-20000.0
cons[负荷中标出力约束_23_17],-20000.0
cons[负荷中标出力约束_23_18],-20000.0
cons[负荷中标出力约束_23_19],-20000.0
cons[负荷中标出力约束_23_20],-20000.0
cons[负荷中标出力约束_23_21],5317.767
cons[负荷中标出力约束_23_22],6108.0109999999995
cons[负荷中标出力约束_23_23],5726.812
cons[负荷中标出力约束_23_24],5754.657999999999
cons[负荷中标出力约束_23_25],5754.657999999999
cons[负荷中标出力约束_23_26],5887.882
cons[负荷中标出力约束_23_27],5979.974000000003
cons[负荷中标出力约束_23_28],6024.928
cons[负荷中标出力约束_23_29],6052.774
cons[负荷中标出力约束_23_30],6080.62
cons[负荷中标出力约束_23_31],6108.0109999999995
cons[负荷中标出力约束_23_32],6108.466
cons[负荷中标出力约束_23_33],6118.112
cons[负荷中标出力约束_23_34],6118.112
cons[负荷中标出力约束_23_35],6118.112
cons[负荷中标出力约束_23_36],6118.112
cons[负荷中标出力约束_23_37],6108.466
cons[负荷中标出力约束_23_38],6108.466
cons[负荷中标出力约束_23_39],6108.466
cons[负荷中标出力约束_23_40],6108.466
cons[负荷中标出力约束_23_41],6108.466
cons[负荷中标出力约束_23_42],6108.466
cons[负荷中标出力约束_23_43],6108.466
cons[负荷中标出力约束_23_44],6108.466
cons[负荷中标出力约束_23_45],6108.0109999999995
cons[负荷中标出力约束_23_46],6108.0109999999995
cons[负荷中标出力约束_23_47],6108.0109999999995
cons[负荷中标出力约束_23_48],6108.0109999999995
cons[负荷中标出力约束_23_49],6108.0109999999995
cons[负荷中标出力约束_23_50],6108.0109999999995
cons[负荷中标出力约束_23_51],6108.0109999999995
cons[负荷中标出力约束_23_52],6108.0109999999995
cons[负荷中标出力约束_23_53],6080.62
cons[负荷中标出力约束_23_54],6080.62
cons[负荷中标出力约束_23_55],6080.62
cons[负荷中标出力约束_23_56],6080.62
cons[负荷中标出力约束_23_57],6080.62
cons[负荷中标出力约束_23_58],6080.62
cons[负荷中标出力约束_23_59],6108.0109999999995
cons[负荷中标出力约束_23_60],6108.466
cons[负荷中标出力约束_23_61],6136.312
cons[负荷中标出力约束_23_62],6164.157999999999
cons[负荷中标出力约束_23_63],6164.157999999999
cons[负荷中标出力约束_23_64],6192.004000000002
cons[负荷中标出力约束_23_65],6200.103
cons[负荷中标出力约束_23_66],6219.85
cons[负荷中标出力约束_23_67],6219.85
cons[负荷中标出力约束_23_68],6219.85
cons[负荷中标出力约束_23_69],6219.85
cons[负荷中标出力约束_23_70],6219.85
cons[负荷中标出力约束_23_71],6242.236
cons[负荷中标出力约束_23_72],6246.148999999999
cons[负荷中标出力约束_23_73],6256.250000000003
cons[负荷中标出力约束_23_74],6287.7815
cons[负荷中标出力约束_23_75],6287.7815
cons[负荷中标出力约束_23_76],6246.148999999999
cons[负荷中标出力约束_23_77],6242.236
cons[负荷中标出力约束_23_78],6219.85
cons[负荷中标出力约束_23_79],6219.85
cons[负荷中标出力约束_23_80],6200.103
cons[负荷中标出力约束_23_81],6196.6905
cons[负荷中标出力约束_23_82],6192.004000000002
cons[负荷中标出力约束_23_83],6164.157999999999
cons[负荷中标出力约束_23_84],6164.157999999999
cons[负荷中标出力约束_23_85],6164.157999999999
cons[负荷中标出力约束_23_86],6164.157999999999
cons[负荷中标出力约束_23_87],6154.057000000001
cons[负荷中标出力约束_23_88],6108.466
cons[负荷中标出力约束_23_89],6080.62
cons[负荷中标出力约束_23_90],6052.774
cons[负荷中标出力约束_23_91],6024.928
cons[负荷中标出力约束_23_92],5979.974000000003
cons[负荷中标出力约束_23_93],5933.928
cons[负荷中标出力约束_23_94],5887.882
cons[负荷中标出力约束_23_95],5414.317999999999
cons[负荷中标出力约束_24_0],6210.204000000001
cons[负荷中标出力约束_24_1],6196.6905
cons[负荷中标出力约束_24_2],6154.057000000001
cons[负荷中标出力约束_24_3],6118.112
cons[负荷中标出力约束_24_4],6108.0109999999995
cons[负荷中标出力约束_24_5],5883.423000000001
cons[负荷中标出力约束_24_6],5810.349999999999
cons[负荷中标出力约束_24_7],5782.504
cons[负荷中标出力约束_24_8],5726.812
cons[负荷中标出力约束_24_9],5698.966
cons[负荷中标出力约束_24_10],5671.12
cons[负荷中标出力约束_24_11],5643.274
cons[负荷中标出力约束_24_12],-20000.0
cons[负荷中标出力约束_24_13],-20000.0
cons[负荷中标出力约束_24_14],-20000.0
cons[负荷中标出力约束_24_15],-20000.0
cons[负荷中标出力约束_24_16],-20000.0
cons[负荷中标出力约束_24_17],-20000.0
cons[负荷中标出力约束_24_18],-20000.0
cons[负荷中标出力约束_24_19],-20000.0
cons[负荷中标出力约束_24_20],-20000.0
cons[负荷中标出力约束_24_21],5317.767
cons[负荷中标出力约束_24_22],6108.0109999999995
cons[负荷中标出力约束_24_23],5726.812
cons[负荷中标出力约束_24_24],5754.657999999999
cons[负荷中标出力约束_24_25],5754.657999999999
cons[负荷中标出力约束_24_26],5887.882
cons[负荷中标出力约束_24_27],5979.974000000003
cons[负荷中标出力约束_24_28],6024.928
cons[负荷中标出力约束_24_29],6052.774
cons[负荷中标出力约束_24_30],6080.62
cons[负荷中标出力约束_24_31],6108.0109999999995
cons[负荷中标出力约束_24_32],6108.466
cons[负荷中标出力约束_24_33],6118.112
cons[负荷中标出力约束_24_34],6118.112
cons[负荷中标出力约束_24_35],6118.112
cons[负荷中标出力约束_24_36],6118.112
cons[负荷中标出力约束_24_37],6108.466
cons[负荷中标出力约束_24_38],6108.466
cons[负荷中标出力约束_24_39],6108.466
cons[负荷中标出力约束_24_40],6108.466
cons[负荷中标出力约束_24_41],6108.466
cons[负荷中标出力约束_24_42],6108.466
cons[负荷中标出力约束_24_43],6108.466
cons[负荷中标出力约束_24_44],6108.466
cons[负荷中标出力约束_24_45],6108.0109999999995
cons[负荷中标出力约束_24_46],6108.0109999999995
cons[负荷中标出力约束_24_47],6108.0109999999995
cons[负荷中标出力约束_24_48],6108.0109999999995
cons[负荷中标出力约束_24_49],6108.0109999999995
cons[负荷中标出力约束_24_50],6108.0109999999995
cons[负荷中标出力约束_24_51],6108.0109999999995
cons[负荷中标出力约束_24_52],6108.0109999999995
cons[负荷中标出力约束_24_53],6080.62
cons[负荷中标出力约束_24_54],6080.62
cons[负荷中标出力约束_24_55],6080.62
cons[负荷中标出力约束_24_56],6080.62
cons[负荷中标出力约束_24_57],6080.62
cons[负荷中标出力约束_24_58],6080.62
cons[负荷中标出力约束_24_59],6108.0109999999995
cons[负荷中标出力约束_24_60],6108.466
cons[负荷中标出力约束_24_61],6136.312
cons[负荷中标出力约束_24_62],6164.157999999999
cons[负荷中标出力约束_24_63],6164.157999999999
cons[负荷中标出力约束_24_64],6192.004000000002
cons[负荷中标出力约束_24_65],6200.103
cons[负荷中标出力约束_24_66],6219.85
cons[负荷中标出力约束_24_67],6219.85
cons[负荷中标出力约束_24_68],6219.85
cons[负荷中标出力约束_24_69],6219.85
cons[负荷中标出力约束_24_70],6219.85
cons[负荷中标出力约束_24_71],6242.236
cons[负荷中标出力约束_24_72],6246.148999999999
cons[负荷中标出力约束_24_73],6256.250000000003
cons[负荷中标出力约束_24_74],6287.7815
cons[负荷中标出力约束_24_75],6287.7815
cons[负荷中标出力约束_24_76],6246.148999999999
cons[负荷中标出力约束_24_77],6242.236
cons[负荷中标出力约束_24_78],6219.85
cons[负荷中标出力约束_24_79],6219.85
cons[负荷中标出力约束_24_80],6200.103
cons[负荷中标出力约束_24_81],6196.6905
cons[负荷中标出力约束_24_82],6192.004000000002
cons[负荷中标出力约束_24_83],6164.157999999999
cons[负荷中标出力约束_24_84],6164.157999999999
cons[负荷中标出力约束_24_85],6164.157999999999
cons[负荷中标出力约束_24_86],6164.157999999999
cons[负荷中标出力约束_24_87],6154.057000000001
cons[负荷中标出力约束_24_88],6108.466
cons[负荷中标出力约束_24_89],6080.62
cons[负荷中标出力约束_24_90],6052.774
cons[负荷中标出力约束_24_91],6024.928
cons[负荷中标出力约束_24_92],5979.974000000003
cons[负荷中标出力约束_24_93],5933.928
cons[负荷中标出力约束_24_94],5887.882
cons[负荷中标出力约束_24_95],5414.317999999999
cons[负荷中标出力约束_25_0],6210.204000000001
cons[负荷中标出力约束_25_1],6196.6905
cons[负荷中标出力约束_25_2],6154.057000000001
cons[负荷中标出力约束_25_3],6118.112
cons[负荷中标出力约束_25_4],6108.0109999999995
cons[负荷中标出力约束_25_5],5883.423000000001
cons[负荷中标出力约束_25_6],5810.349999999999
cons[负荷中标出力约束_25_7],5782.504
cons[负荷中标出力约束_25_8],5726.812
cons[负荷中标出力约束_25_9],5698.966
cons[负荷中标出力约束_25_10],5671.12
cons[负荷中标出力约束_25_11],5643.274
cons[负荷中标出力约束_25_12],-20000.0
cons[负荷中标出力约束_25_13],-20000.0
cons[负荷中标出力约束_25_14],-20000.0
cons[负荷中标出力约束_25_15],-20000.0
cons[负荷中标出力约束_25_16],-20000.0
cons[负荷中标出力约束_25_17],-20000.0
cons[负荷中标出力约束_25_18],-20000.0
cons[负荷中标出力约束_25_19],-20000.0
cons[负荷中标出力约束_25_20],-20000.0
cons[负荷中标出力约束_25_21],5317.767
cons[负荷中标出力约束_25_22],6108.0109999999995
cons[负荷中标出力约束_25_23],5726.812
cons[负荷中标出力约束_25_24],5754.657999999999
cons[负荷中标出力约束_25_25],5754.657999999999
cons[负荷中标出力约束_25_26],5887.882
cons[负荷中标出力约束_25_27],5979.974000000003
cons[负荷中标出力约束_25_28],6024.928
cons[负荷中标出力约束_25_29],6052.774
cons[负荷中标出力约束_25_30],6080.62
cons[负荷中标出力约束_25_31],6108.0109999999995
cons[负荷中标出力约束_25_32],6108.466
cons[负荷中标出力约束_25_33],6118.112
cons[负荷中标出力约束_25_34],6118.112
cons[负荷中标出力约束_25_35],6118.112
cons[负荷中标出力约束_25_36],6118.112
cons[负荷中标出力约束_25_37],6108.466
cons[负荷中标出力约束_25_38],6108.466
cons[负荷中标出力约束_25_39],6108.466
cons[负荷中标出力约束_25_40],6108.466
cons[负荷中标出力约束_25_41],6108.466
cons[负荷中标出力约束_25_42],6108.466
cons[负荷中标出力约束_25_43],6108.466
cons[负荷中标出力约束_25_44],6108.466
cons[负荷中标出力约束_25_45],6108.0109999999995
cons[负荷中标出力约束_25_46],6108.0109999999995
cons[负荷中标出力约束_25_47],6108.0109999999995
cons[负荷中标出力约束_25_48],6108.0109999999995
cons[负荷中标出力约束_25_49],6108.0109999999995
cons[负荷中标出力约束_25_50],6108.0109999999995
cons[负荷中标出力约束_25_51],6108.0109999999995
cons[负荷中标出力约束_25_52],6108.0109999999995
cons[负荷中标出力约束_25_53],6080.62
cons[负荷中标出力约束_25_54],6080.62
cons[负荷中标出力约束_25_55],6080.62
cons[负荷中标出力约束_25_56],6080.62
cons[负荷中标出力约束_25_57],6080.62
cons[负荷中标出力约束_25_58],6080.62
cons[负荷中标出力约束_25_59],6108.0109999999995
cons[负荷中标出力约束_25_60],6108.466
cons[负荷中标出力约束_25_61],6136.312
cons[负荷中标出力约束_25_62],6164.157999999999
cons[负荷中标出力约束_25_63],6164.157999999999
cons[负荷中标出力约束_25_64],6192.004000000002
cons[负荷中标出力约束_25_65],6200.103
cons[负荷中标出力约束_25_66],6219.85
cons[负荷中标出力约束_25_67],6219.85
cons[负荷中标出力约束_25_68],6219.85
cons[负荷中标出力约束_25_69],6219.85
cons[负荷中标出力约束_25_70],6219.85
cons[负荷中标出力约束_25_71],6242.236
cons[负荷中标出力约束_25_72],6246.148999999999
cons[负荷中标出力约束_25_73],6256.250000000003
cons[负荷中标出力约束_25_74],6287.7815
cons[负荷中标出力约束_25_75],6287.7815
cons[负荷中标出力约束_25_76],6246.148999999999
cons[负荷中标出力约束_25_77],6242.236
cons[负荷中标出力约束_25_78],6219.85
cons[负荷中标出力约束_25_79],6219.85
cons[负荷中标出力约束_25_80],6200.103
cons[负荷中标出力约束_25_81],6196.6905
cons[负荷中标出力约束_25_82],6192.004000000002
cons[负荷中标出力约束_25_83],6164.157999999999
cons[负荷中标出力约束_25_84],6164.157999999999
cons[负荷中标出力约束_25_85],6164.157999999999
cons[负荷中标出力约束_25_86],6164.157999999999
cons[负荷中标出力约束_25_87],6154.057000000001
cons[负荷中标出力约束_25_88],6108.466
cons[负荷中标出力约束_25_89],6080.62
cons[负荷中标出力约束_25_90],6052.774
cons[负荷中标出力约束_25_91],6024.928
cons[负荷中标出力约束_25_92],5979.974000000003
cons[负荷中标出力约束_25_93],5933.928
cons[负荷中标出力约束_25_94],5887.882
cons[负荷中标出力约束_25_95],5414.317999999999
cons[负荷中标出力约束_26_0],6210.204000000001
cons[负荷中标出力约束_26_1],6196.6905
cons[负荷中标出力约束_26_2],6154.057000000001
cons[负荷中标出力约束_26_3],6118.112
cons[负荷中标出力约束_26_4],6108.0109999999995
cons[负荷中标出力约束_26_5],5883.423000000001
cons[负荷中标出力约束_26_6],5810.349999999999
cons[负荷中标出力约束_26_7],5782.504
cons[负荷中标出力约束_26_8],5726.812
cons[负荷中标出力约束_26_9],5698.966
cons[负荷中标出力约束_26_10],5671.12
cons[负荷中标出力约束_26_11],5643.274
cons[负荷中标出力约束_26_12],-20000.0
cons[负荷中标出力约束_26_13],-20000.0
cons[负荷中标出力约束_26_14],-20000.0
cons[负荷中标出力约束_26_15],-20000.0
cons[负荷中标出力约束_26_16],-20000.0
cons[负荷中标出力约束_26_17],-20000.0
cons[负荷中标出力约束_26_18],-20000.0
cons[负荷中标出力约束_26_19],-20000.0
cons[负荷中标出力约束_26_20],-20000.0
cons[负荷中标出力约束_26_21],5317.767
cons[负荷中标出力约束_26_22],6108.0109999999995
cons[负荷中标出力约束_26_23],5726.812
cons[负荷中标出力约束_26_24],5754.657999999999
cons[负荷中标出力约束_26_25],5754.657999999999
cons[负荷中标出力约束_26_26],5887.882
cons[负荷中标出力约束_26_27],5979.974000000003
cons[负荷中标出力约束_26_28],6024.928
cons[负荷中标出力约束_26_29],6052.774
cons[负荷中标出力约束_26_30],6080.62
cons[负荷中标出力约束_26_31],6108.0109999999995
cons[负荷中标出力约束_26_32],6108.466
cons[负荷中标出力约束_26_33],6118.112
cons[负荷中标出力约束_26_34],6118.112
cons[负荷中标出力约束_26_35],6118.112
cons[负荷中标出力约束_26_36],6118.112
cons[负荷中标出力约束_26_37],6108.466
cons[负荷中标出力约束_26_38],6108.466
cons[负荷中标出力约束_26_39],6108.466
cons[负荷中标出力约束_26_40],6108.466
cons[负荷中标出力约束_26_41],6108.466
cons[负荷中标出力约束_26_42],6108.466
cons[负荷中标出力约束_26_43],6108.466
cons[负荷中标出力约束_26_44],6108.466
cons[负荷中标出力约束_26_45],6108.0109999999995
cons[负荷中标出力约束_26_46],6108.0109999999995
cons[负荷中标出力约束_26_47],6108.0109999999995
cons[负荷中标出力约束_26_48],6108.0109999999995
cons[负荷中标出力约束_26_49],6108.0109999999995
cons[负荷中标出力约束_26_50],6108.0109999999995
cons[负荷中标出力约束_26_51],6108.0109999999995
cons[负荷中标出力约束_26_52],6108.0109999999995
cons[负荷中标出力约束_26_53],6080.62
cons[负荷中标出力约束_26_54],6080.62
cons[负荷中标出力约束_26_55],6080.62
cons[负荷中标出力约束_26_56],6080.62
cons[负荷中标出力约束_26_57],6080.62
cons[负荷中标出力约束_26_58],6080.62
cons[负荷中标出力约束_26_59],6108.0109999999995
cons[负荷中标出力约束_26_60],6108.466
cons[负荷中标出力约束_26_61],6136.312
cons[负荷中标出力约束_26_62],6164.157999999999
cons[负荷中标出力约束_26_63],6164.157999999999
cons[负荷中标出力约束_26_64],6192.004000000002
cons[负荷中标出力约束_26_65],6200.103
cons[负荷中标出力约束_26_66],6219.85
cons[负荷中标出力约束_26_67],6219.85
cons[负荷中标出力约束_26_68],6219.85
cons[负荷中标出力约束_26_69],6219.85
cons[负荷中标出力约束_26_70],6219.85
cons[负荷中标出力约束_26_71],6242.236
cons[负荷中标出力约束_26_72],6246.148999999999
cons[负荷中标出力约束_26_73],6256.250000000003
cons[负荷中标出力约束_26_74],6287.7815
cons[负荷中标出力约束_26_75],6287.7815
cons[负荷中标出力约束_26_76],6246.148999999999
cons[负荷中标出力约束_26_77],6242.236
cons[负荷中标出力约束_26_78],6219.85
cons[负荷中标出力约束_26_79],6219.85
cons[负荷中标出力约束_26_80],6200.103
cons[负荷中标出力约束_26_81],6196.6905
cons[负荷中标出力约束_26_82],6192.004000000002
cons[负荷中标出力约束_26_83],6164.157999999999
cons[负荷中标出力约束_26_84],6164.157999999999
cons[负荷中标出力约束_26_85],6164.157999999999
cons[负荷中标出力约束_26_86],6164.157999999999
cons[负荷中标出力约束_26_87],6154.057000000001
cons[负荷中标出力约束_26_88],6108.466
cons[负荷中标出力约束_26_89],6080.62
cons[负荷中标出力约束_26_90],6052.774
cons[负荷中标出力约束_26_91],6024.928
cons[负荷中标出力约束_26_92],5979.974000000003
cons[负荷中标出力约束_26_93],5933.928
cons[负荷中标出力约束_26_94],5887.882
cons[负荷中标出力约束_26_95],5414.317999999999
cons[负荷中标出力约束_27_0],6210.204000000001
cons[负荷中标出力约束_27_1],6196.6905
cons[负荷中标出力约束_27_2],6154.057000000001
cons[负荷中标出力约束_27_3],6118.112
cons[负荷中标出力约束_27_4],6108.0109999999995
cons[负荷中标出力约束_27_5],5883.423000000001
cons[负荷中标出力约束_27_6],5810.349999999999
cons[负荷中标出力约束_27_7],5782.504
cons[负荷中标出力约束_27_8],5726.812
cons[负荷中标出力约束_27_9],5698.966
cons[负荷中标出力约束_27_10],5671.12
cons[负荷中标出力约束_27_11],5643.274
cons[负荷中标出力约束_27_12],-20000.0
cons[负荷中标出力约束_27_13],-20000.0
cons[负荷中标出力约束_27_14],-20000.0
cons[负荷中标出力约束_27_15],-20000.0
cons[负荷中标出力约束_27_16],-20000.0
cons[负荷中标出力约束_27_17],-20000.0
cons[负荷中标出力约束_27_18],-20000.0
cons[负荷中标出力约束_27_19],-20000.0
cons[负荷中标出力约束_27_20],-20000.0
cons[负荷中标出力约束_27_21],5317.767
cons[负荷中标出力约束_27_22],6108.0109999999995
cons[负荷中标出力约束_27_23],5726.812
cons[负荷中标出力约束_27_24],5754.657999999999
cons[负荷中标出力约束_27_25],5754.657999999999
cons[负荷中标出力约束_27_26],5887.882
cons[负荷中标出力约束_27_27],5979.974000000003
cons[负荷中标出力约束_27_28],6024.928
cons[负荷中标出力约束_27_29],6052.774
cons[负荷中标出力约束_27_30],6080.62
cons[负荷中标出力约束_27_31],6108.0109999999995
cons[负荷中标出力约束_27_32],6108.466
cons[负荷中标出力约束_27_33],6118.112
cons[负荷中标出力约束_27_34],6118.112
cons[负荷中标出力约束_27_35],6118.112
cons[负荷中标出力约束_27_36],6118.112
cons[负荷中标出力约束_27_37],6108.466
cons[负荷中标出力约束_27_38],6108.466
cons[负荷中标出力约束_27_39],6108.466
cons[负荷中标出力约束_27_40],6108.466
cons[负荷中标出力约束_27_41],6108.466
cons[负荷中标出力约束_27_42],6108.466
cons[负荷中标出力约束_27_43],6108.466
cons[负荷中标出力约束_27_44],6108.466
cons[负荷中标出力约束_27_45],6108.0109999999995
cons[负荷中标出力约束_27_46],6108.0109999999995
cons[负荷中标出力约束_27_47],6108.0109999999995
cons[负荷中标出力约束_27_48],6108.0109999999995
cons[负荷中标出力约束_27_49],6108.0109999999995
cons[负荷中标出力约束_27_50],6108.0109999999995
cons[负荷中标出力约束_27_51],6108.0109999999995
cons[负荷中标出力约束_27_52],6108.0109999999995
cons[负荷中标出力约束_27_53],6080.62
cons[负荷中标出力约束_27_54],6080.62
cons[负荷中标出力约束_27_55],6080.62
cons[负荷中标出力约束_27_56],6080.62
cons[负荷中标出力约束_27_57],6080.62
cons[负荷中标出力约束_27_58],6080.62
cons[负荷中标出力约束_27_59],6108.0109999999995
cons[负荷中标出力约束_27_60],6108.466
cons[负荷中标出力约束_27_61],6136.312
cons[负荷中标出力约束_27_62],6164.157999999999
cons[负荷中标出力约束_27_63],6164.157999999999
cons[负荷中标出力约束_27_64],6192.004000000002
cons[负荷中标出力约束_27_65],6200.103
cons[负荷中标出力约束_27_66],6219.85
cons[负荷中标出力约束_27_67],6219.85
cons[负荷中标出力约束_27_68],6219.85
cons[负荷中标出力约束_27_69],6219.85
cons[负荷中标出力约束_27_70],6219.85
cons[负荷中标出力约束_27_71],6242.236
cons[负荷中标出力约束_27_72],6246.148999999999
cons[负荷中标出力约束_27_73],6256.250000000003
cons[负荷中标出力约束_27_74],6287.7815
cons[负荷中标出力约束_27_75],6287.7815
cons[负荷中标出力约束_27_76],6246.148999999999
cons[负荷中标出力约束_27_77],6242.236
cons[负荷中标出力约束_27_78],6219.85
cons[负荷中标出力约束_27_79],6219.85
cons[负荷中标出力约束_27_80],6200.103
cons[负荷中标出力约束_27_81],6196.6905
cons[负荷中标出力约束_27_82],6192.004000000002
cons[负荷中标出力约束_27_83],6164.157999999999
cons[负荷中标出力约束_27_84],6164.157999999999
cons[负荷中标出力约束_27_85],6164.157999999999
cons[负荷中标出力约束_27_86],6164.157999999999
cons[负荷中标出力约束_27_87],6154.057000000001
cons[负荷中标出力约束_27_88],6108.466
cons[负荷中标出力约束_27_89],6080.62
cons[负荷中标出力约束_27_90],6052.774
cons[负荷中标出力约束_27_91],6024.928
cons[负荷中标出力约束_27_92],5979.974000000003
cons[负荷中标出力约束_27_93],5933.928
cons[负荷中标出力约束_27_94],5887.882
cons[负荷中标出力约束_27_95],5414.317999999999
cons[负荷中标出力约束_28_0],6210.204000000001
cons[负荷中标出力约束_28_1],6196.6905
cons[负荷中标出力约束_28_2],6154.057000000001
cons[负荷中标出力约束_28_3],6118.112
cons[负荷中标出力约束_28_4],6108.0109999999995
cons[负荷中标出力约束_28_5],5883.423000000001
cons[负荷中标出力约束_28_6],5810.349999999999
cons[负荷中标出力约束_28_7],5782.504
cons[负荷中标出力约束_28_8],5726.812
cons[负荷中标出力约束_28_9],5698.966
cons[负荷中标出力约束_28_10],5671.12
cons[负荷中标出力约束_28_11],5643.274
cons[负荷中标出力约束_28_12],-20000.0
cons[负荷中标出力约束_28_13],-20000.0
cons[负荷中标出力约束_28_14],-20000.0
cons[负荷中标出力约束_28_15],-20000.0
cons[负荷中标出力约束_28_16],-20000.0
cons[负荷中标出力约束_28_17],-20000.0
cons[负荷中标出力约束_28_18],-20000.0
cons[负荷中标出力约束_28_19],-20000.0
cons[负荷中标出力约束_28_20],-20000.0
cons[负荷中标出力约束_28_21],5317.767
cons[负荷中标出力约束_28_22],6108.0109999999995
cons[负荷中标出力约束_28_23],5726.812
cons[负荷中标出力约束_28_24],5754.657999999999
cons[负荷中标出力约束_28_25],5754.657999999999
cons[负荷中标出力约束_28_26],5887.882
cons[负荷中标出力约束_28_27],5979.974000000003
cons[负荷中标出力约束_28_28],6024.928
cons[负荷中标出力约束_28_29],6052.774
cons[负荷中标出力约束_28_30],6080.62
cons[负荷中标出力约束_28_31],6108.0109999999995
cons[负荷中标出力约束_28_32],6108.466
cons[负荷中标出力约束_28_33],6118.112
cons[负荷中标出力约束_28_34],6118.112
cons[负荷中标出力约束_28_35],6118.112
cons[负荷中标出力约束_28_36],6118.112
cons[负荷中标出力约束_28_37],6108.466
cons[负荷中标出力约束_28_38],6108.466
cons[负荷中标出力约束_28_39],6108.466
cons[负荷中标出力约束_28_40],6108.466
cons[负荷中标出力约束_28_41],6108.466
cons[负荷中标出力约束_28_42],6108.466
cons[负荷中标出力约束_28_43],6108.466
cons[负荷中标出力约束_28_44],6108.466
cons[负荷中标出力约束_28_45],6108.0109999999995
cons[负荷中标出力约束_28_46],6108.0109999999995
cons[负荷中标出力约束_28_47],6108.0109999999995
cons[负荷中标出力约束_28_48],6108.0109999999995
cons[负荷中标出力约束_28_49],6108.0109999999995
cons[负荷中标出力约束_28_50],6108.0109999999995
cons[负荷中标出力约束_28_51],6108.0109999999995
cons[负荷中标出力约束_28_52],6108.0109999999995
cons[负荷中标出力约束_28_53],6080.62
cons[负荷中标出力约束_28_54],6080.62
cons[负荷中标出力约束_28_55],6080.62
cons[负荷中标出力约束_28_56],6080.62
cons[负荷中标出力约束_28_57],6080.62
cons[负荷中标出力约束_28_58],6080.62
cons[负荷中标出力约束_28_59],6108.0109999999995
cons[负荷中标出力约束_28_60],6108.466
cons[负荷中标出力约束_28_61],6136.312
cons[负荷中标出力约束_28_62],6164.157999999999
cons[负荷中标出力约束_28_63],6164.157999999999
cons[负荷中标出力约束_28_64],6192.004000000002
cons[负荷中标出力约束_28_65],6200.103
cons[负荷中标出力约束_28_66],6219.85
cons[负荷中标出力约束_28_67],6219.85
cons[负荷中标出力约束_28_68],6219.85
cons[负荷中标出力约束_28_69],6219.85
cons[负荷中标出力约束_28_70],6219.85
cons[负荷中标出力约束_28_71],6242.236
cons[负荷中标出力约束_28_72],6246.148999999999
cons[负荷中标出力约束_28_73],6256.250000000003
cons[负荷中标出力约束_28_74],6287.7815
cons[负荷中标出力约束_28_75],6287.7815
cons[负荷中标出力约束_28_76],6246.148999999999
cons[负荷中标出力约束_28_77],6242.236
cons[负荷中标出力约束_28_78],6219.85
cons[负荷中标出力约束_28_79],6219.85
cons[负荷中标出力约束_28_80],6200.103
cons[负荷中标出力约束_28_81],6196.6905
cons[负荷中标出力约束_28_82],6192.004000000002
cons[负荷中标出力约束_28_83],6164.157999999999
cons[负荷中标出力约束_28_84],6164.157999999999
cons[负荷中标出力约束_28_85],6164.157999999999
cons[负荷中标出力约束_28_86],6164.157999999999
cons[负荷中标出力约束_28_87],6154.057000000001
cons[负荷中标出力约束_28_88],6108.466
cons[负荷中标出力约束_28_89],6080.62
cons[负荷中标出力约束_28_90],6052.774
cons[负荷中标出力约束_28_91],6024.928
cons[负荷中标出力约束_28_92],5979.974000000003
cons[负荷中标出力约束_28_93],5933.928
cons[负荷中标出力约束_28_94],5887.882
cons[负荷中标出力约束_28_95],5414.317999999999
cons[负荷中标出力约束_29_0],6210.204000000001
cons[负荷中标出力约束_29_1],6196.6905
cons[负荷中标出力约束_29_2],6154.057000000001
cons[负荷中标出力约束_29_3],6118.112
cons[负荷中标出力约束_29_4],6108.0109999999995
cons[负荷中标出力约束_29_5],5883.423000000001
cons[负荷中标出力约束_29_6],5810.349999999999
cons[负荷中标出力约束_29_7],5782.504
cons[负荷中标出力约束_29_8],5726.812
cons[负荷中标出力约束_29_9],5698.966
cons[负荷中标出力约束_29_10],5671.12
cons[负荷中标出力约束_29_11],5643.274
cons[负荷中标出力约束_29_12],-20000.0
cons[负荷中标出力约束_29_13],-20000.0
cons[负荷中标出力约束_29_14],-20000.0
cons[负荷中标出力约束_29_15],-20000.0
cons[负荷中标出力约束_29_16],-20000.0
cons[负荷中标出力约束_29_17],-20000.0
cons[负荷中标出力约束_29_18],-20000.0
cons[负荷中标出力约束_29_19],-20000.0
cons[负荷中标出力约束_29_20],-20000.0
cons[负荷中标出力约束_29_21],5317.767
cons[负荷中标出力约束_29_22],6108.0109999999995
cons[负荷中标出力约束_29_23],5726.812
cons[负荷中标出力约束_29_24],5754.657999999999
cons[负荷中标出力约束_29_25],5754.657999999999
cons[负荷中标出力约束_29_26],5887.882
cons[负荷中标出力约束_29_27],5979.974000000003
cons[负荷中标出力约束_29_28],6024.928
cons[负荷中标出力约束_29_29],6052.774
cons[负荷中标出力约束_29_30],6080.62
cons[负荷中标出力约束_29_31],6108.0109999999995
cons[负荷中标出力约束_29_32],6108.466
cons[负荷中标出力约束_29_33],6118.112
cons[负荷中标出力约束_29_34],6118.112
cons[负荷中标出力约束_29_35],6118.112
cons[负荷中标出力约束_29_36],6118.112
cons[负荷中标出力约束_29_37],6108.466
cons[负荷中标出力约束_29_38],6108.466
cons[负荷中标出力约束_29_39],6108.466
cons[负荷中标出力约束_29_40],6108.466
cons[负荷中标出力约束_29_41],6108.466
cons[负荷中标出力约束_29_42],6108.466
cons[负荷中标出力约束_29_43],6108.466
cons[负荷中标出力约束_29_44],6108.466
cons[负荷中标出力约束_29_45],6108.0109999999995
cons[负荷中标出力约束_29_46],6108.0109999999995
cons[负荷中标出力约束_29_47],6108.0109999999995
cons[负荷中标出力约束_29_48],6108.0109999999995
cons[负荷中标出力约束_29_49],6108.0109999999995
cons[负荷中标出力约束_29_50],6108.0109999999995
cons[负荷中标出力约束_29_51],6108.0109999999995
cons[负荷中标出力约束_29_52],6108.0109999999995
cons[负荷中标出力约束_29_53],6080.62
cons[负荷中标出力约束_29_54],6080.62
cons[负荷中标出力约束_29_55],6080.62
cons[负荷中标出力约束_29_56],6080.62
cons[负荷中标出力约束_29_57],6080.62
cons[负荷中标出力约束_29_58],6080.62
cons[负荷中标出力约束_29_59],6108.0109999999995
cons[负荷中标出力约束_29_60],6108.466
cons[负荷中标出力约束_29_61],6136.312
cons[负荷中标出力约束_29_62],6164.157999999999
cons[负荷中标出力约束_29_63],6164.157999999999
cons[负荷中标出力约束_29_64],6192.004000000002
cons[负荷中标出力约束_29_65],6200.103
cons[负荷中标出力约束_29_66],6219.85
cons[负荷中标出力约束_29_67],6219.85
cons[负荷中标出力约束_29_68],6219.85
cons[负荷中标出力约束_29_69],6219.85
cons[负荷中标出力约束_29_70],6219.85
cons[负荷中标出力约束_29_71],6242.236
cons[负荷中标出力约束_29_72],6246.148999999999
cons[负荷中标出力约束_29_73],6256.250000000003
cons[负荷中标出力约束_29_74],6287.7815
cons[负荷中标出力约束_29_75],6287.7815
cons[负荷中标出力约束_29_76],6246.148999999999
cons[负荷中标出力约束_29_77],6242.236
cons[负荷中标出力约束_29_78],6219.85
cons[负荷中标出力约束_29_79],6219.85
cons[负荷中标出力约束_29_80],6200.103
cons[负荷中标出力约束_29_81],6196.6905
cons[负荷中标出力约束_29_82],6192.004000000002
cons[负荷中标出力约束_29_83],6164.157999999999
cons[负荷中标出力约束_29_84],6164.157999999999
cons[负荷中标出力约束_29_85],6164.157999999999
cons[负荷中标出力约束_29_86],6164.157999999999
cons[负荷中标出力约束_29_87],6154.057000000001
cons[负荷中标出力约束_29_88],6108.466
cons[负荷中标出力约束_29_89],6080.62
cons[负荷中标出力约束_29_90],6052.774
cons[负荷中标出力约束_29_91],6024.928
cons[负荷中标出力约束_29_92],5979.974000000003
cons[负荷中标出力约束_29_93],5933.928
cons[负荷中标出力约束_29_94],5887.882
cons[负荷中标出力约束_29_95],5414.317999999999
cons[系统功率平衡约束_0],-6210.204000000001
cons[线路潮流计算_0_0],0.0
cons[线路潮流约束_0_0],0.0
cons[线路潮流约束_neg_0_0],0.0
cons[线路潮流计算_1_0],0.0
cons[线路潮流约束_1_0],0.0
cons[线路潮流约束_neg_1_0],0.0
cons[线路潮流计算_2_0],0.0
cons[线路潮流约束_2_0],0.0
cons[线路潮流约束_neg_2_0],0.0
cons[线路潮流计算_3_0],0.0
cons[线路潮流约束_3_0],0.0
cons[线路潮流约束_neg_3_0],0.0
cons[线路潮流计算_4_0],0.0
cons[线路潮流约束_4_0],0.0
cons[线路潮流约束_neg_4_0],0.0
cons[线路潮流计算_5_0],0.0
cons[线路潮流约束_5_0],0.0
cons[线路潮流约束_neg_5_0],0.0
cons[线路潮流计算_6_0],0.0
cons[线路潮流约束_6_0],0.0
cons[线路潮流约束_neg_6_0],0.0
cons[线路潮流计算_7_0],0.0
cons[线路潮流约束_7_0],0.0
cons[线路潮流约束_neg_7_0],0.0
cons[线路潮流计算_8_0],0.0
cons[线路潮流约束_8_0],0.0
cons[线路潮流约束_neg_8_0],0.0
cons[线路潮流计算_9_0],0.0
cons[线路潮流约束_9_0],0.0
cons[线路潮流约束_neg_9_0],0.0
cons[线路潮流计算_10_0],0.0
cons[线路潮流约束_10_0],0.0
cons[线路潮流约束_neg_10_0],0.0
cons[线路潮流计算_11_0],0.0
cons[线路潮流约束_11_0],0.0
cons[线路潮流约束_neg_11_0],0.0
cons[线路潮流计算_12_0],0.0
cons[线路潮流约束_12_0],0.0
cons[线路潮流约束_neg_12_0],0.0
cons[线路潮流计算_13_0],0.0
cons[线路潮流约束_13_0],0.0
cons[线路潮流约束_neg_13_0],0.0
cons[线路潮流计算_14_0],0.0
cons[线路潮流约束_14_0],0.0
cons[线路潮流约束_neg_14_0],0.0
cons[线路潮流计算_15_0],0.0
cons[线路潮流约束_15_0],0.0
cons[线路潮流约束_neg_15_0],0.0
cons[线路潮流计算_16_0],0.0
cons[线路潮流约束_16_0],0.0
cons[线路潮流约束_neg_16_0],0.0
cons[线路潮流计算_17_0],0.0
cons[线路潮流约束_17_0],0.0
cons[线路潮流约束_neg_17_0],0.0
cons[线路潮流计算_18_0],0.0
cons[线路潮流约束_18_0],0.0
cons[线路潮流约束_neg_18_0],0.0
cons[线路潮流计算_19_0],0.0
cons[线路潮流约束_19_0],0.0
cons[线路潮流约束_neg_19_0],0.0
cons[线路潮流计算_20_0],0.0
cons[线路潮流约束_20_0],0.0
cons[线路潮流约束_neg_20_0],0.0
cons[线路潮流计算_21_0],0.0
cons[线路潮流约束_21_0],0.0
cons[线路潮流约束_neg_21_0],0.0
cons[线路潮流计算_22_0],0.0
cons[线路潮流约束_22_0],0.0
cons[线路潮流约束_neg_22_0],0.0
cons[线路潮流计算_23_0],0.0
cons[线路潮流约束_23_0],0.0
cons[线路潮流约束_neg_23_0],0.0
cons[线路潮流计算_24_0],0.0
cons[线路潮流约束_24_0],0.0
cons[线路潮流约束_neg_24_0],0.0
cons[线路潮流计算_25_0],0.0
cons[线路潮流约束_25_0],0.0
cons[线路潮流约束_neg_25_0],0.0
cons[线路潮流计算_26_0],0.0
cons[线路潮流约束_26_0],0.0
cons[线路潮流约束_neg_26_0],0.0
cons[线路潮流计算_27_0],0.0
cons[线路潮流约束_27_0],0.0
cons[线路潮流约束_neg_27_0],0.0
cons[线路潮流计算_28_0],0.0
cons[线路潮流约束_28_0],0.0
cons[线路潮流约束_neg_28_0],0.0
cons[线路潮流计算_29_0],0.0
cons[线路潮流约束_29_0],0.0
cons[线路潮流约束_neg_29_0],0.0
cons[线路潮流计算_30_0],0.0
cons[线路潮流约束_30_0],0.0
cons[线路潮流约束_neg_30_0],0.0
cons[线路潮流计算_31_0],0.0
cons[线路潮流约束_31_0],0.0
cons[线路潮流约束_neg_31_0],0.0
cons[线路潮流计算_32_0],0.0
cons[线路潮流约束_32_0],0.0
cons[线路潮流约束_neg_32_0],0.0
cons[线路潮流计算_33_0],0.0
cons[线路潮流约束_33_0],0.0
cons[线路潮流约束_neg_33_0],0.0
cons[线路潮流计算_34_0],0.0
cons[线路潮流约束_34_0],0.0
cons[线路潮流约束_neg_34_0],0.0
cons[线路潮流计算_35_0],0.0
cons[线路潮流约束_35_0],0.0
cons[线路潮流约束_neg_35_0],0.0
cons[线路潮流计算_36_0],0.0
cons[线路潮流约束_36_0],0.0
cons[线路潮流约束_neg_36_0],0.0
cons[线路潮流计算_37_0],0.0
cons[线路潮流约束_37_0],0.0
cons[线路潮流约束_neg_37_0],0.0
cons[线路潮流计算_38_0],0.0
cons[线路潮流约束_38_0],0.0
cons[线路潮流约束_neg_38_0],0.0
cons[线路潮流计算_39_0],0.0
cons[线路潮流约束_39_0],0.0
cons[线路潮流约束_neg_39_0],0.0
cons[线路潮流计算_40_0],0.0
cons[线路潮流约束_40_0],0.0
cons[线路潮流约束_neg_40_0],0.0
cons[线路潮流计算_41_0],0.0
cons[线路潮流约束_41_0],0.0
cons[线路潮流约束_neg_41_0],0.0
cons[线路潮流计算_42_0],0.0
cons[线路潮流约束_42_0],0.0
cons[线路潮流约束_neg_42_0],0.0
cons[线路潮流计算_43_0],0.0
cons[线路潮流约束_43_0],0.0
cons[线路潮流约束_neg_43_0],0.0
cons[线路潮流计算_44_0],0.0
cons[线路潮流约束_44_0],0.0
cons[线路潮流约束_neg_44_0],0.0
cons[线路潮流计算_45_0],0.0
cons[线路潮流约束_45_0],0.0
cons[线路潮流约束_neg_45_0],0.0
cons[线路潮流计算_46_0],0.0
cons[线路潮流约束_46_0],0.0
cons[线路潮流约束_neg_46_0],0.0
cons[线路潮流计算_47_0],0.0
cons[线路潮流约束_47_0],0.0
cons[线路潮流约束_neg_47_0],0.0
cons[线路潮流计算_48_0],0.0
cons[线路潮流约束_48_0],0.0
cons[线路潮流约束_neg_48_0],0.0
cons[线路潮流计算_49_0],0.0
cons[线路潮流约束_49_0],0.0
cons[线路潮流约束_neg_49_0],0.0
cons[线路潮流计算_50_0],0.0
cons[线路潮流约束_50_0],0.0
cons[线路潮流约束_neg_50_0],0.0
cons[线路潮流计算_51_0],0.0
cons[线路潮流约束_51_0],0.0
cons[线路潮流约束_neg_51_0],0.0
cons[线路潮流计算_52_0],0.0
cons[线路潮流约束_52_0],0.0
cons[线路潮流约束_neg_52_0],0.0
cons[线路潮流计算_53_0],0.0
cons[线路潮流约束_53_0],0.0
cons[线路潮流约束_neg_53_0],0.0
cons[线路潮流计算_54_0],0.0
cons[线路潮流约束_54_0],0.0
cons[线路潮流约束_neg_54_0],0.0
cons[线路潮流计算_55_0],0.0
cons[线路潮流约束_55_0],0.0
cons[线路潮流约束_neg_55_0],0.0
cons[线路潮流计算_56_0],0.0
cons[线路潮流约束_56_0],0.0
cons[线路潮流约束_neg_56_0],0.0
cons[线路潮流计算_57_0],0.0
cons[线路潮流约束_57_0],0.0
cons[线路潮流约束_neg_57_0],0.0
cons[线路潮流计算_58_0],0.0
cons[线路潮流约束_58_0],0.0
cons[线路潮流约束_neg_58_0],0.0
cons[线路潮流计算_59_0],0.0
cons[线路潮流约束_59_0],0.0
cons[线路潮流约束_neg_59_0],0.0
cons[线路潮流计算_60_0],0.0
cons[线路潮流约束_60_0],0.0
cons[线路潮流约束_neg_60_0],0.0
cons[线路潮流计算_61_0],0.0
cons[线路潮流约束_61_0],0.0
cons[线路潮流约束_neg_61_0],0.0
cons[线路潮流计算_62_0],0.0
cons[线路潮流约束_62_0],0.0
cons[线路潮流约束_neg_62_0],0.0
cons[线路潮流计算_63_0],0.0
cons[线路潮流约束_63_0],0.0
cons[线路潮流约束_neg_63_0],0.0
cons[线路潮流计算_64_0],0.0
cons[线路潮流约束_64_0],0.0
cons[线路潮流约束_neg_64_0],0.0
cons[线路潮流计算_65_0],0.0
cons[线路潮流约束_65_0],0.0
cons[线路潮流约束_neg_65_0],0.0
cons[线路潮流计算_66_0],0.0
cons[线路潮流约束_66_0],0.0
cons[线路潮流约束_neg_66_0],0.0
cons[线路潮流计算_67_0],0.0
cons[线路潮流约束_67_0],0.0
cons[线路潮流约束_neg_67_0],0.0
cons[线路潮流计算_68_0],0.0
cons[线路潮流约束_68_0],0.0
cons[线路潮流约束_neg_68_0],0.0
cons[线路潮流计算_69_0],0.0
cons[线路潮流约束_69_0],0.0
cons[线路潮流约束_neg_69_0],0.0
cons[线路潮流计算_70_0],0.0
cons[线路潮流约束_70_0],0.0
cons[线路潮流约束_neg_70_0],0.0
cons[线路潮流计算_71_0],0.0
cons[线路潮流约束_71_0],0.0
cons[线路潮流约束_neg_71_0],0.0
cons[线路潮流计算_72_0],0.0
cons[线路潮流约束_72_0],0.0
cons[线路潮流约束_neg_72_0],0.0
cons[线路潮流计算_73_0],0.0
cons[线路潮流约束_73_0],0.0
cons[线路潮流约束_neg_73_0],0.0
cons[线路潮流计算_74_0],0.0
cons[线路潮流约束_74_0],0.0
cons[线路潮流约束_neg_74_0],0.0
cons[线路潮流计算_75_0],0.0
cons[线路潮流约束_75_0],0.0
cons[线路潮流约束_neg_75_0],0.0
cons[线路潮流计算_76_0],0.0
cons[线路潮流约束_76_0],0.0
cons[线路潮流约束_neg_76_0],0.0
cons[正备用约束_0],0.0
cons[负备用约束_0],0.0
cons[系统功率平衡约束_1],-6196.6905
cons[线路潮流计算_0_1],0.0
cons[线路潮流约束_0_1],0.0
cons[线路潮流约束_neg_0_1],0.0
cons[线路潮流计算_1_1],0.0
cons[线路潮流约束_1_1],0.0
cons[线路潮流约束_neg_1_1],0.0
cons[线路潮流计算_2_1],0.0
cons[线路潮流约束_2_1],0.0
cons[线路潮流约束_neg_2_1],0.0
cons[线路潮流计算_3_1],0.0
cons[线路潮流约束_3_1],0.0
cons[线路潮流约束_neg_3_1],0.0
cons[线路潮流计算_4_1],0.0
cons[线路潮流约束_4_1],0.0
cons[线路潮流约束_neg_4_1],0.0
cons[线路潮流计算_5_1],0.0
cons[线路潮流约束_5_1],0.0
cons[线路潮流约束_neg_5_1],0.0
cons[线路潮流计算_6_1],0.0
cons[线路潮流约束_6_1],0.0
cons[线路潮流约束_neg_6_1],0.0
cons[线路潮流计算_7_1],0.0
cons[线路潮流约束_7_1],0.0
cons[线路潮流约束_neg_7_1],0.0
cons[线路潮流计算_8_1],0.0
cons[线路潮流约束_8_1],0.0
cons[线路潮流约束_neg_8_1],0.0
cons[线路潮流计算_9_1],0.0
cons[线路潮流约束_9_1],0.0
cons[线路潮流约束_neg_9_1],0.0
cons[线路潮流计算_10_1],0.0
cons[线路潮流约束_10_1],0.0
cons[线路潮流约束_neg_10_1],0.0
cons[线路潮流计算_11_1],0.0
cons[线路潮流约束_11_1],0.0
cons[线路潮流约束_neg_11_1],0.0
cons[线路潮流计算_12_1],0.0
cons[线路潮流约束_12_1],0.0
cons[线路潮流约束_neg_12_1],0.0
cons[线路潮流计算_13_1],0.0
cons[线路潮流约束_13_1],0.0
cons[线路潮流约束_neg_13_1],0.0
cons[线路潮流计算_14_1],0.0
cons[线路潮流约束_14_1],0.0
cons[线路潮流约束_neg_14_1],0.0
cons[线路潮流计算_15_1],0.0
cons[线路潮流约束_15_1],0.0
cons[线路潮流约束_neg_15_1],0.0
cons[线路潮流计算_16_1],0.0
cons[线路潮流约束_16_1],0.0
cons[线路潮流约束_neg_16_1],0.0
cons[线路潮流计算_17_1],0.0
cons[线路潮流约束_17_1],0.0
cons[线路潮流约束_neg_17_1],0.0
cons[线路潮流计算_18_1],0.0
cons[线路潮流约束_18_1],0.0
cons[线路潮流约束_neg_18_1],0.0
cons[线路潮流计算_19_1],0.0
cons[线路潮流约束_19_1],0.0
cons[线路潮流约束_neg_19_1],0.0
cons[线路潮流计算_20_1],0.0
cons[线路潮流约束_20_1],0.0
cons[线路潮流约束_neg_20_1],0.0
cons[线路潮流计算_21_1],0.0
cons[线路潮流约束_21_1],0.0
cons[线路潮流约束_neg_21_1],0.0
cons[线路潮流计算_22_1],0.0
cons[线路潮流约束_22_1],0.0
cons[线路潮流约束_neg_22_1],0.0
cons[线路潮流计算_23_1],0.0
cons[线路潮流约束_23_1],0.0
cons[线路潮流约束_neg_23_1],0.0
cons[线路潮流计算_24_1],0.0
cons[线路潮流约束_24_1],0.0
cons[线路潮流约束_neg_24_1],0.0
cons[线路潮流计算_25_1],0.0
cons[线路潮流约束_25_1],0.0
cons[线路潮流约束_neg_25_1],0.0
cons[线路潮流计算_26_1],0.0
cons[线路潮流约束_26_1],0.0
cons[线路潮流约束_neg_26_1],0.0
cons[线路潮流计算_27_1],0.0
cons[线路潮流约束_27_1],0.0
cons[线路潮流约束_neg_27_1],0.0
cons[线路潮流计算_28_1],0.0
cons[线路潮流约束_28_1],0.0
cons[线路潮流约束_neg_28_1],0.0
cons[线路潮流计算_29_1],0.0
cons[线路潮流约束_29_1],0.0
cons[线路潮流约束_neg_29_1],0.0
cons[线路潮流计算_30_1],0.0
cons[线路潮流约束_30_1],0.0
cons[线路潮流约束_neg_30_1],0.0
cons[线路潮流计算_31_1],0.0
cons[线路潮流约束_31_1],0.0
cons[线路潮流约束_neg_31_1],0.0
cons[线路潮流计算_32_1],0.0
cons[线路潮流约束_32_1],0.0
cons[线路潮流约束_neg_32_1],0.0
cons[线路潮流计算_33_1],0.0
cons[线路潮流约束_33_1],0.0
cons[线路潮流约束_neg_33_1],0.0
cons[线路潮流计算_34_1],0.0
cons[线路潮流约束_34_1],0.0
cons[线路潮流约束_neg_34_1],0.0
cons[线路潮流计算_35_1],0.0
cons[线路潮流约束_35_1],0.0
cons[线路潮流约束_neg_35_1],0.0
cons[线路潮流计算_36_1],0.0
cons[线路潮流约束_36_1],0.0
cons[线路潮流约束_neg_36_1],0.0
cons[线路潮流计算_37_1],0.0
cons[线路潮流约束_37_1],0.0
cons[线路潮流约束_neg_37_1],0.0
cons[线路潮流计算_38_1],0.0
cons[线路潮流约束_38_1],0.0
cons[线路潮流约束_neg_38_1],0.0
cons[线路潮流计算_39_1],0.0
cons[线路潮流约束_39_1],0.0
cons[线路潮流约束_neg_39_1],0.0
cons[线路潮流计算_40_1],0.0
cons[线路潮流约束_40_1],0.0
cons[线路潮流约束_neg_40_1],0.0
cons[线路潮流计算_41_1],0.0
cons[线路潮流约束_41_1],0.0
cons[线路潮流约束_neg_41_1],0.0
cons[线路潮流计算_42_1],0.0
cons[线路潮流约束_42_1],0.0
cons[线路潮流约束_neg_42_1],0.0
cons[线路潮流计算_43_1],0.0
cons[线路潮流约束_43_1],0.0
cons[线路潮流约束_neg_43_1],0.0
cons[线路潮流计算_44_1],0.0
cons[线路潮流约束_44_1],0.0
cons[线路潮流约束_neg_44_1],0.0
cons[线路潮流计算_45_1],0.0
cons[线路潮流约束_45_1],0.0
cons[线路潮流约束_neg_45_1],0.0
cons[线路潮流计算_46_1],0.0
cons[线路潮流约束_46_1],0.0
cons[线路潮流约束_neg_46_1],0.0
cons[线路潮流计算_47_1],0.0
cons[线路潮流约束_47_1],0.0
cons[线路潮流约束_neg_47_1],0.0
cons[线路潮流计算_48_1],0.0
cons[线路潮流约束_48_1],0.0
cons[线路潮流约束_neg_48_1],0.0
cons[线路潮流计算_49_1],0.0
cons[线路潮流约束_49_1],0.0
cons[线路潮流约束_neg_49_1],0.0
cons[线路潮流计算_50_1],0.0
cons[线路潮流约束_50_1],0.0
cons[线路潮流约束_neg_50_1],0.0
cons[线路潮流计算_51_1],0.0
cons[线路潮流约束_51_1],0.0
cons[线路潮流约束_neg_51_1],0.0
cons[线路潮流计算_52_1],0.0
cons[线路潮流约束_52_1],0.0
cons[线路潮流约束_neg_52_1],0.0
cons[线路潮流计算_53_1],0.0
cons[线路潮流约束_53_1],0.0
cons[线路潮流约束_neg_53_1],0.0
cons[线路潮流计算_54_1],0.0
cons[线路潮流约束_54_1],0.0
cons[线路潮流约束_neg_54_1],0.0
cons[线路潮流计算_55_1],0.0
cons[线路潮流约束_55_1],0.0
cons[线路潮流约束_neg_55_1],0.0
cons[线路潮流计算_56_1],0.0
cons[线路潮流约束_56_1],0.0
cons[线路潮流约束_neg_56_1],0.0
cons[线路潮流计算_57_1],0.0
cons[线路潮流约束_57_1],0.0
cons[线路潮流约束_neg_57_1],0.0
cons[线路潮流计算_58_1],0.0
cons[线路潮流约束_58_1],0.0
cons[线路潮流约束_neg_58_1],0.0
cons[线路潮流计算_59_1],0.0
cons[线路潮流约束_59_1],0.0
cons[线路潮流约束_neg_59_1],0.0
cons[线路潮流计算_60_1],0.0
cons[线路潮流约束_60_1],0.0
cons[线路潮流约束_neg_60_1],0.0
cons[线路潮流计算_61_1],0.0
cons[线路潮流约束_61_1],0.0
cons[线路潮流约束_neg_61_1],0.0
cons[线路潮流计算_62_1],0.0
cons[线路潮流约束_62_1],0.0
cons[线路潮流约束_neg_62_1],0.0
cons[线路潮流计算_63_1],0.0
cons[线路潮流约束_63_1],0.0
cons[线路潮流约束_neg_63_1],0.0
cons[线路潮流计算_64_1],0.0
cons[线路潮流约束_64_1],0.0
cons[线路潮流约束_neg_64_1],0.0
cons[线路潮流计算_65_1],0.0
cons[线路潮流约束_65_1],0.0
cons[线路潮流约束_neg_65_1],0.0
cons[线路潮流计算_66_1],0.0
cons[线路潮流约束_66_1],0.0
cons[线路潮流约束_neg_66_1],0.0
cons[线路潮流计算_67_1],0.0
cons[线路潮流约束_67_1],0.0
cons[线路潮流约束_neg_67_1],0.0
cons[线路潮流计算_68_1],0.0
cons[线路潮流约束_68_1],0.0
cons[线路潮流约束_neg_68_1],0.0
cons[线路潮流计算_69_1],0.0
cons[线路潮流约束_69_1],0.0
cons[线路潮流约束_neg_69_1],0.0
cons[线路潮流计算_70_1],0.0
cons[线路潮流约束_70_1],0.0
cons[线路潮流约束_neg_70_1],0.0
cons[线路潮流计算_71_1],0.0
cons[线路潮流约束_71_1],0.0
cons[线路潮流约束_neg_71_1],0.0
cons[线路潮流计算_72_1],0.0
cons[线路潮流约束_72_1],0.0
cons[线路潮流约束_neg_72_1],0.0
cons[线路潮流计算_73_1],0.0
cons[线路潮流约束_73_1],0.0
cons[线路潮流约束_neg_73_1],0.0
cons[线路潮流计算_74_1],0.0
cons[线路潮流约束_74_1],0.0
cons[线路潮流约束_neg_74_1],0.0
cons[线路潮流计算_75_1],0.0
cons[线路潮流约束_75_1],0.0
cons[线路潮流约束_neg_75_1],0.0
cons[线路潮流计算_76_1],0.0
cons[线路潮流约束_76_1],0.0
cons[线路潮流约束_neg_76_1],0.0
cons[正备用约束_1],0.0
cons[负备用约束_1],0.0
cons[系统功率平衡约束_2],-6154.057000000001
cons[线路潮流计算_0_2],0.0
cons[线路潮流约束_0_2],0.0
cons[线路潮流约束_neg_0_2],0.0
cons[线路潮流计算_1_2],0.0
cons[线路潮流约束_1_2],0.0
cons[线路潮流约束_neg_1_2],0.0
cons[线路潮流计算_2_2],0.0
cons[线路潮流约束_2_2],0.0
cons[线路潮流约束_neg_2_2],0.0
cons[线路潮流计算_3_2],0.0
cons[线路潮流约束_3_2],0.0
cons[线路潮流约束_neg_3_2],0.0
cons[线路潮流计算_4_2],0.0
cons[线路潮流约束_4_2],0.0
cons[线路潮流约束_neg_4_2],0.0
cons[线路潮流计算_5_2],0.0
cons[线路潮流约束_5_2],0.0
cons[线路潮流约束_neg_5_2],0.0
cons[线路潮流计算_6_2],0.0
cons[线路潮流约束_6_2],0.0
cons[线路潮流约束_neg_6_2],0.0
cons[线路潮流计算_7_2],0.0
cons[线路潮流约束_7_2],0.0
cons[线路潮流约束_neg_7_2],0.0
cons[线路潮流计算_8_2],0.0
cons[线路潮流约束_8_2],0.0
cons[线路潮流约束_neg_8_2],0.0
cons[线路潮流计算_9_2],0.0
cons[线路潮流约束_9_2],0.0
cons[线路潮流约束_neg_9_2],0.0
cons[线路潮流计算_10_2],0.0
cons[线路潮流约束_10_2],0.0
cons[线路潮流约束_neg_10_2],0.0
cons[线路潮流计算_11_2],0.0
cons[线路潮流约束_11_2],0.0
cons[线路潮流约束_neg_11_2],0.0
cons[线路潮流计算_12_2],0.0
cons[线路潮流约束_12_2],0.0
cons[线路潮流约束_neg_12_2],0.0
cons[线路潮流计算_13_2],0.0
cons[线路潮流约束_13_2],0.0
cons[线路潮流约束_neg_13_2],0.0
cons[线路潮流计算_14_2],0.0
cons[线路潮流约束_14_2],0.0
cons[线路潮流约束_neg_14_2],0.0
cons[线路潮流计算_15_2],0.0
cons[线路潮流约束_15_2],0.0
cons[线路潮流约束_neg_15_2],0.0
cons[线路潮流计算_16_2],0.0
cons[线路潮流约束_16_2],0.0
cons[线路潮流约束_neg_16_2],0.0
cons[线路潮流计算_17_2],0.0
cons[线路潮流约束_17_2],0.0
cons[线路潮流约束_neg_17_2],0.0
cons[线路潮流计算_18_2],0.0
cons[线路潮流约束_18_2],0.0
cons[线路潮流约束_neg_18_2],0.0
cons[线路潮流计算_19_2],0.0
cons[线路潮流约束_19_2],0.0
cons[线路潮流约束_neg_19_2],0.0
cons[线路潮流计算_20_2],0.0
cons[线路潮流约束_20_2],0.0
cons[线路潮流约束_neg_20_2],0.0
cons[线路潮流计算_21_2],0.0
cons[线路潮流约束_21_2],0.0
cons[线路潮流约束_neg_21_2],0.0
cons[线路潮流计算_22_2],0.0
cons[线路潮流约束_22_2],0.0
cons[线路潮流约束_neg_22_2],0.0
cons[线路潮流计算_23_2],0.0
cons[线路潮流约束_23_2],0.0
cons[线路潮流约束_neg_23_2],0.0
cons[线路潮流计算_24_2],0.0
cons[线路潮流约束_24_2],0.0
cons[线路潮流约束_neg_24_2],0.0
cons[线路潮流计算_25_2],0.0
cons[线路潮流约束_25_2],0.0
cons[线路潮流约束_neg_25_2],0.0
cons[线路潮流计算_26_2],0.0
cons[线路潮流约束_26_2],0.0
cons[线路潮流约束_neg_26_2],0.0
cons[线路潮流计算_27_2],0.0
cons[线路潮流约束_27_2],0.0
cons[线路潮流约束_neg_27_2],0.0
cons[线路潮流计算_28_2],0.0
cons[线路潮流约束_28_2],0.0
cons[线路潮流约束_neg_28_2],0.0
cons[线路潮流计算_29_2],0.0
cons[线路潮流约束_29_2],0.0
cons[线路潮流约束_neg_29_2],0.0
cons[线路潮流计算_30_2],0.0
cons[线路潮流约束_30_2],0.0
cons[线路潮流约束_neg_30_2],0.0
cons[线路潮流计算_31_2],0.0
cons[线路潮流约束_31_2],0.0
cons[线路潮流约束_neg_31_2],0.0
cons[线路潮流计算_32_2],0.0
cons[线路潮流约束_32_2],0.0
cons[线路潮流约束_neg_32_2],0.0
cons[线路潮流计算_33_2],0.0
cons[线路潮流约束_33_2],0.0
cons[线路潮流约束_neg_33_2],0.0
cons[线路潮流计算_34_2],0.0
cons[线路潮流约束_34_2],0.0
cons[线路潮流约束_neg_34_2],0.0
cons[线路潮流计算_35_2],0.0
cons[线路潮流约束_35_2],0.0
cons[线路潮流约束_neg_35_2],0.0
cons[线路潮流计算_36_2],0.0
cons[线路潮流约束_36_2],0.0
cons[线路潮流约束_neg_36_2],0.0
cons[线路潮流计算_37_2],0.0
cons[线路潮流约束_37_2],0.0
cons[线路潮流约束_neg_37_2],0.0
cons[线路潮流计算_38_2],0.0
cons[线路潮流约束_38_2],0.0
cons[线路潮流约束_neg_38_2],0.0
cons[线路潮流计算_39_2],0.0
cons[线路潮流约束_39_2],0.0
cons[线路潮流约束_neg_39_2],0.0
cons[线路潮流计算_40_2],0.0
cons[线路潮流约束_40_2],0.0
cons[线路潮流约束_neg_40_2],0.0
cons[线路潮流计算_41_2],0.0
cons[线路潮流约束_41_2],0.0
cons[线路潮流约束_neg_41_2],0.0
cons[线路潮流计算_42_2],0.0
cons[线路潮流约束_42_2],0.0
cons[线路潮流约束_neg_42_2],0.0
cons[线路潮流计算_43_2],0.0
cons[线路潮流约束_43_2],0.0
cons[线路潮流约束_neg_43_2],0.0
cons[线路潮流计算_44_2],0.0
cons[线路潮流约束_44_2],0.0
cons[线路潮流约束_neg_44_2],0.0
cons[线路潮流计算_45_2],0.0
cons[线路潮流约束_45_2],0.0
cons[线路潮流约束_neg_45_2],0.0
cons[线路潮流计算_46_2],0.0
cons[线路潮流约束_46_2],0.0
cons[线路潮流约束_neg_46_2],0.0
cons[线路潮流计算_47_2],0.0
cons[线路潮流约束_47_2],0.0
cons[线路潮流约束_neg_47_2],0.0
cons[线路潮流计算_48_2],0.0
cons[线路潮流约束_48_2],0.0
cons[线路潮流约束_neg_48_2],0.0
cons[线路潮流计算_49_2],0.0
cons[线路潮流约束_49_2],0.0
cons[线路潮流约束_neg_49_2],0.0
cons[线路潮流计算_50_2],0.0
cons[线路潮流约束_50_2],0.0
cons[线路潮流约束_neg_50_2],0.0
cons[线路潮流计算_51_2],0.0
cons[线路潮流约束_51_2],0.0
cons[线路潮流约束_neg_51_2],0.0
cons[线路潮流计算_52_2],0.0
cons[线路潮流约束_52_2],0.0
cons[线路潮流约束_neg_52_2],0.0
cons[线路潮流计算_53_2],0.0
cons[线路潮流约束_53_2],0.0
cons[线路潮流约束_neg_53_2],0.0
cons[线路潮流计算_54_2],0.0
cons[线路潮流约束_54_2],0.0
cons[线路潮流约束_neg_54_2],0.0
cons[线路潮流计算_55_2],0.0
cons[线路潮流约束_55_2],0.0
cons[线路潮流约束_neg_55_2],0.0
cons[线路潮流计算_56_2],0.0
cons[线路潮流约束_56_2],0.0
cons[线路潮流约束_neg_56_2],0.0
cons[线路潮流计算_57_2],0.0
cons[线路潮流约束_57_2],0.0
cons[线路潮流约束_neg_57_2],0.0
cons[线路潮流计算_58_2],0.0
cons[线路潮流约束_58_2],0.0
cons[线路潮流约束_neg_58_2],0.0
cons[线路潮流计算_59_2],0.0
cons[线路潮流约束_59_2],0.0
cons[线路潮流约束_neg_59_2],0.0
cons[线路潮流计算_60_2],0.0
cons[线路潮流约束_60_2],0.0
cons[线路潮流约束_neg_60_2],0.0
cons[线路潮流计算_61_2],0.0
cons[线路潮流约束_61_2],0.0
cons[线路潮流约束_neg_61_2],0.0
cons[线路潮流计算_62_2],0.0
cons[线路潮流约束_62_2],0.0
cons[线路潮流约束_neg_62_2],0.0
cons[线路潮流计算_63_2],0.0
cons[线路潮流约束_63_2],0.0
cons[线路潮流约束_neg_63_2],0.0
cons[线路潮流计算_64_2],0.0
cons[线路潮流约束_64_2],0.0
cons[线路潮流约束_neg_64_2],0.0
cons[线路潮流计算_65_2],0.0
cons[线路潮流约束_65_2],0.0
cons[线路潮流约束_neg_65_2],0.0
cons[线路潮流计算_66_2],0.0
cons[线路潮流约束_66_2],0.0
cons[线路潮流约束_neg_66_2],0.0
cons[线路潮流计算_67_2],0.0
cons[线路潮流约束_67_2],0.0
cons[线路潮流约束_neg_67_2],0.0
cons[线路潮流计算_68_2],0.0
cons[线路潮流约束_68_2],0.0
cons[线路潮流约束_neg_68_2],0.0
cons[线路潮流计算_69_2],0.0
cons[线路潮流约束_69_2],0.0
cons[线路潮流约束_neg_69_2],0.0
cons[线路潮流计算_70_2],0.0
cons[线路潮流约束_70_2],0.0
cons[线路潮流约束_neg_70_2],0.0
cons[线路潮流计算_71_2],0.0
cons[线路潮流约束_71_2],0.0
cons[线路潮流约束_neg_71_2],0.0
cons[线路潮流计算_72_2],0.0
cons[线路潮流约束_72_2],0.0
cons[线路潮流约束_neg_72_2],0.0
cons[线路潮流计算_73_2],0.0
cons[线路潮流约束_73_2],0.0
cons[线路潮流约束_neg_73_2],0.0
cons[线路潮流计算_74_2],0.0
cons[线路潮流约束_74_2],0.0
cons[线路潮流约束_neg_74_2],0.0
cons[线路潮流计算_75_2],0.0
cons[线路潮流约束_75_2],0.0
cons[线路潮流约束_neg_75_2],0.0
cons[线路潮流计算_76_2],0.0
cons[线路潮流约束_76_2],0.0
cons[线路潮流约束_neg_76_2],0.0
cons[正备用约束_2],0.0
cons[负备用约束_2],0.0
cons[系统功率平衡约束_3],-6118.112
cons[线路潮流计算_0_3],0.0
cons[线路潮流约束_0_3],0.0
cons[线路潮流约束_neg_0_3],0.0
cons[线路潮流计算_1_3],0.0
cons[线路潮流约束_1_3],0.0
cons[线路潮流约束_neg_1_3],0.0
cons[线路潮流计算_2_3],0.0
cons[线路潮流约束_2_3],0.0
cons[线路潮流约束_neg_2_3],0.0
cons[线路潮流计算_3_3],0.0
cons[线路潮流约束_3_3],0.0
cons[线路潮流约束_neg_3_3],0.0
cons[线路潮流计算_4_3],0.0
cons[线路潮流约束_4_3],0.0
cons[线路潮流约束_neg_4_3],0.0
cons[线路潮流计算_5_3],0.0
cons[线路潮流约束_5_3],0.0
cons[线路潮流约束_neg_5_3],0.0
cons[线路潮流计算_6_3],0.0
cons[线路潮流约束_6_3],0.0
cons[线路潮流约束_neg_6_3],0.0
cons[线路潮流计算_7_3],0.0
cons[线路潮流约束_7_3],0.0
cons[线路潮流约束_neg_7_3],0.0
cons[线路潮流计算_8_3],0.0
cons[线路潮流约束_8_3],0.0
cons[线路潮流约束_neg_8_3],0.0
cons[线路潮流计算_9_3],0.0
cons[线路潮流约束_9_3],0.0
cons[线路潮流约束_neg_9_3],0.0
cons[线路潮流计算_10_3],0.0
cons[线路潮流约束_10_3],0.0
cons[线路潮流约束_neg_10_3],0.0
cons[线路潮流计算_11_3],0.0
cons[线路潮流约束_11_3],0.0
cons[线路潮流约束_neg_11_3],0.0
cons[线路潮流计算_12_3],0.0
cons[线路潮流约束_12_3],0.0
cons[线路潮流约束_neg_12_3],0.0
cons[线路潮流计算_13_3],0.0
cons[线路潮流约束_13_3],0.0
cons[线路潮流约束_neg_13_3],0.0
cons[线路潮流计算_14_3],0.0
cons[线路潮流约束_14_3],0.0
cons[线路潮流约束_neg_14_3],0.0
cons[线路潮流计算_15_3],0.0
cons[线路潮流约束_15_3],0.0
cons[线路潮流约束_neg_15_3],0.0
cons[线路潮流计算_16_3],0.0
cons[线路潮流约束_16_3],0.0
cons[线路潮流约束_neg_16_3],0.0
cons[线路潮流计算_17_3],0.0
cons[线路潮流约束_17_3],0.0
cons[线路潮流约束_neg_17_3],0.0
cons[线路潮流计算_18_3],0.0
cons[线路潮流约束_18_3],0.0
cons[线路潮流约束_neg_18_3],0.0
cons[线路潮流计算_19_3],0.0
cons[线路潮流约束_19_3],0.0
cons[线路潮流约束_neg_19_3],0.0
cons[线路潮流计算_20_3],0.0
cons[线路潮流约束_20_3],0.0
cons[线路潮流约束_neg_20_3],0.0
cons[线路潮流计算_21_3],0.0
cons[线路潮流约束_21_3],0.0
cons[线路潮流约束_neg_21_3],0.0
cons[线路潮流计算_22_3],0.0
cons[线路潮流约束_22_3],0.0
cons[线路潮流约束_neg_22_3],0.0
cons[线路潮流计算_23_3],0.0
cons[线路潮流约束_23_3],0.0
cons[线路潮流约束_neg_23_3],0.0
cons[线路潮流计算_24_3],0.0
cons[线路潮流约束_24_3],0.0
cons[线路潮流约束_neg_24_3],0.0
cons[线路潮流计算_25_3],0.0
cons[线路潮流约束_25_3],0.0
cons[线路潮流约束_neg_25_3],0.0
cons[线路潮流计算_26_3],0.0
cons[线路潮流约束_26_3],0.0
cons[线路潮流约束_neg_26_3],0.0
cons[线路潮流计算_27_3],0.0
cons[线路潮流约束_27_3],0.0
cons[线路潮流约束_neg_27_3],0.0
cons[线路潮流计算_28_3],0.0
cons[线路潮流约束_28_3],0.0
cons[线路潮流约束_neg_28_3],0.0
cons[线路潮流计算_29_3],0.0
cons[线路潮流约束_29_3],0.0
cons[线路潮流约束_neg_29_3],0.0
cons[线路潮流计算_30_3],0.0
cons[线路潮流约束_30_3],0.0
cons[线路潮流约束_neg_30_3],0.0
cons[线路潮流计算_31_3],0.0
cons[线路潮流约束_31_3],0.0
cons[线路潮流约束_neg_31_3],0.0
cons[线路潮流计算_32_3],0.0
cons[线路潮流约束_32_3],0.0
cons[线路潮流约束_neg_32_3],0.0
cons[线路潮流计算_33_3],0.0
cons[线路潮流约束_33_3],0.0
cons[线路潮流约束_neg_33_3],0.0
cons[线路潮流计算_34_3],0.0
cons[线路潮流约束_34_3],0.0
cons[线路潮流约束_neg_34_3],0.0
cons[线路潮流计算_35_3],0.0
cons[线路潮流约束_35_3],0.0
cons[线路潮流约束_neg_35_3],0.0
cons[线路潮流计算_36_3],0.0
cons[线路潮流约束_36_3],0.0
cons[线路潮流约束_neg_36_3],0.0
cons[线路潮流计算_37_3],0.0
cons[线路潮流约束_37_3],0.0
cons[线路潮流约束_neg_37_3],0.0
cons[线路潮流计算_38_3],0.0
cons[线路潮流约束_38_3],0.0
cons[线路潮流约束_neg_38_3],0.0
cons[线路潮流计算_39_3],0.0
cons[线路潮流约束_39_3],0.0
cons[线路潮流约束_neg_39_3],0.0
cons[线路潮流计算_40_3],0.0
cons[线路潮流约束_40_3],0.0
cons[线路潮流约束_neg_40_3],0.0
cons[线路潮流计算_41_3],0.0
cons[线路潮流约束_41_3],0.0
cons[线路潮流约束_neg_41_3],0.0
cons[线路潮流计算_42_3],0.0
cons[线路潮流约束_42_3],0.0
cons[线路潮流约束_neg_42_3],0.0
cons[线路潮流计算_43_3],0.0
cons[线路潮流约束_43_3],0.0
cons[线路潮流约束_neg_43_3],0.0
cons[线路潮流计算_44_3],0.0
cons[线路潮流约束_44_3],0.0
cons[线路潮流约束_neg_44_3],0.0
cons[线路潮流计算_45_3],0.0
cons[线路潮流约束_45_3],0.0
cons[线路潮流约束_neg_45_3],0.0
cons[线路潮流计算_46_3],0.0
cons[线路潮流约束_46_3],0.0
cons[线路潮流约束_neg_46_3],0.0
cons[线路潮流计算_47_3],0.0
cons[线路潮流约束_47_3],0.0
cons[线路潮流约束_neg_47_3],0.0
cons[线路潮流计算_48_3],0.0
cons[线路潮流约束_48_3],0.0
cons[线路潮流约束_neg_48_3],0.0
cons[线路潮流计算_49_3],0.0
cons[线路潮流约束_49_3],0.0
cons[线路潮流约束_neg_49_3],0.0
cons[线路潮流计算_50_3],0.0
cons[线路潮流约束_50_3],0.0
cons[线路潮流约束_neg_50_3],0.0
cons[线路潮流计算_51_3],0.0
cons[线路潮流约束_51_3],0.0
cons[线路潮流约束_neg_51_3],0.0
cons[线路潮流计算_52_3],0.0
cons[线路潮流约束_52_3],0.0
cons[线路潮流约束_neg_52_3],0.0
cons[线路潮流计算_53_3],0.0
cons[线路潮流约束_53_3],0.0
cons[线路潮流约束_neg_53_3],0.0
cons[线路潮流计算_54_3],0.0
cons[线路潮流约束_54_3],0.0
cons[线路潮流约束_neg_54_3],0.0
cons[线路潮流计算_55_3],0.0
cons[线路潮流约束_55_3],0.0
cons[线路潮流约束_neg_55_3],0.0
cons[线路潮流计算_56_3],0.0
cons[线路潮流约束_56_3],0.0
cons[线路潮流约束_neg_56_3],0.0
cons[线路潮流计算_57_3],0.0
cons[线路潮流约束_57_3],0.0
cons[线路潮流约束_neg_57_3],0.0
cons[线路潮流计算_58_3],0.0
cons[线路潮流约束_58_3],0.0
cons[线路潮流约束_neg_58_3],0.0
cons[线路潮流计算_59_3],0.0
cons[线路潮流约束_59_3],0.0
cons[线路潮流约束_neg_59_3],0.0
cons[线路潮流计算_60_3],0.0
cons[线路潮流约束_60_3],0.0
cons[线路潮流约束_neg_60_3],0.0
cons[线路潮流计算_61_3],0.0
cons[线路潮流约束_61_3],0.0
cons[线路潮流约束_neg_61_3],0.0
cons[线路潮流计算_62_3],0.0
cons[线路潮流约束_62_3],0.0
cons[线路潮流约束_neg_62_3],0.0
cons[线路潮流计算_63_3],0.0
cons[线路潮流约束_63_3],0.0
cons[线路潮流约束_neg_63_3],0.0
cons[线路潮流计算_64_3],0.0
cons[线路潮流约束_64_3],0.0
cons[线路潮流约束_neg_64_3],0.0
cons[线路潮流计算_65_3],0.0
cons[线路潮流约束_65_3],0.0
cons[线路潮流约束_neg_65_3],0.0
cons[线路潮流计算_66_3],0.0
cons[线路潮流约束_66_3],0.0
cons[线路潮流约束_neg_66_3],0.0
cons[线路潮流计算_67_3],0.0
cons[线路潮流约束_67_3],0.0
cons[线路潮流约束_neg_67_3],0.0
cons[线路潮流计算_68_3],0.0
cons[线路潮流约束_68_3],0.0
cons[线路潮流约束_neg_68_3],0.0
cons[线路潮流计算_69_3],0.0
cons[线路潮流约束_69_3],0.0
cons[线路潮流约束_neg_69_3],0.0
cons[线路潮流计算_70_3],0.0
cons[线路潮流约束_70_3],0.0
cons[线路潮流约束_neg_70_3],0.0
cons[线路潮流计算_71_3],0.0
cons[线路潮流约束_71_3],0.0
cons[线路潮流约束_neg_71_3],0.0
cons[线路潮流计算_72_3],0.0
cons[线路潮流约束_72_3],0.0
cons[线路潮流约束_neg_72_3],0.0
cons[线路潮流计算_73_3],0.0
cons[线路潮流约束_73_3],0.0
cons[线路潮流约束_neg_73_3],0.0
cons[线路潮流计算_74_3],0.0
cons[线路潮流约束_74_3],0.0
cons[线路潮流约束_neg_74_3],0.0
cons[线路潮流计算_75_3],0.0
cons[线路潮流约束_75_3],0.0
cons[线路潮流约束_neg_75_3],0.0
cons[线路潮流计算_76_3],0.0
cons[线路潮流约束_76_3],0.0
cons[线路潮流约束_neg_76_3],0.0
cons[正备用约束_3],0.0
cons[负备用约束_3],0.0
cons[系统功率平衡约束_4],-6108.0109999999995
cons[线路潮流计算_0_4],0.0
cons[线路潮流约束_0_4],0.0
cons[线路潮流约束_neg_0_4],0.0
cons[线路潮流计算_1_4],0.0
cons[线路潮流约束_1_4],0.0
cons[线路潮流约束_neg_1_4],0.0
cons[线路潮流计算_2_4],0.0
cons[线路潮流约束_2_4],0.0
cons[线路潮流约束_neg_2_4],0.0
cons[线路潮流计算_3_4],0.0
cons[线路潮流约束_3_4],0.0
cons[线路潮流约束_neg_3_4],0.0
cons[线路潮流计算_4_4],0.0
cons[线路潮流约束_4_4],0.0
cons[线路潮流约束_neg_4_4],0.0
cons[线路潮流计算_5_4],0.0
cons[线路潮流约束_5_4],0.0
cons[线路潮流约束_neg_5_4],0.0
cons[线路潮流计算_6_4],0.0
cons[线路潮流约束_6_4],0.0
cons[线路潮流约束_neg_6_4],0.0
cons[线路潮流计算_7_4],0.0
cons[线路潮流约束_7_4],0.0
cons[线路潮流约束_neg_7_4],0.0
cons[线路潮流计算_8_4],0.0
cons[线路潮流约束_8_4],0.0
cons[线路潮流约束_neg_8_4],0.0
cons[线路潮流计算_9_4],0.0
cons[线路潮流约束_9_4],0.0
cons[线路潮流约束_neg_9_4],0.0
cons[线路潮流计算_10_4],0.0
cons[线路潮流约束_10_4],0.0
cons[线路潮流约束_neg_10_4],0.0
cons[线路潮流计算_11_4],0.0
cons[线路潮流约束_11_4],0.0
cons[线路潮流约束_neg_11_4],0.0
cons[线路潮流计算_12_4],0.0
cons[线路潮流约束_12_4],0.0
cons[线路潮流约束_neg_12_4],0.0
cons[线路潮流计算_13_4],0.0
cons[线路潮流约束_13_4],0.0
cons[线路潮流约束_neg_13_4],0.0
cons[线路潮流计算_14_4],0.0
cons[线路潮流约束_14_4],0.0
cons[线路潮流约束_neg_14_4],0.0
cons[线路潮流计算_15_4],0.0
cons[线路潮流约束_15_4],0.0
cons[线路潮流约束_neg_15_4],0.0
cons[线路潮流计算_16_4],0.0
cons[线路潮流约束_16_4],0.0
cons[线路潮流约束_neg_16_4],0.0
cons[线路潮流计算_17_4],0.0
cons[线路潮流约束_17_4],0.0
cons[线路潮流约束_neg_17_4],0.0
cons[线路潮流计算_18_4],0.0
cons[线路潮流约束_18_4],0.0
cons[线路潮流约束_neg_18_4],0.0
cons[线路潮流计算_19_4],0.0
cons[线路潮流约束_19_4],0.0
cons[线路潮流约束_neg_19_4],0.0
cons[线路潮流计算_20_4],0.0
cons[线路潮流约束_20_4],0.0
cons[线路潮流约束_neg_20_4],0.0
cons[线路潮流计算_21_4],0.0
cons[线路潮流约束_21_4],0.0
cons[线路潮流约束_neg_21_4],0.0
cons[线路潮流计算_22_4],0.0
cons[线路潮流约束_22_4],0.0
cons[线路潮流约束_neg_22_4],0.0
cons[线路潮流计算_23_4],0.0
cons[线路潮流约束_23_4],0.0
cons[线路潮流约束_neg_23_4],0.0
cons[线路潮流计算_24_4],0.0
cons[线路潮流约束_24_4],0.0
cons[线路潮流约束_neg_24_4],0.0
cons[线路潮流计算_25_4],0.0
cons[线路潮流约束_25_4],0.0
cons[线路潮流约束_neg_25_4],0.0
cons[线路潮流计算_26_4],0.0
cons[线路潮流约束_26_4],0.0
cons[线路潮流约束_neg_26_4],0.0
cons[线路潮流计算_27_4],0.0
cons[线路潮流约束_27_4],0.0
cons[线路潮流约束_neg_27_4],0.0
cons[线路潮流计算_28_4],0.0
cons[线路潮流约束_28_4],0.0
cons[线路潮流约束_neg_28_4],0.0
cons[线路潮流计算_29_4],0.0
cons[线路潮流约束_29_4],0.0
cons[线路潮流约束_neg_29_4],0.0
cons[线路潮流计算_30_4],0.0
cons[线路潮流约束_30_4],0.0
cons[线路潮流约束_neg_30_4],0.0
cons[线路潮流计算_31_4],0.0
cons[线路潮流约束_31_4],0.0
cons[线路潮流约束_neg_31_4],0.0
cons[线路潮流计算_32_4],0.0
cons[线路潮流约束_32_4],0.0
cons[线路潮流约束_neg_32_4],0.0
cons[线路潮流计算_33_4],0.0
cons[线路潮流约束_33_4],0.0
cons[线路潮流约束_neg_33_4],0.0
cons[线路潮流计算_34_4],0.0
cons[线路潮流约束_34_4],0.0
cons[线路潮流约束_neg_34_4],0.0
cons[线路潮流计算_35_4],0.0
cons[线路潮流约束_35_4],0.0
cons[线路潮流约束_neg_35_4],0.0
cons[线路潮流计算_36_4],0.0
cons[线路潮流约束_36_4],0.0
cons[线路潮流约束_neg_36_4],0.0
cons[线路潮流计算_37_4],0.0
cons[线路潮流约束_37_4],0.0
cons[线路潮流约束_neg_37_4],0.0
cons[线路潮流计算_38_4],0.0
cons[线路潮流约束_38_4],0.0
cons[线路潮流约束_neg_38_4],0.0
cons[线路潮流计算_39_4],0.0
cons[线路潮流约束_39_4],0.0
cons[线路潮流约束_neg_39_4],0.0
cons[线路潮流计算_40_4],0.0
cons[线路潮流约束_40_4],0.0
cons[线路潮流约束_neg_40_4],0.0
cons[线路潮流计算_41_4],0.0
cons[线路潮流约束_41_4],0.0
cons[线路潮流约束_neg_41_4],0.0
cons[线路潮流计算_42_4],0.0
cons[线路潮流约束_42_4],0.0
cons[线路潮流约束_neg_42_4],0.0
cons[线路潮流计算_43_4],0.0
cons[线路潮流约束_43_4],0.0
cons[线路潮流约束_neg_43_4],0.0
cons[线路潮流计算_44_4],0.0
cons[线路潮流约束_44_4],0.0
cons[线路潮流约束_neg_44_4],0.0
cons[线路潮流计算_45_4],0.0
cons[线路潮流约束_45_4],0.0
cons[线路潮流约束_neg_45_4],0.0
cons[线路潮流计算_46_4],0.0
cons[线路潮流约束_46_4],0.0
cons[线路潮流约束_neg_46_4],0.0
cons[线路潮流计算_47_4],0.0
cons[线路潮流约束_47_4],0.0
cons[线路潮流约束_neg_47_4],0.0
cons[线路潮流计算_48_4],0.0
cons[线路潮流约束_48_4],0.0
cons[线路潮流约束_neg_48_4],0.0
cons[线路潮流计算_49_4],0.0
cons[线路潮流约束_49_4],0.0
cons[线路潮流约束_neg_49_4],0.0
cons[线路潮流计算_50_4],0.0
cons[线路潮流约束_50_4],0.0
cons[线路潮流约束_neg_50_4],0.0
cons[线路潮流计算_51_4],0.0
cons[线路潮流约束_51_4],0.0
cons[线路潮流约束_neg_51_4],0.0
cons[线路潮流计算_52_4],0.0
cons[线路潮流约束_52_4],0.0
cons[线路潮流约束_neg_52_4],0.0
cons[线路潮流计算_53_4],0.0
cons[线路潮流约束_53_4],0.0
cons[线路潮流约束_neg_53_4],0.0
cons[线路潮流计算_54_4],0.0
cons[线路潮流约束_54_4],0.0
cons[线路潮流约束_neg_54_4],0.0
cons[线路潮流计算_55_4],0.0
cons[线路潮流约束_55_4],0.0
cons[线路潮流约束_neg_55_4],0.0
cons[线路潮流计算_56_4],0.0
cons[线路潮流约束_56_4],0.0
cons[线路潮流约束_neg_56_4],0.0
cons[线路潮流计算_57_4],0.0
cons[线路潮流约束_57_4],0.0
cons[线路潮流约束_neg_57_4],0.0
cons[线路潮流计算_58_4],0.0
cons[线路潮流约束_58_4],0.0
cons[线路潮流约束_neg_58_4],0.0
cons[线路潮流计算_59_4],0.0
cons[线路潮流约束_59_4],0.0
cons[线路潮流约束_neg_59_4],0.0
cons[线路潮流计算_60_4],0.0
cons[线路潮流约束_60_4],0.0
cons[线路潮流约束_neg_60_4],0.0
cons[线路潮流计算_61_4],0.0
cons[线路潮流约束_61_4],0.0
cons[线路潮流约束_neg_61_4],0.0
cons[线路潮流计算_62_4],0.0
cons[线路潮流约束_62_4],0.0
cons[线路潮流约束_neg_62_4],0.0
cons[线路潮流计算_63_4],0.0
cons[线路潮流约束_63_4],0.0
cons[线路潮流约束_neg_63_4],0.0
cons[线路潮流计算_64_4],0.0
cons[线路潮流约束_64_4],0.0
cons[线路潮流约束_neg_64_4],0.0
cons[线路潮流计算_65_4],0.0
cons[线路潮流约束_65_4],0.0
cons[线路潮流约束_neg_65_4],0.0
cons[线路潮流计算_66_4],0.0
cons[线路潮流约束_66_4],0.0
cons[线路潮流约束_neg_66_4],0.0
cons[线路潮流计算_67_4],0.0
cons[线路潮流约束_67_4],0.0
cons[线路潮流约束_neg_67_4],0.0
cons[线路潮流计算_68_4],0.0
cons[线路潮流约束_68_4],0.0
cons[线路潮流约束_neg_68_4],0.0
cons[线路潮流计算_69_4],0.0
cons[线路潮流约束_69_4],0.0
cons[线路潮流约束_neg_69_4],0.0
cons[线路潮流计算_70_4],0.0
cons[线路潮流约束_70_4],0.0
cons[线路潮流约束_neg_70_4],0.0
cons[线路潮流计算_71_4],0.0
cons[线路潮流约束_71_4],0.0
cons[线路潮流约束_neg_71_4],0.0
cons[线路潮流计算_72_4],0.0
cons[线路潮流约束_72_4],0.0
cons[线路潮流约束_neg_72_4],0.0
cons[线路潮流计算_73_4],0.0
cons[线路潮流约束_73_4],0.0
cons[线路潮流约束_neg_73_4],0.0
cons[线路潮流计算_74_4],0.0
cons[线路潮流约束_74_4],0.0
cons[线路潮流约束_neg_74_4],0.0
cons[线路潮流计算_75_4],0.0
cons[线路潮流约束_75_4],0.0
cons[线路潮流约束_neg_75_4],0.0
cons[线路潮流计算_76_4],0.0
cons[线路潮流约束_76_4],0.0
cons[线路潮流约束_neg_76_4],0.0
cons[正备用约束_4],0.0
cons[负备用约束_4],0.0
cons[系统功率平衡约束_5],-5883.423000000001
cons[线路潮流计算_0_5],0.0
cons[线路潮流约束_0_5],0.0
cons[线路潮流约束_neg_0_5],0.0
cons[线路潮流计算_1_5],0.0
cons[线路潮流约束_1_5],0.0
cons[线路潮流约束_neg_1_5],0.0
cons[线路潮流计算_2_5],0.0
cons[线路潮流约束_2_5],0.0
cons[线路潮流约束_neg_2_5],0.0
cons[线路潮流计算_3_5],0.0
cons[线路潮流约束_3_5],0.0
cons[线路潮流约束_neg_3_5],0.0
cons[线路潮流计算_4_5],0.0
cons[线路潮流约束_4_5],0.0
cons[线路潮流约束_neg_4_5],0.0
cons[线路潮流计算_5_5],0.0
cons[线路潮流约束_5_5],0.0
cons[线路潮流约束_neg_5_5],0.0
cons[线路潮流计算_6_5],0.0
cons[线路潮流约束_6_5],0.0
cons[线路潮流约束_neg_6_5],0.0
cons[线路潮流计算_7_5],0.0
cons[线路潮流约束_7_5],0.0
cons[线路潮流约束_neg_7_5],0.0
cons[线路潮流计算_8_5],0.0
cons[线路潮流约束_8_5],0.0
cons[线路潮流约束_neg_8_5],0.0
cons[线路潮流计算_9_5],0.0
cons[线路潮流约束_9_5],0.0
cons[线路潮流约束_neg_9_5],0.0
cons[线路潮流计算_10_5],0.0
cons[线路潮流约束_10_5],0.0
cons[线路潮流约束_neg_10_5],0.0
cons[线路潮流计算_11_5],0.0
cons[线路潮流约束_11_5],0.0
cons[线路潮流约束_neg_11_5],0.0
cons[线路潮流计算_12_5],0.0
cons[线路潮流约束_12_5],0.0
cons[线路潮流约束_neg_12_5],0.0
cons[线路潮流计算_13_5],0.0
cons[线路潮流约束_13_5],0.0
cons[线路潮流约束_neg_13_5],0.0
cons[线路潮流计算_14_5],0.0
cons[线路潮流约束_14_5],0.0
cons[线路潮流约束_neg_14_5],0.0
cons[线路潮流计算_15_5],0.0
cons[线路潮流约束_15_5],0.0
cons[线路潮流约束_neg_15_5],0.0
cons[线路潮流计算_16_5],0.0
cons[线路潮流约束_16_5],0.0
cons[线路潮流约束_neg_16_5],0.0
cons[线路潮流计算_17_5],0.0
cons[线路潮流约束_17_5],0.0
cons[线路潮流约束_neg_17_5],0.0
cons[线路潮流计算_18_5],0.0
cons[线路潮流约束_18_5],0.0
cons[线路潮流约束_neg_18_5],0.0
cons[线路潮流计算_19_5],0.0
cons[线路潮流约束_19_5],0.0
cons[线路潮流约束_neg_19_5],0.0
cons[线路潮流计算_20_5],0.0
cons[线路潮流约束_20_5],0.0
cons[线路潮流约束_neg_20_5],0.0
cons[线路潮流计算_21_5],0.0
cons[线路潮流约束_21_5],0.0
cons[线路潮流约束_neg_21_5],0.0
cons[线路潮流计算_22_5],0.0
cons[线路潮流约束_22_5],0.0
cons[线路潮流约束_neg_22_5],0.0
cons[线路潮流计算_23_5],0.0
cons[线路潮流约束_23_5],0.0
cons[线路潮流约束_neg_23_5],0.0
cons[线路潮流计算_24_5],0.0
cons[线路潮流约束_24_5],0.0
cons[线路潮流约束_neg_24_5],0.0
cons[线路潮流计算_25_5],0.0
cons[线路潮流约束_25_5],0.0
cons[线路潮流约束_neg_25_5],0.0
cons[线路潮流计算_26_5],0.0
cons[线路潮流约束_26_5],0.0
cons[线路潮流约束_neg_26_5],0.0
cons[线路潮流计算_27_5],0.0
cons[线路潮流约束_27_5],0.0
cons[线路潮流约束_neg_27_5],0.0
cons[线路潮流计算_28_5],0.0
cons[线路潮流约束_28_5],0.0
cons[线路潮流约束_neg_28_5],0.0
cons[线路潮流计算_29_5],0.0
cons[线路潮流约束_29_5],0.0
cons[线路潮流约束_neg_29_5],0.0
cons[线路潮流计算_30_5],0.0
cons[线路潮流约束_30_5],0.0
cons[线路潮流约束_neg_30_5],0.0
cons[线路潮流计算_31_5],0.0
cons[线路潮流约束_31_5],0.0
cons[线路潮流约束_neg_31_5],0.0
cons[线路潮流计算_32_5],0.0
cons[线路潮流约束_32_5],0.0
cons[线路潮流约束_neg_32_5],0.0
cons[线路潮流计算_33_5],0.0
cons[线路潮流约束_33_5],0.0
cons[线路潮流约束_neg_33_5],0.0
cons[线路潮流计算_34_5],0.0
cons[线路潮流约束_34_5],0.0
cons[线路潮流约束_neg_34_5],0.0
cons[线路潮流计算_35_5],0.0
cons[线路潮流约束_35_5],0.0
cons[线路潮流约束_neg_35_5],0.0
cons[线路潮流计算_36_5],0.0
cons[线路潮流约束_36_5],0.0
cons[线路潮流约束_neg_36_5],0.0
cons[线路潮流计算_37_5],0.0
cons[线路潮流约束_37_5],0.0
cons[线路潮流约束_neg_37_5],0.0
cons[线路潮流计算_38_5],0.0
cons[线路潮流约束_38_5],0.0
cons[线路潮流约束_neg_38_5],0.0
cons[线路潮流计算_39_5],0.0
cons[线路潮流约束_39_5],0.0
cons[线路潮流约束_neg_39_5],0.0
cons[线路潮流计算_40_5],0.0
cons[线路潮流约束_40_5],0.0
cons[线路潮流约束_neg_40_5],0.0
cons[线路潮流计算_41_5],0.0
cons[线路潮流约束_41_5],0.0
cons[线路潮流约束_neg_41_5],0.0
cons[线路潮流计算_42_5],0.0
cons[线路潮流约束_42_5],0.0
cons[线路潮流约束_neg_42_5],0.0
cons[线路潮流计算_43_5],0.0
cons[线路潮流约束_43_5],0.0
cons[线路潮流约束_neg_43_5],0.0
cons[线路潮流计算_44_5],0.0
cons[线路潮流约束_44_5],0.0
cons[线路潮流约束_neg_44_5],0.0
cons[线路潮流计算_45_5],0.0
cons[线路潮流约束_45_5],0.0
cons[线路潮流约束_neg_45_5],0.0
cons[线路潮流计算_46_5],0.0
cons[线路潮流约束_46_5],0.0
cons[线路潮流约束_neg_46_5],0.0
cons[线路潮流计算_47_5],0.0
cons[线路潮流约束_47_5],0.0
cons[线路潮流约束_neg_47_5],0.0
cons[线路潮流计算_48_5],0.0
cons[线路潮流约束_48_5],0.0
cons[线路潮流约束_neg_48_5],0.0
cons[线路潮流计算_49_5],0.0
cons[线路潮流约束_49_5],0.0
cons[线路潮流约束_neg_49_5],0.0
cons[线路潮流计算_50_5],0.0
cons[线路潮流约束_50_5],0.0
cons[线路潮流约束_neg_50_5],0.0
cons[线路潮流计算_51_5],0.0
cons[线路潮流约束_51_5],0.0
cons[线路潮流约束_neg_51_5],0.0
cons[线路潮流计算_52_5],0.0
cons[线路潮流约束_52_5],0.0
cons[线路潮流约束_neg_52_5],0.0
cons[线路潮流计算_53_5],0.0
cons[线路潮流约束_53_5],0.0
cons[线路潮流约束_neg_53_5],0.0
cons[线路潮流计算_54_5],0.0
cons[线路潮流约束_54_5],0.0
cons[线路潮流约束_neg_54_5],0.0
cons[线路潮流计算_55_5],0.0
cons[线路潮流约束_55_5],0.0
cons[线路潮流约束_neg_55_5],0.0
cons[线路潮流计算_56_5],0.0
cons[线路潮流约束_56_5],0.0
cons[线路潮流约束_neg_56_5],0.0
cons[线路潮流计算_57_5],0.0
cons[线路潮流约束_57_5],0.0
cons[线路潮流约束_neg_57_5],0.0
cons[线路潮流计算_58_5],0.0
cons[线路潮流约束_58_5],0.0
cons[线路潮流约束_neg_58_5],0.0
cons[线路潮流计算_59_5],0.0
cons[线路潮流约束_59_5],0.0
cons[线路潮流约束_neg_59_5],0.0
cons[线路潮流计算_60_5],0.0
cons[线路潮流约束_60_5],0.0
cons[线路潮流约束_neg_60_5],0.0
cons[线路潮流计算_61_5],0.0
cons[线路潮流约束_61_5],0.0
cons[线路潮流约束_neg_61_5],0.0
cons[线路潮流计算_62_5],0.0
cons[线路潮流约束_62_5],0.0
cons[线路潮流约束_neg_62_5],0.0
cons[线路潮流计算_63_5],0.0
cons[线路潮流约束_63_5],0.0
cons[线路潮流约束_neg_63_5],0.0
cons[线路潮流计算_64_5],0.0
cons[线路潮流约束_64_5],0.0
cons[线路潮流约束_neg_64_5],0.0
cons[线路潮流计算_65_5],0.0
cons[线路潮流约束_65_5],0.0
cons[线路潮流约束_neg_65_5],0.0
cons[线路潮流计算_66_5],0.0
cons[线路潮流约束_66_5],0.0
cons[线路潮流约束_neg_66_5],0.0
cons[线路潮流计算_67_5],0.0
cons[线路潮流约束_67_5],0.0
cons[线路潮流约束_neg_67_5],0.0
cons[线路潮流计算_68_5],0.0
cons[线路潮流约束_68_5],0.0
cons[线路潮流约束_neg_68_5],0.0
cons[线路潮流计算_69_5],0.0
cons[线路潮流约束_69_5],0.0
cons[线路潮流约束_neg_69_5],0.0
cons[线路潮流计算_70_5],0.0
cons[线路潮流约束_70_5],0.0
cons[线路潮流约束_neg_70_5],0.0
cons[线路潮流计算_71_5],0.0
cons[线路潮流约束_71_5],0.0
cons[线路潮流约束_neg_71_5],0.0
cons[线路潮流计算_72_5],0.0
cons[线路潮流约束_72_5],0.0
cons[线路潮流约束_neg_72_5],0.0
cons[线路潮流计算_73_5],0.0
cons[线路潮流约束_73_5],0.0
cons[线路潮流约束_neg_73_5],0.0
cons[线路潮流计算_74_5],0.0
cons[线路潮流约束_74_5],0.0
cons[线路潮流约束_neg_74_5],0.0
cons[线路潮流计算_75_5],0.0
cons[线路潮流约束_75_5],0.0
cons[线路潮流约束_neg_75_5],0.0
cons[线路潮流计算_76_5],0.0
cons[线路潮流约束_76_5],0.0
cons[线路潮流约束_neg_76_5],0.0
cons[正备用约束_5],0.0
cons[负备用约束_5],0.0
cons[系统功率平衡约束_6],-5810.349999999999
cons[线路潮流计算_0_6],0.0
cons[线路潮流约束_0_6],0.0
cons[线路潮流约束_neg_0_6],0.0
cons[线路潮流计算_1_6],0.0
cons[线路潮流约束_1_6],0.0
cons[线路潮流约束_neg_1_6],0.0
cons[线路潮流计算_2_6],0.0
cons[线路潮流约束_2_6],0.0
cons[线路潮流约束_neg_2_6],0.0
cons[线路潮流计算_3_6],0.0
cons[线路潮流约束_3_6],0.0
cons[线路潮流约束_neg_3_6],0.0
cons[线路潮流计算_4_6],0.0
cons[线路潮流约束_4_6],0.0
cons[线路潮流约束_neg_4_6],0.0
cons[线路潮流计算_5_6],0.0
cons[线路潮流约束_5_6],0.0
cons[线路潮流约束_neg_5_6],0.0
cons[线路潮流计算_6_6],0.0
cons[线路潮流约束_6_6],0.0
cons[线路潮流约束_neg_6_6],0.0
cons[线路潮流计算_7_6],0.0
cons[线路潮流约束_7_6],0.0
cons[线路潮流约束_neg_7_6],0.0
cons[线路潮流计算_8_6],0.0
cons[线路潮流约束_8_6],0.0
cons[线路潮流约束_neg_8_6],0.0
cons[线路潮流计算_9_6],0.0
cons[线路潮流约束_9_6],0.0
cons[线路潮流约束_neg_9_6],0.0
cons[线路潮流计算_10_6],0.0
cons[线路潮流约束_10_6],0.0
cons[线路潮流约束_neg_10_6],0.0
cons[线路潮流计算_11_6],0.0
cons[线路潮流约束_11_6],0.0
cons[线路潮流约束_neg_11_6],0.0
cons[线路潮流计算_12_6],0.0
cons[线路潮流约束_12_6],0.0
cons[线路潮流约束_neg_12_6],0.0
cons[线路潮流计算_13_6],0.0
cons[线路潮流约束_13_6],0.0
cons[线路潮流约束_neg_13_6],0.0
cons[线路潮流计算_14_6],0.0
cons[线路潮流约束_14_6],0.0
cons[线路潮流约束_neg_14_6],0.0
cons[线路潮流计算_15_6],0.0
cons[线路潮流约束_15_6],0.0
cons[线路潮流约束_neg_15_6],0.0
cons[线路潮流计算_16_6],0.0
cons[线路潮流约束_16_6],0.0
cons[线路潮流约束_neg_16_6],0.0
cons[线路潮流计算_17_6],0.0
cons[线路潮流约束_17_6],0.0
cons[线路潮流约束_neg_17_6],0.0
cons[线路潮流计算_18_6],0.0
cons[线路潮流约束_18_6],0.0
cons[线路潮流约束_neg_18_6],0.0
cons[线路潮流计算_19_6],0.0
cons[线路潮流约束_19_6],0.0
cons[线路潮流约束_neg_19_6],0.0
cons[线路潮流计算_20_6],0.0
cons[线路潮流约束_20_6],0.0
cons[线路潮流约束_neg_20_6],0.0
cons[线路潮流计算_21_6],0.0
cons[线路潮流约束_21_6],0.0
cons[线路潮流约束_neg_21_6],0.0
cons[线路潮流计算_22_6],0.0
cons[线路潮流约束_22_6],0.0
cons[线路潮流约束_neg_22_6],0.0
cons[线路潮流计算_23_6],0.0
cons[线路潮流约束_23_6],0.0
cons[线路潮流约束_neg_23_6],0.0
cons[线路潮流计算_24_6],0.0
cons[线路潮流约束_24_6],0.0
cons[线路潮流约束_neg_24_6],0.0
cons[线路潮流计算_25_6],0.0
cons[线路潮流约束_25_6],0.0
cons[线路潮流约束_neg_25_6],0.0
cons[线路潮流计算_26_6],0.0
cons[线路潮流约束_26_6],0.0
cons[线路潮流约束_neg_26_6],0.0
cons[线路潮流计算_27_6],0.0
cons[线路潮流约束_27_6],0.0
cons[线路潮流约束_neg_27_6],0.0
cons[线路潮流计算_28_6],0.0
cons[线路潮流约束_28_6],0.0
cons[线路潮流约束_neg_28_6],0.0
cons[线路潮流计算_29_6],0.0
cons[线路潮流约束_29_6],0.0
cons[线路潮流约束_neg_29_6],0.0
cons[线路潮流计算_30_6],0.0
cons[线路潮流约束_30_6],0.0
cons[线路潮流约束_neg_30_6],0.0
cons[线路潮流计算_31_6],0.0
cons[线路潮流约束_31_6],0.0
cons[线路潮流约束_neg_31_6],0.0
cons[线路潮流计算_32_6],0.0
cons[线路潮流约束_32_6],0.0
cons[线路潮流约束_neg_32_6],0.0
cons[线路潮流计算_33_6],0.0
cons[线路潮流约束_33_6],0.0
cons[线路潮流约束_neg_33_6],0.0
cons[线路潮流计算_34_6],0.0
cons[线路潮流约束_34_6],0.0
cons[线路潮流约束_neg_34_6],0.0
cons[线路潮流计算_35_6],0.0
cons[线路潮流约束_35_6],0.0
cons[线路潮流约束_neg_35_6],0.0
cons[线路潮流计算_36_6],0.0
cons[线路潮流约束_36_6],0.0
cons[线路潮流约束_neg_36_6],0.0
cons[线路潮流计算_37_6],0.0
cons[线路潮流约束_37_6],0.0
cons[线路潮流约束_neg_37_6],0.0
cons[线路潮流计算_38_6],0.0
cons[线路潮流约束_38_6],0.0
cons[线路潮流约束_neg_38_6],0.0
cons[线路潮流计算_39_6],0.0
cons[线路潮流约束_39_6],0.0
cons[线路潮流约束_neg_39_6],0.0
cons[线路潮流计算_40_6],0.0
cons[线路潮流约束_40_6],0.0
cons[线路潮流约束_neg_40_6],0.0
cons[线路潮流计算_41_6],0.0
cons[线路潮流约束_41_6],0.0
cons[线路潮流约束_neg_41_6],0.0
cons[线路潮流计算_42_6],0.0
cons[线路潮流约束_42_6],0.0
cons[线路潮流约束_neg_42_6],0.0
cons[线路潮流计算_43_6],0.0
cons[线路潮流约束_43_6],0.0
cons[线路潮流约束_neg_43_6],0.0
cons[线路潮流计算_44_6],0.0
cons[线路潮流约束_44_6],0.0
cons[线路潮流约束_neg_44_6],0.0
cons[线路潮流计算_45_6],0.0
cons[线路潮流约束_45_6],0.0
cons[线路潮流约束_neg_45_6],0.0
cons[线路潮流计算_46_6],0.0
cons[线路潮流约束_46_6],0.0
cons[线路潮流约束_neg_46_6],0.0
cons[线路潮流计算_47_6],0.0
cons[线路潮流约束_47_6],0.0
cons[线路潮流约束_neg_47_6],0.0
cons[线路潮流计算_48_6],0.0
cons[线路潮流约束_48_6],0.0
cons[线路潮流约束_neg_48_6],0.0
cons[线路潮流计算_49_6],0.0
cons[线路潮流约束_49_6],0.0
cons[线路潮流约束_neg_49_6],0.0
cons[线路潮流计算_50_6],0.0
cons[线路潮流约束_50_6],0.0
cons[线路潮流约束_neg_50_6],0.0
cons[线路潮流计算_51_6],0.0
cons[线路潮流约束_51_6],0.0
cons[线路潮流约束_neg_51_6],0.0
cons[线路潮流计算_52_6],0.0
cons[线路潮流约束_52_6],0.0
cons[线路潮流约束_neg_52_6],0.0
cons[线路潮流计算_53_6],0.0
cons[线路潮流约束_53_6],0.0
cons[线路潮流约束_neg_53_6],0.0
cons[线路潮流计算_54_6],0.0
cons[线路潮流约束_54_6],0.0
cons[线路潮流约束_neg_54_6],0.0
cons[线路潮流计算_55_6],0.0
cons[线路潮流约束_55_6],0.0
cons[线路潮流约束_neg_55_6],0.0
cons[线路潮流计算_56_6],0.0
cons[线路潮流约束_56_6],0.0
cons[线路潮流约束_neg_56_6],0.0
cons[线路潮流计算_57_6],0.0
cons[线路潮流约束_57_6],0.0
cons[线路潮流约束_neg_57_6],0.0
cons[线路潮流计算_58_6],0.0
cons[线路潮流约束_58_6],0.0
cons[线路潮流约束_neg_58_6],0.0
cons[线路潮流计算_59_6],0.0
cons[线路潮流约束_59_6],0.0
cons[线路潮流约束_neg_59_6],0.0
cons[线路潮流计算_60_6],0.0
cons[线路潮流约束_60_6],0.0
cons[线路潮流约束_neg_60_6],0.0
cons[线路潮流计算_61_6],0.0
cons[线路潮流约束_61_6],0.0
cons[线路潮流约束_neg_61_6],0.0
cons[线路潮流计算_62_6],0.0
cons[线路潮流约束_62_6],0.0
cons[线路潮流约束_neg_62_6],0.0
cons[线路潮流计算_63_6],0.0
cons[线路潮流约束_63_6],0.0
cons[线路潮流约束_neg_63_6],0.0
cons[线路潮流计算_64_6],0.0
cons[线路潮流约束_64_6],0.0
cons[线路潮流约束_neg_64_6],0.0
cons[线路潮流计算_65_6],0.0
cons[线路潮流约束_65_6],0.0
cons[线路潮流约束_neg_65_6],0.0
cons[线路潮流计算_66_6],0.0
cons[线路潮流约束_66_6],0.0
cons[线路潮流约束_neg_66_6],0.0
cons[线路潮流计算_67_6],0.0
cons[线路潮流约束_67_6],0.0
cons[线路潮流约束_neg_67_6],0.0
cons[线路潮流计算_68_6],0.0
cons[线路潮流约束_68_6],0.0
cons[线路潮流约束_neg_68_6],0.0
cons[线路潮流计算_69_6],0.0
cons[线路潮流约束_69_6],0.0
cons[线路潮流约束_neg_69_6],0.0
cons[线路潮流计算_70_6],0.0
cons[线路潮流约束_70_6],0.0
cons[线路潮流约束_neg_70_6],0.0
cons[线路潮流计算_71_6],0.0
cons[线路潮流约束_71_6],0.0
cons[线路潮流约束_neg_71_6],0.0
cons[线路潮流计算_72_6],0.0
cons[线路潮流约束_72_6],0.0
cons[线路潮流约束_neg_72_6],0.0
cons[线路潮流计算_73_6],0.0
cons[线路潮流约束_73_6],0.0
cons[线路潮流约束_neg_73_6],0.0
cons[线路潮流计算_74_6],0.0
cons[线路潮流约束_74_6],0.0
cons[线路潮流约束_neg_74_6],0.0
cons[线路潮流计算_75_6],0.0
cons[线路潮流约束_75_6],0.0
cons[线路潮流约束_neg_75_6],0.0
cons[线路潮流计算_76_6],0.0
cons[线路潮流约束_76_6],0.0
cons[线路潮流约束_neg_76_6],0.0
cons[正备用约束_6],0.0
cons[负备用约束_6],0.0
cons[系统功率平衡约束_7],-5782.504
cons[线路潮流计算_0_7],0.0
cons[线路潮流约束_0_7],0.0
cons[线路潮流约束_neg_0_7],0.0
cons[线路潮流计算_1_7],0.0
cons[线路潮流约束_1_7],0.0
cons[线路潮流约束_neg_1_7],0.0
cons[线路潮流计算_2_7],0.0
cons[线路潮流约束_2_7],0.0
cons[线路潮流约束_neg_2_7],0.0
cons[线路潮流计算_3_7],0.0
cons[线路潮流约束_3_7],0.0
cons[线路潮流约束_neg_3_7],0.0
cons[线路潮流计算_4_7],0.0
cons[线路潮流约束_4_7],0.0
cons[线路潮流约束_neg_4_7],0.0
cons[线路潮流计算_5_7],0.0
cons[线路潮流约束_5_7],0.0
cons[线路潮流约束_neg_5_7],0.0
cons[线路潮流计算_6_7],0.0
cons[线路潮流约束_6_7],0.0
cons[线路潮流约束_neg_6_7],0.0
cons[线路潮流计算_7_7],0.0
cons[线路潮流约束_7_7],0.0
cons[线路潮流约束_neg_7_7],0.0
cons[线路潮流计算_8_7],0.0
cons[线路潮流约束_8_7],0.0
cons[线路潮流约束_neg_8_7],0.0
cons[线路潮流计算_9_7],0.0
cons[线路潮流约束_9_7],0.0
cons[线路潮流约束_neg_9_7],0.0
cons[线路潮流计算_10_7],0.0
cons[线路潮流约束_10_7],0.0
cons[线路潮流约束_neg_10_7],0.0
cons[线路潮流计算_11_7],0.0
cons[线路潮流约束_11_7],0.0
cons[线路潮流约束_neg_11_7],0.0
cons[线路潮流计算_12_7],0.0
cons[线路潮流约束_12_7],0.0
cons[线路潮流约束_neg_12_7],0.0
cons[线路潮流计算_13_7],0.0
cons[线路潮流约束_13_7],0.0
cons[线路潮流约束_neg_13_7],0.0
cons[线路潮流计算_14_7],0.0
cons[线路潮流约束_14_7],0.0
cons[线路潮流约束_neg_14_7],0.0
cons[线路潮流计算_15_7],0.0
cons[线路潮流约束_15_7],0.0
cons[线路潮流约束_neg_15_7],0.0
cons[线路潮流计算_16_7],0.0
cons[线路潮流约束_16_7],0.0
cons[线路潮流约束_neg_16_7],0.0
cons[线路潮流计算_17_7],0.0
cons[线路潮流约束_17_7],0.0
cons[线路潮流约束_neg_17_7],0.0
cons[线路潮流计算_18_7],0.0
cons[线路潮流约束_18_7],0.0
cons[线路潮流约束_neg_18_7],0.0
cons[线路潮流计算_19_7],0.0
cons[线路潮流约束_19_7],0.0
cons[线路潮流约束_neg_19_7],0.0
cons[线路潮流计算_20_7],0.0
cons[线路潮流约束_20_7],0.0
cons[线路潮流约束_neg_20_7],0.0
cons[线路潮流计算_21_7],0.0
cons[线路潮流约束_21_7],0.0
cons[线路潮流约束_neg_21_7],0.0
cons[线路潮流计算_22_7],0.0
cons[线路潮流约束_22_7],0.0
cons[线路潮流约束_neg_22_7],0.0
cons[线路潮流计算_23_7],0.0
cons[线路潮流约束_23_7],0.0
cons[线路潮流约束_neg_23_7],0.0
cons[线路潮流计算_24_7],0.0
cons[线路潮流约束_24_7],0.0
cons[线路潮流约束_neg_24_7],0.0
cons[线路潮流计算_25_7],0.0
cons[线路潮流约束_25_7],0.0
cons[线路潮流约束_neg_25_7],0.0
cons[线路潮流计算_26_7],0.0
cons[线路潮流约束_26_7],0.0
cons[线路潮流约束_neg_26_7],0.0
cons[线路潮流计算_27_7],0.0
cons[线路潮流约束_27_7],0.0
cons[线路潮流约束_neg_27_7],0.0
cons[线路潮流计算_28_7],0.0
cons[线路潮流约束_28_7],0.0
cons[线路潮流约束_neg_28_7],0.0
cons[线路潮流计算_29_7],0.0
cons[线路潮流约束_29_7],0.0
cons[线路潮流约束_neg_29_7],0.0
cons[线路潮流计算_30_7],0.0
cons[线路潮流约束_30_7],0.0
cons[线路潮流约束_neg_30_7],0.0
cons[线路潮流计算_31_7],0.0
cons[线路潮流约束_31_7],0.0
cons[线路潮流约束_neg_31_7],0.0
cons[线路潮流计算_32_7],0.0
cons[线路潮流约束_32_7],0.0
cons[线路潮流约束_neg_32_7],0.0
cons[线路潮流计算_33_7],0.0
cons[线路潮流约束_33_7],0.0
cons[线路潮流约束_neg_33_7],0.0
cons[线路潮流计算_34_7],0.0
cons[线路潮流约束_34_7],0.0
cons[线路潮流约束_neg_34_7],0.0
cons[线路潮流计算_35_7],0.0
cons[线路潮流约束_35_7],0.0
cons[线路潮流约束_neg_35_7],0.0
cons[线路潮流计算_36_7],0.0
cons[线路潮流约束_36_7],0.0
cons[线路潮流约束_neg_36_7],0.0
cons[线路潮流计算_37_7],0.0
cons[线路潮流约束_37_7],0.0
cons[线路潮流约束_neg_37_7],0.0
cons[线路潮流计算_38_7],0.0
cons[线路潮流约束_38_7],0.0
cons[线路潮流约束_neg_38_7],0.0
cons[线路潮流计算_39_7],0.0
cons[线路潮流约束_39_7],0.0
cons[线路潮流约束_neg_39_7],0.0
cons[线路潮流计算_40_7],0.0
cons[线路潮流约束_40_7],0.0
cons[线路潮流约束_neg_40_7],0.0
cons[线路潮流计算_41_7],0.0
cons[线路潮流约束_41_7],0.0
cons[线路潮流约束_neg_41_7],0.0
cons[线路潮流计算_42_7],0.0
cons[线路潮流约束_42_7],0.0
cons[线路潮流约束_neg_42_7],0.0
cons[线路潮流计算_43_7],0.0
cons[线路潮流约束_43_7],0.0
cons[线路潮流约束_neg_43_7],0.0
cons[线路潮流计算_44_7],0.0
cons[线路潮流约束_44_7],0.0
cons[线路潮流约束_neg_44_7],0.0
cons[线路潮流计算_45_7],0.0
cons[线路潮流约束_45_7],0.0
cons[线路潮流约束_neg_45_7],0.0
cons[线路潮流计算_46_7],0.0
cons[线路潮流约束_46_7],0.0
cons[线路潮流约束_neg_46_7],0.0
cons[线路潮流计算_47_7],0.0
cons[线路潮流约束_47_7],0.0
cons[线路潮流约束_neg_47_7],0.0
cons[线路潮流计算_48_7],0.0
cons[线路潮流约束_48_7],0.0
cons[线路潮流约束_neg_48_7],0.0
cons[线路潮流计算_49_7],0.0
cons[线路潮流约束_49_7],0.0
cons[线路潮流约束_neg_49_7],0.0
cons[线路潮流计算_50_7],0.0
cons[线路潮流约束_50_7],0.0
cons[线路潮流约束_neg_50_7],0.0
cons[线路潮流计算_51_7],0.0
cons[线路潮流约束_51_7],0.0
cons[线路潮流约束_neg_51_7],0.0
cons[线路潮流计算_52_7],0.0
cons[线路潮流约束_52_7],0.0
cons[线路潮流约束_neg_52_7],0.0
cons[线路潮流计算_53_7],0.0
cons[线路潮流约束_53_7],0.0
cons[线路潮流约束_neg_53_7],0.0
cons[线路潮流计算_54_7],0.0
cons[线路潮流约束_54_7],0.0
cons[线路潮流约束_neg_54_7],0.0
cons[线路潮流计算_55_7],0.0
cons[线路潮流约束_55_7],0.0
cons[线路潮流约束_neg_55_7],0.0
cons[线路潮流计算_56_7],0.0
cons[线路潮流约束_56_7],0.0
cons[线路潮流约束_neg_56_7],0.0
cons[线路潮流计算_57_7],0.0
cons[线路潮流约束_57_7],0.0
cons[线路潮流约束_neg_57_7],0.0
cons[线路潮流计算_58_7],0.0
cons[线路潮流约束_58_7],0.0
cons[线路潮流约束_neg_58_7],0.0
cons[线路潮流计算_59_7],0.0
cons[线路潮流约束_59_7],0.0
cons[线路潮流约束_neg_59_7],0.0
cons[线路潮流计算_60_7],0.0
cons[线路潮流约束_60_7],0.0
cons[线路潮流约束_neg_60_7],0.0
cons[线路潮流计算_61_7],0.0
cons[线路潮流约束_61_7],0.0
cons[线路潮流约束_neg_61_7],0.0
cons[线路潮流计算_62_7],0.0
cons[线路潮流约束_62_7],0.0
cons[线路潮流约束_neg_62_7],0.0
cons[线路潮流计算_63_7],0.0
cons[线路潮流约束_63_7],0.0
cons[线路潮流约束_neg_63_7],0.0
cons[线路潮流计算_64_7],0.0
cons[线路潮流约束_64_7],0.0
cons[线路潮流约束_neg_64_7],0.0
cons[线路潮流计算_65_7],0.0
cons[线路潮流约束_65_7],0.0
cons[线路潮流约束_neg_65_7],0.0
cons[线路潮流计算_66_7],0.0
cons[线路潮流约束_66_7],0.0
cons[线路潮流约束_neg_66_7],0.0
cons[线路潮流计算_67_7],0.0
cons[线路潮流约束_67_7],0.0
cons[线路潮流约束_neg_67_7],0.0
cons[线路潮流计算_68_7],0.0
cons[线路潮流约束_68_7],0.0
cons[线路潮流约束_neg_68_7],0.0
cons[线路潮流计算_69_7],0.0
cons[线路潮流约束_69_7],0.0
cons[线路潮流约束_neg_69_7],0.0
cons[线路潮流计算_70_7],0.0
cons[线路潮流约束_70_7],0.0
cons[线路潮流约束_neg_70_7],0.0
cons[线路潮流计算_71_7],0.0
cons[线路潮流约束_71_7],0.0
cons[线路潮流约束_neg_71_7],0.0
cons[线路潮流计算_72_7],0.0
cons[线路潮流约束_72_7],0.0
cons[线路潮流约束_neg_72_7],0.0
cons[线路潮流计算_73_7],0.0
cons[线路潮流约束_73_7],0.0
cons[线路潮流约束_neg_73_7],0.0
cons[线路潮流计算_74_7],0.0
cons[线路潮流约束_74_7],0.0
cons[线路潮流约束_neg_74_7],0.0
cons[线路潮流计算_75_7],0.0
cons[线路潮流约束_75_7],0.0
cons[线路潮流约束_neg_75_7],0.0
cons[线路潮流计算_76_7],0.0
cons[线路潮流约束_76_7],0.0
cons[线路潮流约束_neg_76_7],0.0
cons[正备用约束_7],0.0
cons[负备用约束_7],0.0
cons[系统功率平衡约束_8],-5726.812
cons[线路潮流计算_0_8],0.0
cons[线路潮流约束_0_8],0.0
cons[线路潮流约束_neg_0_8],0.0
cons[线路潮流计算_1_8],0.0
cons[线路潮流约束_1_8],0.0
cons[线路潮流约束_neg_1_8],0.0
cons[线路潮流计算_2_8],0.0
cons[线路潮流约束_2_8],0.0
cons[线路潮流约束_neg_2_8],0.0
cons[线路潮流计算_3_8],0.0
cons[线路潮流约束_3_8],0.0
cons[线路潮流约束_neg_3_8],0.0
cons[线路潮流计算_4_8],0.0
cons[线路潮流约束_4_8],0.0
cons[线路潮流约束_neg_4_8],0.0
cons[线路潮流计算_5_8],0.0
cons[线路潮流约束_5_8],0.0
cons[线路潮流约束_neg_5_8],0.0
cons[线路潮流计算_6_8],0.0
cons[线路潮流约束_6_8],0.0
cons[线路潮流约束_neg_6_8],0.0
cons[线路潮流计算_7_8],0.0
cons[线路潮流约束_7_8],0.0
cons[线路潮流约束_neg_7_8],0.0
cons[线路潮流计算_8_8],0.0
cons[线路潮流约束_8_8],0.0
cons[线路潮流约束_neg_8_8],0.0
cons[线路潮流计算_9_8],0.0
cons[线路潮流约束_9_8],0.0
cons[线路潮流约束_neg_9_8],0.0
cons[线路潮流计算_10_8],0.0
cons[线路潮流约束_10_8],0.0
cons[线路潮流约束_neg_10_8],0.0
cons[线路潮流计算_11_8],0.0
cons[线路潮流约束_11_8],0.0
cons[线路潮流约束_neg_11_8],0.0
cons[线路潮流计算_12_8],0.0
cons[线路潮流约束_12_8],0.0
cons[线路潮流约束_neg_12_8],0.0
cons[线路潮流计算_13_8],0.0
cons[线路潮流约束_13_8],0.0
cons[线路潮流约束_neg_13_8],0.0
cons[线路潮流计算_14_8],0.0
cons[线路潮流约束_14_8],0.0
cons[线路潮流约束_neg_14_8],0.0
cons[线路潮流计算_15_8],0.0
cons[线路潮流约束_15_8],0.0
cons[线路潮流约束_neg_15_8],0.0
cons[线路潮流计算_16_8],0.0
cons[线路潮流约束_16_8],0.0
cons[线路潮流约束_neg_16_8],0.0
cons[线路潮流计算_17_8],0.0
cons[线路潮流约束_17_8],0.0
cons[线路潮流约束_neg_17_8],0.0
cons[线路潮流计算_18_8],0.0
cons[线路潮流约束_18_8],0.0
cons[线路潮流约束_neg_18_8],0.0
cons[线路潮流计算_19_8],0.0
cons[线路潮流约束_19_8],0.0
cons[线路潮流约束_neg_19_8],0.0
cons[线路潮流计算_20_8],0.0
cons[线路潮流约束_20_8],0.0
cons[线路潮流约束_neg_20_8],0.0
cons[线路潮流计算_21_8],0.0
cons[线路潮流约束_21_8],0.0
cons[线路潮流约束_neg_21_8],0.0
cons[线路潮流计算_22_8],0.0
cons[线路潮流约束_22_8],0.0
cons[线路潮流约束_neg_22_8],0.0
cons[线路潮流计算_23_8],0.0
cons[线路潮流约束_23_8],0.0
cons[线路潮流约束_neg_23_8],0.0
cons[线路潮流计算_24_8],0.0
cons[线路潮流约束_24_8],0.0
cons[线路潮流约束_neg_24_8],0.0
cons[线路潮流计算_25_8],0.0
cons[线路潮流约束_25_8],0.0
cons[线路潮流约束_neg_25_8],0.0
cons[线路潮流计算_26_8],0.0
cons[线路潮流约束_26_8],0.0
cons[线路潮流约束_neg_26_8],0.0
cons[线路潮流计算_27_8],0.0
cons[线路潮流约束_27_8],0.0
cons[线路潮流约束_neg_27_8],0.0
cons[线路潮流计算_28_8],0.0
cons[线路潮流约束_28_8],0.0
cons[线路潮流约束_neg_28_8],0.0
cons[线路潮流计算_29_8],0.0
cons[线路潮流约束_29_8],0.0
cons[线路潮流约束_neg_29_8],0.0
cons[线路潮流计算_30_8],0.0
cons[线路潮流约束_30_8],0.0
cons[线路潮流约束_neg_30_8],0.0
cons[线路潮流计算_31_8],0.0
cons[线路潮流约束_31_8],0.0
cons[线路潮流约束_neg_31_8],0.0
cons[线路潮流计算_32_8],0.0
cons[线路潮流约束_32_8],0.0
cons[线路潮流约束_neg_32_8],0.0
cons[线路潮流计算_33_8],0.0
cons[线路潮流约束_33_8],0.0
cons[线路潮流约束_neg_33_8],0.0
cons[线路潮流计算_34_8],0.0
cons[线路潮流约束_34_8],0.0
cons[线路潮流约束_neg_34_8],0.0
cons[线路潮流计算_35_8],0.0
cons[线路潮流约束_35_8],0.0
cons[线路潮流约束_neg_35_8],0.0
cons[线路潮流计算_36_8],0.0
cons[线路潮流约束_36_8],0.0
cons[线路潮流约束_neg_36_8],0.0
cons[线路潮流计算_37_8],0.0
cons[线路潮流约束_37_8],0.0
cons[线路潮流约束_neg_37_8],0.0
cons[线路潮流计算_38_8],0.0
cons[线路潮流约束_38_8],0.0
cons[线路潮流约束_neg_38_8],0.0
cons[线路潮流计算_39_8],0.0
cons[线路潮流约束_39_8],0.0
cons[线路潮流约束_neg_39_8],0.0
cons[线路潮流计算_40_8],0.0
cons[线路潮流约束_40_8],0.0
cons[线路潮流约束_neg_40_8],0.0
cons[线路潮流计算_41_8],0.0
cons[线路潮流约束_41_8],0.0
cons[线路潮流约束_neg_41_8],0.0
cons[线路潮流计算_42_8],0.0
cons[线路潮流约束_42_8],0.0
cons[线路潮流约束_neg_42_8],0.0
cons[线路潮流计算_43_8],0.0
cons[线路潮流约束_43_8],0.0
cons[线路潮流约束_neg_43_8],0.0
cons[线路潮流计算_44_8],0.0
cons[线路潮流约束_44_8],0.0
cons[线路潮流约束_neg_44_8],0.0
cons[线路潮流计算_45_8],0.0
cons[线路潮流约束_45_8],0.0
cons[线路潮流约束_neg_45_8],0.0
cons[线路潮流计算_46_8],0.0
cons[线路潮流约束_46_8],0.0
cons[线路潮流约束_neg_46_8],0.0
cons[线路潮流计算_47_8],0.0
cons[线路潮流约束_47_8],0.0
cons[线路潮流约束_neg_47_8],0.0
cons[线路潮流计算_48_8],0.0
cons[线路潮流约束_48_8],0.0
cons[线路潮流约束_neg_48_8],0.0
cons[线路潮流计算_49_8],0.0
cons[线路潮流约束_49_8],0.0
cons[线路潮流约束_neg_49_8],0.0
cons[线路潮流计算_50_8],0.0
cons[线路潮流约束_50_8],0.0
cons[线路潮流约束_neg_50_8],0.0
cons[线路潮流计算_51_8],0.0
cons[线路潮流约束_51_8],0.0
cons[线路潮流约束_neg_51_8],0.0
cons[线路潮流计算_52_8],0.0
cons[线路潮流约束_52_8],0.0
cons[线路潮流约束_neg_52_8],0.0
cons[线路潮流计算_53_8],0.0
cons[线路潮流约束_53_8],0.0
cons[线路潮流约束_neg_53_8],0.0
cons[线路潮流计算_54_8],0.0
cons[线路潮流约束_54_8],0.0
cons[线路潮流约束_neg_54_8],0.0
cons[线路潮流计算_55_8],0.0
cons[线路潮流约束_55_8],0.0
cons[线路潮流约束_neg_55_8],0.0
cons[线路潮流计算_56_8],0.0
cons[线路潮流约束_56_8],0.0
cons[线路潮流约束_neg_56_8],0.0
cons[线路潮流计算_57_8],0.0
cons[线路潮流约束_57_8],0.0
cons[线路潮流约束_neg_57_8],0.0
cons[线路潮流计算_58_8],0.0
cons[线路潮流约束_58_8],0.0
cons[线路潮流约束_neg_58_8],0.0
cons[线路潮流计算_59_8],0.0
cons[线路潮流约束_59_8],0.0
cons[线路潮流约束_neg_59_8],0.0
cons[线路潮流计算_60_8],0.0
cons[线路潮流约束_60_8],0.0
cons[线路潮流约束_neg_60_8],0.0
cons[线路潮流计算_61_8],0.0
cons[线路潮流约束_61_8],0.0
cons[线路潮流约束_neg_61_8],0.0
cons[线路潮流计算_62_8],0.0
cons[线路潮流约束_62_8],0.0
cons[线路潮流约束_neg_62_8],0.0
cons[线路潮流计算_63_8],0.0
cons[线路潮流约束_63_8],0.0
cons[线路潮流约束_neg_63_8],0.0
cons[线路潮流计算_64_8],0.0
cons[线路潮流约束_64_8],0.0
cons[线路潮流约束_neg_64_8],0.0
cons[线路潮流计算_65_8],0.0
cons[线路潮流约束_65_8],0.0
cons[线路潮流约束_neg_65_8],0.0
cons[线路潮流计算_66_8],0.0
cons[线路潮流约束_66_8],0.0
cons[线路潮流约束_neg_66_8],0.0
cons[线路潮流计算_67_8],0.0
cons[线路潮流约束_67_8],0.0
cons[线路潮流约束_neg_67_8],0.0
cons[线路潮流计算_68_8],0.0
cons[线路潮流约束_68_8],0.0
cons[线路潮流约束_neg_68_8],0.0
cons[线路潮流计算_69_8],0.0
cons[线路潮流约束_69_8],0.0
cons[线路潮流约束_neg_69_8],0.0
cons[线路潮流计算_70_8],0.0
cons[线路潮流约束_70_8],0.0
cons[线路潮流约束_neg_70_8],0.0
cons[线路潮流计算_71_8],0.0
cons[线路潮流约束_71_8],0.0
cons[线路潮流约束_neg_71_8],0.0
cons[线路潮流计算_72_8],0.0
cons[线路潮流约束_72_8],0.0
cons[线路潮流约束_neg_72_8],0.0
cons[线路潮流计算_73_8],0.0
cons[线路潮流约束_73_8],0.0
cons[线路潮流约束_neg_73_8],0.0
cons[线路潮流计算_74_8],0.0
cons[线路潮流约束_74_8],0.0
cons[线路潮流约束_neg_74_8],0.0
cons[线路潮流计算_75_8],0.0
cons[线路潮流约束_75_8],0.0
cons[线路潮流约束_neg_75_8],0.0
cons[线路潮流计算_76_8],0.0
cons[线路潮流约束_76_8],0.0
cons[线路潮流约束_neg_76_8],0.0
cons[正备用约束_8],0.0
cons[负备用约束_8],0.0
cons[系统功率平衡约束_9],-5698.966
cons[线路潮流计算_0_9],0.0
cons[线路潮流约束_0_9],0.0
cons[线路潮流约束_neg_0_9],0.0
cons[线路潮流计算_1_9],0.0
cons[线路潮流约束_1_9],0.0
cons[线路潮流约束_neg_1_9],0.0
cons[线路潮流计算_2_9],0.0
cons[线路潮流约束_2_9],0.0
cons[线路潮流约束_neg_2_9],0.0
cons[线路潮流计算_3_9],0.0
cons[线路潮流约束_3_9],0.0
cons[线路潮流约束_neg_3_9],0.0
cons[线路潮流计算_4_9],0.0
cons[线路潮流约束_4_9],0.0
cons[线路潮流约束_neg_4_9],0.0
cons[线路潮流计算_5_9],0.0
cons[线路潮流约束_5_9],0.0
cons[线路潮流约束_neg_5_9],0.0
cons[线路潮流计算_6_9],0.0
cons[线路潮流约束_6_9],0.0
cons[线路潮流约束_neg_6_9],0.0
cons[线路潮流计算_7_9],0.0
cons[线路潮流约束_7_9],0.0
cons[线路潮流约束_neg_7_9],0.0
cons[线路潮流计算_8_9],0.0
cons[线路潮流约束_8_9],0.0
cons[线路潮流约束_neg_8_9],0.0
cons[线路潮流计算_9_9],0.0
cons[线路潮流约束_9_9],0.0
cons[线路潮流约束_neg_9_9],0.0
cons[线路潮流计算_10_9],0.0
cons[线路潮流约束_10_9],0.0
cons[线路潮流约束_neg_10_9],0.0
cons[线路潮流计算_11_9],0.0
cons[线路潮流约束_11_9],0.0
cons[线路潮流约束_neg_11_9],0.0
cons[线路潮流计算_12_9],0.0
cons[线路潮流约束_12_9],0.0
cons[线路潮流约束_neg_12_9],0.0
cons[线路潮流计算_13_9],0.0
cons[线路潮流约束_13_9],0.0
cons[线路潮流约束_neg_13_9],0.0
cons[线路潮流计算_14_9],0.0
cons[线路潮流约束_14_9],0.0
cons[线路潮流约束_neg_14_9],0.0
cons[线路潮流计算_15_9],0.0
cons[线路潮流约束_15_9],0.0
cons[线路潮流约束_neg_15_9],0.0
cons[线路潮流计算_16_9],0.0
cons[线路潮流约束_16_9],0.0
cons[线路潮流约束_neg_16_9],0.0
cons[线路潮流计算_17_9],0.0
cons[线路潮流约束_17_9],0.0
cons[线路潮流约束_neg_17_9],0.0
cons[线路潮流计算_18_9],0.0
cons[线路潮流约束_18_9],0.0
cons[线路潮流约束_neg_18_9],0.0
cons[线路潮流计算_19_9],0.0
cons[线路潮流约束_19_9],0.0
cons[线路潮流约束_neg_19_9],0.0
cons[线路潮流计算_20_9],0.0
cons[线路潮流约束_20_9],0.0
cons[线路潮流约束_neg_20_9],0.0
cons[线路潮流计算_21_9],0.0
cons[线路潮流约束_21_9],0.0
cons[线路潮流约束_neg_21_9],0.0
cons[线路潮流计算_22_9],0.0
cons[线路潮流约束_22_9],0.0
cons[线路潮流约束_neg_22_9],0.0
cons[线路潮流计算_23_9],0.0
cons[线路潮流约束_23_9],0.0
cons[线路潮流约束_neg_23_9],0.0
cons[线路潮流计算_24_9],0.0
cons[线路潮流约束_24_9],0.0
cons[线路潮流约束_neg_24_9],0.0
cons[线路潮流计算_25_9],0.0
cons[线路潮流约束_25_9],0.0
cons[线路潮流约束_neg_25_9],0.0
cons[线路潮流计算_26_9],0.0
cons[线路潮流约束_26_9],0.0
cons[线路潮流约束_neg_26_9],0.0
cons[线路潮流计算_27_9],0.0
cons[线路潮流约束_27_9],0.0
cons[线路潮流约束_neg_27_9],0.0
cons[线路潮流计算_28_9],0.0
cons[线路潮流约束_28_9],0.0
cons[线路潮流约束_neg_28_9],0.0
cons[线路潮流计算_29_9],0.0
cons[线路潮流约束_29_9],0.0
cons[线路潮流约束_neg_29_9],0.0
cons[线路潮流计算_30_9],0.0
cons[线路潮流约束_30_9],0.0
cons[线路潮流约束_neg_30_9],0.0
cons[线路潮流计算_31_9],0.0
cons[线路潮流约束_31_9],0.0
cons[线路潮流约束_neg_31_9],0.0
cons[线路潮流计算_32_9],0.0
cons[线路潮流约束_32_9],0.0
cons[线路潮流约束_neg_32_9],0.0
cons[线路潮流计算_33_9],0.0
cons[线路潮流约束_33_9],0.0
cons[线路潮流约束_neg_33_9],0.0
cons[线路潮流计算_34_9],0.0
cons[线路潮流约束_34_9],0.0
cons[线路潮流约束_neg_34_9],0.0
cons[线路潮流计算_35_9],0.0
cons[线路潮流约束_35_9],0.0
cons[线路潮流约束_neg_35_9],0.0
cons[线路潮流计算_36_9],0.0
cons[线路潮流约束_36_9],0.0
cons[线路潮流约束_neg_36_9],0.0
cons[线路潮流计算_37_9],0.0
cons[线路潮流约束_37_9],0.0
cons[线路潮流约束_neg_37_9],0.0
cons[线路潮流计算_38_9],0.0
cons[线路潮流约束_38_9],0.0
cons[线路潮流约束_neg_38_9],0.0
cons[线路潮流计算_39_9],0.0
cons[线路潮流约束_39_9],0.0
cons[线路潮流约束_neg_39_9],0.0
cons[线路潮流计算_40_9],0.0
cons[线路潮流约束_40_9],0.0
cons[线路潮流约束_neg_40_9],0.0
cons[线路潮流计算_41_9],0.0
cons[线路潮流约束_41_9],0.0
cons[线路潮流约束_neg_41_9],0.0
cons[线路潮流计算_42_9],0.0
cons[线路潮流约束_42_9],0.0
cons[线路潮流约束_neg_42_9],0.0
cons[线路潮流计算_43_9],0.0
cons[线路潮流约束_43_9],0.0
cons[线路潮流约束_neg_43_9],0.0
cons[线路潮流计算_44_9],0.0
cons[线路潮流约束_44_9],0.0
cons[线路潮流约束_neg_44_9],0.0
cons[线路潮流计算_45_9],0.0
cons[线路潮流约束_45_9],0.0
cons[线路潮流约束_neg_45_9],0.0
cons[线路潮流计算_46_9],0.0
cons[线路潮流约束_46_9],0.0
cons[线路潮流约束_neg_46_9],0.0
cons[线路潮流计算_47_9],0.0
cons[线路潮流约束_47_9],0.0
cons[线路潮流约束_neg_47_9],0.0
cons[线路潮流计算_48_9],0.0
cons[线路潮流约束_48_9],0.0
cons[线路潮流约束_neg_48_9],0.0
cons[线路潮流计算_49_9],0.0
cons[线路潮流约束_49_9],0.0
cons[线路潮流约束_neg_49_9],0.0
cons[线路潮流计算_50_9],0.0
cons[线路潮流约束_50_9],0.0
cons[线路潮流约束_neg_50_9],0.0
cons[线路潮流计算_51_9],0.0
cons[线路潮流约束_51_9],0.0
cons[线路潮流约束_neg_51_9],0.0
cons[线路潮流计算_52_9],0.0
cons[线路潮流约束_52_9],0.0
cons[线路潮流约束_neg_52_9],0.0
cons[线路潮流计算_53_9],0.0
cons[线路潮流约束_53_9],0.0
cons[线路潮流约束_neg_53_9],0.0
cons[线路潮流计算_54_9],0.0
cons[线路潮流约束_54_9],0.0
cons[线路潮流约束_neg_54_9],0.0
cons[线路潮流计算_55_9],0.0
cons[线路潮流约束_55_9],0.0
cons[线路潮流约束_neg_55_9],0.0
cons[线路潮流计算_56_9],0.0
cons[线路潮流约束_56_9],0.0
cons[线路潮流约束_neg_56_9],0.0
cons[线路潮流计算_57_9],0.0
cons[线路潮流约束_57_9],0.0
cons[线路潮流约束_neg_57_9],0.0
cons[线路潮流计算_58_9],0.0
cons[线路潮流约束_58_9],0.0
cons[线路潮流约束_neg_58_9],0.0
cons[线路潮流计算_59_9],0.0
cons[线路潮流约束_59_9],0.0
cons[线路潮流约束_neg_59_9],0.0
cons[线路潮流计算_60_9],0.0
cons[线路潮流约束_60_9],0.0
cons[线路潮流约束_neg_60_9],0.0
cons[线路潮流计算_61_9],0.0
cons[线路潮流约束_61_9],0.0
cons[线路潮流约束_neg_61_9],0.0
cons[线路潮流计算_62_9],0.0
cons[线路潮流约束_62_9],0.0
cons[线路潮流约束_neg_62_9],0.0
cons[线路潮流计算_63_9],0.0
cons[线路潮流约束_63_9],0.0
cons[线路潮流约束_neg_63_9],0.0
cons[线路潮流计算_64_9],0.0
cons[线路潮流约束_64_9],0.0
cons[线路潮流约束_neg_64_9],0.0
cons[线路潮流计算_65_9],0.0
cons[线路潮流约束_65_9],0.0
cons[线路潮流约束_neg_65_9],0.0
cons[线路潮流计算_66_9],0.0
cons[线路潮流约束_66_9],0.0
cons[线路潮流约束_neg_66_9],0.0
cons[线路潮流计算_67_9],0.0
cons[线路潮流约束_67_9],0.0
cons[线路潮流约束_neg_67_9],0.0
cons[线路潮流计算_68_9],0.0
cons[线路潮流约束_68_9],0.0
cons[线路潮流约束_neg_68_9],0.0
cons[线路潮流计算_69_9],0.0
cons[线路潮流约束_69_9],0.0
cons[线路潮流约束_neg_69_9],0.0
cons[线路潮流计算_70_9],0.0
cons[线路潮流约束_70_9],0.0
cons[线路潮流约束_neg_70_9],0.0
cons[线路潮流计算_71_9],0.0
cons[线路潮流约束_71_9],0.0
cons[线路潮流约束_neg_71_9],0.0
cons[线路潮流计算_72_9],0.0
cons[线路潮流约束_72_9],0.0
cons[线路潮流约束_neg_72_9],0.0
cons[线路潮流计算_73_9],0.0
cons[线路潮流约束_73_9],0.0
cons[线路潮流约束_neg_73_9],0.0
cons[线路潮流计算_74_9],0.0
cons[线路潮流约束_74_9],0.0
cons[线路潮流约束_neg_74_9],0.0
cons[线路潮流计算_75_9],0.0
cons[线路潮流约束_75_9],0.0
cons[线路潮流约束_neg_75_9],0.0
cons[线路潮流计算_76_9],0.0
cons[线路潮流约束_76_9],0.0
cons[线路潮流约束_neg_76_9],0.0
cons[正备用约束_9],0.0
cons[负备用约束_9],0.0
cons[系统功率平衡约束_10],-5671.12
cons[线路潮流计算_0_10],0.0
cons[线路潮流约束_0_10],0.0
cons[线路潮流约束_neg_0_10],0.0
cons[线路潮流计算_1_10],0.0
cons[线路潮流约束_1_10],0.0
cons[线路潮流约束_neg_1_10],0.0
cons[线路潮流计算_2_10],0.0
cons[线路潮流约束_2_10],0.0
cons[线路潮流约束_neg_2_10],0.0
cons[线路潮流计算_3_10],0.0
cons[线路潮流约束_3_10],0.0
cons[线路潮流约束_neg_3_10],0.0
cons[线路潮流计算_4_10],0.0
cons[线路潮流约束_4_10],0.0
cons[线路潮流约束_neg_4_10],0.0
cons[线路潮流计算_5_10],0.0
cons[线路潮流约束_5_10],0.0
cons[线路潮流约束_neg_5_10],0.0
cons[线路潮流计算_6_10],0.0
cons[线路潮流约束_6_10],0.0
cons[线路潮流约束_neg_6_10],0.0
cons[线路潮流计算_7_10],0.0
cons[线路潮流约束_7_10],0.0
cons[线路潮流约束_neg_7_10],0.0
cons[线路潮流计算_8_10],0.0
cons[线路潮流约束_8_10],0.0
cons[线路潮流约束_neg_8_10],0.0
cons[线路潮流计算_9_10],0.0
cons[线路潮流约束_9_10],0.0
cons[线路潮流约束_neg_9_10],0.0
cons[线路潮流计算_10_10],0.0
cons[线路潮流约束_10_10],0.0
cons[线路潮流约束_neg_10_10],0.0
cons[线路潮流计算_11_10],0.0
cons[线路潮流约束_11_10],0.0
cons[线路潮流约束_neg_11_10],0.0
cons[线路潮流计算_12_10],0.0
cons[线路潮流约束_12_10],0.0
cons[线路潮流约束_neg_12_10],0.0
cons[线路潮流计算_13_10],0.0
cons[线路潮流约束_13_10],0.0
cons[线路潮流约束_neg_13_10],0.0
cons[线路潮流计算_14_10],0.0
cons[线路潮流约束_14_10],0.0
cons[线路潮流约束_neg_14_10],0.0
cons[线路潮流计算_15_10],0.0
cons[线路潮流约束_15_10],0.0
cons[线路潮流约束_neg_15_10],0.0
cons[线路潮流计算_16_10],0.0
cons[线路潮流约束_16_10],0.0
cons[线路潮流约束_neg_16_10],0.0
cons[线路潮流计算_17_10],0.0
cons[线路潮流约束_17_10],0.0
cons[线路潮流约束_neg_17_10],0.0
cons[线路潮流计算_18_10],0.0
cons[线路潮流约束_18_10],0.0
cons[线路潮流约束_neg_18_10],0.0
cons[线路潮流计算_19_10],0.0
cons[线路潮流约束_19_10],0.0
cons[线路潮流约束_neg_19_10],0.0
cons[线路潮流计算_20_10],0.0
cons[线路潮流约束_20_10],0.0
cons[线路潮流约束_neg_20_10],0.0
cons[线路潮流计算_21_10],0.0
cons[线路潮流约束_21_10],0.0
cons[线路潮流约束_neg_21_10],0.0
cons[线路潮流计算_22_10],0.0
cons[线路潮流约束_22_10],0.0
cons[线路潮流约束_neg_22_10],0.0
cons[线路潮流计算_23_10],0.0
cons[线路潮流约束_23_10],0.0
cons[线路潮流约束_neg_23_10],0.0
cons[线路潮流计算_24_10],0.0
cons[线路潮流约束_24_10],0.0
cons[线路潮流约束_neg_24_10],0.0
cons[线路潮流计算_25_10],0.0
cons[线路潮流约束_25_10],0.0
cons[线路潮流约束_neg_25_10],0.0
cons[线路潮流计算_26_10],0.0
cons[线路潮流约束_26_10],0.0
cons[线路潮流约束_neg_26_10],0.0
cons[线路潮流计算_27_10],0.0
cons[线路潮流约束_27_10],0.0
cons[线路潮流约束_neg_27_10],0.0
cons[线路潮流计算_28_10],0.0
cons[线路潮流约束_28_10],0.0
cons[线路潮流约束_neg_28_10],0.0
cons[线路潮流计算_29_10],0.0
cons[线路潮流约束_29_10],0.0
cons[线路潮流约束_neg_29_10],0.0
cons[线路潮流计算_30_10],0.0
cons[线路潮流约束_30_10],0.0
cons[线路潮流约束_neg_30_10],0.0
cons[线路潮流计算_31_10],0.0
cons[线路潮流约束_31_10],0.0
cons[线路潮流约束_neg_31_10],0.0
cons[线路潮流计算_32_10],0.0
cons[线路潮流约束_32_10],0.0
cons[线路潮流约束_neg_32_10],0.0
cons[线路潮流计算_33_10],0.0
cons[线路潮流约束_33_10],0.0
cons[线路潮流约束_neg_33_10],0.0
cons[线路潮流计算_34_10],0.0
cons[线路潮流约束_34_10],0.0
cons[线路潮流约束_neg_34_10],0.0
cons[线路潮流计算_35_10],0.0
cons[线路潮流约束_35_10],0.0
cons[线路潮流约束_neg_35_10],0.0
cons[线路潮流计算_36_10],0.0
cons[线路潮流约束_36_10],0.0
cons[线路潮流约束_neg_36_10],0.0
cons[线路潮流计算_37_10],0.0
cons[线路潮流约束_37_10],0.0
cons[线路潮流约束_neg_37_10],0.0
cons[线路潮流计算_38_10],0.0
cons[线路潮流约束_38_10],0.0
cons[线路潮流约束_neg_38_10],0.0
cons[线路潮流计算_39_10],0.0
cons[线路潮流约束_39_10],0.0
cons[线路潮流约束_neg_39_10],0.0
cons[线路潮流计算_40_10],0.0
cons[线路潮流约束_40_10],0.0
cons[线路潮流约束_neg_40_10],0.0
cons[线路潮流计算_41_10],0.0
cons[线路潮流约束_41_10],0.0
cons[线路潮流约束_neg_41_10],0.0
cons[线路潮流计算_42_10],0.0
cons[线路潮流约束_42_10],0.0
cons[线路潮流约束_neg_42_10],0.0
cons[线路潮流计算_43_10],0.0
cons[线路潮流约束_43_10],0.0
cons[线路潮流约束_neg_43_10],0.0
cons[线路潮流计算_44_10],0.0
cons[线路潮流约束_44_10],0.0
cons[线路潮流约束_neg_44_10],0.0
cons[线路潮流计算_45_10],0.0
cons[线路潮流约束_45_10],0.0
cons[线路潮流约束_neg_45_10],0.0
cons[线路潮流计算_46_10],0.0
cons[线路潮流约束_46_10],0.0
cons[线路潮流约束_neg_46_10],0.0
cons[线路潮流计算_47_10],0.0
cons[线路潮流约束_47_10],0.0
cons[线路潮流约束_neg_47_10],0.0
cons[线路潮流计算_48_10],0.0
cons[线路潮流约束_48_10],0.0
cons[线路潮流约束_neg_48_10],0.0
cons[线路潮流计算_49_10],0.0
cons[线路潮流约束_49_10],0.0
cons[线路潮流约束_neg_49_10],0.0
cons[线路潮流计算_50_10],0.0
cons[线路潮流约束_50_10],0.0
cons[线路潮流约束_neg_50_10],0.0
cons[线路潮流计算_51_10],0.0
cons[线路潮流约束_51_10],0.0
cons[线路潮流约束_neg_51_10],0.0
cons[线路潮流计算_52_10],0.0
cons[线路潮流约束_52_10],0.0
cons[线路潮流约束_neg_52_10],0.0
cons[线路潮流计算_53_10],0.0
cons[线路潮流约束_53_10],0.0
cons[线路潮流约束_neg_53_10],0.0
cons[线路潮流计算_54_10],0.0
cons[线路潮流约束_54_10],0.0
cons[线路潮流约束_neg_54_10],0.0
cons[线路潮流计算_55_10],0.0
cons[线路潮流约束_55_10],0.0
cons[线路潮流约束_neg_55_10],0.0
cons[线路潮流计算_56_10],0.0
cons[线路潮流约束_56_10],0.0
cons[线路潮流约束_neg_56_10],0.0
cons[线路潮流计算_57_10],0.0
cons[线路潮流约束_57_10],0.0
cons[线路潮流约束_neg_57_10],0.0
cons[线路潮流计算_58_10],0.0
cons[线路潮流约束_58_10],0.0
cons[线路潮流约束_neg_58_10],0.0
cons[线路潮流计算_59_10],0.0
cons[线路潮流约束_59_10],0.0
cons[线路潮流约束_neg_59_10],0.0
cons[线路潮流计算_60_10],0.0
cons[线路潮流约束_60_10],0.0
cons[线路潮流约束_neg_60_10],0.0
cons[线路潮流计算_61_10],0.0
cons[线路潮流约束_61_10],0.0
cons[线路潮流约束_neg_61_10],0.0
cons[线路潮流计算_62_10],0.0
cons[线路潮流约束_62_10],0.0
cons[线路潮流约束_neg_62_10],0.0
cons[线路潮流计算_63_10],0.0
cons[线路潮流约束_63_10],0.0
cons[线路潮流约束_neg_63_10],0.0
cons[线路潮流计算_64_10],0.0
cons[线路潮流约束_64_10],0.0
cons[线路潮流约束_neg_64_10],0.0
cons[线路潮流计算_65_10],0.0
cons[线路潮流约束_65_10],0.0
cons[线路潮流约束_neg_65_10],0.0
cons[线路潮流计算_66_10],0.0
cons[线路潮流约束_66_10],0.0
cons[线路潮流约束_neg_66_10],0.0
cons[线路潮流计算_67_10],0.0
cons[线路潮流约束_67_10],0.0
cons[线路潮流约束_neg_67_10],0.0
cons[线路潮流计算_68_10],0.0
cons[线路潮流约束_68_10],0.0
cons[线路潮流约束_neg_68_10],0.0
cons[线路潮流计算_69_10],0.0
cons[线路潮流约束_69_10],0.0
cons[线路潮流约束_neg_69_10],0.0
cons[线路潮流计算_70_10],0.0
cons[线路潮流约束_70_10],0.0
cons[线路潮流约束_neg_70_10],0.0
cons[线路潮流计算_71_10],0.0
cons[线路潮流约束_71_10],0.0
cons[线路潮流约束_neg_71_10],0.0
cons[线路潮流计算_72_10],0.0
cons[线路潮流约束_72_10],0.0
cons[线路潮流约束_neg_72_10],0.0
cons[线路潮流计算_73_10],0.0
cons[线路潮流约束_73_10],0.0
cons[线路潮流约束_neg_73_10],0.0
cons[线路潮流计算_74_10],0.0
cons[线路潮流约束_74_10],0.0
cons[线路潮流约束_neg_74_10],0.0
cons[线路潮流计算_75_10],0.0
cons[线路潮流约束_75_10],0.0
cons[线路潮流约束_neg_75_10],0.0
cons[线路潮流计算_76_10],0.0
cons[线路潮流约束_76_10],0.0
cons[线路潮流约束_neg_76_10],0.0
cons[正备用约束_10],0.0
cons[负备用约束_10],0.0
cons[系统功率平衡约束_11],-5643.274
cons[线路潮流计算_0_11],0.0
cons[线路潮流约束_0_11],0.0
cons[线路潮流约束_neg_0_11],0.0
cons[线路潮流计算_1_11],0.0
cons[线路潮流约束_1_11],0.0
cons[线路潮流约束_neg_1_11],0.0
cons[线路潮流计算_2_11],0.0
cons[线路潮流约束_2_11],0.0
cons[线路潮流约束_neg_2_11],0.0
cons[线路潮流计算_3_11],0.0
cons[线路潮流约束_3_11],0.0
cons[线路潮流约束_neg_3_11],0.0
cons[线路潮流计算_4_11],0.0
cons[线路潮流约束_4_11],0.0
cons[线路潮流约束_neg_4_11],0.0
cons[线路潮流计算_5_11],0.0
cons[线路潮流约束_5_11],0.0
cons[线路潮流约束_neg_5_11],0.0
cons[线路潮流计算_6_11],0.0
cons[线路潮流约束_6_11],0.0
cons[线路潮流约束_neg_6_11],0.0
cons[线路潮流计算_7_11],0.0
cons[线路潮流约束_7_11],0.0
cons[线路潮流约束_neg_7_11],0.0
cons[线路潮流计算_8_11],0.0
cons[线路潮流约束_8_11],0.0
cons[线路潮流约束_neg_8_11],0.0
cons[线路潮流计算_9_11],0.0
cons[线路潮流约束_9_11],0.0
cons[线路潮流约束_neg_9_11],0.0
cons[线路潮流计算_10_11],0.0
cons[线路潮流约束_10_11],0.0
cons[线路潮流约束_neg_10_11],0.0
cons[线路潮流计算_11_11],0.0
cons[线路潮流约束_11_11],0.0
cons[线路潮流约束_neg_11_11],0.0
cons[线路潮流计算_12_11],0.0
cons[线路潮流约束_12_11],0.0
cons[线路潮流约束_neg_12_11],0.0
cons[线路潮流计算_13_11],0.0
cons[线路潮流约束_13_11],0.0
cons[线路潮流约束_neg_13_11],0.0
cons[线路潮流计算_14_11],0.0
cons[线路潮流约束_14_11],0.0
cons[线路潮流约束_neg_14_11],0.0
cons[线路潮流计算_15_11],0.0
cons[线路潮流约束_15_11],0.0
cons[线路潮流约束_neg_15_11],0.0
cons[线路潮流计算_16_11],0.0
cons[线路潮流约束_16_11],0.0
cons[线路潮流约束_neg_16_11],0.0
cons[线路潮流计算_17_11],0.0
cons[线路潮流约束_17_11],0.0
cons[线路潮流约束_neg_17_11],0.0
cons[线路潮流计算_18_11],0.0
cons[线路潮流约束_18_11],0.0
cons[线路潮流约束_neg_18_11],0.0
cons[线路潮流计算_19_11],0.0
cons[线路潮流约束_19_11],0.0
cons[线路潮流约束_neg_19_11],0.0
cons[线路潮流计算_20_11],0.0
cons[线路潮流约束_20_11],0.0
cons[线路潮流约束_neg_20_11],0.0
cons[线路潮流计算_21_11],0.0
cons[线路潮流约束_21_11],0.0
cons[线路潮流约束_neg_21_11],0.0
cons[线路潮流计算_22_11],0.0
cons[线路潮流约束_22_11],0.0
cons[线路潮流约束_neg_22_11],0.0
cons[线路潮流计算_23_11],0.0
cons[线路潮流约束_23_11],0.0
cons[线路潮流约束_neg_23_11],0.0
cons[线路潮流计算_24_11],0.0
cons[线路潮流约束_24_11],0.0
cons[线路潮流约束_neg_24_11],0.0
cons[线路潮流计算_25_11],0.0
cons[线路潮流约束_25_11],0.0
cons[线路潮流约束_neg_25_11],0.0
cons[线路潮流计算_26_11],0.0
cons[线路潮流约束_26_11],0.0
cons[线路潮流约束_neg_26_11],0.0
cons[线路潮流计算_27_11],0.0
cons[线路潮流约束_27_11],0.0
cons[线路潮流约束_neg_27_11],0.0
cons[线路潮流计算_28_11],0.0
cons[线路潮流约束_28_11],0.0
cons[线路潮流约束_neg_28_11],0.0
cons[线路潮流计算_29_11],0.0
cons[线路潮流约束_29_11],0.0
cons[线路潮流约束_neg_29_11],0.0
cons[线路潮流计算_30_11],0.0
cons[线路潮流约束_30_11],0.0
cons[线路潮流约束_neg_30_11],0.0
cons[线路潮流计算_31_11],0.0
cons[线路潮流约束_31_11],0.0
cons[线路潮流约束_neg_31_11],0.0
cons[线路潮流计算_32_11],0.0
cons[线路潮流约束_32_11],0.0
cons[线路潮流约束_neg_32_11],0.0
cons[线路潮流计算_33_11],0.0
cons[线路潮流约束_33_11],0.0
cons[线路潮流约束_neg_33_11],0.0
cons[线路潮流计算_34_11],0.0
cons[线路潮流约束_34_11],0.0
cons[线路潮流约束_neg_34_11],0.0
cons[线路潮流计算_35_11],0.0
cons[线路潮流约束_35_11],0.0
cons[线路潮流约束_neg_35_11],0.0
cons[线路潮流计算_36_11],0.0
cons[线路潮流约束_36_11],0.0
cons[线路潮流约束_neg_36_11],0.0
cons[线路潮流计算_37_11],0.0
cons[线路潮流约束_37_11],0.0
cons[线路潮流约束_neg_37_11],0.0
cons[线路潮流计算_38_11],0.0
cons[线路潮流约束_38_11],0.0
cons[线路潮流约束_neg_38_11],0.0
cons[线路潮流计算_39_11],0.0
cons[线路潮流约束_39_11],0.0
cons[线路潮流约束_neg_39_11],0.0
cons[线路潮流计算_40_11],0.0
cons[线路潮流约束_40_11],0.0
cons[线路潮流约束_neg_40_11],0.0
cons[线路潮流计算_41_11],0.0
cons[线路潮流约束_41_11],0.0
cons[线路潮流约束_neg_41_11],0.0
cons[线路潮流计算_42_11],0.0
cons[线路潮流约束_42_11],0.0
cons[线路潮流约束_neg_42_11],0.0
cons[线路潮流计算_43_11],0.0
cons[线路潮流约束_43_11],0.0
cons[线路潮流约束_neg_43_11],0.0
cons[线路潮流计算_44_11],0.0
cons[线路潮流约束_44_11],0.0
cons[线路潮流约束_neg_44_11],0.0
cons[线路潮流计算_45_11],0.0
cons[线路潮流约束_45_11],0.0
cons[线路潮流约束_neg_45_11],0.0
cons[线路潮流计算_46_11],0.0
cons[线路潮流约束_46_11],0.0
cons[线路潮流约束_neg_46_11],0.0
cons[线路潮流计算_47_11],0.0
cons[线路潮流约束_47_11],0.0
cons[线路潮流约束_neg_47_11],0.0
cons[线路潮流计算_48_11],0.0
cons[线路潮流约束_48_11],0.0
cons[线路潮流约束_neg_48_11],0.0
cons[线路潮流计算_49_11],0.0
cons[线路潮流约束_49_11],0.0
cons[线路潮流约束_neg_49_11],0.0
cons[线路潮流计算_50_11],0.0
cons[线路潮流约束_50_11],0.0
cons[线路潮流约束_neg_50_11],0.0
cons[线路潮流计算_51_11],0.0
cons[线路潮流约束_51_11],0.0
cons[线路潮流约束_neg_51_11],0.0
cons[线路潮流计算_52_11],0.0
cons[线路潮流约束_52_11],0.0
cons[线路潮流约束_neg_52_11],0.0
cons[线路潮流计算_53_11],0.0
cons[线路潮流约束_53_11],0.0
cons[线路潮流约束_neg_53_11],0.0
cons[线路潮流计算_54_11],0.0
cons[线路潮流约束_54_11],0.0
cons[线路潮流约束_neg_54_11],0.0
cons[线路潮流计算_55_11],0.0
cons[线路潮流约束_55_11],0.0
cons[线路潮流约束_neg_55_11],0.0
cons[线路潮流计算_56_11],0.0
cons[线路潮流约束_56_11],0.0
cons[线路潮流约束_neg_56_11],0.0
cons[线路潮流计算_57_11],0.0
cons[线路潮流约束_57_11],0.0
cons[线路潮流约束_neg_57_11],0.0
cons[线路潮流计算_58_11],0.0
cons[线路潮流约束_58_11],0.0
cons[线路潮流约束_neg_58_11],0.0
cons[线路潮流计算_59_11],0.0
cons[线路潮流约束_59_11],0.0
cons[线路潮流约束_neg_59_11],0.0
cons[线路潮流计算_60_11],0.0
cons[线路潮流约束_60_11],0.0
cons[线路潮流约束_neg_60_11],0.0
cons[线路潮流计算_61_11],0.0
cons[线路潮流约束_61_11],0.0
cons[线路潮流约束_neg_61_11],0.0
cons[线路潮流计算_62_11],0.0
cons[线路潮流约束_62_11],0.0
cons[线路潮流约束_neg_62_11],0.0
cons[线路潮流计算_63_11],0.0
cons[线路潮流约束_63_11],0.0
cons[线路潮流约束_neg_63_11],0.0
cons[线路潮流计算_64_11],0.0
cons[线路潮流约束_64_11],0.0
cons[线路潮流约束_neg_64_11],0.0
cons[线路潮流计算_65_11],0.0
cons[线路潮流约束_65_11],0.0
cons[线路潮流约束_neg_65_11],0.0
cons[线路潮流计算_66_11],0.0
cons[线路潮流约束_66_11],0.0
cons[线路潮流约束_neg_66_11],0.0
cons[线路潮流计算_67_11],0.0
cons[线路潮流约束_67_11],0.0
cons[线路潮流约束_neg_67_11],0.0
cons[线路潮流计算_68_11],0.0
cons[线路潮流约束_68_11],0.0
cons[线路潮流约束_neg_68_11],0.0
cons[线路潮流计算_69_11],0.0
cons[线路潮流约束_69_11],0.0
cons[线路潮流约束_neg_69_11],0.0
cons[线路潮流计算_70_11],0.0
cons[线路潮流约束_70_11],0.0
cons[线路潮流约束_neg_70_11],0.0
cons[线路潮流计算_71_11],0.0
cons[线路潮流约束_71_11],0.0
cons[线路潮流约束_neg_71_11],0.0
cons[线路潮流计算_72_11],0.0
cons[线路潮流约束_72_11],0.0
cons[线路潮流约束_neg_72_11],0.0
cons[线路潮流计算_73_11],0.0
cons[线路潮流约束_73_11],0.0
cons[线路潮流约束_neg_73_11],0.0
cons[线路潮流计算_74_11],0.0
cons[线路潮流约束_74_11],0.0
cons[线路潮流约束_neg_74_11],0.0
cons[线路潮流计算_75_11],0.0
cons[线路潮流约束_75_11],0.0
cons[线路潮流约束_neg_75_11],0.0
cons[线路潮流计算_76_11],0.0
cons[线路潮流约束_76_11],0.0
cons[线路潮流约束_neg_76_11],0.0
cons[正备用约束_11],0.0
cons[负备用约束_11],0.0
cons[系统功率平衡约束_12],21349.646
cons[线路潮流计算_0_12],0.0
cons[线路潮流约束_0_12],0.0
cons[线路潮流约束_neg_0_12],0.0
cons[线路潮流计算_1_12],0.0
cons[线路潮流约束_1_12],0.0
cons[线路潮流约束_neg_1_12],0.0
cons[线路潮流计算_2_12],0.0
cons[线路潮流约束_2_12],0.0
cons[线路潮流约束_neg_2_12],0.0
cons[线路潮流计算_3_12],0.0
cons[线路潮流约束_3_12],0.0
cons[线路潮流约束_neg_3_12],0.0
cons[线路潮流计算_4_12],0.0
cons[线路潮流约束_4_12],0.0
cons[线路潮流约束_neg_4_12],0.0
cons[线路潮流计算_5_12],0.0
cons[线路潮流约束_5_12],0.0
cons[线路潮流约束_neg_5_12],0.0
cons[线路潮流计算_6_12],0.0
cons[线路潮流约束_6_12],0.0
cons[线路潮流约束_neg_6_12],0.0
cons[线路潮流计算_7_12],0.0
cons[线路潮流约束_7_12],0.0
cons[线路潮流约束_neg_7_12],0.0
cons[线路潮流计算_8_12],0.0
cons[线路潮流约束_8_12],0.0
cons[线路潮流约束_neg_8_12],0.0
cons[线路潮流计算_9_12],0.0
cons[线路潮流约束_9_12],0.0
cons[线路潮流约束_neg_9_12],0.0
cons[线路潮流计算_10_12],0.0
cons[线路潮流约束_10_12],0.0
cons[线路潮流约束_neg_10_12],0.0
cons[线路潮流计算_11_12],0.0
cons[线路潮流约束_11_12],0.0
cons[线路潮流约束_neg_11_12],0.0
cons[线路潮流计算_12_12],0.0
cons[线路潮流约束_12_12],0.0
cons[线路潮流约束_neg_12_12],0.0
cons[线路潮流计算_13_12],0.0
cons[线路潮流约束_13_12],0.0
cons[线路潮流约束_neg_13_12],0.0
cons[线路潮流计算_14_12],0.0
cons[线路潮流约束_14_12],0.0
cons[线路潮流约束_neg_14_12],0.0
cons[线路潮流计算_15_12],0.0
cons[线路潮流约束_15_12],0.0
cons[线路潮流约束_neg_15_12],0.0
cons[线路潮流计算_16_12],0.0
cons[线路潮流约束_16_12],0.0
cons[线路潮流约束_neg_16_12],0.0
cons[线路潮流计算_17_12],0.0
cons[线路潮流约束_17_12],0.0
cons[线路潮流约束_neg_17_12],0.0
cons[线路潮流计算_18_12],0.0
cons[线路潮流约束_18_12],0.0
cons[线路潮流约束_neg_18_12],0.0
cons[线路潮流计算_19_12],0.0
cons[线路潮流约束_19_12],0.0
cons[线路潮流约束_neg_19_12],0.0
cons[线路潮流计算_20_12],0.0
cons[线路潮流约束_20_12],0.0
cons[线路潮流约束_neg_20_12],0.0
cons[线路潮流计算_21_12],0.0
cons[线路潮流约束_21_12],0.0
cons[线路潮流约束_neg_21_12],0.0
cons[线路潮流计算_22_12],0.0
cons[线路潮流约束_22_12],0.0
cons[线路潮流约束_neg_22_12],0.0
cons[线路潮流计算_23_12],0.0
cons[线路潮流约束_23_12],0.0
cons[线路潮流约束_neg_23_12],0.0
cons[线路潮流计算_24_12],0.0
cons[线路潮流约束_24_12],0.0
cons[线路潮流约束_neg_24_12],0.0
cons[线路潮流计算_25_12],0.0
cons[线路潮流约束_25_12],0.0
cons[线路潮流约束_neg_25_12],0.0
cons[线路潮流计算_26_12],0.0
cons[线路潮流约束_26_12],0.0
cons[线路潮流约束_neg_26_12],0.0
cons[线路潮流计算_27_12],0.0
cons[线路潮流约束_27_12],0.0
cons[线路潮流约束_neg_27_12],0.0
cons[线路潮流计算_28_12],0.0
cons[线路潮流约束_28_12],0.0
cons[线路潮流约束_neg_28_12],0.0
cons[线路潮流计算_29_12],0.0
cons[线路潮流约束_29_12],0.0
cons[线路潮流约束_neg_29_12],0.0
cons[线路潮流计算_30_12],0.0
cons[线路潮流约束_30_12],0.0
cons[线路潮流约束_neg_30_12],0.0
cons[线路潮流计算_31_12],0.0
cons[线路潮流约束_31_12],0.0
cons[线路潮流约束_neg_31_12],0.0
cons[线路潮流计算_32_12],0.0
cons[线路潮流约束_32_12],0.0
cons[线路潮流约束_neg_32_12],0.0
cons[线路潮流计算_33_12],0.0
cons[线路潮流约束_33_12],0.0
cons[线路潮流约束_neg_33_12],0.0
cons[线路潮流计算_34_12],0.0
cons[线路潮流约束_34_12],0.0
cons[线路潮流约束_neg_34_12],0.0
cons[线路潮流计算_35_12],0.0
cons[线路潮流约束_35_12],0.0
cons[线路潮流约束_neg_35_12],0.0
cons[线路潮流计算_36_12],0.0
cons[线路潮流约束_36_12],0.0
cons[线路潮流约束_neg_36_12],0.0
cons[线路潮流计算_37_12],0.0
cons[线路潮流约束_37_12],0.0
cons[线路潮流约束_neg_37_12],0.0
cons[线路潮流计算_38_12],0.0
cons[线路潮流约束_38_12],0.0
cons[线路潮流约束_neg_38_12],0.0
cons[线路潮流计算_39_12],0.0
cons[线路潮流约束_39_12],0.0
cons[线路潮流约束_neg_39_12],0.0
cons[线路潮流计算_40_12],0.0
cons[线路潮流约束_40_12],0.0
cons[线路潮流约束_neg_40_12],0.0
cons[线路潮流计算_41_12],0.0
cons[线路潮流约束_41_12],0.0
cons[线路潮流约束_neg_41_12],0.0
cons[线路潮流计算_42_12],0.0
cons[线路潮流约束_42_12],0.0
cons[线路潮流约束_neg_42_12],0.0
cons[线路潮流计算_43_12],0.0
cons[线路潮流约束_43_12],0.0
cons[线路潮流约束_neg_43_12],0.0
cons[线路潮流计算_44_12],0.0
cons[线路潮流约束_44_12],0.0
cons[线路潮流约束_neg_44_12],0.0
cons[线路潮流计算_45_12],0.0
cons[线路潮流约束_45_12],0.0
cons[线路潮流约束_neg_45_12],0.0
cons[线路潮流计算_46_12],0.0
cons[线路潮流约束_46_12],0.0
cons[线路潮流约束_neg_46_12],0.0
cons[线路潮流计算_47_12],0.0
cons[线路潮流约束_47_12],0.0
cons[线路潮流约束_neg_47_12],0.0
cons[线路潮流计算_48_12],0.0
cons[线路潮流约束_48_12],0.0
cons[线路潮流约束_neg_48_12],0.0
cons[线路潮流计算_49_12],0.0
cons[线路潮流约束_49_12],0.0
cons[线路潮流约束_neg_49_12],0.0
cons[线路潮流计算_50_12],0.0
cons[线路潮流约束_50_12],0.0
cons[线路潮流约束_neg_50_12],0.0
cons[线路潮流计算_51_12],0.0
cons[线路潮流约束_51_12],0.0
cons[线路潮流约束_neg_51_12],0.0
cons[线路潮流计算_52_12],0.0
cons[线路潮流约束_52_12],0.0
cons[线路潮流约束_neg_52_12],0.0
cons[线路潮流计算_53_12],0.0
cons[线路潮流约束_53_12],0.0
cons[线路潮流约束_neg_53_12],0.0
cons[线路潮流计算_54_12],0.0
cons[线路潮流约束_54_12],0.0
cons[线路潮流约束_neg_54_12],0.0
cons[线路潮流计算_55_12],0.0
cons[线路潮流约束_55_12],0.0
cons[线路潮流约束_neg_55_12],0.0
cons[线路潮流计算_56_12],0.0
cons[线路潮流约束_56_12],0.0
cons[线路潮流约束_neg_56_12],0.0
cons[线路潮流计算_57_12],0.0
cons[线路潮流约束_57_12],0.0
cons[线路潮流约束_neg_57_12],0.0
cons[线路潮流计算_58_12],0.0
cons[线路潮流约束_58_12],0.0
cons[线路潮流约束_neg_58_12],0.0
cons[线路潮流计算_59_12],0.0
cons[线路潮流约束_59_12],0.0
cons[线路潮流约束_neg_59_12],0.0
cons[线路潮流计算_60_12],0.0
cons[线路潮流约束_60_12],0.0
cons[线路潮流约束_neg_60_12],0.0
cons[线路潮流计算_61_12],0.0
cons[线路潮流约束_61_12],0.0
cons[线路潮流约束_neg_61_12],0.0
cons[线路潮流计算_62_12],0.0
cons[线路潮流约束_62_12],0.0
cons[线路潮流约束_neg_62_12],0.0
cons[线路潮流计算_63_12],0.0
cons[线路潮流约束_63_12],0.0
cons[线路潮流约束_neg_63_12],0.0
cons[线路潮流计算_64_12],0.0
cons[线路潮流约束_64_12],0.0
cons[线路潮流约束_neg_64_12],0.0
cons[线路潮流计算_65_12],0.0
cons[线路潮流约束_65_12],0.0
cons[线路潮流约束_neg_65_12],0.0
cons[线路潮流计算_66_12],0.0
cons[线路潮流约束_66_12],0.0
cons[线路潮流约束_neg_66_12],0.0
cons[线路潮流计算_67_12],0.0
cons[线路潮流约束_67_12],0.0
cons[线路潮流约束_neg_67_12],0.0
cons[线路潮流计算_68_12],0.0
cons[线路潮流约束_68_12],0.0
cons[线路潮流约束_neg_68_12],0.0
cons[线路潮流计算_69_12],0.0
cons[线路潮流约束_69_12],0.0
cons[线路潮流约束_neg_69_12],0.0
cons[线路潮流计算_70_12],0.0
cons[线路潮流约束_70_12],0.0
cons[线路潮流约束_neg_70_12],0.0
cons[线路潮流计算_71_12],0.0
cons[线路潮流约束_71_12],0.0
cons[线路潮流约束_neg_71_12],0.0
cons[线路潮流计算_72_12],0.0
cons[线路潮流约束_72_12],0.0
cons[线路潮流约束_neg_72_12],0.0
cons[线路潮流计算_73_12],0.0
cons[线路潮流约束_73_12],0.0
cons[线路潮流约束_neg_73_12],0.0
cons[线路潮流计算_74_12],0.0
cons[线路潮流约束_74_12],0.0
cons[线路潮流约束_neg_74_12],0.0
cons[线路潮流计算_75_12],0.0
cons[线路潮流约束_75_12],0.0
cons[线路潮流约束_neg_75_12],0.0
cons[线路潮流计算_76_12],0.0
cons[线路潮流约束_76_12],0.0
cons[线路潮流约束_neg_76_12],0.0
cons[正备用约束_12],0.0
cons[负备用约束_12],-26992.920000000002
cons[系统功率平衡约束_13],21349.646
cons[线路潮流计算_0_13],0.0
cons[线路潮流约束_0_13],0.0
cons[线路潮流约束_neg_0_13],0.0
cons[线路潮流计算_1_13],0.0
cons[线路潮流约束_1_13],0.0
cons[线路潮流约束_neg_1_13],0.0
cons[线路潮流计算_2_13],0.0
cons[线路潮流约束_2_13],0.0
cons[线路潮流约束_neg_2_13],0.0
cons[线路潮流计算_3_13],0.0
cons[线路潮流约束_3_13],0.0
cons[线路潮流约束_neg_3_13],0.0
cons[线路潮流计算_4_13],0.0
cons[线路潮流约束_4_13],0.0
cons[线路潮流约束_neg_4_13],0.0
cons[线路潮流计算_5_13],0.0
cons[线路潮流约束_5_13],0.0
cons[线路潮流约束_neg_5_13],0.0
cons[线路潮流计算_6_13],0.0
cons[线路潮流约束_6_13],0.0
cons[线路潮流约束_neg_6_13],0.0
cons[线路潮流计算_7_13],0.0
cons[线路潮流约束_7_13],0.0
cons[线路潮流约束_neg_7_13],0.0
cons[线路潮流计算_8_13],0.0
cons[线路潮流约束_8_13],0.0
cons[线路潮流约束_neg_8_13],0.0
cons[线路潮流计算_9_13],0.0
cons[线路潮流约束_9_13],0.0
cons[线路潮流约束_neg_9_13],0.0
cons[线路潮流计算_10_13],0.0
cons[线路潮流约束_10_13],0.0
cons[线路潮流约束_neg_10_13],0.0
cons[线路潮流计算_11_13],0.0
cons[线路潮流约束_11_13],0.0
cons[线路潮流约束_neg_11_13],0.0
cons[线路潮流计算_12_13],0.0
cons[线路潮流约束_12_13],0.0
cons[线路潮流约束_neg_12_13],0.0
cons[线路潮流计算_13_13],0.0
cons[线路潮流约束_13_13],0.0
cons[线路潮流约束_neg_13_13],0.0
cons[线路潮流计算_14_13],0.0
cons[线路潮流约束_14_13],0.0
cons[线路潮流约束_neg_14_13],0.0
cons[线路潮流计算_15_13],0.0
cons[线路潮流约束_15_13],0.0
cons[线路潮流约束_neg_15_13],0.0
cons[线路潮流计算_16_13],0.0
cons[线路潮流约束_16_13],0.0
cons[线路潮流约束_neg_16_13],0.0
cons[线路潮流计算_17_13],0.0
cons[线路潮流约束_17_13],0.0
cons[线路潮流约束_neg_17_13],0.0
cons[线路潮流计算_18_13],0.0
cons[线路潮流约束_18_13],0.0
cons[线路潮流约束_neg_18_13],0.0
cons[线路潮流计算_19_13],0.0
cons[线路潮流约束_19_13],0.0
cons[线路潮流约束_neg_19_13],0.0
cons[线路潮流计算_20_13],0.0
cons[线路潮流约束_20_13],0.0
cons[线路潮流约束_neg_20_13],0.0
cons[线路潮流计算_21_13],0.0
cons[线路潮流约束_21_13],0.0
cons[线路潮流约束_neg_21_13],0.0
cons[线路潮流计算_22_13],0.0
cons[线路潮流约束_22_13],0.0
cons[线路潮流约束_neg_22_13],0.0
cons[线路潮流计算_23_13],0.0
cons[线路潮流约束_23_13],0.0
cons[线路潮流约束_neg_23_13],0.0
cons[线路潮流计算_24_13],0.0
cons[线路潮流约束_24_13],0.0
cons[线路潮流约束_neg_24_13],0.0
cons[线路潮流计算_25_13],0.0
cons[线路潮流约束_25_13],0.0
cons[线路潮流约束_neg_25_13],0.0
cons[线路潮流计算_26_13],0.0
cons[线路潮流约束_26_13],0.0
cons[线路潮流约束_neg_26_13],0.0
cons[线路潮流计算_27_13],0.0
cons[线路潮流约束_27_13],0.0
cons[线路潮流约束_neg_27_13],0.0
cons[线路潮流计算_28_13],0.0
cons[线路潮流约束_28_13],0.0
cons[线路潮流约束_neg_28_13],0.0
cons[线路潮流计算_29_13],0.0
cons[线路潮流约束_29_13],0.0
cons[线路潮流约束_neg_29_13],0.0
cons[线路潮流计算_30_13],0.0
cons[线路潮流约束_30_13],0.0
cons[线路潮流约束_neg_30_13],0.0
cons[线路潮流计算_31_13],0.0
cons[线路潮流约束_31_13],0.0
cons[线路潮流约束_neg_31_13],0.0
cons[线路潮流计算_32_13],0.0
cons[线路潮流约束_32_13],0.0
cons[线路潮流约束_neg_32_13],0.0
cons[线路潮流计算_33_13],0.0
cons[线路潮流约束_33_13],0.0
cons[线路潮流约束_neg_33_13],0.0
cons[线路潮流计算_34_13],0.0
cons[线路潮流约束_34_13],0.0
cons[线路潮流约束_neg_34_13],0.0
cons[线路潮流计算_35_13],0.0
cons[线路潮流约束_35_13],0.0
cons[线路潮流约束_neg_35_13],0.0
cons[线路潮流计算_36_13],0.0
cons[线路潮流约束_36_13],0.0
cons[线路潮流约束_neg_36_13],0.0
cons[线路潮流计算_37_13],0.0
cons[线路潮流约束_37_13],0.0
cons[线路潮流约束_neg_37_13],0.0
cons[线路潮流计算_38_13],0.0
cons[线路潮流约束_38_13],0.0
cons[线路潮流约束_neg_38_13],0.0
cons[线路潮流计算_39_13],0.0
cons[线路潮流约束_39_13],0.0
cons[线路潮流约束_neg_39_13],0.0
cons[线路潮流计算_40_13],0.0
cons[线路潮流约束_40_13],0.0
cons[线路潮流约束_neg_40_13],0.0
cons[线路潮流计算_41_13],0.0
cons[线路潮流约束_41_13],0.0
cons[线路潮流约束_neg_41_13],0.0
cons[线路潮流计算_42_13],0.0
cons[线路潮流约束_42_13],0.0
cons[线路潮流约束_neg_42_13],0.0
cons[线路潮流计算_43_13],0.0
cons[线路潮流约束_43_13],0.0
cons[线路潮流约束_neg_43_13],0.0
cons[线路潮流计算_44_13],0.0
cons[线路潮流约束_44_13],0.0
cons[线路潮流约束_neg_44_13],0.0
cons[线路潮流计算_45_13],0.0
cons[线路潮流约束_45_13],0.0
cons[线路潮流约束_neg_45_13],0.0
cons[线路潮流计算_46_13],0.0
cons[线路潮流约束_46_13],0.0
cons[线路潮流约束_neg_46_13],0.0
cons[线路潮流计算_47_13],0.0
cons[线路潮流约束_47_13],0.0
cons[线路潮流约束_neg_47_13],0.0
cons[线路潮流计算_48_13],0.0
cons[线路潮流约束_48_13],0.0
cons[线路潮流约束_neg_48_13],0.0
cons[线路潮流计算_49_13],0.0
cons[线路潮流约束_49_13],0.0
cons[线路潮流约束_neg_49_13],0.0
cons[线路潮流计算_50_13],0.0
cons[线路潮流约束_50_13],0.0
cons[线路潮流约束_neg_50_13],0.0
cons[线路潮流计算_51_13],0.0
cons[线路潮流约束_51_13],0.0
cons[线路潮流约束_neg_51_13],0.0
cons[线路潮流计算_52_13],0.0
cons[线路潮流约束_52_13],0.0
cons[线路潮流约束_neg_52_13],0.0
cons[线路潮流计算_53_13],0.0
cons[线路潮流约束_53_13],0.0
cons[线路潮流约束_neg_53_13],0.0
cons[线路潮流计算_54_13],0.0
cons[线路潮流约束_54_13],0.0
cons[线路潮流约束_neg_54_13],0.0
cons[线路潮流计算_55_13],0.0
cons[线路潮流约束_55_13],0.0
cons[线路潮流约束_neg_55_13],0.0
cons[线路潮流计算_56_13],0.0
cons[线路潮流约束_56_13],0.0
cons[线路潮流约束_neg_56_13],0.0
cons[线路潮流计算_57_13],0.0
cons[线路潮流约束_57_13],0.0
cons[线路潮流约束_neg_57_13],0.0
cons[线路潮流计算_58_13],0.0
cons[线路潮流约束_58_13],0.0
cons[线路潮流约束_neg_58_13],0.0
cons[线路潮流计算_59_13],0.0
cons[线路潮流约束_59_13],0.0
cons[线路潮流约束_neg_59_13],0.0
cons[线路潮流计算_60_13],0.0
cons[线路潮流约束_60_13],0.0
cons[线路潮流约束_neg_60_13],0.0
cons[线路潮流计算_61_13],0.0
cons[线路潮流约束_61_13],0.0
cons[线路潮流约束_neg_61_13],0.0
cons[线路潮流计算_62_13],0.0
cons[线路潮流约束_62_13],0.0
cons[线路潮流约束_neg_62_13],0.0
cons[线路潮流计算_63_13],0.0
cons[线路潮流约束_63_13],0.0
cons[线路潮流约束_neg_63_13],0.0
cons[线路潮流计算_64_13],0.0
cons[线路潮流约束_64_13],0.0
cons[线路潮流约束_neg_64_13],0.0
cons[线路潮流计算_65_13],0.0
cons[线路潮流约束_65_13],0.0
cons[线路潮流约束_neg_65_13],0.0
cons[线路潮流计算_66_13],0.0
cons[线路潮流约束_66_13],0.0
cons[线路潮流约束_neg_66_13],0.0
cons[线路潮流计算_67_13],0.0
cons[线路潮流约束_67_13],0.0
cons[线路潮流约束_neg_67_13],0.0
cons[线路潮流计算_68_13],0.0
cons[线路潮流约束_68_13],0.0
cons[线路潮流约束_neg_68_13],0.0
cons[线路潮流计算_69_13],0.0
cons[线路潮流约束_69_13],0.0
cons[线路潮流约束_neg_69_13],0.0
cons[线路潮流计算_70_13],0.0
cons[线路潮流约束_70_13],0.0
cons[线路潮流约束_neg_70_13],0.0
cons[线路潮流计算_71_13],0.0
cons[线路潮流约束_71_13],0.0
cons[线路潮流约束_neg_71_13],0.0
cons[线路潮流计算_72_13],0.0
cons[线路潮流约束_72_13],0.0
cons[线路潮流约束_neg_72_13],0.0
cons[线路潮流计算_73_13],0.0
cons[线路潮流约束_73_13],0.0
cons[线路潮流约束_neg_73_13],0.0
cons[线路潮流计算_74_13],0.0
cons[线路潮流约束_74_13],0.0
cons[线路潮流约束_neg_74_13],0.0
cons[线路潮流计算_75_13],0.0
cons[线路潮流约束_75_13],0.0
cons[线路潮流约束_neg_75_13],0.0
cons[线路潮流计算_76_13],0.0
cons[线路潮流约束_76_13],0.0
cons[线路潮流约束_neg_76_13],0.0
cons[正备用约束_13],0.0
cons[负备用约束_13],-26992.920000000002
cons[系统功率平衡约束_14],21349.646
cons[线路潮流计算_0_14],0.0
cons[线路潮流约束_0_14],0.0
cons[线路潮流约束_neg_0_14],0.0
cons[线路潮流计算_1_14],0.0
cons[线路潮流约束_1_14],0.0
cons[线路潮流约束_neg_1_14],0.0
cons[线路潮流计算_2_14],0.0
cons[线路潮流约束_2_14],0.0
cons[线路潮流约束_neg_2_14],0.0
cons[线路潮流计算_3_14],0.0
cons[线路潮流约束_3_14],0.0
cons[线路潮流约束_neg_3_14],0.0
cons[线路潮流计算_4_14],0.0
cons[线路潮流约束_4_14],0.0
cons[线路潮流约束_neg_4_14],0.0
cons[线路潮流计算_5_14],0.0
cons[线路潮流约束_5_14],0.0
cons[线路潮流约束_neg_5_14],0.0
cons[线路潮流计算_6_14],0.0
cons[线路潮流约束_6_14],0.0
cons[线路潮流约束_neg_6_14],0.0
cons[线路潮流计算_7_14],0.0
cons[线路潮流约束_7_14],0.0
cons[线路潮流约束_neg_7_14],0.0
cons[线路潮流计算_8_14],0.0
cons[线路潮流约束_8_14],0.0
cons[线路潮流约束_neg_8_14],0.0
cons[线路潮流计算_9_14],0.0
cons[线路潮流约束_9_14],0.0
cons[线路潮流约束_neg_9_14],0.0
cons[线路潮流计算_10_14],0.0
cons[线路潮流约束_10_14],0.0
cons[线路潮流约束_neg_10_14],0.0
cons[线路潮流计算_11_14],0.0
cons[线路潮流约束_11_14],0.0
cons[线路潮流约束_neg_11_14],0.0
cons[线路潮流计算_12_14],0.0
cons[线路潮流约束_12_14],0.0
cons[线路潮流约束_neg_12_14],0.0
cons[线路潮流计算_13_14],0.0
cons[线路潮流约束_13_14],0.0
cons[线路潮流约束_neg_13_14],0.0
cons[线路潮流计算_14_14],0.0
cons[线路潮流约束_14_14],0.0
cons[线路潮流约束_neg_14_14],0.0
cons[线路潮流计算_15_14],0.0
cons[线路潮流约束_15_14],0.0
cons[线路潮流约束_neg_15_14],0.0
cons[线路潮流计算_16_14],0.0
cons[线路潮流约束_16_14],0.0
cons[线路潮流约束_neg_16_14],0.0
cons[线路潮流计算_17_14],0.0
cons[线路潮流约束_17_14],0.0
cons[线路潮流约束_neg_17_14],0.0
cons[线路潮流计算_18_14],0.0
cons[线路潮流约束_18_14],0.0
cons[线路潮流约束_neg_18_14],0.0
cons[线路潮流计算_19_14],0.0
cons[线路潮流约束_19_14],0.0
cons[线路潮流约束_neg_19_14],0.0
cons[线路潮流计算_20_14],0.0
cons[线路潮流约束_20_14],0.0
cons[线路潮流约束_neg_20_14],0.0
cons[线路潮流计算_21_14],0.0
cons[线路潮流约束_21_14],0.0
cons[线路潮流约束_neg_21_14],0.0
cons[线路潮流计算_22_14],0.0
cons[线路潮流约束_22_14],0.0
cons[线路潮流约束_neg_22_14],0.0
cons[线路潮流计算_23_14],0.0
cons[线路潮流约束_23_14],0.0
cons[线路潮流约束_neg_23_14],0.0
cons[线路潮流计算_24_14],0.0
cons[线路潮流约束_24_14],0.0
cons[线路潮流约束_neg_24_14],0.0
cons[线路潮流计算_25_14],0.0
cons[线路潮流约束_25_14],0.0
cons[线路潮流约束_neg_25_14],0.0
cons[线路潮流计算_26_14],0.0
cons[线路潮流约束_26_14],0.0
cons[线路潮流约束_neg_26_14],0.0
cons[线路潮流计算_27_14],0.0
cons[线路潮流约束_27_14],0.0
cons[线路潮流约束_neg_27_14],0.0
cons[线路潮流计算_28_14],0.0
cons[线路潮流约束_28_14],0.0
cons[线路潮流约束_neg_28_14],0.0
cons[线路潮流计算_29_14],0.0
cons[线路潮流约束_29_14],0.0
cons[线路潮流约束_neg_29_14],0.0
cons[线路潮流计算_30_14],0.0
cons[线路潮流约束_30_14],0.0
cons[线路潮流约束_neg_30_14],0.0
cons[线路潮流计算_31_14],0.0
cons[线路潮流约束_31_14],0.0
cons[线路潮流约束_neg_31_14],0.0
cons[线路潮流计算_32_14],0.0
cons[线路潮流约束_32_14],0.0
cons[线路潮流约束_neg_32_14],0.0
cons[线路潮流计算_33_14],0.0
cons[线路潮流约束_33_14],0.0
cons[线路潮流约束_neg_33_14],0.0
cons[线路潮流计算_34_14],0.0
cons[线路潮流约束_34_14],0.0
cons[线路潮流约束_neg_34_14],0.0
cons[线路潮流计算_35_14],0.0
cons[线路潮流约束_35_14],0.0
cons[线路潮流约束_neg_35_14],0.0
cons[线路潮流计算_36_14],0.0
cons[线路潮流约束_36_14],0.0
cons[线路潮流约束_neg_36_14],0.0
cons[线路潮流计算_37_14],0.0
cons[线路潮流约束_37_14],0.0
cons[线路潮流约束_neg_37_14],0.0
cons[线路潮流计算_38_14],0.0
cons[线路潮流约束_38_14],0.0
cons[线路潮流约束_neg_38_14],0.0
cons[线路潮流计算_39_14],0.0
cons[线路潮流约束_39_14],0.0
cons[线路潮流约束_neg_39_14],0.0
cons[线路潮流计算_40_14],0.0
cons[线路潮流约束_40_14],0.0
cons[线路潮流约束_neg_40_14],0.0
cons[线路潮流计算_41_14],0.0
cons[线路潮流约束_41_14],0.0
cons[线路潮流约束_neg_41_14],0.0
cons[线路潮流计算_42_14],0.0
cons[线路潮流约束_42_14],0.0
cons[线路潮流约束_neg_42_14],0.0
cons[线路潮流计算_43_14],0.0
cons[线路潮流约束_43_14],0.0
cons[线路潮流约束_neg_43_14],0.0
cons[线路潮流计算_44_14],0.0
cons[线路潮流约束_44_14],0.0
cons[线路潮流约束_neg_44_14],0.0
cons[线路潮流计算_45_14],0.0
cons[线路潮流约束_45_14],0.0
cons[线路潮流约束_neg_45_14],0.0
cons[线路潮流计算_46_14],0.0
cons[线路潮流约束_46_14],0.0
cons[线路潮流约束_neg_46_14],0.0
cons[线路潮流计算_47_14],0.0
cons[线路潮流约束_47_14],0.0
cons[线路潮流约束_neg_47_14],0.0
cons[线路潮流计算_48_14],0.0
cons[线路潮流约束_48_14],0.0
cons[线路潮流约束_neg_48_14],0.0
cons[线路潮流计算_49_14],0.0
cons[线路潮流约束_49_14],0.0
cons[线路潮流约束_neg_49_14],0.0
cons[线路潮流计算_50_14],0.0
cons[线路潮流约束_50_14],0.0
cons[线路潮流约束_neg_50_14],0.0
cons[线路潮流计算_51_14],0.0
cons[线路潮流约束_51_14],0.0
cons[线路潮流约束_neg_51_14],0.0
cons[线路潮流计算_52_14],0.0
cons[线路潮流约束_52_14],0.0
cons[线路潮流约束_neg_52_14],0.0
cons[线路潮流计算_53_14],0.0
cons[线路潮流约束_53_14],0.0
cons[线路潮流约束_neg_53_14],0.0
cons[线路潮流计算_54_14],0.0
cons[线路潮流约束_54_14],0.0
cons[线路潮流约束_neg_54_14],0.0
cons[线路潮流计算_55_14],0.0
cons[线路潮流约束_55_14],0.0
cons[线路潮流约束_neg_55_14],0.0
cons[线路潮流计算_56_14],0.0
cons[线路潮流约束_56_14],0.0
cons[线路潮流约束_neg_56_14],0.0
cons[线路潮流计算_57_14],0.0
cons[线路潮流约束_57_14],0.0
cons[线路潮流约束_neg_57_14],0.0
cons[线路潮流计算_58_14],0.0
cons[线路潮流约束_58_14],0.0
cons[线路潮流约束_neg_58_14],0.0
cons[线路潮流计算_59_14],0.0
cons[线路潮流约束_59_14],0.0
cons[线路潮流约束_neg_59_14],0.0
cons[线路潮流计算_60_14],0.0
cons[线路潮流约束_60_14],0.0
cons[线路潮流约束_neg_60_14],0.0
cons[线路潮流计算_61_14],0.0
cons[线路潮流约束_61_14],0.0
cons[线路潮流约束_neg_61_14],0.0
cons[线路潮流计算_62_14],0.0
cons[线路潮流约束_62_14],0.0
cons[线路潮流约束_neg_62_14],0.0
cons[线路潮流计算_63_14],0.0
cons[线路潮流约束_63_14],0.0
cons[线路潮流约束_neg_63_14],0.0
cons[线路潮流计算_64_14],0.0
cons[线路潮流约束_64_14],0.0
cons[线路潮流约束_neg_64_14],0.0
cons[线路潮流计算_65_14],0.0
cons[线路潮流约束_65_14],0.0
cons[线路潮流约束_neg_65_14],0.0
cons[线路潮流计算_66_14],0.0
cons[线路潮流约束_66_14],0.0
cons[线路潮流约束_neg_66_14],0.0
cons[线路潮流计算_67_14],0.0
cons[线路潮流约束_67_14],0.0
cons[线路潮流约束_neg_67_14],0.0
cons[线路潮流计算_68_14],0.0
cons[线路潮流约束_68_14],0.0
cons[线路潮流约束_neg_68_14],0.0
cons[线路潮流计算_69_14],0.0
cons[线路潮流约束_69_14],0.0
cons[线路潮流约束_neg_69_14],0.0
cons[线路潮流计算_70_14],0.0
cons[线路潮流约束_70_14],0.0
cons[线路潮流约束_neg_70_14],0.0
cons[线路潮流计算_71_14],0.0
cons[线路潮流约束_71_14],0.0
cons[线路潮流约束_neg_71_14],0.0
cons[线路潮流计算_72_14],0.0
cons[线路潮流约束_72_14],0.0
cons[线路潮流约束_neg_72_14],0.0
cons[线路潮流计算_73_14],0.0
cons[线路潮流约束_73_14],0.0
cons[线路潮流约束_neg_73_14],0.0
cons[线路潮流计算_74_14],0.0
cons[线路潮流约束_74_14],0.0
cons[线路潮流约束_neg_74_14],0.0
cons[线路潮流计算_75_14],0.0
cons[线路潮流约束_75_14],0.0
cons[线路潮流约束_neg_75_14],0.0
cons[线路潮流计算_76_14],0.0
cons[线路潮流约束_76_14],0.0
cons[线路潮流约束_neg_76_14],0.0
cons[正备用约束_14],0.0
cons[负备用约束_14],-26992.920000000002
cons[系统功率平衡约束_15],21349.646
cons[线路潮流计算_0_15],0.0
cons[线路潮流约束_0_15],0.0
cons[线路潮流约束_neg_0_15],0.0
cons[线路潮流计算_1_15],0.0
cons[线路潮流约束_1_15],0.0
cons[线路潮流约束_neg_1_15],0.0
cons[线路潮流计算_2_15],0.0
cons[线路潮流约束_2_15],0.0
cons[线路潮流约束_neg_2_15],0.0
cons[线路潮流计算_3_15],0.0
cons[线路潮流约束_3_15],0.0
cons[线路潮流约束_neg_3_15],0.0
cons[线路潮流计算_4_15],0.0
cons[线路潮流约束_4_15],0.0
cons[线路潮流约束_neg_4_15],0.0
cons[线路潮流计算_5_15],0.0
cons[线路潮流约束_5_15],0.0
cons[线路潮流约束_neg_5_15],0.0
cons[线路潮流计算_6_15],0.0
cons[线路潮流约束_6_15],0.0
cons[线路潮流约束_neg_6_15],0.0
cons[线路潮流计算_7_15],0.0
cons[线路潮流约束_7_15],0.0
cons[线路潮流约束_neg_7_15],0.0
cons[线路潮流计算_8_15],0.0
cons[线路潮流约束_8_15],0.0
cons[线路潮流约束_neg_8_15],0.0
cons[线路潮流计算_9_15],0.0
cons[线路潮流约束_9_15],0.0
cons[线路潮流约束_neg_9_15],0.0
cons[线路潮流计算_10_15],0.0
cons[线路潮流约束_10_15],0.0
cons[线路潮流约束_neg_10_15],0.0
cons[线路潮流计算_11_15],0.0
cons[线路潮流约束_11_15],0.0
cons[线路潮流约束_neg_11_15],0.0
cons[线路潮流计算_12_15],0.0
cons[线路潮流约束_12_15],0.0
cons[线路潮流约束_neg_12_15],0.0
cons[线路潮流计算_13_15],0.0
cons[线路潮流约束_13_15],0.0
cons[线路潮流约束_neg_13_15],0.0
cons[线路潮流计算_14_15],0.0
cons[线路潮流约束_14_15],0.0
cons[线路潮流约束_neg_14_15],0.0
cons[线路潮流计算_15_15],0.0
cons[线路潮流约束_15_15],0.0
cons[线路潮流约束_neg_15_15],0.0
cons[线路潮流计算_16_15],0.0
cons[线路潮流约束_16_15],0.0
cons[线路潮流约束_neg_16_15],0.0
cons[线路潮流计算_17_15],0.0
cons[线路潮流约束_17_15],0.0
cons[线路潮流约束_neg_17_15],0.0
cons[线路潮流计算_18_15],0.0
cons[线路潮流约束_18_15],0.0
cons[线路潮流约束_neg_18_15],0.0
cons[线路潮流计算_19_15],0.0
cons[线路潮流约束_19_15],0.0
cons[线路潮流约束_neg_19_15],0.0
cons[线路潮流计算_20_15],0.0
cons[线路潮流约束_20_15],0.0
cons[线路潮流约束_neg_20_15],0.0
cons[线路潮流计算_21_15],0.0
cons[线路潮流约束_21_15],0.0
cons[线路潮流约束_neg_21_15],0.0
cons[线路潮流计算_22_15],0.0
cons[线路潮流约束_22_15],0.0
cons[线路潮流约束_neg_22_15],0.0
cons[线路潮流计算_23_15],0.0
cons[线路潮流约束_23_15],0.0
cons[线路潮流约束_neg_23_15],0.0
cons[线路潮流计算_24_15],0.0
cons[线路潮流约束_24_15],0.0
cons[线路潮流约束_neg_24_15],0.0
cons[线路潮流计算_25_15],0.0
cons[线路潮流约束_25_15],0.0
cons[线路潮流约束_neg_25_15],0.0
cons[线路潮流计算_26_15],0.0
cons[线路潮流约束_26_15],0.0
cons[线路潮流约束_neg_26_15],0.0
cons[线路潮流计算_27_15],0.0
cons[线路潮流约束_27_15],0.0
cons[线路潮流约束_neg_27_15],0.0
cons[线路潮流计算_28_15],0.0
cons[线路潮流约束_28_15],0.0
cons[线路潮流约束_neg_28_15],0.0
cons[线路潮流计算_29_15],0.0
cons[线路潮流约束_29_15],0.0
cons[线路潮流约束_neg_29_15],0.0
cons[线路潮流计算_30_15],0.0
cons[线路潮流约束_30_15],0.0
cons[线路潮流约束_neg_30_15],0.0
cons[线路潮流计算_31_15],0.0
cons[线路潮流约束_31_15],0.0
cons[线路潮流约束_neg_31_15],0.0
cons[线路潮流计算_32_15],0.0
cons[线路潮流约束_32_15],0.0
cons[线路潮流约束_neg_32_15],0.0
cons[线路潮流计算_33_15],0.0
cons[线路潮流约束_33_15],0.0
cons[线路潮流约束_neg_33_15],0.0
cons[线路潮流计算_34_15],0.0
cons[线路潮流约束_34_15],0.0
cons[线路潮流约束_neg_34_15],0.0
cons[线路潮流计算_35_15],0.0
cons[线路潮流约束_35_15],0.0
cons[线路潮流约束_neg_35_15],0.0
cons[线路潮流计算_36_15],0.0
cons[线路潮流约束_36_15],0.0
cons[线路潮流约束_neg_36_15],0.0
cons[线路潮流计算_37_15],0.0
cons[线路潮流约束_37_15],0.0
cons[线路潮流约束_neg_37_15],0.0
cons[线路潮流计算_38_15],0.0
cons[线路潮流约束_38_15],0.0
cons[线路潮流约束_neg_38_15],0.0
cons[线路潮流计算_39_15],0.0
cons[线路潮流约束_39_15],0.0
cons[线路潮流约束_neg_39_15],0.0
cons[线路潮流计算_40_15],0.0
cons[线路潮流约束_40_15],0.0
cons[线路潮流约束_neg_40_15],0.0
cons[线路潮流计算_41_15],0.0
cons[线路潮流约束_41_15],0.0
cons[线路潮流约束_neg_41_15],0.0
cons[线路潮流计算_42_15],0.0
cons[线路潮流约束_42_15],0.0
cons[线路潮流约束_neg_42_15],0.0
cons[线路潮流计算_43_15],0.0
cons[线路潮流约束_43_15],0.0
cons[线路潮流约束_neg_43_15],0.0
cons[线路潮流计算_44_15],0.0
cons[线路潮流约束_44_15],0.0
cons[线路潮流约束_neg_44_15],0.0
cons[线路潮流计算_45_15],0.0
cons[线路潮流约束_45_15],0.0
cons[线路潮流约束_neg_45_15],0.0
cons[线路潮流计算_46_15],0.0
cons[线路潮流约束_46_15],0.0
cons[线路潮流约束_neg_46_15],0.0
cons[线路潮流计算_47_15],0.0
cons[线路潮流约束_47_15],0.0
cons[线路潮流约束_neg_47_15],0.0
cons[线路潮流计算_48_15],0.0
cons[线路潮流约束_48_15],0.0
cons[线路潮流约束_neg_48_15],0.0
cons[线路潮流计算_49_15],0.0
cons[线路潮流约束_49_15],0.0
cons[线路潮流约束_neg_49_15],0.0
cons[线路潮流计算_50_15],0.0
cons[线路潮流约束_50_15],0.0
cons[线路潮流约束_neg_50_15],0.0
cons[线路潮流计算_51_15],0.0
cons[线路潮流约束_51_15],0.0
cons[线路潮流约束_neg_51_15],0.0
cons[线路潮流计算_52_15],0.0
cons[线路潮流约束_52_15],0.0
cons[线路潮流约束_neg_52_15],0.0
cons[线路潮流计算_53_15],0.0
cons[线路潮流约束_53_15],0.0
cons[线路潮流约束_neg_53_15],0.0
cons[线路潮流计算_54_15],0.0
cons[线路潮流约束_54_15],0.0
cons[线路潮流约束_neg_54_15],0.0
cons[线路潮流计算_55_15],0.0
cons[线路潮流约束_55_15],0.0
cons[线路潮流约束_neg_55_15],0.0
cons[线路潮流计算_56_15],0.0
cons[线路潮流约束_56_15],0.0
cons[线路潮流约束_neg_56_15],0.0
cons[线路潮流计算_57_15],0.0
cons[线路潮流约束_57_15],0.0
cons[线路潮流约束_neg_57_15],0.0
cons[线路潮流计算_58_15],0.0
cons[线路潮流约束_58_15],0.0
cons[线路潮流约束_neg_58_15],0.0
cons[线路潮流计算_59_15],0.0
cons[线路潮流约束_59_15],0.0
cons[线路潮流约束_neg_59_15],0.0
cons[线路潮流计算_60_15],0.0
cons[线路潮流约束_60_15],0.0
cons[线路潮流约束_neg_60_15],0.0
cons[线路潮流计算_61_15],0.0
cons[线路潮流约束_61_15],0.0
cons[线路潮流约束_neg_61_15],0.0
cons[线路潮流计算_62_15],0.0
cons[线路潮流约束_62_15],0.0
cons[线路潮流约束_neg_62_15],0.0
cons[线路潮流计算_63_15],0.0
cons[线路潮流约束_63_15],0.0
cons[线路潮流约束_neg_63_15],0.0
cons[线路潮流计算_64_15],0.0
cons[线路潮流约束_64_15],0.0
cons[线路潮流约束_neg_64_15],0.0
cons[线路潮流计算_65_15],0.0
cons[线路潮流约束_65_15],0.0
cons[线路潮流约束_neg_65_15],0.0
cons[线路潮流计算_66_15],0.0
cons[线路潮流约束_66_15],0.0
cons[线路潮流约束_neg_66_15],0.0
cons[线路潮流计算_67_15],0.0
cons[线路潮流约束_67_15],0.0
cons[线路潮流约束_neg_67_15],0.0
cons[线路潮流计算_68_15],0.0
cons[线路潮流约束_68_15],0.0
cons[线路潮流约束_neg_68_15],0.0
cons[线路潮流计算_69_15],0.0
cons[线路潮流约束_69_15],0.0
cons[线路潮流约束_neg_69_15],0.0
cons[线路潮流计算_70_15],0.0
cons[线路潮流约束_70_15],0.0
cons[线路潮流约束_neg_70_15],0.0
cons[线路潮流计算_71_15],0.0
cons[线路潮流约束_71_15],0.0
cons[线路潮流约束_neg_71_15],0.0
cons[线路潮流计算_72_15],0.0
cons[线路潮流约束_72_15],0.0
cons[线路潮流约束_neg_72_15],0.0
cons[线路潮流计算_73_15],0.0
cons[线路潮流约束_73_15],0.0
cons[线路潮流约束_neg_73_15],0.0
cons[线路潮流计算_74_15],0.0
cons[线路潮流约束_74_15],0.0
cons[线路潮流约束_neg_74_15],0.0
cons[线路潮流计算_75_15],0.0
cons[线路潮流约束_75_15],0.0
cons[线路潮流约束_neg_75_15],0.0
cons[线路潮流计算_76_15],0.0
cons[线路潮流约束_76_15],0.0
cons[线路潮流约束_neg_76_15],0.0
cons[正备用约束_15],0.0
cons[负备用约束_15],-26992.920000000002
cons[系统功率平衡约束_16],21349.646
cons[线路潮流计算_0_16],0.0
cons[线路潮流约束_0_16],0.0
cons[线路潮流约束_neg_0_16],0.0
cons[线路潮流计算_1_16],0.0
cons[线路潮流约束_1_16],0.0
cons[线路潮流约束_neg_1_16],0.0
cons[线路潮流计算_2_16],0.0
cons[线路潮流约束_2_16],0.0
cons[线路潮流约束_neg_2_16],0.0
cons[线路潮流计算_3_16],0.0
cons[线路潮流约束_3_16],0.0
cons[线路潮流约束_neg_3_16],0.0
cons[线路潮流计算_4_16],0.0
cons[线路潮流约束_4_16],0.0
cons[线路潮流约束_neg_4_16],0.0
cons[线路潮流计算_5_16],0.0
cons[线路潮流约束_5_16],0.0
cons[线路潮流约束_neg_5_16],0.0
cons[线路潮流计算_6_16],0.0
cons[线路潮流约束_6_16],0.0
cons[线路潮流约束_neg_6_16],0.0
cons[线路潮流计算_7_16],0.0
cons[线路潮流约束_7_16],0.0
cons[线路潮流约束_neg_7_16],0.0
cons[线路潮流计算_8_16],0.0
cons[线路潮流约束_8_16],0.0
cons[线路潮流约束_neg_8_16],0.0
cons[线路潮流计算_9_16],0.0
cons[线路潮流约束_9_16],0.0
cons[线路潮流约束_neg_9_16],0.0
cons[线路潮流计算_10_16],0.0
cons[线路潮流约束_10_16],0.0
cons[线路潮流约束_neg_10_16],0.0
cons[线路潮流计算_11_16],0.0
cons[线路潮流约束_11_16],0.0
cons[线路潮流约束_neg_11_16],0.0
cons[线路潮流计算_12_16],0.0
cons[线路潮流约束_12_16],0.0
cons[线路潮流约束_neg_12_16],0.0
cons[线路潮流计算_13_16],0.0
cons[线路潮流约束_13_16],0.0
cons[线路潮流约束_neg_13_16],0.0
cons[线路潮流计算_14_16],0.0
cons[线路潮流约束_14_16],0.0
cons[线路潮流约束_neg_14_16],0.0
cons[线路潮流计算_15_16],0.0
cons[线路潮流约束_15_16],0.0
cons[线路潮流约束_neg_15_16],0.0
cons[线路潮流计算_16_16],0.0
cons[线路潮流约束_16_16],0.0
cons[线路潮流约束_neg_16_16],0.0
cons[线路潮流计算_17_16],0.0
cons[线路潮流约束_17_16],0.0
cons[线路潮流约束_neg_17_16],0.0
cons[线路潮流计算_18_16],0.0
cons[线路潮流约束_18_16],0.0
cons[线路潮流约束_neg_18_16],0.0
cons[线路潮流计算_19_16],0.0
cons[线路潮流约束_19_16],0.0
cons[线路潮流约束_neg_19_16],0.0
cons[线路潮流计算_20_16],0.0
cons[线路潮流约束_20_16],0.0
cons[线路潮流约束_neg_20_16],0.0
cons[线路潮流计算_21_16],0.0
cons[线路潮流约束_21_16],0.0
cons[线路潮流约束_neg_21_16],0.0
cons[线路潮流计算_22_16],0.0
cons[线路潮流约束_22_16],0.0
cons[线路潮流约束_neg_22_16],0.0
cons[线路潮流计算_23_16],0.0
cons[线路潮流约束_23_16],0.0
cons[线路潮流约束_neg_23_16],0.0
cons[线路潮流计算_24_16],0.0
cons[线路潮流约束_24_16],0.0
cons[线路潮流约束_neg_24_16],0.0
cons[线路潮流计算_25_16],0.0
cons[线路潮流约束_25_16],0.0
cons[线路潮流约束_neg_25_16],0.0
cons[线路潮流计算_26_16],0.0
cons[线路潮流约束_26_16],0.0
cons[线路潮流约束_neg_26_16],0.0
cons[线路潮流计算_27_16],0.0
cons[线路潮流约束_27_16],0.0
cons[线路潮流约束_neg_27_16],0.0
cons[线路潮流计算_28_16],0.0
cons[线路潮流约束_28_16],0.0
cons[线路潮流约束_neg_28_16],0.0
cons[线路潮流计算_29_16],0.0
cons[线路潮流约束_29_16],0.0
cons[线路潮流约束_neg_29_16],0.0
cons[线路潮流计算_30_16],0.0
cons[线路潮流约束_30_16],0.0
cons[线路潮流约束_neg_30_16],0.0
cons[线路潮流计算_31_16],0.0
cons[线路潮流约束_31_16],0.0
cons[线路潮流约束_neg_31_16],0.0
cons[线路潮流计算_32_16],0.0
cons[线路潮流约束_32_16],0.0
cons[线路潮流约束_neg_32_16],0.0
cons[线路潮流计算_33_16],0.0
cons[线路潮流约束_33_16],0.0
cons[线路潮流约束_neg_33_16],0.0
cons[线路潮流计算_34_16],0.0
cons[线路潮流约束_34_16],0.0
cons[线路潮流约束_neg_34_16],0.0
cons[线路潮流计算_35_16],0.0
cons[线路潮流约束_35_16],0.0
cons[线路潮流约束_neg_35_16],0.0
cons[线路潮流计算_36_16],0.0
cons[线路潮流约束_36_16],0.0
cons[线路潮流约束_neg_36_16],0.0
cons[线路潮流计算_37_16],0.0
cons[线路潮流约束_37_16],0.0
cons[线路潮流约束_neg_37_16],0.0
cons[线路潮流计算_38_16],0.0
cons[线路潮流约束_38_16],0.0
cons[线路潮流约束_neg_38_16],0.0
cons[线路潮流计算_39_16],0.0
cons[线路潮流约束_39_16],0.0
cons[线路潮流约束_neg_39_16],0.0
cons[线路潮流计算_40_16],0.0
cons[线路潮流约束_40_16],0.0
cons[线路潮流约束_neg_40_16],0.0
cons[线路潮流计算_41_16],0.0
cons[线路潮流约束_41_16],0.0
cons[线路潮流约束_neg_41_16],0.0
cons[线路潮流计算_42_16],0.0
cons[线路潮流约束_42_16],0.0
cons[线路潮流约束_neg_42_16],0.0
cons[线路潮流计算_43_16],0.0
cons[线路潮流约束_43_16],0.0
cons[线路潮流约束_neg_43_16],0.0
cons[线路潮流计算_44_16],0.0
cons[线路潮流约束_44_16],0.0
cons[线路潮流约束_neg_44_16],0.0
cons[线路潮流计算_45_16],0.0
cons[线路潮流约束_45_16],0.0
cons[线路潮流约束_neg_45_16],0.0
cons[线路潮流计算_46_16],0.0
cons[线路潮流约束_46_16],0.0
cons[线路潮流约束_neg_46_16],0.0
cons[线路潮流计算_47_16],0.0
cons[线路潮流约束_47_16],0.0
cons[线路潮流约束_neg_47_16],0.0
cons[线路潮流计算_48_16],0.0
cons[线路潮流约束_48_16],0.0
cons[线路潮流约束_neg_48_16],0.0
cons[线路潮流计算_49_16],0.0
cons[线路潮流约束_49_16],0.0
cons[线路潮流约束_neg_49_16],0.0
cons[线路潮流计算_50_16],0.0
cons[线路潮流约束_50_16],0.0
cons[线路潮流约束_neg_50_16],0.0
cons[线路潮流计算_51_16],0.0
cons[线路潮流约束_51_16],0.0
cons[线路潮流约束_neg_51_16],0.0
cons[线路潮流计算_52_16],0.0
cons[线路潮流约束_52_16],0.0
cons[线路潮流约束_neg_52_16],0.0
cons[线路潮流计算_53_16],0.0
cons[线路潮流约束_53_16],0.0
cons[线路潮流约束_neg_53_16],0.0
cons[线路潮流计算_54_16],0.0
cons[线路潮流约束_54_16],0.0
cons[线路潮流约束_neg_54_16],0.0
cons[线路潮流计算_55_16],0.0
cons[线路潮流约束_55_16],0.0
cons[线路潮流约束_neg_55_16],0.0
cons[线路潮流计算_56_16],0.0
cons[线路潮流约束_56_16],0.0
cons[线路潮流约束_neg_56_16],0.0
cons[线路潮流计算_57_16],0.0
cons[线路潮流约束_57_16],0.0
cons[线路潮流约束_neg_57_16],0.0
cons[线路潮流计算_58_16],0.0
cons[线路潮流约束_58_16],0.0
cons[线路潮流约束_neg_58_16],0.0
cons[线路潮流计算_59_16],0.0
cons[线路潮流约束_59_16],0.0
cons[线路潮流约束_neg_59_16],0.0
cons[线路潮流计算_60_16],0.0
cons[线路潮流约束_60_16],0.0
cons[线路潮流约束_neg_60_16],0.0
cons[线路潮流计算_61_16],0.0
cons[线路潮流约束_61_16],0.0
cons[线路潮流约束_neg_61_16],0.0
cons[线路潮流计算_62_16],0.0
cons[线路潮流约束_62_16],0.0
cons[线路潮流约束_neg_62_16],0.0
cons[线路潮流计算_63_16],0.0
cons[线路潮流约束_63_16],0.0
cons[线路潮流约束_neg_63_16],0.0
cons[线路潮流计算_64_16],0.0
cons[线路潮流约束_64_16],0.0
cons[线路潮流约束_neg_64_16],0.0
cons[线路潮流计算_65_16],0.0
cons[线路潮流约束_65_16],0.0
cons[线路潮流约束_neg_65_16],0.0
cons[线路潮流计算_66_16],0.0
cons[线路潮流约束_66_16],0.0
cons[线路潮流约束_neg_66_16],0.0
cons[线路潮流计算_67_16],0.0
cons[线路潮流约束_67_16],0.0
cons[线路潮流约束_neg_67_16],0.0
cons[线路潮流计算_68_16],0.0
cons[线路潮流约束_68_16],0.0
cons[线路潮流约束_neg_68_16],0.0
cons[线路潮流计算_69_16],0.0
cons[线路潮流约束_69_16],0.0
cons[线路潮流约束_neg_69_16],0.0
cons[线路潮流计算_70_16],0.0
cons[线路潮流约束_70_16],0.0
cons[线路潮流约束_neg_70_16],0.0
cons[线路潮流计算_71_16],0.0
cons[线路潮流约束_71_16],0.0
cons[线路潮流约束_neg_71_16],0.0
cons[线路潮流计算_72_16],0.0
cons[线路潮流约束_72_16],0.0
cons[线路潮流约束_neg_72_16],0.0
cons[线路潮流计算_73_16],0.0
cons[线路潮流约束_73_16],0.0
cons[线路潮流约束_neg_73_16],0.0
cons[线路潮流计算_74_16],0.0
cons[线路潮流约束_74_16],0.0
cons[线路潮流约束_neg_74_16],0.0
cons[线路潮流计算_75_16],0.0
cons[线路潮流约束_75_16],0.0
cons[线路潮流约束_neg_75_16],0.0
cons[线路潮流计算_76_16],0.0
cons[线路潮流约束_76_16],0.0
cons[线路潮流约束_neg_76_16],0.0
cons[正备用约束_16],0.0
cons[负备用约束_16],-26992.920000000002
cons[系统功率平衡约束_17],21349.646
cons[线路潮流计算_0_17],0.0
cons[线路潮流约束_0_17],0.0
cons[线路潮流约束_neg_0_17],0.0
cons[线路潮流计算_1_17],0.0
cons[线路潮流约束_1_17],0.0
cons[线路潮流约束_neg_1_17],0.0
cons[线路潮流计算_2_17],0.0
cons[线路潮流约束_2_17],0.0
cons[线路潮流约束_neg_2_17],0.0
cons[线路潮流计算_3_17],0.0
cons[线路潮流约束_3_17],0.0
cons[线路潮流约束_neg_3_17],0.0
cons[线路潮流计算_4_17],0.0
cons[线路潮流约束_4_17],0.0
cons[线路潮流约束_neg_4_17],0.0
cons[线路潮流计算_5_17],0.0
cons[线路潮流约束_5_17],0.0
cons[线路潮流约束_neg_5_17],0.0
cons[线路潮流计算_6_17],0.0
cons[线路潮流约束_6_17],0.0
cons[线路潮流约束_neg_6_17],0.0
cons[线路潮流计算_7_17],0.0
cons[线路潮流约束_7_17],0.0
cons[线路潮流约束_neg_7_17],0.0
cons[线路潮流计算_8_17],0.0
cons[线路潮流约束_8_17],0.0
cons[线路潮流约束_neg_8_17],0.0
cons[线路潮流计算_9_17],0.0
cons[线路潮流约束_9_17],0.0
cons[线路潮流约束_neg_9_17],0.0
cons[线路潮流计算_10_17],0.0
cons[线路潮流约束_10_17],0.0
cons[线路潮流约束_neg_10_17],0.0
cons[线路潮流计算_11_17],0.0
cons[线路潮流约束_11_17],0.0
cons[线路潮流约束_neg_11_17],0.0
cons[线路潮流计算_12_17],0.0
cons[线路潮流约束_12_17],0.0
cons[线路潮流约束_neg_12_17],0.0
cons[线路潮流计算_13_17],0.0
cons[线路潮流约束_13_17],0.0
cons[线路潮流约束_neg_13_17],0.0
cons[线路潮流计算_14_17],0.0
cons[线路潮流约束_14_17],0.0
cons[线路潮流约束_neg_14_17],0.0
cons[线路潮流计算_15_17],0.0
cons[线路潮流约束_15_17],0.0
cons[线路潮流约束_neg_15_17],0.0
cons[线路潮流计算_16_17],0.0
cons[线路潮流约束_16_17],0.0
cons[线路潮流约束_neg_16_17],0.0
cons[线路潮流计算_17_17],0.0
cons[线路潮流约束_17_17],0.0
cons[线路潮流约束_neg_17_17],0.0
cons[线路潮流计算_18_17],0.0
cons[线路潮流约束_18_17],0.0
cons[线路潮流约束_neg_18_17],0.0
cons[线路潮流计算_19_17],0.0
cons[线路潮流约束_19_17],0.0
cons[线路潮流约束_neg_19_17],0.0
cons[线路潮流计算_20_17],0.0
cons[线路潮流约束_20_17],0.0
cons[线路潮流约束_neg_20_17],0.0
cons[线路潮流计算_21_17],0.0
cons[线路潮流约束_21_17],0.0
cons[线路潮流约束_neg_21_17],0.0
cons[线路潮流计算_22_17],0.0
cons[线路潮流约束_22_17],0.0
cons[线路潮流约束_neg_22_17],0.0
cons[线路潮流计算_23_17],0.0
cons[线路潮流约束_23_17],0.0
cons[线路潮流约束_neg_23_17],0.0
cons[线路潮流计算_24_17],0.0
cons[线路潮流约束_24_17],0.0
cons[线路潮流约束_neg_24_17],0.0
cons[线路潮流计算_25_17],0.0
cons[线路潮流约束_25_17],0.0
cons[线路潮流约束_neg_25_17],0.0
cons[线路潮流计算_26_17],0.0
cons[线路潮流约束_26_17],0.0
cons[线路潮流约束_neg_26_17],0.0
cons[线路潮流计算_27_17],0.0
cons[线路潮流约束_27_17],0.0
cons[线路潮流约束_neg_27_17],0.0
cons[线路潮流计算_28_17],0.0
cons[线路潮流约束_28_17],0.0
cons[线路潮流约束_neg_28_17],0.0
cons[线路潮流计算_29_17],0.0
cons[线路潮流约束_29_17],0.0
cons[线路潮流约束_neg_29_17],0.0
cons[线路潮流计算_30_17],0.0
cons[线路潮流约束_30_17],0.0
cons[线路潮流约束_neg_30_17],0.0
cons[线路潮流计算_31_17],0.0
cons[线路潮流约束_31_17],0.0
cons[线路潮流约束_neg_31_17],0.0
cons[线路潮流计算_32_17],0.0
cons[线路潮流约束_32_17],0.0
cons[线路潮流约束_neg_32_17],0.0
cons[线路潮流计算_33_17],0.0
cons[线路潮流约束_33_17],0.0
cons[线路潮流约束_neg_33_17],0.0
cons[线路潮流计算_34_17],0.0
cons[线路潮流约束_34_17],0.0
cons[线路潮流约束_neg_34_17],0.0
cons[线路潮流计算_35_17],0.0
cons[线路潮流约束_35_17],0.0
cons[线路潮流约束_neg_35_17],0.0
cons[线路潮流计算_36_17],0.0
cons[线路潮流约束_36_17],0.0
cons[线路潮流约束_neg_36_17],0.0
cons[线路潮流计算_37_17],0.0
cons[线路潮流约束_37_17],0.0
cons[线路潮流约束_neg_37_17],0.0
cons[线路潮流计算_38_17],0.0
cons[线路潮流约束_38_17],0.0
cons[线路潮流约束_neg_38_17],0.0
cons[线路潮流计算_39_17],0.0
cons[线路潮流约束_39_17],0.0
cons[线路潮流约束_neg_39_17],0.0
cons[线路潮流计算_40_17],0.0
cons[线路潮流约束_40_17],0.0
cons[线路潮流约束_neg_40_17],0.0
cons[线路潮流计算_41_17],0.0
cons[线路潮流约束_41_17],0.0
cons[线路潮流约束_neg_41_17],0.0
cons[线路潮流计算_42_17],0.0
cons[线路潮流约束_42_17],0.0
cons[线路潮流约束_neg_42_17],0.0
cons[线路潮流计算_43_17],0.0
cons[线路潮流约束_43_17],0.0
cons[线路潮流约束_neg_43_17],0.0
cons[线路潮流计算_44_17],0.0
cons[线路潮流约束_44_17],0.0
cons[线路潮流约束_neg_44_17],0.0
cons[线路潮流计算_45_17],0.0
cons[线路潮流约束_45_17],0.0
cons[线路潮流约束_neg_45_17],0.0
cons[线路潮流计算_46_17],0.0
cons[线路潮流约束_46_17],0.0
cons[线路潮流约束_neg_46_17],0.0
cons[线路潮流计算_47_17],0.0
cons[线路潮流约束_47_17],0.0
cons[线路潮流约束_neg_47_17],0.0
cons[线路潮流计算_48_17],0.0
cons[线路潮流约束_48_17],0.0
cons[线路潮流约束_neg_48_17],0.0
cons[线路潮流计算_49_17],0.0
cons[线路潮流约束_49_17],0.0
cons[线路潮流约束_neg_49_17],0.0
cons[线路潮流计算_50_17],0.0
cons[线路潮流约束_50_17],0.0
cons[线路潮流约束_neg_50_17],0.0
cons[线路潮流计算_51_17],0.0
cons[线路潮流约束_51_17],0.0
cons[线路潮流约束_neg_51_17],0.0
cons[线路潮流计算_52_17],0.0
cons[线路潮流约束_52_17],0.0
cons[线路潮流约束_neg_52_17],0.0
cons[线路潮流计算_53_17],0.0
cons[线路潮流约束_53_17],0.0
cons[线路潮流约束_neg_53_17],0.0
cons[线路潮流计算_54_17],0.0
cons[线路潮流约束_54_17],0.0
cons[线路潮流约束_neg_54_17],0.0
cons[线路潮流计算_55_17],0.0
cons[线路潮流约束_55_17],0.0
cons[线路潮流约束_neg_55_17],0.0
cons[线路潮流计算_56_17],0.0
cons[线路潮流约束_56_17],0.0
cons[线路潮流约束_neg_56_17],0.0
cons[线路潮流计算_57_17],0.0
cons[线路潮流约束_57_17],0.0
cons[线路潮流约束_neg_57_17],0.0
cons[线路潮流计算_58_17],0.0
cons[线路潮流约束_58_17],0.0
cons[线路潮流约束_neg_58_17],0.0
cons[线路潮流计算_59_17],0.0
cons[线路潮流约束_59_17],0.0
cons[线路潮流约束_neg_59_17],0.0
cons[线路潮流计算_60_17],0.0
cons[线路潮流约束_60_17],0.0
cons[线路潮流约束_neg_60_17],0.0
cons[线路潮流计算_61_17],0.0
cons[线路潮流约束_61_17],0.0
cons[线路潮流约束_neg_61_17],0.0
cons[线路潮流计算_62_17],0.0
cons[线路潮流约束_62_17],0.0
cons[线路潮流约束_neg_62_17],0.0
cons[线路潮流计算_63_17],0.0
cons[线路潮流约束_63_17],0.0
cons[线路潮流约束_neg_63_17],0.0
cons[线路潮流计算_64_17],0.0
cons[线路潮流约束_64_17],0.0
cons[线路潮流约束_neg_64_17],0.0
cons[线路潮流计算_65_17],0.0
cons[线路潮流约束_65_17],0.0
cons[线路潮流约束_neg_65_17],0.0
cons[线路潮流计算_66_17],0.0
cons[线路潮流约束_66_17],0.0
cons[线路潮流约束_neg_66_17],0.0
cons[线路潮流计算_67_17],0.0
cons[线路潮流约束_67_17],0.0
cons[线路潮流约束_neg_67_17],0.0
cons[线路潮流计算_68_17],0.0
cons[线路潮流约束_68_17],0.0
cons[线路潮流约束_neg_68_17],0.0
cons[线路潮流计算_69_17],0.0
cons[线路潮流约束_69_17],0.0
cons[线路潮流约束_neg_69_17],0.0
cons[线路潮流计算_70_17],0.0
cons[线路潮流约束_70_17],0.0
cons[线路潮流约束_neg_70_17],0.0
cons[线路潮流计算_71_17],0.0
cons[线路潮流约束_71_17],0.0
cons[线路潮流约束_neg_71_17],0.0
cons[线路潮流计算_72_17],0.0
cons[线路潮流约束_72_17],0.0
cons[线路潮流约束_neg_72_17],0.0
cons[线路潮流计算_73_17],0.0
cons[线路潮流约束_73_17],0.0
cons[线路潮流约束_neg_73_17],0.0
cons[线路潮流计算_74_17],0.0
cons[线路潮流约束_74_17],0.0
cons[线路潮流约束_neg_74_17],0.0
cons[线路潮流计算_75_17],0.0
cons[线路潮流约束_75_17],0.0
cons[线路潮流约束_neg_75_17],0.0
cons[线路潮流计算_76_17],0.0
cons[线路潮流约束_76_17],0.0
cons[线路潮流约束_neg_76_17],0.0
cons[正备用约束_17],0.0
cons[负备用约束_17],-26992.920000000002
cons[系统功率平衡约束_18],21349.646
cons[线路潮流计算_0_18],0.0
cons[线路潮流约束_0_18],0.0
cons[线路潮流约束_neg_0_18],0.0
cons[线路潮流计算_1_18],0.0
cons[线路潮流约束_1_18],0.0
cons[线路潮流约束_neg_1_18],0.0
cons[线路潮流计算_2_18],0.0
cons[线路潮流约束_2_18],0.0
cons[线路潮流约束_neg_2_18],0.0
cons[线路潮流计算_3_18],0.0
cons[线路潮流约束_3_18],0.0
cons[线路潮流约束_neg_3_18],0.0
cons[线路潮流计算_4_18],0.0
cons[线路潮流约束_4_18],0.0
cons[线路潮流约束_neg_4_18],0.0
cons[线路潮流计算_5_18],0.0
cons[线路潮流约束_5_18],0.0
cons[线路潮流约束_neg_5_18],0.0
cons[线路潮流计算_6_18],0.0
cons[线路潮流约束_6_18],0.0
cons[线路潮流约束_neg_6_18],0.0
cons[线路潮流计算_7_18],0.0
cons[线路潮流约束_7_18],0.0
cons[线路潮流约束_neg_7_18],0.0
cons[线路潮流计算_8_18],0.0
cons[线路潮流约束_8_18],0.0
cons[线路潮流约束_neg_8_18],0.0
cons[线路潮流计算_9_18],0.0
cons[线路潮流约束_9_18],0.0
cons[线路潮流约束_neg_9_18],0.0
cons[线路潮流计算_10_18],0.0
cons[线路潮流约束_10_18],0.0
cons[线路潮流约束_neg_10_18],0.0
cons[线路潮流计算_11_18],0.0
cons[线路潮流约束_11_18],0.0
cons[线路潮流约束_neg_11_18],0.0
cons[线路潮流计算_12_18],0.0
cons[线路潮流约束_12_18],0.0
cons[线路潮流约束_neg_12_18],0.0
cons[线路潮流计算_13_18],0.0
cons[线路潮流约束_13_18],0.0
cons[线路潮流约束_neg_13_18],0.0
cons[线路潮流计算_14_18],0.0
cons[线路潮流约束_14_18],0.0
cons[线路潮流约束_neg_14_18],0.0
cons[线路潮流计算_15_18],0.0
cons[线路潮流约束_15_18],0.0
cons[线路潮流约束_neg_15_18],0.0
cons[线路潮流计算_16_18],0.0
cons[线路潮流约束_16_18],0.0
cons[线路潮流约束_neg_16_18],0.0
cons[线路潮流计算_17_18],0.0
cons[线路潮流约束_17_18],0.0
cons[线路潮流约束_neg_17_18],0.0
cons[线路潮流计算_18_18],0.0
cons[线路潮流约束_18_18],0.0
cons[线路潮流约束_neg_18_18],0.0
cons[线路潮流计算_19_18],0.0
cons[线路潮流约束_19_18],0.0
cons[线路潮流约束_neg_19_18],0.0
cons[线路潮流计算_20_18],0.0
cons[线路潮流约束_20_18],0.0
cons[线路潮流约束_neg_20_18],0.0
cons[线路潮流计算_21_18],0.0
cons[线路潮流约束_21_18],0.0
cons[线路潮流约束_neg_21_18],0.0
cons[线路潮流计算_22_18],0.0
cons[线路潮流约束_22_18],0.0
cons[线路潮流约束_neg_22_18],0.0
cons[线路潮流计算_23_18],0.0
cons[线路潮流约束_23_18],0.0
cons[线路潮流约束_neg_23_18],0.0
cons[线路潮流计算_24_18],0.0
cons[线路潮流约束_24_18],0.0
cons[线路潮流约束_neg_24_18],0.0
cons[线路潮流计算_25_18],0.0
cons[线路潮流约束_25_18],0.0
cons[线路潮流约束_neg_25_18],0.0
cons[线路潮流计算_26_18],0.0
cons[线路潮流约束_26_18],0.0
cons[线路潮流约束_neg_26_18],0.0
cons[线路潮流计算_27_18],0.0
cons[线路潮流约束_27_18],0.0
cons[线路潮流约束_neg_27_18],0.0
cons[线路潮流计算_28_18],0.0
cons[线路潮流约束_28_18],0.0
cons[线路潮流约束_neg_28_18],0.0
cons[线路潮流计算_29_18],0.0
cons[线路潮流约束_29_18],0.0
cons[线路潮流约束_neg_29_18],0.0
cons[线路潮流计算_30_18],0.0
cons[线路潮流约束_30_18],0.0
cons[线路潮流约束_neg_30_18],0.0
cons[线路潮流计算_31_18],0.0
cons[线路潮流约束_31_18],0.0
cons[线路潮流约束_neg_31_18],0.0
cons[线路潮流计算_32_18],0.0
cons[线路潮流约束_32_18],0.0
cons[线路潮流约束_neg_32_18],0.0
cons[线路潮流计算_33_18],0.0
cons[线路潮流约束_33_18],0.0
cons[线路潮流约束_neg_33_18],0.0
cons[线路潮流计算_34_18],0.0
cons[线路潮流约束_34_18],0.0
cons[线路潮流约束_neg_34_18],0.0
cons[线路潮流计算_35_18],0.0
cons[线路潮流约束_35_18],0.0
cons[线路潮流约束_neg_35_18],0.0
cons[线路潮流计算_36_18],0.0
cons[线路潮流约束_36_18],0.0
cons[线路潮流约束_neg_36_18],0.0
cons[线路潮流计算_37_18],0.0
cons[线路潮流约束_37_18],0.0
cons[线路潮流约束_neg_37_18],0.0
cons[线路潮流计算_38_18],0.0
cons[线路潮流约束_38_18],0.0
cons[线路潮流约束_neg_38_18],0.0
cons[线路潮流计算_39_18],0.0
cons[线路潮流约束_39_18],0.0
cons[线路潮流约束_neg_39_18],0.0
cons[线路潮流计算_40_18],0.0
cons[线路潮流约束_40_18],0.0
cons[线路潮流约束_neg_40_18],0.0
cons[线路潮流计算_41_18],0.0
cons[线路潮流约束_41_18],0.0
cons[线路潮流约束_neg_41_18],0.0
cons[线路潮流计算_42_18],0.0
cons[线路潮流约束_42_18],0.0
cons[线路潮流约束_neg_42_18],0.0
cons[线路潮流计算_43_18],0.0
cons[线路潮流约束_43_18],0.0
cons[线路潮流约束_neg_43_18],0.0
cons[线路潮流计算_44_18],0.0
cons[线路潮流约束_44_18],0.0
cons[线路潮流约束_neg_44_18],0.0
cons[线路潮流计算_45_18],0.0
cons[线路潮流约束_45_18],0.0
cons[线路潮流约束_neg_45_18],0.0
cons[线路潮流计算_46_18],0.0
cons[线路潮流约束_46_18],0.0
cons[线路潮流约束_neg_46_18],0.0
cons[线路潮流计算_47_18],0.0
cons[线路潮流约束_47_18],0.0
cons[线路潮流约束_neg_47_18],0.0
cons[线路潮流计算_48_18],0.0
cons[线路潮流约束_48_18],0.0
cons[线路潮流约束_neg_48_18],0.0
cons[线路潮流计算_49_18],0.0
cons[线路潮流约束_49_18],0.0
cons[线路潮流约束_neg_49_18],0.0
cons[线路潮流计算_50_18],0.0
cons[线路潮流约束_50_18],0.0
cons[线路潮流约束_neg_50_18],0.0
cons[线路潮流计算_51_18],0.0
cons[线路潮流约束_51_18],0.0
cons[线路潮流约束_neg_51_18],0.0
cons[线路潮流计算_52_18],0.0
cons[线路潮流约束_52_18],0.0
cons[线路潮流约束_neg_52_18],0.0
cons[线路潮流计算_53_18],0.0
cons[线路潮流约束_53_18],0.0
cons[线路潮流约束_neg_53_18],0.0
cons[线路潮流计算_54_18],0.0
cons[线路潮流约束_54_18],0.0
cons[线路潮流约束_neg_54_18],0.0
cons[线路潮流计算_55_18],0.0
cons[线路潮流约束_55_18],0.0
cons[线路潮流约束_neg_55_18],0.0
cons[线路潮流计算_56_18],0.0
cons[线路潮流约束_56_18],0.0
cons[线路潮流约束_neg_56_18],0.0
cons[线路潮流计算_57_18],0.0
cons[线路潮流约束_57_18],0.0
cons[线路潮流约束_neg_57_18],0.0
cons[线路潮流计算_58_18],0.0
cons[线路潮流约束_58_18],0.0
cons[线路潮流约束_neg_58_18],0.0
cons[线路潮流计算_59_18],0.0
cons[线路潮流约束_59_18],0.0
cons[线路潮流约束_neg_59_18],0.0
cons[线路潮流计算_60_18],0.0
cons[线路潮流约束_60_18],0.0
cons[线路潮流约束_neg_60_18],0.0
cons[线路潮流计算_61_18],0.0
cons[线路潮流约束_61_18],0.0
cons[线路潮流约束_neg_61_18],0.0
cons[线路潮流计算_62_18],0.0
cons[线路潮流约束_62_18],0.0
cons[线路潮流约束_neg_62_18],0.0
cons[线路潮流计算_63_18],0.0
cons[线路潮流约束_63_18],0.0
cons[线路潮流约束_neg_63_18],0.0
cons[线路潮流计算_64_18],0.0
cons[线路潮流约束_64_18],0.0
cons[线路潮流约束_neg_64_18],0.0
cons[线路潮流计算_65_18],0.0
cons[线路潮流约束_65_18],0.0
cons[线路潮流约束_neg_65_18],0.0
cons[线路潮流计算_66_18],0.0
cons[线路潮流约束_66_18],0.0
cons[线路潮流约束_neg_66_18],0.0
cons[线路潮流计算_67_18],0.0
cons[线路潮流约束_67_18],0.0
cons[线路潮流约束_neg_67_18],0.0
cons[线路潮流计算_68_18],0.0
cons[线路潮流约束_68_18],0.0
cons[线路潮流约束_neg_68_18],0.0
cons[线路潮流计算_69_18],0.0
cons[线路潮流约束_69_18],0.0
cons[线路潮流约束_neg_69_18],0.0
cons[线路潮流计算_70_18],0.0
cons[线路潮流约束_70_18],0.0
cons[线路潮流约束_neg_70_18],0.0
cons[线路潮流计算_71_18],0.0
cons[线路潮流约束_71_18],0.0
cons[线路潮流约束_neg_71_18],0.0
cons[线路潮流计算_72_18],0.0
cons[线路潮流约束_72_18],0.0
cons[线路潮流约束_neg_72_18],0.0
cons[线路潮流计算_73_18],0.0
cons[线路潮流约束_73_18],0.0
cons[线路潮流约束_neg_73_18],0.0
cons[线路潮流计算_74_18],0.0
cons[线路潮流约束_74_18],0.0
cons[线路潮流约束_neg_74_18],0.0
cons[线路潮流计算_75_18],0.0
cons[线路潮流约束_75_18],0.0
cons[线路潮流约束_neg_75_18],0.0
cons[线路潮流计算_76_18],0.0
cons[线路潮流约束_76_18],0.0
cons[线路潮流约束_neg_76_18],0.0
cons[正备用约束_18],0.0
cons[负备用约束_18],-26992.920000000002
cons[系统功率平衡约束_19],21349.646
cons[线路潮流计算_0_19],0.0
cons[线路潮流约束_0_19],0.0
cons[线路潮流约束_neg_0_19],0.0
cons[线路潮流计算_1_19],0.0
cons[线路潮流约束_1_19],0.0
cons[线路潮流约束_neg_1_19],0.0
cons[线路潮流计算_2_19],0.0
cons[线路潮流约束_2_19],0.0
cons[线路潮流约束_neg_2_19],0.0
cons[线路潮流计算_3_19],0.0
cons[线路潮流约束_3_19],0.0
cons[线路潮流约束_neg_3_19],0.0
cons[线路潮流计算_4_19],0.0
cons[线路潮流约束_4_19],0.0
cons[线路潮流约束_neg_4_19],0.0
cons[线路潮流计算_5_19],0.0
cons[线路潮流约束_5_19],0.0
cons[线路潮流约束_neg_5_19],0.0
cons[线路潮流计算_6_19],0.0
cons[线路潮流约束_6_19],0.0
cons[线路潮流约束_neg_6_19],0.0
cons[线路潮流计算_7_19],0.0
cons[线路潮流约束_7_19],0.0
cons[线路潮流约束_neg_7_19],0.0
cons[线路潮流计算_8_19],0.0
cons[线路潮流约束_8_19],0.0
cons[线路潮流约束_neg_8_19],0.0
cons[线路潮流计算_9_19],0.0
cons[线路潮流约束_9_19],0.0
cons[线路潮流约束_neg_9_19],0.0
cons[线路潮流计算_10_19],0.0
cons[线路潮流约束_10_19],0.0
cons[线路潮流约束_neg_10_19],0.0
cons[线路潮流计算_11_19],0.0
cons[线路潮流约束_11_19],0.0
cons[线路潮流约束_neg_11_19],0.0
cons[线路潮流计算_12_19],0.0
cons[线路潮流约束_12_19],0.0
cons[线路潮流约束_neg_12_19],0.0
cons[线路潮流计算_13_19],0.0
cons[线路潮流约束_13_19],0.0
cons[线路潮流约束_neg_13_19],0.0
cons[线路潮流计算_14_19],0.0
cons[线路潮流约束_14_19],0.0
cons[线路潮流约束_neg_14_19],0.0
cons[线路潮流计算_15_19],0.0
cons[线路潮流约束_15_19],0.0
cons[线路潮流约束_neg_15_19],0.0
cons[线路潮流计算_16_19],0.0
cons[线路潮流约束_16_19],0.0
cons[线路潮流约束_neg_16_19],0.0
cons[线路潮流计算_17_19],0.0
cons[线路潮流约束_17_19],0.0
cons[线路潮流约束_neg_17_19],0.0
cons[线路潮流计算_18_19],0.0
cons[线路潮流约束_18_19],0.0
cons[线路潮流约束_neg_18_19],0.0
cons[线路潮流计算_19_19],0.0
cons[线路潮流约束_19_19],0.0
cons[线路潮流约束_neg_19_19],0.0
cons[线路潮流计算_20_19],0.0
cons[线路潮流约束_20_19],0.0
cons[线路潮流约束_neg_20_19],0.0
cons[线路潮流计算_21_19],0.0
cons[线路潮流约束_21_19],0.0
cons[线路潮流约束_neg_21_19],0.0
cons[线路潮流计算_22_19],0.0
cons[线路潮流约束_22_19],0.0
cons[线路潮流约束_neg_22_19],0.0
cons[线路潮流计算_23_19],0.0
cons[线路潮流约束_23_19],0.0
cons[线路潮流约束_neg_23_19],0.0
cons[线路潮流计算_24_19],0.0
cons[线路潮流约束_24_19],0.0
cons[线路潮流约束_neg_24_19],0.0
cons[线路潮流计算_25_19],0.0
cons[线路潮流约束_25_19],0.0
cons[线路潮流约束_neg_25_19],0.0
cons[线路潮流计算_26_19],0.0
cons[线路潮流约束_26_19],0.0
cons[线路潮流约束_neg_26_19],0.0
cons[线路潮流计算_27_19],0.0
cons[线路潮流约束_27_19],0.0
cons[线路潮流约束_neg_27_19],0.0
cons[线路潮流计算_28_19],0.0
cons[线路潮流约束_28_19],0.0
cons[线路潮流约束_neg_28_19],0.0
cons[线路潮流计算_29_19],0.0
cons[线路潮流约束_29_19],0.0
cons[线路潮流约束_neg_29_19],0.0
cons[线路潮流计算_30_19],0.0
cons[线路潮流约束_30_19],0.0
cons[线路潮流约束_neg_30_19],0.0
cons[线路潮流计算_31_19],0.0
cons[线路潮流约束_31_19],0.0
cons[线路潮流约束_neg_31_19],0.0
cons[线路潮流计算_32_19],0.0
cons[线路潮流约束_32_19],0.0
cons[线路潮流约束_neg_32_19],0.0
cons[线路潮流计算_33_19],0.0
cons[线路潮流约束_33_19],0.0
cons[线路潮流约束_neg_33_19],0.0
cons[线路潮流计算_34_19],0.0
cons[线路潮流约束_34_19],0.0
cons[线路潮流约束_neg_34_19],0.0
cons[线路潮流计算_35_19],0.0
cons[线路潮流约束_35_19],0.0
cons[线路潮流约束_neg_35_19],0.0
cons[线路潮流计算_36_19],0.0
cons[线路潮流约束_36_19],0.0
cons[线路潮流约束_neg_36_19],0.0
cons[线路潮流计算_37_19],0.0
cons[线路潮流约束_37_19],0.0
cons[线路潮流约束_neg_37_19],0.0
cons[线路潮流计算_38_19],0.0
cons[线路潮流约束_38_19],0.0
cons[线路潮流约束_neg_38_19],0.0
cons[线路潮流计算_39_19],0.0
cons[线路潮流约束_39_19],0.0
cons[线路潮流约束_neg_39_19],0.0
cons[线路潮流计算_40_19],0.0
cons[线路潮流约束_40_19],0.0
cons[线路潮流约束_neg_40_19],0.0
cons[线路潮流计算_41_19],0.0
cons[线路潮流约束_41_19],0.0
cons[线路潮流约束_neg_41_19],0.0
cons[线路潮流计算_42_19],0.0
cons[线路潮流约束_42_19],0.0
cons[线路潮流约束_neg_42_19],0.0
cons[线路潮流计算_43_19],0.0
cons[线路潮流约束_43_19],0.0
cons[线路潮流约束_neg_43_19],0.0
cons[线路潮流计算_44_19],0.0
cons[线路潮流约束_44_19],0.0
cons[线路潮流约束_neg_44_19],0.0
cons[线路潮流计算_45_19],0.0
cons[线路潮流约束_45_19],0.0
cons[线路潮流约束_neg_45_19],0.0
cons[线路潮流计算_46_19],0.0
cons[线路潮流约束_46_19],0.0
cons[线路潮流约束_neg_46_19],0.0
cons[线路潮流计算_47_19],0.0
cons[线路潮流约束_47_19],0.0
cons[线路潮流约束_neg_47_19],0.0
cons[线路潮流计算_48_19],0.0
cons[线路潮流约束_48_19],0.0
cons[线路潮流约束_neg_48_19],0.0
cons[线路潮流计算_49_19],0.0
cons[线路潮流约束_49_19],0.0
cons[线路潮流约束_neg_49_19],0.0
cons[线路潮流计算_50_19],0.0
cons[线路潮流约束_50_19],0.0
cons[线路潮流约束_neg_50_19],0.0
cons[线路潮流计算_51_19],0.0
cons[线路潮流约束_51_19],0.0
cons[线路潮流约束_neg_51_19],0.0
cons[线路潮流计算_52_19],0.0
cons[线路潮流约束_52_19],0.0
cons[线路潮流约束_neg_52_19],0.0
cons[线路潮流计算_53_19],0.0
cons[线路潮流约束_53_19],0.0
cons[线路潮流约束_neg_53_19],0.0
cons[线路潮流计算_54_19],0.0
cons[线路潮流约束_54_19],0.0
cons[线路潮流约束_neg_54_19],0.0
cons[线路潮流计算_55_19],0.0
cons[线路潮流约束_55_19],0.0
cons[线路潮流约束_neg_55_19],0.0
cons[线路潮流计算_56_19],0.0
cons[线路潮流约束_56_19],0.0
cons[线路潮流约束_neg_56_19],0.0
cons[线路潮流计算_57_19],0.0
cons[线路潮流约束_57_19],0.0
cons[线路潮流约束_neg_57_19],0.0
cons[线路潮流计算_58_19],0.0
cons[线路潮流约束_58_19],0.0
cons[线路潮流约束_neg_58_19],0.0
cons[线路潮流计算_59_19],0.0
cons[线路潮流约束_59_19],0.0
cons[线路潮流约束_neg_59_19],0.0
cons[线路潮流计算_60_19],0.0
cons[线路潮流约束_60_19],0.0
cons[线路潮流约束_neg_60_19],0.0
cons[线路潮流计算_61_19],0.0
cons[线路潮流约束_61_19],0.0
cons[线路潮流约束_neg_61_19],0.0
cons[线路潮流计算_62_19],0.0
cons[线路潮流约束_62_19],0.0
cons[线路潮流约束_neg_62_19],0.0
cons[线路潮流计算_63_19],0.0
cons[线路潮流约束_63_19],0.0
cons[线路潮流约束_neg_63_19],0.0
cons[线路潮流计算_64_19],0.0
cons[线路潮流约束_64_19],0.0
cons[线路潮流约束_neg_64_19],0.0
cons[线路潮流计算_65_19],0.0
cons[线路潮流约束_65_19],0.0
cons[线路潮流约束_neg_65_19],0.0
cons[线路潮流计算_66_19],0.0
cons[线路潮流约束_66_19],0.0
cons[线路潮流约束_neg_66_19],0.0
cons[线路潮流计算_67_19],0.0
cons[线路潮流约束_67_19],0.0
cons[线路潮流约束_neg_67_19],0.0
cons[线路潮流计算_68_19],0.0
cons[线路潮流约束_68_19],0.0
cons[线路潮流约束_neg_68_19],0.0
cons[线路潮流计算_69_19],0.0
cons[线路潮流约束_69_19],0.0
cons[线路潮流约束_neg_69_19],0.0
cons[线路潮流计算_70_19],0.0
cons[线路潮流约束_70_19],0.0
cons[线路潮流约束_neg_70_19],0.0
cons[线路潮流计算_71_19],0.0
cons[线路潮流约束_71_19],0.0
cons[线路潮流约束_neg_71_19],0.0
cons[线路潮流计算_72_19],0.0
cons[线路潮流约束_72_19],0.0
cons[线路潮流约束_neg_72_19],0.0
cons[线路潮流计算_73_19],0.0
cons[线路潮流约束_73_19],0.0
cons[线路潮流约束_neg_73_19],0.0
cons[线路潮流计算_74_19],0.0
cons[线路潮流约束_74_19],0.0
cons[线路潮流约束_neg_74_19],0.0
cons[线路潮流计算_75_19],0.0
cons[线路潮流约束_75_19],0.0
cons[线路潮流约束_neg_75_19],0.0
cons[线路潮流计算_76_19],0.0
cons[线路潮流约束_76_19],0.0
cons[线路潮流约束_neg_76_19],0.0
cons[正备用约束_19],0.0
cons[负备用约束_19],-26992.920000000002
cons[系统功率平衡约束_20],21349.646
cons[线路潮流计算_0_20],0.0
cons[线路潮流约束_0_20],0.0
cons[线路潮流约束_neg_0_20],0.0
cons[线路潮流计算_1_20],0.0
cons[线路潮流约束_1_20],0.0
cons[线路潮流约束_neg_1_20],0.0
cons[线路潮流计算_2_20],0.0
cons[线路潮流约束_2_20],0.0
cons[线路潮流约束_neg_2_20],0.0
cons[线路潮流计算_3_20],0.0
cons[线路潮流约束_3_20],0.0
cons[线路潮流约束_neg_3_20],0.0
cons[线路潮流计算_4_20],0.0
cons[线路潮流约束_4_20],0.0
cons[线路潮流约束_neg_4_20],0.0
cons[线路潮流计算_5_20],0.0
cons[线路潮流约束_5_20],0.0
cons[线路潮流约束_neg_5_20],0.0
cons[线路潮流计算_6_20],0.0
cons[线路潮流约束_6_20],0.0
cons[线路潮流约束_neg_6_20],0.0
cons[线路潮流计算_7_20],0.0
cons[线路潮流约束_7_20],0.0
cons[线路潮流约束_neg_7_20],0.0
cons[线路潮流计算_8_20],0.0
cons[线路潮流约束_8_20],0.0
cons[线路潮流约束_neg_8_20],0.0
cons[线路潮流计算_9_20],0.0
cons[线路潮流约束_9_20],0.0
cons[线路潮流约束_neg_9_20],0.0
cons[线路潮流计算_10_20],0.0
cons[线路潮流约束_10_20],0.0
cons[线路潮流约束_neg_10_20],0.0
cons[线路潮流计算_11_20],0.0
cons[线路潮流约束_11_20],0.0
cons[线路潮流约束_neg_11_20],0.0
cons[线路潮流计算_12_20],0.0
cons[线路潮流约束_12_20],0.0
cons[线路潮流约束_neg_12_20],0.0
cons[线路潮流计算_13_20],0.0
cons[线路潮流约束_13_20],0.0
cons[线路潮流约束_neg_13_20],0.0
cons[线路潮流计算_14_20],0.0
cons[线路潮流约束_14_20],0.0
cons[线路潮流约束_neg_14_20],0.0
cons[线路潮流计算_15_20],0.0
cons[线路潮流约束_15_20],0.0
cons[线路潮流约束_neg_15_20],0.0
cons[线路潮流计算_16_20],0.0
cons[线路潮流约束_16_20],0.0
cons[线路潮流约束_neg_16_20],0.0
cons[线路潮流计算_17_20],0.0
cons[线路潮流约束_17_20],0.0
cons[线路潮流约束_neg_17_20],0.0
cons[线路潮流计算_18_20],0.0
cons[线路潮流约束_18_20],0.0
cons[线路潮流约束_neg_18_20],0.0
cons[线路潮流计算_19_20],0.0
cons[线路潮流约束_19_20],0.0
cons[线路潮流约束_neg_19_20],0.0
cons[线路潮流计算_20_20],0.0
cons[线路潮流约束_20_20],0.0
cons[线路潮流约束_neg_20_20],0.0
cons[线路潮流计算_21_20],0.0
cons[线路潮流约束_21_20],0.0
cons[线路潮流约束_neg_21_20],0.0
cons[线路潮流计算_22_20],0.0
cons[线路潮流约束_22_20],0.0
cons[线路潮流约束_neg_22_20],0.0
cons[线路潮流计算_23_20],0.0
cons[线路潮流约束_23_20],0.0
cons[线路潮流约束_neg_23_20],0.0
cons[线路潮流计算_24_20],0.0
cons[线路潮流约束_24_20],0.0
cons[线路潮流约束_neg_24_20],0.0
cons[线路潮流计算_25_20],0.0
cons[线路潮流约束_25_20],0.0
cons[线路潮流约束_neg_25_20],0.0
cons[线路潮流计算_26_20],0.0
cons[线路潮流约束_26_20],0.0
cons[线路潮流约束_neg_26_20],0.0
cons[线路潮流计算_27_20],0.0
cons[线路潮流约束_27_20],0.0
cons[线路潮流约束_neg_27_20],0.0
cons[线路潮流计算_28_20],0.0
cons[线路潮流约束_28_20],0.0
cons[线路潮流约束_neg_28_20],0.0
cons[线路潮流计算_29_20],0.0
cons[线路潮流约束_29_20],0.0
cons[线路潮流约束_neg_29_20],0.0
cons[线路潮流计算_30_20],0.0
cons[线路潮流约束_30_20],0.0
cons[线路潮流约束_neg_30_20],0.0
cons[线路潮流计算_31_20],0.0
cons[线路潮流约束_31_20],0.0
cons[线路潮流约束_neg_31_20],0.0
cons[线路潮流计算_32_20],0.0
cons[线路潮流约束_32_20],0.0
cons[线路潮流约束_neg_32_20],0.0
cons[线路潮流计算_33_20],0.0
cons[线路潮流约束_33_20],0.0
cons[线路潮流约束_neg_33_20],0.0
cons[线路潮流计算_34_20],0.0
cons[线路潮流约束_34_20],0.0
cons[线路潮流约束_neg_34_20],0.0
cons[线路潮流计算_35_20],0.0
cons[线路潮流约束_35_20],0.0
cons[线路潮流约束_neg_35_20],0.0
cons[线路潮流计算_36_20],0.0
cons[线路潮流约束_36_20],0.0
cons[线路潮流约束_neg_36_20],0.0
cons[线路潮流计算_37_20],0.0
cons[线路潮流约束_37_20],0.0
cons[线路潮流约束_neg_37_20],0.0
cons[线路潮流计算_38_20],0.0
cons[线路潮流约束_38_20],0.0
cons[线路潮流约束_neg_38_20],0.0
cons[线路潮流计算_39_20],0.0
cons[线路潮流约束_39_20],0.0
cons[线路潮流约束_neg_39_20],0.0
cons[线路潮流计算_40_20],0.0
cons[线路潮流约束_40_20],0.0
cons[线路潮流约束_neg_40_20],0.0
cons[线路潮流计算_41_20],0.0
cons[线路潮流约束_41_20],0.0
cons[线路潮流约束_neg_41_20],0.0
cons[线路潮流计算_42_20],0.0
cons[线路潮流约束_42_20],0.0
cons[线路潮流约束_neg_42_20],0.0
cons[线路潮流计算_43_20],0.0
cons[线路潮流约束_43_20],0.0
cons[线路潮流约束_neg_43_20],0.0
cons[线路潮流计算_44_20],0.0
cons[线路潮流约束_44_20],0.0
cons[线路潮流约束_neg_44_20],0.0
cons[线路潮流计算_45_20],0.0
cons[线路潮流约束_45_20],0.0
cons[线路潮流约束_neg_45_20],0.0
cons[线路潮流计算_46_20],0.0
cons[线路潮流约束_46_20],0.0
cons[线路潮流约束_neg_46_20],0.0
cons[线路潮流计算_47_20],0.0
cons[线路潮流约束_47_20],0.0
cons[线路潮流约束_neg_47_20],0.0
cons[线路潮流计算_48_20],0.0
cons[线路潮流约束_48_20],0.0
cons[线路潮流约束_neg_48_20],0.0
cons[线路潮流计算_49_20],0.0
cons[线路潮流约束_49_20],0.0
cons[线路潮流约束_neg_49_20],0.0
cons[线路潮流计算_50_20],0.0
cons[线路潮流约束_50_20],0.0
cons[线路潮流约束_neg_50_20],0.0
cons[线路潮流计算_51_20],0.0
cons[线路潮流约束_51_20],0.0
cons[线路潮流约束_neg_51_20],0.0
cons[线路潮流计算_52_20],0.0
cons[线路潮流约束_52_20],0.0
cons[线路潮流约束_neg_52_20],0.0
cons[线路潮流计算_53_20],0.0
cons[线路潮流约束_53_20],0.0
cons[线路潮流约束_neg_53_20],0.0
cons[线路潮流计算_54_20],0.0
cons[线路潮流约束_54_20],0.0
cons[线路潮流约束_neg_54_20],0.0
cons[线路潮流计算_55_20],0.0
cons[线路潮流约束_55_20],0.0
cons[线路潮流约束_neg_55_20],0.0
cons[线路潮流计算_56_20],0.0
cons[线路潮流约束_56_20],0.0
cons[线路潮流约束_neg_56_20],0.0
cons[线路潮流计算_57_20],0.0
cons[线路潮流约束_57_20],0.0
cons[线路潮流约束_neg_57_20],0.0
cons[线路潮流计算_58_20],0.0
cons[线路潮流约束_58_20],0.0
cons[线路潮流约束_neg_58_20],0.0
cons[线路潮流计算_59_20],0.0
cons[线路潮流约束_59_20],0.0
cons[线路潮流约束_neg_59_20],0.0
cons[线路潮流计算_60_20],0.0
cons[线路潮流约束_60_20],0.0
cons[线路潮流约束_neg_60_20],0.0
cons[线路潮流计算_61_20],0.0
cons[线路潮流约束_61_20],0.0
cons[线路潮流约束_neg_61_20],0.0
cons[线路潮流计算_62_20],0.0
cons[线路潮流约束_62_20],0.0
cons[线路潮流约束_neg_62_20],0.0
cons[线路潮流计算_63_20],0.0
cons[线路潮流约束_63_20],0.0
cons[线路潮流约束_neg_63_20],0.0
cons[线路潮流计算_64_20],0.0
cons[线路潮流约束_64_20],0.0
cons[线路潮流约束_neg_64_20],0.0
cons[线路潮流计算_65_20],0.0
cons[线路潮流约束_65_20],0.0
cons[线路潮流约束_neg_65_20],0.0
cons[线路潮流计算_66_20],0.0
cons[线路潮流约束_66_20],0.0
cons[线路潮流约束_neg_66_20],0.0
cons[线路潮流计算_67_20],0.0
cons[线路潮流约束_67_20],0.0
cons[线路潮流约束_neg_67_20],0.0
cons[线路潮流计算_68_20],0.0
cons[线路潮流约束_68_20],0.0
cons[线路潮流约束_neg_68_20],0.0
cons[线路潮流计算_69_20],0.0
cons[线路潮流约束_69_20],0.0
cons[线路潮流约束_neg_69_20],0.0
cons[线路潮流计算_70_20],0.0
cons[线路潮流约束_70_20],0.0
cons[线路潮流约束_neg_70_20],0.0
cons[线路潮流计算_71_20],0.0
cons[线路潮流约束_71_20],0.0
cons[线路潮流约束_neg_71_20],0.0
cons[线路潮流计算_72_20],0.0
cons[线路潮流约束_72_20],0.0
cons[线路潮流约束_neg_72_20],0.0
cons[线路潮流计算_73_20],0.0
cons[线路潮流约束_73_20],0.0
cons[线路潮流约束_neg_73_20],0.0
cons[线路潮流计算_74_20],0.0
cons[线路潮流约束_74_20],0.0
cons[线路潮流约束_neg_74_20],0.0
cons[线路潮流计算_75_20],0.0
cons[线路潮流约束_75_20],0.0
cons[线路潮流约束_neg_75_20],0.0
cons[线路潮流计算_76_20],0.0
cons[线路潮流约束_76_20],0.0
cons[线路潮流约束_neg_76_20],0.0
cons[正备用约束_20],0.0
cons[负备用约束_20],-26992.920000000002
cons[系统功率平衡约束_21],-5317.767
cons[线路潮流计算_0_21],0.0
cons[线路潮流约束_0_21],0.0
cons[线路潮流约束_neg_0_21],0.0
cons[线路潮流计算_1_21],0.0
cons[线路潮流约束_1_21],0.0
cons[线路潮流约束_neg_1_21],0.0
cons[线路潮流计算_2_21],0.0
cons[线路潮流约束_2_21],0.0
cons[线路潮流约束_neg_2_21],0.0
cons[线路潮流计算_3_21],0.0
cons[线路潮流约束_3_21],0.0
cons[线路潮流约束_neg_3_21],0.0
cons[线路潮流计算_4_21],0.0
cons[线路潮流约束_4_21],0.0
cons[线路潮流约束_neg_4_21],0.0
cons[线路潮流计算_5_21],0.0
cons[线路潮流约束_5_21],0.0
cons[线路潮流约束_neg_5_21],0.0
cons[线路潮流计算_6_21],0.0
cons[线路潮流约束_6_21],0.0
cons[线路潮流约束_neg_6_21],0.0
cons[线路潮流计算_7_21],0.0
cons[线路潮流约束_7_21],0.0
cons[线路潮流约束_neg_7_21],0.0
cons[线路潮流计算_8_21],0.0
cons[线路潮流约束_8_21],0.0
cons[线路潮流约束_neg_8_21],0.0
cons[线路潮流计算_9_21],0.0
cons[线路潮流约束_9_21],0.0
cons[线路潮流约束_neg_9_21],0.0
cons[线路潮流计算_10_21],0.0
cons[线路潮流约束_10_21],0.0
cons[线路潮流约束_neg_10_21],0.0
cons[线路潮流计算_11_21],0.0
cons[线路潮流约束_11_21],0.0
cons[线路潮流约束_neg_11_21],0.0
cons[线路潮流计算_12_21],0.0
cons[线路潮流约束_12_21],0.0
cons[线路潮流约束_neg_12_21],0.0
cons[线路潮流计算_13_21],0.0
cons[线路潮流约束_13_21],0.0
cons[线路潮流约束_neg_13_21],0.0
cons[线路潮流计算_14_21],0.0
cons[线路潮流约束_14_21],0.0
cons[线路潮流约束_neg_14_21],0.0
cons[线路潮流计算_15_21],0.0
cons[线路潮流约束_15_21],0.0
cons[线路潮流约束_neg_15_21],0.0
cons[线路潮流计算_16_21],0.0
cons[线路潮流约束_16_21],0.0
cons[线路潮流约束_neg_16_21],0.0
cons[线路潮流计算_17_21],0.0
cons[线路潮流约束_17_21],0.0
cons[线路潮流约束_neg_17_21],0.0
cons[线路潮流计算_18_21],0.0
cons[线路潮流约束_18_21],0.0
cons[线路潮流约束_neg_18_21],0.0
cons[线路潮流计算_19_21],0.0
cons[线路潮流约束_19_21],0.0
cons[线路潮流约束_neg_19_21],0.0
cons[线路潮流计算_20_21],0.0
cons[线路潮流约束_20_21],0.0
cons[线路潮流约束_neg_20_21],0.0
cons[线路潮流计算_21_21],0.0
cons[线路潮流约束_21_21],0.0
cons[线路潮流约束_neg_21_21],0.0
cons[线路潮流计算_22_21],0.0
cons[线路潮流约束_22_21],0.0
cons[线路潮流约束_neg_22_21],0.0
cons[线路潮流计算_23_21],0.0
cons[线路潮流约束_23_21],0.0
cons[线路潮流约束_neg_23_21],0.0
cons[线路潮流计算_24_21],0.0
cons[线路潮流约束_24_21],0.0
cons[线路潮流约束_neg_24_21],0.0
cons[线路潮流计算_25_21],0.0
cons[线路潮流约束_25_21],0.0
cons[线路潮流约束_neg_25_21],0.0
cons[线路潮流计算_26_21],0.0
cons[线路潮流约束_26_21],0.0
cons[线路潮流约束_neg_26_21],0.0
cons[线路潮流计算_27_21],0.0
cons[线路潮流约束_27_21],0.0
cons[线路潮流约束_neg_27_21],0.0
cons[线路潮流计算_28_21],0.0
cons[线路潮流约束_28_21],0.0
cons[线路潮流约束_neg_28_21],0.0
cons[线路潮流计算_29_21],0.0
cons[线路潮流约束_29_21],0.0
cons[线路潮流约束_neg_29_21],0.0
cons[线路潮流计算_30_21],0.0
cons[线路潮流约束_30_21],0.0
cons[线路潮流约束_neg_30_21],0.0
cons[线路潮流计算_31_21],0.0
cons[线路潮流约束_31_21],0.0
cons[线路潮流约束_neg_31_21],0.0
cons[线路潮流计算_32_21],0.0
cons[线路潮流约束_32_21],0.0
cons[线路潮流约束_neg_32_21],0.0
cons[线路潮流计算_33_21],0.0
cons[线路潮流约束_33_21],0.0
cons[线路潮流约束_neg_33_21],0.0
cons[线路潮流计算_34_21],0.0
cons[线路潮流约束_34_21],0.0
cons[线路潮流约束_neg_34_21],0.0
cons[线路潮流计算_35_21],0.0
cons[线路潮流约束_35_21],0.0
cons[线路潮流约束_neg_35_21],0.0
cons[线路潮流计算_36_21],0.0
cons[线路潮流约束_36_21],0.0
cons[线路潮流约束_neg_36_21],0.0
cons[线路潮流计算_37_21],0.0
cons[线路潮流约束_37_21],0.0
cons[线路潮流约束_neg_37_21],0.0
cons[线路潮流计算_38_21],0.0
cons[线路潮流约束_38_21],0.0
cons[线路潮流约束_neg_38_21],0.0
cons[线路潮流计算_39_21],0.0
cons[线路潮流约束_39_21],0.0
cons[线路潮流约束_neg_39_21],0.0
cons[线路潮流计算_40_21],0.0
cons[线路潮流约束_40_21],0.0
cons[线路潮流约束_neg_40_21],0.0
cons[线路潮流计算_41_21],0.0
cons[线路潮流约束_41_21],0.0
cons[线路潮流约束_neg_41_21],0.0
cons[线路潮流计算_42_21],0.0
cons[线路潮流约束_42_21],0.0
cons[线路潮流约束_neg_42_21],0.0
cons[线路潮流计算_43_21],0.0
cons[线路潮流约束_43_21],0.0
cons[线路潮流约束_neg_43_21],0.0
cons[线路潮流计算_44_21],0.0
cons[线路潮流约束_44_21],0.0
cons[线路潮流约束_neg_44_21],0.0
cons[线路潮流计算_45_21],0.0
cons[线路潮流约束_45_21],0.0
cons[线路潮流约束_neg_45_21],0.0
cons[线路潮流计算_46_21],0.0
cons[线路潮流约束_46_21],0.0
cons[线路潮流约束_neg_46_21],0.0
cons[线路潮流计算_47_21],0.0
cons[线路潮流约束_47_21],0.0
cons[线路潮流约束_neg_47_21],0.0
cons[线路潮流计算_48_21],0.0
cons[线路潮流约束_48_21],0.0
cons[线路潮流约束_neg_48_21],0.0
cons[线路潮流计算_49_21],0.0
cons[线路潮流约束_49_21],0.0
cons[线路潮流约束_neg_49_21],0.0
cons[线路潮流计算_50_21],0.0
cons[线路潮流约束_50_21],0.0
cons[线路潮流约束_neg_50_21],0.0
cons[线路潮流计算_51_21],0.0
cons[线路潮流约束_51_21],0.0
cons[线路潮流约束_neg_51_21],0.0
cons[线路潮流计算_52_21],0.0
cons[线路潮流约束_52_21],0.0
cons[线路潮流约束_neg_52_21],0.0
cons[线路潮流计算_53_21],0.0
cons[线路潮流约束_53_21],0.0
cons[线路潮流约束_neg_53_21],0.0
cons[线路潮流计算_54_21],0.0
cons[线路潮流约束_54_21],0.0
cons[线路潮流约束_neg_54_21],0.0
cons[线路潮流计算_55_21],0.0
cons[线路潮流约束_55_21],0.0
cons[线路潮流约束_neg_55_21],0.0
cons[线路潮流计算_56_21],0.0
cons[线路潮流约束_56_21],0.0
cons[线路潮流约束_neg_56_21],0.0
cons[线路潮流计算_57_21],0.0
cons[线路潮流约束_57_21],0.0
cons[线路潮流约束_neg_57_21],0.0
cons[线路潮流计算_58_21],0.0
cons[线路潮流约束_58_21],0.0
cons[线路潮流约束_neg_58_21],0.0
cons[线路潮流计算_59_21],0.0
cons[线路潮流约束_59_21],0.0
cons[线路潮流约束_neg_59_21],0.0
cons[线路潮流计算_60_21],0.0
cons[线路潮流约束_60_21],0.0
cons[线路潮流约束_neg_60_21],0.0
cons[线路潮流计算_61_21],0.0
cons[线路潮流约束_61_21],0.0
cons[线路潮流约束_neg_61_21],0.0
cons[线路潮流计算_62_21],0.0
cons[线路潮流约束_62_21],0.0
cons[线路潮流约束_neg_62_21],0.0
cons[线路潮流计算_63_21],0.0
cons[线路潮流约束_63_21],0.0
cons[线路潮流约束_neg_63_21],0.0
cons[线路潮流计算_64_21],0.0
cons[线路潮流约束_64_21],0.0
cons[线路潮流约束_neg_64_21],0.0
cons[线路潮流计算_65_21],0.0
cons[线路潮流约束_65_21],0.0
cons[线路潮流约束_neg_65_21],0.0
cons[线路潮流计算_66_21],0.0
cons[线路潮流约束_66_21],0.0
cons[线路潮流约束_neg_66_21],0.0
cons[线路潮流计算_67_21],0.0
cons[线路潮流约束_67_21],0.0
cons[线路潮流约束_neg_67_21],0.0
cons[线路潮流计算_68_21],0.0
cons[线路潮流约束_68_21],0.0
cons[线路潮流约束_neg_68_21],0.0
cons[线路潮流计算_69_21],0.0
cons[线路潮流约束_69_21],0.0
cons[线路潮流约束_neg_69_21],0.0
cons[线路潮流计算_70_21],0.0
cons[线路潮流约束_70_21],0.0
cons[线路潮流约束_neg_70_21],0.0
cons[线路潮流计算_71_21],0.0
cons[线路潮流约束_71_21],0.0
cons[线路潮流约束_neg_71_21],0.0
cons[线路潮流计算_72_21],0.0
cons[线路潮流约束_72_21],0.0
cons[线路潮流约束_neg_72_21],0.0
cons[线路潮流计算_73_21],0.0
cons[线路潮流约束_73_21],0.0
cons[线路潮流约束_neg_73_21],0.0
cons[线路潮流计算_74_21],0.0
cons[线路潮流约束_74_21],0.0
cons[线路潮流约束_neg_74_21],0.0
cons[线路潮流计算_75_21],0.0
cons[线路潮流约束_75_21],0.0
cons[线路潮流约束_neg_75_21],0.0
cons[线路潮流计算_76_21],0.0
cons[线路潮流约束_76_21],0.0
cons[线路潮流约束_neg_76_21],0.0
cons[正备用约束_21],0.0
cons[负备用约束_21],0.0
cons[系统功率平衡约束_22],-6108.0109999999995
cons[线路潮流计算_0_22],0.0
cons[线路潮流约束_0_22],0.0
cons[线路潮流约束_neg_0_22],0.0
cons[线路潮流计算_1_22],0.0
cons[线路潮流约束_1_22],0.0
cons[线路潮流约束_neg_1_22],0.0
cons[线路潮流计算_2_22],0.0
cons[线路潮流约束_2_22],0.0
cons[线路潮流约束_neg_2_22],0.0
cons[线路潮流计算_3_22],0.0
cons[线路潮流约束_3_22],0.0
cons[线路潮流约束_neg_3_22],0.0
cons[线路潮流计算_4_22],0.0
cons[线路潮流约束_4_22],0.0
cons[线路潮流约束_neg_4_22],0.0
cons[线路潮流计算_5_22],0.0
cons[线路潮流约束_5_22],0.0
cons[线路潮流约束_neg_5_22],0.0
cons[线路潮流计算_6_22],0.0
cons[线路潮流约束_6_22],0.0
cons[线路潮流约束_neg_6_22],0.0
cons[线路潮流计算_7_22],0.0
cons[线路潮流约束_7_22],0.0
cons[线路潮流约束_neg_7_22],0.0
cons[线路潮流计算_8_22],0.0
cons[线路潮流约束_8_22],0.0
cons[线路潮流约束_neg_8_22],0.0
cons[线路潮流计算_9_22],0.0
cons[线路潮流约束_9_22],0.0
cons[线路潮流约束_neg_9_22],0.0
cons[线路潮流计算_10_22],0.0
cons[线路潮流约束_10_22],0.0
cons[线路潮流约束_neg_10_22],0.0
cons[线路潮流计算_11_22],0.0
cons[线路潮流约束_11_22],0.0
cons[线路潮流约束_neg_11_22],0.0
cons[线路潮流计算_12_22],0.0
cons[线路潮流约束_12_22],0.0
cons[线路潮流约束_neg_12_22],0.0
cons[线路潮流计算_13_22],0.0
cons[线路潮流约束_13_22],0.0
cons[线路潮流约束_neg_13_22],0.0
cons[线路潮流计算_14_22],0.0
cons[线路潮流约束_14_22],0.0
cons[线路潮流约束_neg_14_22],0.0
cons[线路潮流计算_15_22],0.0
cons[线路潮流约束_15_22],0.0
cons[线路潮流约束_neg_15_22],0.0
cons[线路潮流计算_16_22],0.0
cons[线路潮流约束_16_22],0.0
cons[线路潮流约束_neg_16_22],0.0
cons[线路潮流计算_17_22],0.0
cons[线路潮流约束_17_22],0.0
cons[线路潮流约束_neg_17_22],0.0
cons[线路潮流计算_18_22],0.0
cons[线路潮流约束_18_22],0.0
cons[线路潮流约束_neg_18_22],0.0
cons[线路潮流计算_19_22],0.0
cons[线路潮流约束_19_22],0.0
cons[线路潮流约束_neg_19_22],0.0
cons[线路潮流计算_20_22],0.0
cons[线路潮流约束_20_22],0.0
cons[线路潮流约束_neg_20_22],0.0
cons[线路潮流计算_21_22],0.0
cons[线路潮流约束_21_22],0.0
cons[线路潮流约束_neg_21_22],0.0
cons[线路潮流计算_22_22],0.0
cons[线路潮流约束_22_22],0.0
cons[线路潮流约束_neg_22_22],0.0
cons[线路潮流计算_23_22],0.0
cons[线路潮流约束_23_22],0.0
cons[线路潮流约束_neg_23_22],0.0
cons[线路潮流计算_24_22],0.0
cons[线路潮流约束_24_22],0.0
cons[线路潮流约束_neg_24_22],0.0
cons[线路潮流计算_25_22],0.0
cons[线路潮流约束_25_22],0.0
cons[线路潮流约束_neg_25_22],0.0
cons[线路潮流计算_26_22],0.0
cons[线路潮流约束_26_22],0.0
cons[线路潮流约束_neg_26_22],0.0
cons[线路潮流计算_27_22],0.0
cons[线路潮流约束_27_22],0.0
cons[线路潮流约束_neg_27_22],0.0
cons[线路潮流计算_28_22],0.0
cons[线路潮流约束_28_22],0.0
cons[线路潮流约束_neg_28_22],0.0
cons[线路潮流计算_29_22],0.0
cons[线路潮流约束_29_22],0.0
cons[线路潮流约束_neg_29_22],0.0
cons[线路潮流计算_30_22],0.0
cons[线路潮流约束_30_22],0.0
cons[线路潮流约束_neg_30_22],0.0
cons[线路潮流计算_31_22],0.0
cons[线路潮流约束_31_22],0.0
cons[线路潮流约束_neg_31_22],0.0
cons[线路潮流计算_32_22],0.0
cons[线路潮流约束_32_22],0.0
cons[线路潮流约束_neg_32_22],0.0
cons[线路潮流计算_33_22],0.0
cons[线路潮流约束_33_22],0.0
cons[线路潮流约束_neg_33_22],0.0
cons[线路潮流计算_34_22],0.0
cons[线路潮流约束_34_22],0.0
cons[线路潮流约束_neg_34_22],0.0
cons[线路潮流计算_35_22],0.0
cons[线路潮流约束_35_22],0.0
cons[线路潮流约束_neg_35_22],0.0
cons[线路潮流计算_36_22],0.0
cons[线路潮流约束_36_22],0.0
cons[线路潮流约束_neg_36_22],0.0
cons[线路潮流计算_37_22],0.0
cons[线路潮流约束_37_22],0.0
cons[线路潮流约束_neg_37_22],0.0
cons[线路潮流计算_38_22],0.0
cons[线路潮流约束_38_22],0.0
cons[线路潮流约束_neg_38_22],0.0
cons[线路潮流计算_39_22],0.0
cons[线路潮流约束_39_22],0.0
cons[线路潮流约束_neg_39_22],0.0
cons[线路潮流计算_40_22],0.0
cons[线路潮流约束_40_22],0.0
cons[线路潮流约束_neg_40_22],0.0
cons[线路潮流计算_41_22],0.0
cons[线路潮流约束_41_22],0.0
cons[线路潮流约束_neg_41_22],0.0
cons[线路潮流计算_42_22],0.0
cons[线路潮流约束_42_22],0.0
cons[线路潮流约束_neg_42_22],0.0
cons[线路潮流计算_43_22],0.0
cons[线路潮流约束_43_22],0.0
cons[线路潮流约束_neg_43_22],0.0
cons[线路潮流计算_44_22],0.0
cons[线路潮流约束_44_22],0.0
cons[线路潮流约束_neg_44_22],0.0
cons[线路潮流计算_45_22],0.0
cons[线路潮流约束_45_22],0.0
cons[线路潮流约束_neg_45_22],0.0
cons[线路潮流计算_46_22],0.0
cons[线路潮流约束_46_22],0.0
cons[线路潮流约束_neg_46_22],0.0
cons[线路潮流计算_47_22],0.0
cons[线路潮流约束_47_22],0.0
cons[线路潮流约束_neg_47_22],0.0
cons[线路潮流计算_48_22],0.0
cons[线路潮流约束_48_22],0.0
cons[线路潮流约束_neg_48_22],0.0
cons[线路潮流计算_49_22],0.0
cons[线路潮流约束_49_22],0.0
cons[线路潮流约束_neg_49_22],0.0
cons[线路潮流计算_50_22],0.0
cons[线路潮流约束_50_22],0.0
cons[线路潮流约束_neg_50_22],0.0
cons[线路潮流计算_51_22],0.0
cons[线路潮流约束_51_22],0.0
cons[线路潮流约束_neg_51_22],0.0
cons[线路潮流计算_52_22],0.0
cons[线路潮流约束_52_22],0.0
cons[线路潮流约束_neg_52_22],0.0
cons[线路潮流计算_53_22],0.0
cons[线路潮流约束_53_22],0.0
cons[线路潮流约束_neg_53_22],0.0
cons[线路潮流计算_54_22],0.0
cons[线路潮流约束_54_22],0.0
cons[线路潮流约束_neg_54_22],0.0
cons[线路潮流计算_55_22],0.0
cons[线路潮流约束_55_22],0.0
cons[线路潮流约束_neg_55_22],0.0
cons[线路潮流计算_56_22],0.0
cons[线路潮流约束_56_22],0.0
cons[线路潮流约束_neg_56_22],0.0
cons[线路潮流计算_57_22],0.0
cons[线路潮流约束_57_22],0.0
cons[线路潮流约束_neg_57_22],0.0
cons[线路潮流计算_58_22],0.0
cons[线路潮流约束_58_22],0.0
cons[线路潮流约束_neg_58_22],0.0
cons[线路潮流计算_59_22],0.0
cons[线路潮流约束_59_22],0.0
cons[线路潮流约束_neg_59_22],0.0
cons[线路潮流计算_60_22],0.0
cons[线路潮流约束_60_22],0.0
cons[线路潮流约束_neg_60_22],0.0
cons[线路潮流计算_61_22],0.0
cons[线路潮流约束_61_22],0.0
cons[线路潮流约束_neg_61_22],0.0
cons[线路潮流计算_62_22],0.0
cons[线路潮流约束_62_22],0.0
cons[线路潮流约束_neg_62_22],0.0
cons[线路潮流计算_63_22],0.0
cons[线路潮流约束_63_22],0.0
cons[线路潮流约束_neg_63_22],0.0
cons[线路潮流计算_64_22],0.0
cons[线路潮流约束_64_22],0.0
cons[线路潮流约束_neg_64_22],0.0
cons[线路潮流计算_65_22],0.0
cons[线路潮流约束_65_22],0.0
cons[线路潮流约束_neg_65_22],0.0
cons[线路潮流计算_66_22],0.0
cons[线路潮流约束_66_22],0.0
cons[线路潮流约束_neg_66_22],0.0
cons[线路潮流计算_67_22],0.0
cons[线路潮流约束_67_22],0.0
cons[线路潮流约束_neg_67_22],0.0
cons[线路潮流计算_68_22],0.0
cons[线路潮流约束_68_22],0.0
cons[线路潮流约束_neg_68_22],0.0
cons[线路潮流计算_69_22],0.0
cons[线路潮流约束_69_22],0.0
cons[线路潮流约束_neg_69_22],0.0
cons[线路潮流计算_70_22],0.0
cons[线路潮流约束_70_22],0.0
cons[线路潮流约束_neg_70_22],0.0
cons[线路潮流计算_71_22],0.0
cons[线路潮流约束_71_22],0.0
cons[线路潮流约束_neg_71_22],0.0
cons[线路潮流计算_72_22],0.0
cons[线路潮流约束_72_22],0.0
cons[线路潮流约束_neg_72_22],0.0
cons[线路潮流计算_73_22],0.0
cons[线路潮流约束_73_22],0.0
cons[线路潮流约束_neg_73_22],0.0
cons[线路潮流计算_74_22],0.0
cons[线路潮流约束_74_22],0.0
cons[线路潮流约束_neg_74_22],0.0
cons[线路潮流计算_75_22],0.0
cons[线路潮流约束_75_22],0.0
cons[线路潮流约束_neg_75_22],0.0
cons[线路潮流计算_76_22],0.0
cons[线路潮流约束_76_22],0.0
cons[线路潮流约束_neg_76_22],0.0
cons[正备用约束_22],0.0
cons[负备用约束_22],0.0
cons[系统功率平衡约束_23],-5726.812
cons[线路潮流计算_0_23],0.0
cons[线路潮流约束_0_23],0.0
cons[线路潮流约束_neg_0_23],0.0
cons[线路潮流计算_1_23],0.0
cons[线路潮流约束_1_23],0.0
cons[线路潮流约束_neg_1_23],0.0
cons[线路潮流计算_2_23],0.0
cons[线路潮流约束_2_23],0.0
cons[线路潮流约束_neg_2_23],0.0
cons[线路潮流计算_3_23],0.0
cons[线路潮流约束_3_23],0.0
cons[线路潮流约束_neg_3_23],0.0
cons[线路潮流计算_4_23],0.0
cons[线路潮流约束_4_23],0.0
cons[线路潮流约束_neg_4_23],0.0
cons[线路潮流计算_5_23],0.0
cons[线路潮流约束_5_23],0.0
cons[线路潮流约束_neg_5_23],0.0
cons[线路潮流计算_6_23],0.0
cons[线路潮流约束_6_23],0.0
cons[线路潮流约束_neg_6_23],0.0
cons[线路潮流计算_7_23],0.0
cons[线路潮流约束_7_23],0.0
cons[线路潮流约束_neg_7_23],0.0
cons[线路潮流计算_8_23],0.0
cons[线路潮流约束_8_23],0.0
cons[线路潮流约束_neg_8_23],0.0
cons[线路潮流计算_9_23],0.0
cons[线路潮流约束_9_23],0.0
cons[线路潮流约束_neg_9_23],0.0
cons[线路潮流计算_10_23],0.0
cons[线路潮流约束_10_23],0.0
cons[线路潮流约束_neg_10_23],0.0
cons[线路潮流计算_11_23],0.0
cons[线路潮流约束_11_23],0.0
cons[线路潮流约束_neg_11_23],0.0
cons[线路潮流计算_12_23],0.0
cons[线路潮流约束_12_23],0.0
cons[线路潮流约束_neg_12_23],0.0
cons[线路潮流计算_13_23],0.0
cons[线路潮流约束_13_23],0.0
cons[线路潮流约束_neg_13_23],0.0
cons[线路潮流计算_14_23],0.0
cons[线路潮流约束_14_23],0.0
cons[线路潮流约束_neg_14_23],0.0
cons[线路潮流计算_15_23],0.0
cons[线路潮流约束_15_23],0.0
cons[线路潮流约束_neg_15_23],0.0
cons[线路潮流计算_16_23],0.0
cons[线路潮流约束_16_23],0.0
cons[线路潮流约束_neg_16_23],0.0
cons[线路潮流计算_17_23],0.0
cons[线路潮流约束_17_23],0.0
cons[线路潮流约束_neg_17_23],0.0
cons[线路潮流计算_18_23],0.0
cons[线路潮流约束_18_23],0.0
cons[线路潮流约束_neg_18_23],0.0
cons[线路潮流计算_19_23],0.0
cons[线路潮流约束_19_23],0.0
cons[线路潮流约束_neg_19_23],0.0
cons[线路潮流计算_20_23],0.0
cons[线路潮流约束_20_23],0.0
cons[线路潮流约束_neg_20_23],0.0
cons[线路潮流计算_21_23],0.0
cons[线路潮流约束_21_23],0.0
cons[线路潮流约束_neg_21_23],0.0
cons[线路潮流计算_22_23],0.0
cons[线路潮流约束_22_23],0.0
cons[线路潮流约束_neg_22_23],0.0
cons[线路潮流计算_23_23],0.0
cons[线路潮流约束_23_23],0.0
cons[线路潮流约束_neg_23_23],0.0
cons[线路潮流计算_24_23],0.0
cons[线路潮流约束_24_23],0.0
cons[线路潮流约束_neg_24_23],0.0
cons[线路潮流计算_25_23],0.0
cons[线路潮流约束_25_23],0.0
cons[线路潮流约束_neg_25_23],0.0
cons[线路潮流计算_26_23],0.0
cons[线路潮流约束_26_23],0.0
cons[线路潮流约束_neg_26_23],0.0
cons[线路潮流计算_27_23],0.0
cons[线路潮流约束_27_23],0.0
cons[线路潮流约束_neg_27_23],0.0
cons[线路潮流计算_28_23],0.0
cons[线路潮流约束_28_23],0.0
cons[线路潮流约束_neg_28_23],0.0
cons[线路潮流计算_29_23],0.0
cons[线路潮流约束_29_23],0.0
cons[线路潮流约束_neg_29_23],0.0
cons[线路潮流计算_30_23],0.0
cons[线路潮流约束_30_23],0.0
cons[线路潮流约束_neg_30_23],0.0
cons[线路潮流计算_31_23],0.0
cons[线路潮流约束_31_23],0.0
cons[线路潮流约束_neg_31_23],0.0
cons[线路潮流计算_32_23],0.0
cons[线路潮流约束_32_23],0.0
cons[线路潮流约束_neg_32_23],0.0
cons[线路潮流计算_33_23],0.0
cons[线路潮流约束_33_23],0.0
cons[线路潮流约束_neg_33_23],0.0
cons[线路潮流计算_34_23],0.0
cons[线路潮流约束_34_23],0.0
cons[线路潮流约束_neg_34_23],0.0
cons[线路潮流计算_35_23],0.0
cons[线路潮流约束_35_23],0.0
cons[线路潮流约束_neg_35_23],0.0
cons[线路潮流计算_36_23],0.0
cons[线路潮流约束_36_23],0.0
cons[线路潮流约束_neg_36_23],0.0
cons[线路潮流计算_37_23],0.0
cons[线路潮流约束_37_23],0.0
cons[线路潮流约束_neg_37_23],0.0
cons[线路潮流计算_38_23],0.0
cons[线路潮流约束_38_23],0.0
cons[线路潮流约束_neg_38_23],0.0
cons[线路潮流计算_39_23],0.0
cons[线路潮流约束_39_23],0.0
cons[线路潮流约束_neg_39_23],0.0
cons[线路潮流计算_40_23],0.0
cons[线路潮流约束_40_23],0.0
cons[线路潮流约束_neg_40_23],0.0
cons[线路潮流计算_41_23],0.0
cons[线路潮流约束_41_23],0.0
cons[线路潮流约束_neg_41_23],0.0
cons[线路潮流计算_42_23],0.0
cons[线路潮流约束_42_23],0.0
cons[线路潮流约束_neg_42_23],0.0
cons[线路潮流计算_43_23],0.0
cons[线路潮流约束_43_23],0.0
cons[线路潮流约束_neg_43_23],0.0
cons[线路潮流计算_44_23],0.0
cons[线路潮流约束_44_23],0.0
cons[线路潮流约束_neg_44_23],0.0
cons[线路潮流计算_45_23],0.0
cons[线路潮流约束_45_23],0.0
cons[线路潮流约束_neg_45_23],0.0
cons[线路潮流计算_46_23],0.0
cons[线路潮流约束_46_23],0.0
cons[线路潮流约束_neg_46_23],0.0
cons[线路潮流计算_47_23],0.0
cons[线路潮流约束_47_23],0.0
cons[线路潮流约束_neg_47_23],0.0
cons[线路潮流计算_48_23],0.0
cons[线路潮流约束_48_23],0.0
cons[线路潮流约束_neg_48_23],0.0
cons[线路潮流计算_49_23],0.0
cons[线路潮流约束_49_23],0.0
cons[线路潮流约束_neg_49_23],0.0
cons[线路潮流计算_50_23],0.0
cons[线路潮流约束_50_23],0.0
cons[线路潮流约束_neg_50_23],0.0
cons[线路潮流计算_51_23],0.0
cons[线路潮流约束_51_23],0.0
cons[线路潮流约束_neg_51_23],0.0
cons[线路潮流计算_52_23],0.0
cons[线路潮流约束_52_23],0.0
cons[线路潮流约束_neg_52_23],0.0
cons[线路潮流计算_53_23],0.0
cons[线路潮流约束_53_23],0.0
cons[线路潮流约束_neg_53_23],0.0
cons[线路潮流计算_54_23],0.0
cons[线路潮流约束_54_23],0.0
cons[线路潮流约束_neg_54_23],0.0
cons[线路潮流计算_55_23],0.0
cons[线路潮流约束_55_23],0.0
cons[线路潮流约束_neg_55_23],0.0
cons[线路潮流计算_56_23],0.0
cons[线路潮流约束_56_23],0.0
cons[线路潮流约束_neg_56_23],0.0
cons[线路潮流计算_57_23],0.0
cons[线路潮流约束_57_23],0.0
cons[线路潮流约束_neg_57_23],0.0
cons[线路潮流计算_58_23],0.0
cons[线路潮流约束_58_23],0.0
cons[线路潮流约束_neg_58_23],0.0
cons[线路潮流计算_59_23],0.0
cons[线路潮流约束_59_23],0.0
cons[线路潮流约束_neg_59_23],0.0
cons[线路潮流计算_60_23],0.0
cons[线路潮流约束_60_23],0.0
cons[线路潮流约束_neg_60_23],0.0
cons[线路潮流计算_61_23],0.0
cons[线路潮流约束_61_23],0.0
cons[线路潮流约束_neg_61_23],0.0
cons[线路潮流计算_62_23],0.0
cons[线路潮流约束_62_23],0.0
cons[线路潮流约束_neg_62_23],0.0
cons[线路潮流计算_63_23],0.0
cons[线路潮流约束_63_23],0.0
cons[线路潮流约束_neg_63_23],0.0
cons[线路潮流计算_64_23],0.0
cons[线路潮流约束_64_23],0.0
cons[线路潮流约束_neg_64_23],0.0
cons[线路潮流计算_65_23],0.0
cons[线路潮流约束_65_23],0.0
cons[线路潮流约束_neg_65_23],0.0
cons[线路潮流计算_66_23],0.0
cons[线路潮流约束_66_23],0.0
cons[线路潮流约束_neg_66_23],0.0
cons[线路潮流计算_67_23],0.0
cons[线路潮流约束_67_23],0.0
cons[线路潮流约束_neg_67_23],0.0
cons[线路潮流计算_68_23],0.0
cons[线路潮流约束_68_23],0.0
cons[线路潮流约束_neg_68_23],0.0
cons[线路潮流计算_69_23],0.0
cons[线路潮流约束_69_23],0.0
cons[线路潮流约束_neg_69_23],0.0
cons[线路潮流计算_70_23],0.0
cons[线路潮流约束_70_23],0.0
cons[线路潮流约束_neg_70_23],0.0
cons[线路潮流计算_71_23],0.0
cons[线路潮流约束_71_23],0.0
cons[线路潮流约束_neg_71_23],0.0
cons[线路潮流计算_72_23],0.0
cons[线路潮流约束_72_23],0.0
cons[线路潮流约束_neg_72_23],0.0
cons[线路潮流计算_73_23],0.0
cons[线路潮流约束_73_23],0.0
cons[线路潮流约束_neg_73_23],0.0
cons[线路潮流计算_74_23],0.0
cons[线路潮流约束_74_23],0.0
cons[线路潮流约束_neg_74_23],0.0
cons[线路潮流计算_75_23],0.0
cons[线路潮流约束_75_23],0.0
cons[线路潮流约束_neg_75_23],0.0
cons[线路潮流计算_76_23],0.0
cons[线路潮流约束_76_23],0.0
cons[线路潮流约束_neg_76_23],0.0
cons[正备用约束_23],0.0
cons[负备用约束_23],0.0
cons[系统功率平衡约束_24],-5754.657999999999
cons[线路潮流计算_0_24],0.0
cons[线路潮流约束_0_24],0.0
cons[线路潮流约束_neg_0_24],0.0
cons[线路潮流计算_1_24],0.0
cons[线路潮流约束_1_24],0.0
cons[线路潮流约束_neg_1_24],0.0
cons[线路潮流计算_2_24],0.0
cons[线路潮流约束_2_24],0.0
cons[线路潮流约束_neg_2_24],0.0
cons[线路潮流计算_3_24],0.0
cons[线路潮流约束_3_24],0.0
cons[线路潮流约束_neg_3_24],0.0
cons[线路潮流计算_4_24],0.0
cons[线路潮流约束_4_24],0.0
cons[线路潮流约束_neg_4_24],0.0
cons[线路潮流计算_5_24],0.0
cons[线路潮流约束_5_24],0.0
cons[线路潮流约束_neg_5_24],0.0
cons[线路潮流计算_6_24],0.0
cons[线路潮流约束_6_24],0.0
cons[线路潮流约束_neg_6_24],0.0
cons[线路潮流计算_7_24],0.0
cons[线路潮流约束_7_24],0.0
cons[线路潮流约束_neg_7_24],0.0
cons[线路潮流计算_8_24],0.0
cons[线路潮流约束_8_24],0.0
cons[线路潮流约束_neg_8_24],0.0
cons[线路潮流计算_9_24],0.0
cons[线路潮流约束_9_24],0.0
cons[线路潮流约束_neg_9_24],0.0
cons[线路潮流计算_10_24],0.0
cons[线路潮流约束_10_24],0.0
cons[线路潮流约束_neg_10_24],0.0
cons[线路潮流计算_11_24],0.0
cons[线路潮流约束_11_24],0.0
cons[线路潮流约束_neg_11_24],0.0
cons[线路潮流计算_12_24],0.0
cons[线路潮流约束_12_24],0.0
cons[线路潮流约束_neg_12_24],0.0
cons[线路潮流计算_13_24],0.0
cons[线路潮流约束_13_24],0.0
cons[线路潮流约束_neg_13_24],0.0
cons[线路潮流计算_14_24],0.0
cons[线路潮流约束_14_24],0.0
cons[线路潮流约束_neg_14_24],0.0
cons[线路潮流计算_15_24],0.0
cons[线路潮流约束_15_24],0.0
cons[线路潮流约束_neg_15_24],0.0
cons[线路潮流计算_16_24],0.0
cons[线路潮流约束_16_24],0.0
cons[线路潮流约束_neg_16_24],0.0
cons[线路潮流计算_17_24],0.0
cons[线路潮流约束_17_24],0.0
cons[线路潮流约束_neg_17_24],0.0
cons[线路潮流计算_18_24],0.0
cons[线路潮流约束_18_24],0.0
cons[线路潮流约束_neg_18_24],0.0
cons[线路潮流计算_19_24],0.0
cons[线路潮流约束_19_24],0.0
cons[线路潮流约束_neg_19_24],0.0
cons[线路潮流计算_20_24],0.0
cons[线路潮流约束_20_24],0.0
cons[线路潮流约束_neg_20_24],0.0
cons[线路潮流计算_21_24],0.0
cons[线路潮流约束_21_24],0.0
cons[线路潮流约束_neg_21_24],0.0
cons[线路潮流计算_22_24],0.0
cons[线路潮流约束_22_24],0.0
cons[线路潮流约束_neg_22_24],0.0
cons[线路潮流计算_23_24],0.0
cons[线路潮流约束_23_24],0.0
cons[线路潮流约束_neg_23_24],0.0
cons[线路潮流计算_24_24],0.0
cons[线路潮流约束_24_24],0.0
cons[线路潮流约束_neg_24_24],0.0
cons[线路潮流计算_25_24],0.0
cons[线路潮流约束_25_24],0.0
cons[线路潮流约束_neg_25_24],0.0
cons[线路潮流计算_26_24],0.0
cons[线路潮流约束_26_24],0.0
cons[线路潮流约束_neg_26_24],0.0
cons[线路潮流计算_27_24],0.0
cons[线路潮流约束_27_24],0.0
cons[线路潮流约束_neg_27_24],0.0
cons[线路潮流计算_28_24],0.0
cons[线路潮流约束_28_24],0.0
cons[线路潮流约束_neg_28_24],0.0
cons[线路潮流计算_29_24],0.0
cons[线路潮流约束_29_24],0.0
cons[线路潮流约束_neg_29_24],0.0
cons[线路潮流计算_30_24],0.0
cons[线路潮流约束_30_24],0.0
cons[线路潮流约束_neg_30_24],0.0
cons[线路潮流计算_31_24],0.0
cons[线路潮流约束_31_24],0.0
cons[线路潮流约束_neg_31_24],0.0
cons[线路潮流计算_32_24],0.0
cons[线路潮流约束_32_24],0.0
cons[线路潮流约束_neg_32_24],0.0
cons[线路潮流计算_33_24],0.0
cons[线路潮流约束_33_24],0.0
cons[线路潮流约束_neg_33_24],0.0
cons[线路潮流计算_34_24],0.0
cons[线路潮流约束_34_24],0.0
cons[线路潮流约束_neg_34_24],0.0
cons[线路潮流计算_35_24],0.0
cons[线路潮流约束_35_24],0.0
cons[线路潮流约束_neg_35_24],0.0
cons[线路潮流计算_36_24],0.0
cons[线路潮流约束_36_24],0.0
cons[线路潮流约束_neg_36_24],0.0
cons[线路潮流计算_37_24],0.0
cons[线路潮流约束_37_24],0.0
cons[线路潮流约束_neg_37_24],0.0
cons[线路潮流计算_38_24],0.0
cons[线路潮流约束_38_24],0.0
cons[线路潮流约束_neg_38_24],0.0
cons[线路潮流计算_39_24],0.0
cons[线路潮流约束_39_24],0.0
cons[线路潮流约束_neg_39_24],0.0
cons[线路潮流计算_40_24],0.0
cons[线路潮流约束_40_24],0.0
cons[线路潮流约束_neg_40_24],0.0
cons[线路潮流计算_41_24],0.0
cons[线路潮流约束_41_24],0.0
cons[线路潮流约束_neg_41_24],0.0
cons[线路潮流计算_42_24],0.0
cons[线路潮流约束_42_24],0.0
cons[线路潮流约束_neg_42_24],0.0
cons[线路潮流计算_43_24],0.0
cons[线路潮流约束_43_24],0.0
cons[线路潮流约束_neg_43_24],0.0
cons[线路潮流计算_44_24],0.0
cons[线路潮流约束_44_24],0.0
cons[线路潮流约束_neg_44_24],0.0
cons[线路潮流计算_45_24],0.0
cons[线路潮流约束_45_24],0.0
cons[线路潮流约束_neg_45_24],0.0
cons[线路潮流计算_46_24],0.0
cons[线路潮流约束_46_24],0.0
cons[线路潮流约束_neg_46_24],0.0
cons[线路潮流计算_47_24],0.0
cons[线路潮流约束_47_24],0.0
cons[线路潮流约束_neg_47_24],0.0
cons[线路潮流计算_48_24],0.0
cons[线路潮流约束_48_24],0.0
cons[线路潮流约束_neg_48_24],0.0
cons[线路潮流计算_49_24],0.0
cons[线路潮流约束_49_24],0.0
cons[线路潮流约束_neg_49_24],0.0
cons[线路潮流计算_50_24],0.0
cons[线路潮流约束_50_24],0.0
cons[线路潮流约束_neg_50_24],0.0
cons[线路潮流计算_51_24],0.0
cons[线路潮流约束_51_24],0.0
cons[线路潮流约束_neg_51_24],0.0
cons[线路潮流计算_52_24],0.0
cons[线路潮流约束_52_24],0.0
cons[线路潮流约束_neg_52_24],0.0
cons[线路潮流计算_53_24],0.0
cons[线路潮流约束_53_24],0.0
cons[线路潮流约束_neg_53_24],0.0
cons[线路潮流计算_54_24],0.0
cons[线路潮流约束_54_24],0.0
cons[线路潮流约束_neg_54_24],0.0
cons[线路潮流计算_55_24],0.0
cons[线路潮流约束_55_24],0.0
cons[线路潮流约束_neg_55_24],0.0
cons[线路潮流计算_56_24],0.0
cons[线路潮流约束_56_24],0.0
cons[线路潮流约束_neg_56_24],0.0
cons[线路潮流计算_57_24],0.0
cons[线路潮流约束_57_24],0.0
cons[线路潮流约束_neg_57_24],0.0
cons[线路潮流计算_58_24],0.0
cons[线路潮流约束_58_24],0.0
cons[线路潮流约束_neg_58_24],0.0
cons[线路潮流计算_59_24],0.0
cons[线路潮流约束_59_24],0.0
cons[线路潮流约束_neg_59_24],0.0
cons[线路潮流计算_60_24],0.0
cons[线路潮流约束_60_24],0.0
cons[线路潮流约束_neg_60_24],0.0
cons[线路潮流计算_61_24],0.0
cons[线路潮流约束_61_24],0.0
cons[线路潮流约束_neg_61_24],0.0
cons[线路潮流计算_62_24],0.0
cons[线路潮流约束_62_24],0.0
cons[线路潮流约束_neg_62_24],0.0
cons[线路潮流计算_63_24],0.0
cons[线路潮流约束_63_24],0.0
cons[线路潮流约束_neg_63_24],0.0
cons[线路潮流计算_64_24],0.0
cons[线路潮流约束_64_24],0.0
cons[线路潮流约束_neg_64_24],0.0
cons[线路潮流计算_65_24],0.0
cons[线路潮流约束_65_24],0.0
cons[线路潮流约束_neg_65_24],0.0
cons[线路潮流计算_66_24],0.0
cons[线路潮流约束_66_24],0.0
cons[线路潮流约束_neg_66_24],0.0
cons[线路潮流计算_67_24],0.0
cons[线路潮流约束_67_24],0.0
cons[线路潮流约束_neg_67_24],0.0
cons[线路潮流计算_68_24],0.0
cons[线路潮流约束_68_24],0.0
cons[线路潮流约束_neg_68_24],0.0
cons[线路潮流计算_69_24],0.0
cons[线路潮流约束_69_24],0.0
cons[线路潮流约束_neg_69_24],0.0
cons[线路潮流计算_70_24],0.0
cons[线路潮流约束_70_24],0.0
cons[线路潮流约束_neg_70_24],0.0
cons[线路潮流计算_71_24],0.0
cons[线路潮流约束_71_24],0.0
cons[线路潮流约束_neg_71_24],0.0
cons[线路潮流计算_72_24],0.0
cons[线路潮流约束_72_24],0.0
cons[线路潮流约束_neg_72_24],0.0
cons[线路潮流计算_73_24],0.0
cons[线路潮流约束_73_24],0.0
cons[线路潮流约束_neg_73_24],0.0
cons[线路潮流计算_74_24],0.0
cons[线路潮流约束_74_24],0.0
cons[线路潮流约束_neg_74_24],0.0
cons[线路潮流计算_75_24],0.0
cons[线路潮流约束_75_24],0.0
cons[线路潮流约束_neg_75_24],0.0
cons[线路潮流计算_76_24],0.0
cons[线路潮流约束_76_24],0.0
cons[线路潮流约束_neg_76_24],0.0
cons[正备用约束_24],0.0
cons[负备用约束_24],0.0
cons[系统功率平衡约束_25],-5754.657999999999
cons[线路潮流计算_0_25],0.0
cons[线路潮流约束_0_25],0.0
cons[线路潮流约束_neg_0_25],0.0
cons[线路潮流计算_1_25],0.0
cons[线路潮流约束_1_25],0.0
cons[线路潮流约束_neg_1_25],0.0
cons[线路潮流计算_2_25],0.0
cons[线路潮流约束_2_25],0.0
cons[线路潮流约束_neg_2_25],0.0
cons[线路潮流计算_3_25],0.0
cons[线路潮流约束_3_25],0.0
cons[线路潮流约束_neg_3_25],0.0
cons[线路潮流计算_4_25],0.0
cons[线路潮流约束_4_25],0.0
cons[线路潮流约束_neg_4_25],0.0
cons[线路潮流计算_5_25],0.0
cons[线路潮流约束_5_25],0.0
cons[线路潮流约束_neg_5_25],0.0
cons[线路潮流计算_6_25],0.0
cons[线路潮流约束_6_25],0.0
cons[线路潮流约束_neg_6_25],0.0
cons[线路潮流计算_7_25],0.0
cons[线路潮流约束_7_25],0.0
cons[线路潮流约束_neg_7_25],0.0
cons[线路潮流计算_8_25],0.0
cons[线路潮流约束_8_25],0.0
cons[线路潮流约束_neg_8_25],0.0
cons[线路潮流计算_9_25],0.0
cons[线路潮流约束_9_25],0.0
cons[线路潮流约束_neg_9_25],0.0
cons[线路潮流计算_10_25],0.0
cons[线路潮流约束_10_25],0.0
cons[线路潮流约束_neg_10_25],0.0
cons[线路潮流计算_11_25],0.0
cons[线路潮流约束_11_25],0.0
cons[线路潮流约束_neg_11_25],0.0
cons[线路潮流计算_12_25],0.0
cons[线路潮流约束_12_25],0.0
cons[线路潮流约束_neg_12_25],0.0
cons[线路潮流计算_13_25],0.0
cons[线路潮流约束_13_25],0.0
cons[线路潮流约束_neg_13_25],0.0
cons[线路潮流计算_14_25],0.0
cons[线路潮流约束_14_25],0.0
cons[线路潮流约束_neg_14_25],0.0
cons[线路潮流计算_15_25],0.0
cons[线路潮流约束_15_25],0.0
cons[线路潮流约束_neg_15_25],0.0
cons[线路潮流计算_16_25],0.0
cons[线路潮流约束_16_25],0.0
cons[线路潮流约束_neg_16_25],0.0
cons[线路潮流计算_17_25],0.0
cons[线路潮流约束_17_25],0.0
cons[线路潮流约束_neg_17_25],0.0
cons[线路潮流计算_18_25],0.0
cons[线路潮流约束_18_25],0.0
cons[线路潮流约束_neg_18_25],0.0
cons[线路潮流计算_19_25],0.0
cons[线路潮流约束_19_25],0.0
cons[线路潮流约束_neg_19_25],0.0
cons[线路潮流计算_20_25],0.0
cons[线路潮流约束_20_25],0.0
cons[线路潮流约束_neg_20_25],0.0
cons[线路潮流计算_21_25],0.0
cons[线路潮流约束_21_25],0.0
cons[线路潮流约束_neg_21_25],0.0
cons[线路潮流计算_22_25],0.0
cons[线路潮流约束_22_25],0.0
cons[线路潮流约束_neg_22_25],0.0
cons[线路潮流计算_23_25],0.0
cons[线路潮流约束_23_25],0.0
cons[线路潮流约束_neg_23_25],0.0
cons[线路潮流计算_24_25],0.0
cons[线路潮流约束_24_25],0.0
cons[线路潮流约束_neg_24_25],0.0
cons[线路潮流计算_25_25],0.0
cons[线路潮流约束_25_25],0.0
cons[线路潮流约束_neg_25_25],0.0
cons[线路潮流计算_26_25],0.0
cons[线路潮流约束_26_25],0.0
cons[线路潮流约束_neg_26_25],0.0
cons[线路潮流计算_27_25],0.0
cons[线路潮流约束_27_25],0.0
cons[线路潮流约束_neg_27_25],0.0
cons[线路潮流计算_28_25],0.0
cons[线路潮流约束_28_25],0.0
cons[线路潮流约束_neg_28_25],0.0
cons[线路潮流计算_29_25],0.0
cons[线路潮流约束_29_25],0.0
cons[线路潮流约束_neg_29_25],0.0
cons[线路潮流计算_30_25],0.0
cons[线路潮流约束_30_25],0.0
cons[线路潮流约束_neg_30_25],0.0
cons[线路潮流计算_31_25],0.0
cons[线路潮流约束_31_25],0.0
cons[线路潮流约束_neg_31_25],0.0
cons[线路潮流计算_32_25],0.0
cons[线路潮流约束_32_25],0.0
cons[线路潮流约束_neg_32_25],0.0
cons[线路潮流计算_33_25],0.0
cons[线路潮流约束_33_25],0.0
cons[线路潮流约束_neg_33_25],0.0
cons[线路潮流计算_34_25],0.0
cons[线路潮流约束_34_25],0.0
cons[线路潮流约束_neg_34_25],0.0
cons[线路潮流计算_35_25],0.0
cons[线路潮流约束_35_25],0.0
cons[线路潮流约束_neg_35_25],0.0
cons[线路潮流计算_36_25],0.0
cons[线路潮流约束_36_25],0.0
cons[线路潮流约束_neg_36_25],0.0
cons[线路潮流计算_37_25],0.0
cons[线路潮流约束_37_25],0.0
cons[线路潮流约束_neg_37_25],0.0
cons[线路潮流计算_38_25],0.0
cons[线路潮流约束_38_25],0.0
cons[线路潮流约束_neg_38_25],0.0
cons[线路潮流计算_39_25],0.0
cons[线路潮流约束_39_25],0.0
cons[线路潮流约束_neg_39_25],0.0
cons[线路潮流计算_40_25],0.0
cons[线路潮流约束_40_25],0.0
cons[线路潮流约束_neg_40_25],0.0
cons[线路潮流计算_41_25],0.0
cons[线路潮流约束_41_25],0.0
cons[线路潮流约束_neg_41_25],0.0
cons[线路潮流计算_42_25],0.0
cons[线路潮流约束_42_25],0.0
cons[线路潮流约束_neg_42_25],0.0
cons[线路潮流计算_43_25],0.0
cons[线路潮流约束_43_25],0.0
cons[线路潮流约束_neg_43_25],0.0
cons[线路潮流计算_44_25],0.0
cons[线路潮流约束_44_25],0.0
cons[线路潮流约束_neg_44_25],0.0
cons[线路潮流计算_45_25],0.0
cons[线路潮流约束_45_25],0.0
cons[线路潮流约束_neg_45_25],0.0
cons[线路潮流计算_46_25],0.0
cons[线路潮流约束_46_25],0.0
cons[线路潮流约束_neg_46_25],0.0
cons[线路潮流计算_47_25],0.0
cons[线路潮流约束_47_25],0.0
cons[线路潮流约束_neg_47_25],0.0
cons[线路潮流计算_48_25],0.0
cons[线路潮流约束_48_25],0.0
cons[线路潮流约束_neg_48_25],0.0
cons[线路潮流计算_49_25],0.0
cons[线路潮流约束_49_25],0.0
cons[线路潮流约束_neg_49_25],0.0
cons[线路潮流计算_50_25],0.0
cons[线路潮流约束_50_25],0.0
cons[线路潮流约束_neg_50_25],0.0
cons[线路潮流计算_51_25],0.0
cons[线路潮流约束_51_25],0.0
cons[线路潮流约束_neg_51_25],0.0
cons[线路潮流计算_52_25],0.0
cons[线路潮流约束_52_25],0.0
cons[线路潮流约束_neg_52_25],0.0
cons[线路潮流计算_53_25],0.0
cons[线路潮流约束_53_25],0.0
cons[线路潮流约束_neg_53_25],0.0
cons[线路潮流计算_54_25],0.0
cons[线路潮流约束_54_25],0.0
cons[线路潮流约束_neg_54_25],0.0
cons[线路潮流计算_55_25],0.0
cons[线路潮流约束_55_25],0.0
cons[线路潮流约束_neg_55_25],0.0
cons[线路潮流计算_56_25],0.0
cons[线路潮流约束_56_25],0.0
cons[线路潮流约束_neg_56_25],0.0
cons[线路潮流计算_57_25],0.0
cons[线路潮流约束_57_25],0.0
cons[线路潮流约束_neg_57_25],0.0
cons[线路潮流计算_58_25],0.0
cons[线路潮流约束_58_25],0.0
cons[线路潮流约束_neg_58_25],0.0
cons[线路潮流计算_59_25],0.0
cons[线路潮流约束_59_25],0.0
cons[线路潮流约束_neg_59_25],0.0
cons[线路潮流计算_60_25],0.0
cons[线路潮流约束_60_25],0.0
cons[线路潮流约束_neg_60_25],0.0
cons[线路潮流计算_61_25],0.0
cons[线路潮流约束_61_25],0.0
cons[线路潮流约束_neg_61_25],0.0
cons[线路潮流计算_62_25],0.0
cons[线路潮流约束_62_25],0.0
cons[线路潮流约束_neg_62_25],0.0
cons[线路潮流计算_63_25],0.0
cons[线路潮流约束_63_25],0.0
cons[线路潮流约束_neg_63_25],0.0
cons[线路潮流计算_64_25],0.0
cons[线路潮流约束_64_25],0.0
cons[线路潮流约束_neg_64_25],0.0
cons[线路潮流计算_65_25],0.0
cons[线路潮流约束_65_25],0.0
cons[线路潮流约束_neg_65_25],0.0
cons[线路潮流计算_66_25],0.0
cons[线路潮流约束_66_25],0.0
cons[线路潮流约束_neg_66_25],0.0
cons[线路潮流计算_67_25],0.0
cons[线路潮流约束_67_25],0.0
cons[线路潮流约束_neg_67_25],0.0
cons[线路潮流计算_68_25],0.0
cons[线路潮流约束_68_25],0.0
cons[线路潮流约束_neg_68_25],0.0
cons[线路潮流计算_69_25],0.0
cons[线路潮流约束_69_25],0.0
cons[线路潮流约束_neg_69_25],0.0
cons[线路潮流计算_70_25],0.0
cons[线路潮流约束_70_25],0.0
cons[线路潮流约束_neg_70_25],0.0
cons[线路潮流计算_71_25],0.0
cons[线路潮流约束_71_25],0.0
cons[线路潮流约束_neg_71_25],0.0
cons[线路潮流计算_72_25],0.0
cons[线路潮流约束_72_25],0.0
cons[线路潮流约束_neg_72_25],0.0
cons[线路潮流计算_73_25],0.0
cons[线路潮流约束_73_25],0.0
cons[线路潮流约束_neg_73_25],0.0
cons[线路潮流计算_74_25],0.0
cons[线路潮流约束_74_25],0.0
cons[线路潮流约束_neg_74_25],0.0
cons[线路潮流计算_75_25],0.0
cons[线路潮流约束_75_25],0.0
cons[线路潮流约束_neg_75_25],0.0
cons[线路潮流计算_76_25],0.0
cons[线路潮流约束_76_25],0.0
cons[线路潮流约束_neg_76_25],0.0
cons[正备用约束_25],0.0
cons[负备用约束_25],0.0
cons[系统功率平衡约束_26],-5887.882
cons[线路潮流计算_0_26],0.0
cons[线路潮流约束_0_26],0.0
cons[线路潮流约束_neg_0_26],0.0
cons[线路潮流计算_1_26],0.0
cons[线路潮流约束_1_26],0.0
cons[线路潮流约束_neg_1_26],0.0
cons[线路潮流计算_2_26],0.0
cons[线路潮流约束_2_26],0.0
cons[线路潮流约束_neg_2_26],0.0
cons[线路潮流计算_3_26],0.0
cons[线路潮流约束_3_26],0.0
cons[线路潮流约束_neg_3_26],0.0
cons[线路潮流计算_4_26],0.0
cons[线路潮流约束_4_26],0.0
cons[线路潮流约束_neg_4_26],0.0
cons[线路潮流计算_5_26],0.0
cons[线路潮流约束_5_26],0.0
cons[线路潮流约束_neg_5_26],0.0
cons[线路潮流计算_6_26],0.0
cons[线路潮流约束_6_26],0.0
cons[线路潮流约束_neg_6_26],0.0
cons[线路潮流计算_7_26],0.0
cons[线路潮流约束_7_26],0.0
cons[线路潮流约束_neg_7_26],0.0
cons[线路潮流计算_8_26],0.0
cons[线路潮流约束_8_26],0.0
cons[线路潮流约束_neg_8_26],0.0
cons[线路潮流计算_9_26],0.0
cons[线路潮流约束_9_26],0.0
cons[线路潮流约束_neg_9_26],0.0
cons[线路潮流计算_10_26],0.0
cons[线路潮流约束_10_26],0.0
cons[线路潮流约束_neg_10_26],0.0
cons[线路潮流计算_11_26],0.0
cons[线路潮流约束_11_26],0.0
cons[线路潮流约束_neg_11_26],0.0
cons[线路潮流计算_12_26],0.0
cons[线路潮流约束_12_26],0.0
cons[线路潮流约束_neg_12_26],0.0
cons[线路潮流计算_13_26],0.0
cons[线路潮流约束_13_26],0.0
cons[线路潮流约束_neg_13_26],0.0
cons[线路潮流计算_14_26],0.0
cons[线路潮流约束_14_26],0.0
cons[线路潮流约束_neg_14_26],0.0
cons[线路潮流计算_15_26],0.0
cons[线路潮流约束_15_26],0.0
cons[线路潮流约束_neg_15_26],0.0
cons[线路潮流计算_16_26],0.0
cons[线路潮流约束_16_26],0.0
cons[线路潮流约束_neg_16_26],0.0
cons[线路潮流计算_17_26],0.0
cons[线路潮流约束_17_26],0.0
cons[线路潮流约束_neg_17_26],0.0
cons[线路潮流计算_18_26],0.0
cons[线路潮流约束_18_26],0.0
cons[线路潮流约束_neg_18_26],0.0
cons[线路潮流计算_19_26],0.0
cons[线路潮流约束_19_26],0.0
cons[线路潮流约束_neg_19_26],0.0
cons[线路潮流计算_20_26],0.0
cons[线路潮流约束_20_26],0.0
cons[线路潮流约束_neg_20_26],0.0
cons[线路潮流计算_21_26],0.0
cons[线路潮流约束_21_26],0.0
cons[线路潮流约束_neg_21_26],0.0
cons[线路潮流计算_22_26],0.0
cons[线路潮流约束_22_26],0.0
cons[线路潮流约束_neg_22_26],0.0
cons[线路潮流计算_23_26],0.0
cons[线路潮流约束_23_26],0.0
cons[线路潮流约束_neg_23_26],0.0
cons[线路潮流计算_24_26],0.0
cons[线路潮流约束_24_26],0.0
cons[线路潮流约束_neg_24_26],0.0
cons[线路潮流计算_25_26],0.0
cons[线路潮流约束_25_26],0.0
cons[线路潮流约束_neg_25_26],0.0
cons[线路潮流计算_26_26],0.0
cons[线路潮流约束_26_26],0.0
cons[线路潮流约束_neg_26_26],0.0
cons[线路潮流计算_27_26],0.0
cons[线路潮流约束_27_26],0.0
cons[线路潮流约束_neg_27_26],0.0
cons[线路潮流计算_28_26],0.0
cons[线路潮流约束_28_26],0.0
cons[线路潮流约束_neg_28_26],0.0
cons[线路潮流计算_29_26],0.0
cons[线路潮流约束_29_26],0.0
cons[线路潮流约束_neg_29_26],0.0
cons[线路潮流计算_30_26],0.0
cons[线路潮流约束_30_26],0.0
cons[线路潮流约束_neg_30_26],0.0
cons[线路潮流计算_31_26],0.0
cons[线路潮流约束_31_26],0.0
cons[线路潮流约束_neg_31_26],0.0
cons[线路潮流计算_32_26],0.0
cons[线路潮流约束_32_26],0.0
cons[线路潮流约束_neg_32_26],0.0
cons[线路潮流计算_33_26],0.0
cons[线路潮流约束_33_26],0.0
cons[线路潮流约束_neg_33_26],0.0
cons[线路潮流计算_34_26],0.0
cons[线路潮流约束_34_26],0.0
cons[线路潮流约束_neg_34_26],0.0
cons[线路潮流计算_35_26],0.0
cons[线路潮流约束_35_26],0.0
cons[线路潮流约束_neg_35_26],0.0
cons[线路潮流计算_36_26],0.0
cons[线路潮流约束_36_26],0.0
cons[线路潮流约束_neg_36_26],0.0
cons[线路潮流计算_37_26],0.0
cons[线路潮流约束_37_26],0.0
cons[线路潮流约束_neg_37_26],0.0
cons[线路潮流计算_38_26],0.0
cons[线路潮流约束_38_26],0.0
cons[线路潮流约束_neg_38_26],0.0
cons[线路潮流计算_39_26],0.0
cons[线路潮流约束_39_26],0.0
cons[线路潮流约束_neg_39_26],0.0
cons[线路潮流计算_40_26],0.0
cons[线路潮流约束_40_26],0.0
cons[线路潮流约束_neg_40_26],0.0
cons[线路潮流计算_41_26],0.0
cons[线路潮流约束_41_26],0.0
cons[线路潮流约束_neg_41_26],0.0
cons[线路潮流计算_42_26],0.0
cons[线路潮流约束_42_26],0.0
cons[线路潮流约束_neg_42_26],0.0
cons[线路潮流计算_43_26],0.0
cons[线路潮流约束_43_26],0.0
cons[线路潮流约束_neg_43_26],0.0
cons[线路潮流计算_44_26],0.0
cons[线路潮流约束_44_26],0.0
cons[线路潮流约束_neg_44_26],0.0
cons[线路潮流计算_45_26],0.0
cons[线路潮流约束_45_26],0.0
cons[线路潮流约束_neg_45_26],0.0
cons[线路潮流计算_46_26],0.0
cons[线路潮流约束_46_26],0.0
cons[线路潮流约束_neg_46_26],0.0
cons[线路潮流计算_47_26],0.0
cons[线路潮流约束_47_26],0.0
cons[线路潮流约束_neg_47_26],0.0
cons[线路潮流计算_48_26],0.0
cons[线路潮流约束_48_26],0.0
cons[线路潮流约束_neg_48_26],0.0
cons[线路潮流计算_49_26],0.0
cons[线路潮流约束_49_26],0.0
cons[线路潮流约束_neg_49_26],0.0
cons[线路潮流计算_50_26],0.0
cons[线路潮流约束_50_26],0.0
cons[线路潮流约束_neg_50_26],0.0
cons[线路潮流计算_51_26],0.0
cons[线路潮流约束_51_26],0.0
cons[线路潮流约束_neg_51_26],0.0
cons[线路潮流计算_52_26],0.0
cons[线路潮流约束_52_26],0.0
cons[线路潮流约束_neg_52_26],0.0
cons[线路潮流计算_53_26],0.0
cons[线路潮流约束_53_26],0.0
cons[线路潮流约束_neg_53_26],0.0
cons[线路潮流计算_54_26],0.0
cons[线路潮流约束_54_26],0.0
cons[线路潮流约束_neg_54_26],0.0
cons[线路潮流计算_55_26],0.0
cons[线路潮流约束_55_26],0.0
cons[线路潮流约束_neg_55_26],0.0
cons[线路潮流计算_56_26],0.0
cons[线路潮流约束_56_26],0.0
cons[线路潮流约束_neg_56_26],0.0
cons[线路潮流计算_57_26],0.0
cons[线路潮流约束_57_26],0.0
cons[线路潮流约束_neg_57_26],0.0
cons[线路潮流计算_58_26],0.0
cons[线路潮流约束_58_26],0.0
cons[线路潮流约束_neg_58_26],0.0
cons[线路潮流计算_59_26],0.0
cons[线路潮流约束_59_26],0.0
cons[线路潮流约束_neg_59_26],0.0
cons[线路潮流计算_60_26],0.0
cons[线路潮流约束_60_26],0.0
cons[线路潮流约束_neg_60_26],0.0
cons[线路潮流计算_61_26],0.0
cons[线路潮流约束_61_26],0.0
cons[线路潮流约束_neg_61_26],0.0
cons[线路潮流计算_62_26],0.0
cons[线路潮流约束_62_26],0.0
cons[线路潮流约束_neg_62_26],0.0
cons[线路潮流计算_63_26],0.0
cons[线路潮流约束_63_26],0.0
cons[线路潮流约束_neg_63_26],0.0
cons[线路潮流计算_64_26],0.0
cons[线路潮流约束_64_26],0.0
cons[线路潮流约束_neg_64_26],0.0
cons[线路潮流计算_65_26],0.0
cons[线路潮流约束_65_26],0.0
cons[线路潮流约束_neg_65_26],0.0
cons[线路潮流计算_66_26],0.0
cons[线路潮流约束_66_26],0.0
cons[线路潮流约束_neg_66_26],0.0
cons[线路潮流计算_67_26],0.0
cons[线路潮流约束_67_26],0.0
cons[线路潮流约束_neg_67_26],0.0
cons[线路潮流计算_68_26],0.0
cons[线路潮流约束_68_26],0.0
cons[线路潮流约束_neg_68_26],0.0
cons[线路潮流计算_69_26],0.0
cons[线路潮流约束_69_26],0.0
cons[线路潮流约束_neg_69_26],0.0
cons[线路潮流计算_70_26],0.0
cons[线路潮流约束_70_26],0.0
cons[线路潮流约束_neg_70_26],0.0
cons[线路潮流计算_71_26],0.0
cons[线路潮流约束_71_26],0.0
cons[线路潮流约束_neg_71_26],0.0
cons[线路潮流计算_72_26],0.0
cons[线路潮流约束_72_26],0.0
cons[线路潮流约束_neg_72_26],0.0
cons[线路潮流计算_73_26],0.0
cons[线路潮流约束_73_26],0.0
cons[线路潮流约束_neg_73_26],0.0
cons[线路潮流计算_74_26],0.0
cons[线路潮流约束_74_26],0.0
cons[线路潮流约束_neg_74_26],0.0
cons[线路潮流计算_75_26],0.0
cons[线路潮流约束_75_26],0.0
cons[线路潮流约束_neg_75_26],0.0
cons[线路潮流计算_76_26],0.0
cons[线路潮流约束_76_26],0.0
cons[线路潮流约束_neg_76_26],0.0
cons[正备用约束_26],0.0
cons[负备用约束_26],0.0
cons[系统功率平衡约束_27],-5979.974000000003
cons[线路潮流计算_0_27],0.0
cons[线路潮流约束_0_27],0.0
cons[线路潮流约束_neg_0_27],0.0
cons[线路潮流计算_1_27],0.0
cons[线路潮流约束_1_27],0.0
cons[线路潮流约束_neg_1_27],0.0
cons[线路潮流计算_2_27],0.0
cons[线路潮流约束_2_27],0.0
cons[线路潮流约束_neg_2_27],0.0
cons[线路潮流计算_3_27],0.0
cons[线路潮流约束_3_27],0.0
cons[线路潮流约束_neg_3_27],0.0
cons[线路潮流计算_4_27],0.0
cons[线路潮流约束_4_27],0.0
cons[线路潮流约束_neg_4_27],0.0
cons[线路潮流计算_5_27],0.0
cons[线路潮流约束_5_27],0.0
cons[线路潮流约束_neg_5_27],0.0
cons[线路潮流计算_6_27],0.0
cons[线路潮流约束_6_27],0.0
cons[线路潮流约束_neg_6_27],0.0
cons[线路潮流计算_7_27],0.0
cons[线路潮流约束_7_27],0.0
cons[线路潮流约束_neg_7_27],0.0
cons[线路潮流计算_8_27],0.0
cons[线路潮流约束_8_27],0.0
cons[线路潮流约束_neg_8_27],0.0
cons[线路潮流计算_9_27],0.0
cons[线路潮流约束_9_27],0.0
cons[线路潮流约束_neg_9_27],0.0
cons[线路潮流计算_10_27],0.0
cons[线路潮流约束_10_27],0.0
cons[线路潮流约束_neg_10_27],0.0
cons[线路潮流计算_11_27],0.0
cons[线路潮流约束_11_27],0.0
cons[线路潮流约束_neg_11_27],0.0
cons[线路潮流计算_12_27],0.0
cons[线路潮流约束_12_27],0.0
cons[线路潮流约束_neg_12_27],0.0
cons[线路潮流计算_13_27],0.0
cons[线路潮流约束_13_27],0.0
cons[线路潮流约束_neg_13_27],0.0
cons[线路潮流计算_14_27],0.0
cons[线路潮流约束_14_27],0.0
cons[线路潮流约束_neg_14_27],0.0
cons[线路潮流计算_15_27],0.0
cons[线路潮流约束_15_27],0.0
cons[线路潮流约束_neg_15_27],0.0
cons[线路潮流计算_16_27],0.0
cons[线路潮流约束_16_27],0.0
cons[线路潮流约束_neg_16_27],0.0
cons[线路潮流计算_17_27],0.0
cons[线路潮流约束_17_27],0.0
cons[线路潮流约束_neg_17_27],0.0
cons[线路潮流计算_18_27],0.0
cons[线路潮流约束_18_27],0.0
cons[线路潮流约束_neg_18_27],0.0
cons[线路潮流计算_19_27],0.0
cons[线路潮流约束_19_27],0.0
cons[线路潮流约束_neg_19_27],0.0
cons[线路潮流计算_20_27],0.0
cons[线路潮流约束_20_27],0.0
cons[线路潮流约束_neg_20_27],0.0
cons[线路潮流计算_21_27],0.0
cons[线路潮流约束_21_27],0.0
cons[线路潮流约束_neg_21_27],0.0
cons[线路潮流计算_22_27],0.0
cons[线路潮流约束_22_27],0.0
cons[线路潮流约束_neg_22_27],0.0
cons[线路潮流计算_23_27],0.0
cons[线路潮流约束_23_27],0.0
cons[线路潮流约束_neg_23_27],0.0
cons[线路潮流计算_24_27],0.0
cons[线路潮流约束_24_27],0.0
cons[线路潮流约束_neg_24_27],0.0
cons[线路潮流计算_25_27],0.0
cons[线路潮流约束_25_27],0.0
cons[线路潮流约束_neg_25_27],0.0
cons[线路潮流计算_26_27],0.0
cons[线路潮流约束_26_27],0.0
cons[线路潮流约束_neg_26_27],0.0
cons[线路潮流计算_27_27],0.0
cons[线路潮流约束_27_27],0.0
cons[线路潮流约束_neg_27_27],0.0
cons[线路潮流计算_28_27],0.0
cons[线路潮流约束_28_27],0.0
cons[线路潮流约束_neg_28_27],0.0
cons[线路潮流计算_29_27],0.0
cons[线路潮流约束_29_27],0.0
cons[线路潮流约束_neg_29_27],0.0
cons[线路潮流计算_30_27],0.0
cons[线路潮流约束_30_27],0.0
cons[线路潮流约束_neg_30_27],0.0
cons[线路潮流计算_31_27],0.0
cons[线路潮流约束_31_27],0.0
cons[线路潮流约束_neg_31_27],0.0
cons[线路潮流计算_32_27],0.0
cons[线路潮流约束_32_27],0.0
cons[线路潮流约束_neg_32_27],0.0
cons[线路潮流计算_33_27],0.0
cons[线路潮流约束_33_27],0.0
cons[线路潮流约束_neg_33_27],0.0
cons[线路潮流计算_34_27],0.0
cons[线路潮流约束_34_27],0.0
cons[线路潮流约束_neg_34_27],0.0
cons[线路潮流计算_35_27],0.0
cons[线路潮流约束_35_27],0.0
cons[线路潮流约束_neg_35_27],0.0
cons[线路潮流计算_36_27],0.0
cons[线路潮流约束_36_27],0.0
cons[线路潮流约束_neg_36_27],0.0
cons[线路潮流计算_37_27],0.0
cons[线路潮流约束_37_27],0.0
cons[线路潮流约束_neg_37_27],0.0
cons[线路潮流计算_38_27],0.0
cons[线路潮流约束_38_27],0.0
cons[线路潮流约束_neg_38_27],0.0
cons[线路潮流计算_39_27],0.0
cons[线路潮流约束_39_27],0.0
cons[线路潮流约束_neg_39_27],0.0
cons[线路潮流计算_40_27],0.0
cons[线路潮流约束_40_27],0.0
cons[线路潮流约束_neg_40_27],0.0
cons[线路潮流计算_41_27],0.0
cons[线路潮流约束_41_27],0.0
cons[线路潮流约束_neg_41_27],0.0
cons[线路潮流计算_42_27],0.0
cons[线路潮流约束_42_27],0.0
cons[线路潮流约束_neg_42_27],0.0
cons[线路潮流计算_43_27],0.0
cons[线路潮流约束_43_27],0.0
cons[线路潮流约束_neg_43_27],0.0
cons[线路潮流计算_44_27],0.0
cons[线路潮流约束_44_27],0.0
cons[线路潮流约束_neg_44_27],0.0
cons[线路潮流计算_45_27],0.0
cons[线路潮流约束_45_27],0.0
cons[线路潮流约束_neg_45_27],0.0
cons[线路潮流计算_46_27],0.0
cons[线路潮流约束_46_27],0.0
cons[线路潮流约束_neg_46_27],0.0
cons[线路潮流计算_47_27],0.0
cons[线路潮流约束_47_27],0.0
cons[线路潮流约束_neg_47_27],0.0
cons[线路潮流计算_48_27],0.0
cons[线路潮流约束_48_27],0.0
cons[线路潮流约束_neg_48_27],0.0
cons[线路潮流计算_49_27],0.0
cons[线路潮流约束_49_27],0.0
cons[线路潮流约束_neg_49_27],0.0
cons[线路潮流计算_50_27],0.0
cons[线路潮流约束_50_27],0.0
cons[线路潮流约束_neg_50_27],0.0
cons[线路潮流计算_51_27],0.0
cons[线路潮流约束_51_27],0.0
cons[线路潮流约束_neg_51_27],0.0
cons[线路潮流计算_52_27],0.0
cons[线路潮流约束_52_27],0.0
cons[线路潮流约束_neg_52_27],0.0
cons[线路潮流计算_53_27],0.0
cons[线路潮流约束_53_27],0.0
cons[线路潮流约束_neg_53_27],0.0
cons[线路潮流计算_54_27],0.0
cons[线路潮流约束_54_27],0.0
cons[线路潮流约束_neg_54_27],0.0
cons[线路潮流计算_55_27],0.0
cons[线路潮流约束_55_27],0.0
cons[线路潮流约束_neg_55_27],0.0
cons[线路潮流计算_56_27],0.0
cons[线路潮流约束_56_27],0.0
cons[线路潮流约束_neg_56_27],0.0
cons[线路潮流计算_57_27],0.0
cons[线路潮流约束_57_27],0.0
cons[线路潮流约束_neg_57_27],0.0
cons[线路潮流计算_58_27],0.0
cons[线路潮流约束_58_27],0.0
cons[线路潮流约束_neg_58_27],0.0
cons[线路潮流计算_59_27],0.0
cons[线路潮流约束_59_27],0.0
cons[线路潮流约束_neg_59_27],0.0
cons[线路潮流计算_60_27],0.0
cons[线路潮流约束_60_27],0.0
cons[线路潮流约束_neg_60_27],0.0
cons[线路潮流计算_61_27],0.0
cons[线路潮流约束_61_27],0.0
cons[线路潮流约束_neg_61_27],0.0
cons[线路潮流计算_62_27],0.0
cons[线路潮流约束_62_27],0.0
cons[线路潮流约束_neg_62_27],0.0
cons[线路潮流计算_63_27],0.0
cons[线路潮流约束_63_27],0.0
cons[线路潮流约束_neg_63_27],0.0
cons[线路潮流计算_64_27],0.0
cons[线路潮流约束_64_27],0.0
cons[线路潮流约束_neg_64_27],0.0
cons[线路潮流计算_65_27],0.0
cons[线路潮流约束_65_27],0.0
cons[线路潮流约束_neg_65_27],0.0
cons[线路潮流计算_66_27],0.0
cons[线路潮流约束_66_27],0.0
cons[线路潮流约束_neg_66_27],0.0
cons[线路潮流计算_67_27],0.0
cons[线路潮流约束_67_27],0.0
cons[线路潮流约束_neg_67_27],0.0
cons[线路潮流计算_68_27],0.0
cons[线路潮流约束_68_27],0.0
cons[线路潮流约束_neg_68_27],0.0
cons[线路潮流计算_69_27],0.0
cons[线路潮流约束_69_27],0.0
cons[线路潮流约束_neg_69_27],0.0
cons[线路潮流计算_70_27],0.0
cons[线路潮流约束_70_27],0.0
cons[线路潮流约束_neg_70_27],0.0
cons[线路潮流计算_71_27],0.0
cons[线路潮流约束_71_27],0.0
cons[线路潮流约束_neg_71_27],0.0
cons[线路潮流计算_72_27],0.0
cons[线路潮流约束_72_27],0.0
cons[线路潮流约束_neg_72_27],0.0
cons[线路潮流计算_73_27],0.0
cons[线路潮流约束_73_27],0.0
cons[线路潮流约束_neg_73_27],0.0
cons[线路潮流计算_74_27],0.0
cons[线路潮流约束_74_27],0.0
cons[线路潮流约束_neg_74_27],0.0
cons[线路潮流计算_75_27],0.0
cons[线路潮流约束_75_27],0.0
cons[线路潮流约束_neg_75_27],0.0
cons[线路潮流计算_76_27],0.0
cons[线路潮流约束_76_27],0.0
cons[线路潮流约束_neg_76_27],0.0
cons[正备用约束_27],0.0
cons[负备用约束_27],0.0
cons[系统功率平衡约束_28],-6024.928
cons[线路潮流计算_0_28],0.0
cons[线路潮流约束_0_28],0.0
cons[线路潮流约束_neg_0_28],0.0
cons[线路潮流计算_1_28],0.0
cons[线路潮流约束_1_28],0.0
cons[线路潮流约束_neg_1_28],0.0
cons[线路潮流计算_2_28],0.0
cons[线路潮流约束_2_28],0.0
cons[线路潮流约束_neg_2_28],0.0
cons[线路潮流计算_3_28],0.0
cons[线路潮流约束_3_28],0.0
cons[线路潮流约束_neg_3_28],0.0
cons[线路潮流计算_4_28],0.0
cons[线路潮流约束_4_28],0.0
cons[线路潮流约束_neg_4_28],0.0
cons[线路潮流计算_5_28],0.0
cons[线路潮流约束_5_28],0.0
cons[线路潮流约束_neg_5_28],0.0
cons[线路潮流计算_6_28],0.0
cons[线路潮流约束_6_28],0.0
cons[线路潮流约束_neg_6_28],0.0
cons[线路潮流计算_7_28],0.0
cons[线路潮流约束_7_28],0.0
cons[线路潮流约束_neg_7_28],0.0
cons[线路潮流计算_8_28],0.0
cons[线路潮流约束_8_28],0.0
cons[线路潮流约束_neg_8_28],0.0
cons[线路潮流计算_9_28],0.0
cons[线路潮流约束_9_28],0.0
cons[线路潮流约束_neg_9_28],0.0
cons[线路潮流计算_10_28],0.0
cons[线路潮流约束_10_28],0.0
cons[线路潮流约束_neg_10_28],0.0
cons[线路潮流计算_11_28],0.0
cons[线路潮流约束_11_28],0.0
cons[线路潮流约束_neg_11_28],0.0
cons[线路潮流计算_12_28],0.0
cons[线路潮流约束_12_28],0.0
cons[线路潮流约束_neg_12_28],0.0
cons[线路潮流计算_13_28],0.0
cons[线路潮流约束_13_28],0.0
cons[线路潮流约束_neg_13_28],0.0
cons[线路潮流计算_14_28],0.0
cons[线路潮流约束_14_28],0.0
cons[线路潮流约束_neg_14_28],0.0
cons[线路潮流计算_15_28],0.0
cons[线路潮流约束_15_28],0.0
cons[线路潮流约束_neg_15_28],0.0
cons[线路潮流计算_16_28],0.0
cons[线路潮流约束_16_28],0.0
cons[线路潮流约束_neg_16_28],0.0
cons[线路潮流计算_17_28],0.0
cons[线路潮流约束_17_28],0.0
cons[线路潮流约束_neg_17_28],0.0
cons[线路潮流计算_18_28],0.0
cons[线路潮流约束_18_28],0.0
cons[线路潮流约束_neg_18_28],0.0
cons[线路潮流计算_19_28],0.0
cons[线路潮流约束_19_28],0.0
cons[线路潮流约束_neg_19_28],0.0
cons[线路潮流计算_20_28],0.0
cons[线路潮流约束_20_28],0.0
cons[线路潮流约束_neg_20_28],0.0
cons[线路潮流计算_21_28],0.0
cons[线路潮流约束_21_28],0.0
cons[线路潮流约束_neg_21_28],0.0
cons[线路潮流计算_22_28],0.0
cons[线路潮流约束_22_28],0.0
cons[线路潮流约束_neg_22_28],0.0
cons[线路潮流计算_23_28],0.0
cons[线路潮流约束_23_28],0.0
cons[线路潮流约束_neg_23_28],0.0
cons[线路潮流计算_24_28],0.0
cons[线路潮流约束_24_28],0.0
cons[线路潮流约束_neg_24_28],0.0
cons[线路潮流计算_25_28],0.0
cons[线路潮流约束_25_28],0.0
cons[线路潮流约束_neg_25_28],0.0
cons[线路潮流计算_26_28],0.0
cons[线路潮流约束_26_28],0.0
cons[线路潮流约束_neg_26_28],0.0
cons[线路潮流计算_27_28],0.0
cons[线路潮流约束_27_28],0.0
cons[线路潮流约束_neg_27_28],0.0
cons[线路潮流计算_28_28],0.0
cons[线路潮流约束_28_28],0.0
cons[线路潮流约束_neg_28_28],0.0
cons[线路潮流计算_29_28],0.0
cons[线路潮流约束_29_28],0.0
cons[线路潮流约束_neg_29_28],0.0
cons[线路潮流计算_30_28],0.0
cons[线路潮流约束_30_28],0.0
cons[线路潮流约束_neg_30_28],0.0
cons[线路潮流计算_31_28],0.0
cons[线路潮流约束_31_28],0.0
cons[线路潮流约束_neg_31_28],0.0
cons[线路潮流计算_32_28],0.0
cons[线路潮流约束_32_28],0.0
cons[线路潮流约束_neg_32_28],0.0
cons[线路潮流计算_33_28],0.0
cons[线路潮流约束_33_28],0.0
cons[线路潮流约束_neg_33_28],0.0
cons[线路潮流计算_34_28],0.0
cons[线路潮流约束_34_28],0.0
cons[线路潮流约束_neg_34_28],0.0
cons[线路潮流计算_35_28],0.0
cons[线路潮流约束_35_28],0.0
cons[线路潮流约束_neg_35_28],0.0
cons[线路潮流计算_36_28],0.0
cons[线路潮流约束_36_28],0.0
cons[线路潮流约束_neg_36_28],0.0
cons[线路潮流计算_37_28],0.0
cons[线路潮流约束_37_28],0.0
cons[线路潮流约束_neg_37_28],0.0
cons[线路潮流计算_38_28],0.0
cons[线路潮流约束_38_28],0.0
cons[线路潮流约束_neg_38_28],0.0
cons[线路潮流计算_39_28],0.0
cons[线路潮流约束_39_28],0.0
cons[线路潮流约束_neg_39_28],0.0
cons[线路潮流计算_40_28],0.0
cons[线路潮流约束_40_28],0.0
cons[线路潮流约束_neg_40_28],0.0
cons[线路潮流计算_41_28],0.0
cons[线路潮流约束_41_28],0.0
cons[线路潮流约束_neg_41_28],0.0
cons[线路潮流计算_42_28],0.0
cons[线路潮流约束_42_28],0.0
cons[线路潮流约束_neg_42_28],0.0
cons[线路潮流计算_43_28],0.0
cons[线路潮流约束_43_28],0.0
cons[线路潮流约束_neg_43_28],0.0
cons[线路潮流计算_44_28],0.0
cons[线路潮流约束_44_28],0.0
cons[线路潮流约束_neg_44_28],0.0
cons[线路潮流计算_45_28],0.0
cons[线路潮流约束_45_28],0.0
cons[线路潮流约束_neg_45_28],0.0
cons[线路潮流计算_46_28],0.0
cons[线路潮流约束_46_28],0.0
cons[线路潮流约束_neg_46_28],0.0
cons[线路潮流计算_47_28],0.0
cons[线路潮流约束_47_28],0.0
cons[线路潮流约束_neg_47_28],0.0
cons[线路潮流计算_48_28],0.0
cons[线路潮流约束_48_28],0.0
cons[线路潮流约束_neg_48_28],0.0
cons[线路潮流计算_49_28],0.0
cons[线路潮流约束_49_28],0.0
cons[线路潮流约束_neg_49_28],0.0
cons[线路潮流计算_50_28],0.0
cons[线路潮流约束_50_28],0.0
cons[线路潮流约束_neg_50_28],0.0
cons[线路潮流计算_51_28],0.0
cons[线路潮流约束_51_28],0.0
cons[线路潮流约束_neg_51_28],0.0
cons[线路潮流计算_52_28],0.0
cons[线路潮流约束_52_28],0.0
cons[线路潮流约束_neg_52_28],0.0
cons[线路潮流计算_53_28],0.0
cons[线路潮流约束_53_28],0.0
cons[线路潮流约束_neg_53_28],0.0
cons[线路潮流计算_54_28],0.0
cons[线路潮流约束_54_28],0.0
cons[线路潮流约束_neg_54_28],0.0
cons[线路潮流计算_55_28],0.0
cons[线路潮流约束_55_28],0.0
cons[线路潮流约束_neg_55_28],0.0
cons[线路潮流计算_56_28],0.0
cons[线路潮流约束_56_28],0.0
cons[线路潮流约束_neg_56_28],0.0
cons[线路潮流计算_57_28],0.0
cons[线路潮流约束_57_28],0.0
cons[线路潮流约束_neg_57_28],0.0
cons[线路潮流计算_58_28],0.0
cons[线路潮流约束_58_28],0.0
cons[线路潮流约束_neg_58_28],0.0
cons[线路潮流计算_59_28],0.0
cons[线路潮流约束_59_28],0.0
cons[线路潮流约束_neg_59_28],0.0
cons[线路潮流计算_60_28],0.0
cons[线路潮流约束_60_28],0.0
cons[线路潮流约束_neg_60_28],0.0
cons[线路潮流计算_61_28],0.0
cons[线路潮流约束_61_28],0.0
cons[线路潮流约束_neg_61_28],0.0
cons[线路潮流计算_62_28],0.0
cons[线路潮流约束_62_28],0.0
cons[线路潮流约束_neg_62_28],0.0
cons[线路潮流计算_63_28],0.0
cons[线路潮流约束_63_28],0.0
cons[线路潮流约束_neg_63_28],0.0
cons[线路潮流计算_64_28],0.0
cons[线路潮流约束_64_28],0.0
cons[线路潮流约束_neg_64_28],0.0
cons[线路潮流计算_65_28],0.0
cons[线路潮流约束_65_28],0.0
cons[线路潮流约束_neg_65_28],0.0
cons[线路潮流计算_66_28],0.0
cons[线路潮流约束_66_28],0.0
cons[线路潮流约束_neg_66_28],0.0
cons[线路潮流计算_67_28],0.0
cons[线路潮流约束_67_28],0.0
cons[线路潮流约束_neg_67_28],0.0
cons[线路潮流计算_68_28],0.0
cons[线路潮流约束_68_28],0.0
cons[线路潮流约束_neg_68_28],0.0
cons[线路潮流计算_69_28],0.0
cons[线路潮流约束_69_28],0.0
cons[线路潮流约束_neg_69_28],0.0
cons[线路潮流计算_70_28],0.0
cons[线路潮流约束_70_28],0.0
cons[线路潮流约束_neg_70_28],0.0
cons[线路潮流计算_71_28],0.0
cons[线路潮流约束_71_28],0.0
cons[线路潮流约束_neg_71_28],0.0
cons[线路潮流计算_72_28],0.0
cons[线路潮流约束_72_28],0.0
cons[线路潮流约束_neg_72_28],0.0
cons[线路潮流计算_73_28],0.0
cons[线路潮流约束_73_28],0.0
cons[线路潮流约束_neg_73_28],0.0
cons[线路潮流计算_74_28],0.0
cons[线路潮流约束_74_28],0.0
cons[线路潮流约束_neg_74_28],0.0
cons[线路潮流计算_75_28],0.0
cons[线路潮流约束_75_28],0.0
cons[线路潮流约束_neg_75_28],0.0
cons[线路潮流计算_76_28],0.0
cons[线路潮流约束_76_28],0.0
cons[线路潮流约束_neg_76_28],0.0
cons[正备用约束_28],0.0
cons[负备用约束_28],0.0
cons[系统功率平衡约束_29],-6052.774
cons[线路潮流计算_0_29],0.0
cons[线路潮流约束_0_29],0.0
cons[线路潮流约束_neg_0_29],0.0
cons[线路潮流计算_1_29],0.0
cons[线路潮流约束_1_29],0.0
cons[线路潮流约束_neg_1_29],0.0
cons[线路潮流计算_2_29],0.0
cons[线路潮流约束_2_29],0.0
cons[线路潮流约束_neg_2_29],0.0
cons[线路潮流计算_3_29],0.0
cons[线路潮流约束_3_29],0.0
cons[线路潮流约束_neg_3_29],0.0
cons[线路潮流计算_4_29],0.0
cons[线路潮流约束_4_29],0.0
cons[线路潮流约束_neg_4_29],0.0
cons[线路潮流计算_5_29],0.0
cons[线路潮流约束_5_29],0.0
cons[线路潮流约束_neg_5_29],0.0
cons[线路潮流计算_6_29],0.0
cons[线路潮流约束_6_29],0.0
cons[线路潮流约束_neg_6_29],0.0
cons[线路潮流计算_7_29],0.0
cons[线路潮流约束_7_29],0.0
cons[线路潮流约束_neg_7_29],0.0
cons[线路潮流计算_8_29],0.0
cons[线路潮流约束_8_29],0.0
cons[线路潮流约束_neg_8_29],0.0
cons[线路潮流计算_9_29],0.0
cons[线路潮流约束_9_29],0.0
cons[线路潮流约束_neg_9_29],0.0
cons[线路潮流计算_10_29],0.0
cons[线路潮流约束_10_29],0.0
cons[线路潮流约束_neg_10_29],0.0
cons[线路潮流计算_11_29],0.0
cons[线路潮流约束_11_29],0.0
cons[线路潮流约束_neg_11_29],0.0
cons[线路潮流计算_12_29],0.0
cons[线路潮流约束_12_29],0.0
cons[线路潮流约束_neg_12_29],0.0
cons[线路潮流计算_13_29],0.0
cons[线路潮流约束_13_29],0.0
cons[线路潮流约束_neg_13_29],0.0
cons[线路潮流计算_14_29],0.0
cons[线路潮流约束_14_29],0.0
cons[线路潮流约束_neg_14_29],0.0
cons[线路潮流计算_15_29],0.0
cons[线路潮流约束_15_29],0.0
cons[线路潮流约束_neg_15_29],0.0
cons[线路潮流计算_16_29],0.0
cons[线路潮流约束_16_29],0.0
cons[线路潮流约束_neg_16_29],0.0
cons[线路潮流计算_17_29],0.0
cons[线路潮流约束_17_29],0.0
cons[线路潮流约束_neg_17_29],0.0
cons[线路潮流计算_18_29],0.0
cons[线路潮流约束_18_29],0.0
cons[线路潮流约束_neg_18_29],0.0
cons[线路潮流计算_19_29],0.0
cons[线路潮流约束_19_29],0.0
cons[线路潮流约束_neg_19_29],0.0
cons[线路潮流计算_20_29],0.0
cons[线路潮流约束_20_29],0.0
cons[线路潮流约束_neg_20_29],0.0
cons[线路潮流计算_21_29],0.0
cons[线路潮流约束_21_29],0.0
cons[线路潮流约束_neg_21_29],0.0
cons[线路潮流计算_22_29],0.0
cons[线路潮流约束_22_29],0.0
cons[线路潮流约束_neg_22_29],0.0
cons[线路潮流计算_23_29],0.0
cons[线路潮流约束_23_29],0.0
cons[线路潮流约束_neg_23_29],0.0
cons[线路潮流计算_24_29],0.0
cons[线路潮流约束_24_29],0.0
cons[线路潮流约束_neg_24_29],0.0
cons[线路潮流计算_25_29],0.0
cons[线路潮流约束_25_29],0.0
cons[线路潮流约束_neg_25_29],0.0
cons[线路潮流计算_26_29],0.0
cons[线路潮流约束_26_29],0.0
cons[线路潮流约束_neg_26_29],0.0
cons[线路潮流计算_27_29],0.0
cons[线路潮流约束_27_29],0.0
cons[线路潮流约束_neg_27_29],0.0
cons[线路潮流计算_28_29],0.0
cons[线路潮流约束_28_29],0.0
cons[线路潮流约束_neg_28_29],0.0
cons[线路潮流计算_29_29],0.0
cons[线路潮流约束_29_29],0.0
cons[线路潮流约束_neg_29_29],0.0
cons[线路潮流计算_30_29],0.0
cons[线路潮流约束_30_29],0.0
cons[线路潮流约束_neg_30_29],0.0
cons[线路潮流计算_31_29],0.0
cons[线路潮流约束_31_29],0.0
cons[线路潮流约束_neg_31_29],0.0
cons[线路潮流计算_32_29],0.0
cons[线路潮流约束_32_29],0.0
cons[线路潮流约束_neg_32_29],0.0
cons[线路潮流计算_33_29],0.0
cons[线路潮流约束_33_29],0.0
cons[线路潮流约束_neg_33_29],0.0
cons[线路潮流计算_34_29],0.0
cons[线路潮流约束_34_29],0.0
cons[线路潮流约束_neg_34_29],0.0
cons[线路潮流计算_35_29],0.0
cons[线路潮流约束_35_29],0.0
cons[线路潮流约束_neg_35_29],0.0
cons[线路潮流计算_36_29],0.0
cons[线路潮流约束_36_29],0.0
cons[线路潮流约束_neg_36_29],0.0
cons[线路潮流计算_37_29],0.0
cons[线路潮流约束_37_29],0.0
cons[线路潮流约束_neg_37_29],0.0
cons[线路潮流计算_38_29],0.0
cons[线路潮流约束_38_29],0.0
cons[线路潮流约束_neg_38_29],0.0
cons[线路潮流计算_39_29],0.0
cons[线路潮流约束_39_29],0.0
cons[线路潮流约束_neg_39_29],0.0
cons[线路潮流计算_40_29],0.0
cons[线路潮流约束_40_29],0.0
cons[线路潮流约束_neg_40_29],0.0
cons[线路潮流计算_41_29],0.0
cons[线路潮流约束_41_29],0.0
cons[线路潮流约束_neg_41_29],0.0
cons[线路潮流计算_42_29],0.0
cons[线路潮流约束_42_29],0.0
cons[线路潮流约束_neg_42_29],0.0
cons[线路潮流计算_43_29],0.0
cons[线路潮流约束_43_29],0.0
cons[线路潮流约束_neg_43_29],0.0
cons[线路潮流计算_44_29],0.0
cons[线路潮流约束_44_29],0.0
cons[线路潮流约束_neg_44_29],0.0
cons[线路潮流计算_45_29],0.0
cons[线路潮流约束_45_29],0.0
cons[线路潮流约束_neg_45_29],0.0
cons[线路潮流计算_46_29],0.0
cons[线路潮流约束_46_29],0.0
cons[线路潮流约束_neg_46_29],0.0
cons[线路潮流计算_47_29],0.0
cons[线路潮流约束_47_29],0.0
cons[线路潮流约束_neg_47_29],0.0
cons[线路潮流计算_48_29],0.0
cons[线路潮流约束_48_29],0.0
cons[线路潮流约束_neg_48_29],0.0
cons[线路潮流计算_49_29],0.0
cons[线路潮流约束_49_29],0.0
cons[线路潮流约束_neg_49_29],0.0
cons[线路潮流计算_50_29],0.0
cons[线路潮流约束_50_29],0.0
cons[线路潮流约束_neg_50_29],0.0
cons[线路潮流计算_51_29],0.0
cons[线路潮流约束_51_29],0.0
cons[线路潮流约束_neg_51_29],0.0
cons[线路潮流计算_52_29],0.0
cons[线路潮流约束_52_29],0.0
cons[线路潮流约束_neg_52_29],0.0
cons[线路潮流计算_53_29],0.0
cons[线路潮流约束_53_29],0.0
cons[线路潮流约束_neg_53_29],0.0
cons[线路潮流计算_54_29],0.0
cons[线路潮流约束_54_29],0.0
cons[线路潮流约束_neg_54_29],0.0
cons[线路潮流计算_55_29],0.0
cons[线路潮流约束_55_29],0.0
cons[线路潮流约束_neg_55_29],0.0
cons[线路潮流计算_56_29],0.0
cons[线路潮流约束_56_29],0.0
cons[线路潮流约束_neg_56_29],0.0
cons[线路潮流计算_57_29],0.0
cons[线路潮流约束_57_29],0.0
cons[线路潮流约束_neg_57_29],0.0
cons[线路潮流计算_58_29],0.0
cons[线路潮流约束_58_29],0.0
cons[线路潮流约束_neg_58_29],0.0
cons[线路潮流计算_59_29],0.0
cons[线路潮流约束_59_29],0.0
cons[线路潮流约束_neg_59_29],0.0
cons[线路潮流计算_60_29],0.0
cons[线路潮流约束_60_29],0.0
cons[线路潮流约束_neg_60_29],0.0
cons[线路潮流计算_61_29],0.0
cons[线路潮流约束_61_29],0.0
cons[线路潮流约束_neg_61_29],0.0
cons[线路潮流计算_62_29],0.0
cons[线路潮流约束_62_29],0.0
cons[线路潮流约束_neg_62_29],0.0
cons[线路潮流计算_63_29],0.0
cons[线路潮流约束_63_29],0.0
cons[线路潮流约束_neg_63_29],0.0
cons[线路潮流计算_64_29],0.0
cons[线路潮流约束_64_29],0.0
cons[线路潮流约束_neg_64_29],0.0
cons[线路潮流计算_65_29],0.0
cons[线路潮流约束_65_29],0.0
cons[线路潮流约束_neg_65_29],0.0
cons[线路潮流计算_66_29],0.0
cons[线路潮流约束_66_29],0.0
cons[线路潮流约束_neg_66_29],0.0
cons[线路潮流计算_67_29],0.0
cons[线路潮流约束_67_29],0.0
cons[线路潮流约束_neg_67_29],0.0
cons[线路潮流计算_68_29],0.0
cons[线路潮流约束_68_29],0.0
cons[线路潮流约束_neg_68_29],0.0
cons[线路潮流计算_69_29],0.0
cons[线路潮流约束_69_29],0.0
cons[线路潮流约束_neg_69_29],0.0
cons[线路潮流计算_70_29],0.0
cons[线路潮流约束_70_29],0.0
cons[线路潮流约束_neg_70_29],0.0
cons[线路潮流计算_71_29],0.0
cons[线路潮流约束_71_29],0.0
cons[线路潮流约束_neg_71_29],0.0
cons[线路潮流计算_72_29],0.0
cons[线路潮流约束_72_29],0.0
cons[线路潮流约束_neg_72_29],0.0
cons[线路潮流计算_73_29],0.0
cons[线路潮流约束_73_29],0.0
cons[线路潮流约束_neg_73_29],0.0
cons[线路潮流计算_74_29],0.0
cons[线路潮流约束_74_29],0.0
cons[线路潮流约束_neg_74_29],0.0
cons[线路潮流计算_75_29],0.0
cons[线路潮流约束_75_29],0.0
cons[线路潮流约束_neg_75_29],0.0
cons[线路潮流计算_76_29],0.0
cons[线路潮流约束_76_29],0.0
cons[线路潮流约束_neg_76_29],0.0
cons[正备用约束_29],0.0
cons[负备用约束_29],0.0
cons[系统功率平衡约束_30],-6080.62
cons[线路潮流计算_0_30],0.0
cons[线路潮流约束_0_30],0.0
cons[线路潮流约束_neg_0_30],0.0
cons[线路潮流计算_1_30],0.0
cons[线路潮流约束_1_30],0.0
cons[线路潮流约束_neg_1_30],0.0
cons[线路潮流计算_2_30],0.0
cons[线路潮流约束_2_30],0.0
cons[线路潮流约束_neg_2_30],0.0
cons[线路潮流计算_3_30],0.0
cons[线路潮流约束_3_30],0.0
cons[线路潮流约束_neg_3_30],0.0
cons[线路潮流计算_4_30],0.0
cons[线路潮流约束_4_30],0.0
cons[线路潮流约束_neg_4_30],0.0
cons[线路潮流计算_5_30],0.0
cons[线路潮流约束_5_30],0.0
cons[线路潮流约束_neg_5_30],0.0
cons[线路潮流计算_6_30],0.0
cons[线路潮流约束_6_30],0.0
cons[线路潮流约束_neg_6_30],0.0
cons[线路潮流计算_7_30],0.0
cons[线路潮流约束_7_30],0.0
cons[线路潮流约束_neg_7_30],0.0
cons[线路潮流计算_8_30],0.0
cons[线路潮流约束_8_30],0.0
cons[线路潮流约束_neg_8_30],0.0
cons[线路潮流计算_9_30],0.0
cons[线路潮流约束_9_30],0.0
cons[线路潮流约束_neg_9_30],0.0
cons[线路潮流计算_10_30],0.0
cons[线路潮流约束_10_30],0.0
cons[线路潮流约束_neg_10_30],0.0
cons[线路潮流计算_11_30],0.0
cons[线路潮流约束_11_30],0.0
cons[线路潮流约束_neg_11_30],0.0
cons[线路潮流计算_12_30],0.0
cons[线路潮流约束_12_30],0.0
cons[线路潮流约束_neg_12_30],0.0
cons[线路潮流计算_13_30],0.0
cons[线路潮流约束_13_30],0.0
cons[线路潮流约束_neg_13_30],0.0
cons[线路潮流计算_14_30],0.0
cons[线路潮流约束_14_30],0.0
cons[线路潮流约束_neg_14_30],0.0
cons[线路潮流计算_15_30],0.0
cons[线路潮流约束_15_30],0.0
cons[线路潮流约束_neg_15_30],0.0
cons[线路潮流计算_16_30],0.0
cons[线路潮流约束_16_30],0.0
cons[线路潮流约束_neg_16_30],0.0
cons[线路潮流计算_17_30],0.0
cons[线路潮流约束_17_30],0.0
cons[线路潮流约束_neg_17_30],0.0
cons[线路潮流计算_18_30],0.0
cons[线路潮流约束_18_30],0.0
cons[线路潮流约束_neg_18_30],0.0
cons[线路潮流计算_19_30],0.0
cons[线路潮流约束_19_30],0.0
cons[线路潮流约束_neg_19_30],0.0
cons[线路潮流计算_20_30],0.0
cons[线路潮流约束_20_30],0.0
cons[线路潮流约束_neg_20_30],0.0
cons[线路潮流计算_21_30],0.0
cons[线路潮流约束_21_30],0.0
cons[线路潮流约束_neg_21_30],0.0
cons[线路潮流计算_22_30],0.0
cons[线路潮流约束_22_30],0.0
cons[线路潮流约束_neg_22_30],0.0
cons[线路潮流计算_23_30],0.0
cons[线路潮流约束_23_30],0.0
cons[线路潮流约束_neg_23_30],0.0
cons[线路潮流计算_24_30],0.0
cons[线路潮流约束_24_30],0.0
cons[线路潮流约束_neg_24_30],0.0
cons[线路潮流计算_25_30],0.0
cons[线路潮流约束_25_30],0.0
cons[线路潮流约束_neg_25_30],0.0
cons[线路潮流计算_26_30],0.0
cons[线路潮流约束_26_30],0.0
cons[线路潮流约束_neg_26_30],0.0
cons[线路潮流计算_27_30],0.0
cons[线路潮流约束_27_30],0.0
cons[线路潮流约束_neg_27_30],0.0
cons[线路潮流计算_28_30],0.0
cons[线路潮流约束_28_30],0.0
cons[线路潮流约束_neg_28_30],0.0
cons[线路潮流计算_29_30],0.0
cons[线路潮流约束_29_30],0.0
cons[线路潮流约束_neg_29_30],0.0
cons[线路潮流计算_30_30],0.0
cons[线路潮流约束_30_30],0.0
cons[线路潮流约束_neg_30_30],0.0
cons[线路潮流计算_31_30],0.0
cons[线路潮流约束_31_30],0.0
cons[线路潮流约束_neg_31_30],0.0
cons[线路潮流计算_32_30],0.0
cons[线路潮流约束_32_30],0.0
cons[线路潮流约束_neg_32_30],0.0
cons[线路潮流计算_33_30],0.0
cons[线路潮流约束_33_30],0.0
cons[线路潮流约束_neg_33_30],0.0
cons[线路潮流计算_34_30],0.0
cons[线路潮流约束_34_30],0.0
cons[线路潮流约束_neg_34_30],0.0
cons[线路潮流计算_35_30],0.0
cons[线路潮流约束_35_30],0.0
cons[线路潮流约束_neg_35_30],0.0
cons[线路潮流计算_36_30],0.0
cons[线路潮流约束_36_30],0.0
cons[线路潮流约束_neg_36_30],0.0
cons[线路潮流计算_37_30],0.0
cons[线路潮流约束_37_30],0.0
cons[线路潮流约束_neg_37_30],0.0
cons[线路潮流计算_38_30],0.0
cons[线路潮流约束_38_30],0.0
cons[线路潮流约束_neg_38_30],0.0
cons[线路潮流计算_39_30],0.0
cons[线路潮流约束_39_30],0.0
cons[线路潮流约束_neg_39_30],0.0
cons[线路潮流计算_40_30],0.0
cons[线路潮流约束_40_30],0.0
cons[线路潮流约束_neg_40_30],0.0
cons[线路潮流计算_41_30],0.0
cons[线路潮流约束_41_30],0.0
cons[线路潮流约束_neg_41_30],0.0
cons[线路潮流计算_42_30],0.0
cons[线路潮流约束_42_30],0.0
cons[线路潮流约束_neg_42_30],0.0
cons[线路潮流计算_43_30],0.0
cons[线路潮流约束_43_30],0.0
cons[线路潮流约束_neg_43_30],0.0
cons[线路潮流计算_44_30],0.0
cons[线路潮流约束_44_30],0.0
cons[线路潮流约束_neg_44_30],0.0
cons[线路潮流计算_45_30],0.0
cons[线路潮流约束_45_30],0.0
cons[线路潮流约束_neg_45_30],0.0
cons[线路潮流计算_46_30],0.0
cons[线路潮流约束_46_30],0.0
cons[线路潮流约束_neg_46_30],0.0
cons[线路潮流计算_47_30],0.0
cons[线路潮流约束_47_30],0.0
cons[线路潮流约束_neg_47_30],0.0
cons[线路潮流计算_48_30],0.0
cons[线路潮流约束_48_30],0.0
cons[线路潮流约束_neg_48_30],0.0
cons[线路潮流计算_49_30],0.0
cons[线路潮流约束_49_30],0.0
cons[线路潮流约束_neg_49_30],0.0
cons[线路潮流计算_50_30],0.0
cons[线路潮流约束_50_30],0.0
cons[线路潮流约束_neg_50_30],0.0
cons[线路潮流计算_51_30],0.0
cons[线路潮流约束_51_30],0.0
cons[线路潮流约束_neg_51_30],0.0
cons[线路潮流计算_52_30],0.0
cons[线路潮流约束_52_30],0.0
cons[线路潮流约束_neg_52_30],0.0
cons[线路潮流计算_53_30],0.0
cons[线路潮流约束_53_30],0.0
cons[线路潮流约束_neg_53_30],0.0
cons[线路潮流计算_54_30],0.0
cons[线路潮流约束_54_30],0.0
cons[线路潮流约束_neg_54_30],0.0
cons[线路潮流计算_55_30],0.0
cons[线路潮流约束_55_30],0.0
cons[线路潮流约束_neg_55_30],0.0
cons[线路潮流计算_56_30],0.0
cons[线路潮流约束_56_30],0.0
cons[线路潮流约束_neg_56_30],0.0
cons[线路潮流计算_57_30],0.0
cons[线路潮流约束_57_30],0.0
cons[线路潮流约束_neg_57_30],0.0
cons[线路潮流计算_58_30],0.0
cons[线路潮流约束_58_30],0.0
cons[线路潮流约束_neg_58_30],0.0
cons[线路潮流计算_59_30],0.0
cons[线路潮流约束_59_30],0.0
cons[线路潮流约束_neg_59_30],0.0
cons[线路潮流计算_60_30],0.0
cons[线路潮流约束_60_30],0.0
cons[线路潮流约束_neg_60_30],0.0
cons[线路潮流计算_61_30],0.0
cons[线路潮流约束_61_30],0.0
cons[线路潮流约束_neg_61_30],0.0
cons[线路潮流计算_62_30],0.0
cons[线路潮流约束_62_30],0.0
cons[线路潮流约束_neg_62_30],0.0
cons[线路潮流计算_63_30],0.0
cons[线路潮流约束_63_30],0.0
cons[线路潮流约束_neg_63_30],0.0
cons[线路潮流计算_64_30],0.0
cons[线路潮流约束_64_30],0.0
cons[线路潮流约束_neg_64_30],0.0
cons[线路潮流计算_65_30],0.0
cons[线路潮流约束_65_30],0.0
cons[线路潮流约束_neg_65_30],0.0
cons[线路潮流计算_66_30],0.0
cons[线路潮流约束_66_30],0.0
cons[线路潮流约束_neg_66_30],0.0
cons[线路潮流计算_67_30],0.0
cons[线路潮流约束_67_30],0.0
cons[线路潮流约束_neg_67_30],0.0
cons[线路潮流计算_68_30],0.0
cons[线路潮流约束_68_30],0.0
cons[线路潮流约束_neg_68_30],0.0
cons[线路潮流计算_69_30],0.0
cons[线路潮流约束_69_30],0.0
cons[线路潮流约束_neg_69_30],0.0
cons[线路潮流计算_70_30],0.0
cons[线路潮流约束_70_30],0.0
cons[线路潮流约束_neg_70_30],0.0
cons[线路潮流计算_71_30],0.0
cons[线路潮流约束_71_30],0.0
cons[线路潮流约束_neg_71_30],0.0
cons[线路潮流计算_72_30],0.0
cons[线路潮流约束_72_30],0.0
cons[线路潮流约束_neg_72_30],0.0
cons[线路潮流计算_73_30],0.0
cons[线路潮流约束_73_30],0.0
cons[线路潮流约束_neg_73_30],0.0
cons[线路潮流计算_74_30],0.0
cons[线路潮流约束_74_30],0.0
cons[线路潮流约束_neg_74_30],0.0
cons[线路潮流计算_75_30],0.0
cons[线路潮流约束_75_30],0.0
cons[线路潮流约束_neg_75_30],0.0
cons[线路潮流计算_76_30],0.0
cons[线路潮流约束_76_30],0.0
cons[线路潮流约束_neg_76_30],0.0
cons[正备用约束_30],0.0
cons[负备用约束_30],0.0
cons[系统功率平衡约束_31],-6108.0109999999995
cons[线路潮流计算_0_31],0.0
cons[线路潮流约束_0_31],0.0
cons[线路潮流约束_neg_0_31],0.0
cons[线路潮流计算_1_31],0.0
cons[线路潮流约束_1_31],0.0
cons[线路潮流约束_neg_1_31],0.0
cons[线路潮流计算_2_31],0.0
cons[线路潮流约束_2_31],0.0
cons[线路潮流约束_neg_2_31],0.0
cons[线路潮流计算_3_31],0.0
cons[线路潮流约束_3_31],0.0
cons[线路潮流约束_neg_3_31],0.0
cons[线路潮流计算_4_31],0.0
cons[线路潮流约束_4_31],0.0
cons[线路潮流约束_neg_4_31],0.0
cons[线路潮流计算_5_31],0.0
cons[线路潮流约束_5_31],0.0
cons[线路潮流约束_neg_5_31],0.0
cons[线路潮流计算_6_31],0.0
cons[线路潮流约束_6_31],0.0
cons[线路潮流约束_neg_6_31],0.0
cons[线路潮流计算_7_31],0.0
cons[线路潮流约束_7_31],0.0
cons[线路潮流约束_neg_7_31],0.0
cons[线路潮流计算_8_31],0.0
cons[线路潮流约束_8_31],0.0
cons[线路潮流约束_neg_8_31],0.0
cons[线路潮流计算_9_31],0.0
cons[线路潮流约束_9_31],0.0
cons[线路潮流约束_neg_9_31],0.0
cons[线路潮流计算_10_31],0.0
cons[线路潮流约束_10_31],0.0
cons[线路潮流约束_neg_10_31],0.0
cons[线路潮流计算_11_31],0.0
cons[线路潮流约束_11_31],0.0
cons[线路潮流约束_neg_11_31],0.0
cons[线路潮流计算_12_31],0.0
cons[线路潮流约束_12_31],0.0
cons[线路潮流约束_neg_12_31],0.0
cons[线路潮流计算_13_31],0.0
cons[线路潮流约束_13_31],0.0
cons[线路潮流约束_neg_13_31],0.0
cons[线路潮流计算_14_31],0.0
cons[线路潮流约束_14_31],0.0
cons[线路潮流约束_neg_14_31],0.0
cons[线路潮流计算_15_31],0.0
cons[线路潮流约束_15_31],0.0
cons[线路潮流约束_neg_15_31],0.0
cons[线路潮流计算_16_31],0.0
cons[线路潮流约束_16_31],0.0
cons[线路潮流约束_neg_16_31],0.0
cons[线路潮流计算_17_31],0.0
cons[线路潮流约束_17_31],0.0
cons[线路潮流约束_neg_17_31],0.0
cons[线路潮流计算_18_31],0.0
cons[线路潮流约束_18_31],0.0
cons[线路潮流约束_neg_18_31],0.0
cons[线路潮流计算_19_31],0.0
cons[线路潮流约束_19_31],0.0
cons[线路潮流约束_neg_19_31],0.0
cons[线路潮流计算_20_31],0.0
cons[线路潮流约束_20_31],0.0
cons[线路潮流约束_neg_20_31],0.0
cons[线路潮流计算_21_31],0.0
cons[线路潮流约束_21_31],0.0
cons[线路潮流约束_neg_21_31],0.0
cons[线路潮流计算_22_31],0.0
cons[线路潮流约束_22_31],0.0
cons[线路潮流约束_neg_22_31],0.0
cons[线路潮流计算_23_31],0.0
cons[线路潮流约束_23_31],0.0
cons[线路潮流约束_neg_23_31],0.0
cons[线路潮流计算_24_31],0.0
cons[线路潮流约束_24_31],0.0
cons[线路潮流约束_neg_24_31],0.0
cons[线路潮流计算_25_31],0.0
cons[线路潮流约束_25_31],0.0
cons[线路潮流约束_neg_25_31],0.0
cons[线路潮流计算_26_31],0.0
cons[线路潮流约束_26_31],0.0
cons[线路潮流约束_neg_26_31],0.0
cons[线路潮流计算_27_31],0.0
cons[线路潮流约束_27_31],0.0
cons[线路潮流约束_neg_27_31],0.0
cons[线路潮流计算_28_31],0.0
cons[线路潮流约束_28_31],0.0
cons[线路潮流约束_neg_28_31],0.0
cons[线路潮流计算_29_31],0.0
cons[线路潮流约束_29_31],0.0
cons[线路潮流约束_neg_29_31],0.0
cons[线路潮流计算_30_31],0.0
cons[线路潮流约束_30_31],0.0
cons[线路潮流约束_neg_30_31],0.0
cons[线路潮流计算_31_31],0.0
cons[线路潮流约束_31_31],0.0
cons[线路潮流约束_neg_31_31],0.0
cons[线路潮流计算_32_31],0.0
cons[线路潮流约束_32_31],0.0
cons[线路潮流约束_neg_32_31],0.0
cons[线路潮流计算_33_31],0.0
cons[线路潮流约束_33_31],0.0
cons[线路潮流约束_neg_33_31],0.0
cons[线路潮流计算_34_31],0.0
cons[线路潮流约束_34_31],0.0
cons[线路潮流约束_neg_34_31],0.0
cons[线路潮流计算_35_31],0.0
cons[线路潮流约束_35_31],0.0
cons[线路潮流约束_neg_35_31],0.0
cons[线路潮流计算_36_31],0.0
cons[线路潮流约束_36_31],0.0
cons[线路潮流约束_neg_36_31],0.0
cons[线路潮流计算_37_31],0.0
cons[线路潮流约束_37_31],0.0
cons[线路潮流约束_neg_37_31],0.0
cons[线路潮流计算_38_31],0.0
cons[线路潮流约束_38_31],0.0
cons[线路潮流约束_neg_38_31],0.0
cons[线路潮流计算_39_31],0.0
cons[线路潮流约束_39_31],0.0
cons[线路潮流约束_neg_39_31],0.0
cons[线路潮流计算_40_31],0.0
cons[线路潮流约束_40_31],0.0
cons[线路潮流约束_neg_40_31],0.0
cons[线路潮流计算_41_31],0.0
cons[线路潮流约束_41_31],0.0
cons[线路潮流约束_neg_41_31],0.0
cons[线路潮流计算_42_31],0.0
cons[线路潮流约束_42_31],0.0
cons[线路潮流约束_neg_42_31],0.0
cons[线路潮流计算_43_31],0.0
cons[线路潮流约束_43_31],0.0
cons[线路潮流约束_neg_43_31],0.0
cons[线路潮流计算_44_31],0.0
cons[线路潮流约束_44_31],0.0
cons[线路潮流约束_neg_44_31],0.0
cons[线路潮流计算_45_31],0.0
cons[线路潮流约束_45_31],0.0
cons[线路潮流约束_neg_45_31],0.0
cons[线路潮流计算_46_31],0.0
cons[线路潮流约束_46_31],0.0
cons[线路潮流约束_neg_46_31],0.0
cons[线路潮流计算_47_31],0.0
cons[线路潮流约束_47_31],0.0
cons[线路潮流约束_neg_47_31],0.0
cons[线路潮流计算_48_31],0.0
cons[线路潮流约束_48_31],0.0
cons[线路潮流约束_neg_48_31],0.0
cons[线路潮流计算_49_31],0.0
cons[线路潮流约束_49_31],0.0
cons[线路潮流约束_neg_49_31],0.0
cons[线路潮流计算_50_31],0.0
cons[线路潮流约束_50_31],0.0
cons[线路潮流约束_neg_50_31],0.0
cons[线路潮流计算_51_31],0.0
cons[线路潮流约束_51_31],0.0
cons[线路潮流约束_neg_51_31],0.0
cons[线路潮流计算_52_31],0.0
cons[线路潮流约束_52_31],0.0
cons[线路潮流约束_neg_52_31],0.0
cons[线路潮流计算_53_31],0.0
cons[线路潮流约束_53_31],0.0
cons[线路潮流约束_neg_53_31],0.0
cons[线路潮流计算_54_31],0.0
cons[线路潮流约束_54_31],0.0
cons[线路潮流约束_neg_54_31],0.0
cons[线路潮流计算_55_31],0.0
cons[线路潮流约束_55_31],0.0
cons[线路潮流约束_neg_55_31],0.0
cons[线路潮流计算_56_31],0.0
cons[线路潮流约束_56_31],0.0
cons[线路潮流约束_neg_56_31],0.0
cons[线路潮流计算_57_31],0.0
cons[线路潮流约束_57_31],0.0
cons[线路潮流约束_neg_57_31],0.0
cons[线路潮流计算_58_31],0.0
cons[线路潮流约束_58_31],0.0
cons[线路潮流约束_neg_58_31],0.0
cons[线路潮流计算_59_31],0.0
cons[线路潮流约束_59_31],0.0
cons[线路潮流约束_neg_59_31],0.0
cons[线路潮流计算_60_31],0.0
cons[线路潮流约束_60_31],0.0
cons[线路潮流约束_neg_60_31],0.0
cons[线路潮流计算_61_31],0.0
cons[线路潮流约束_61_31],0.0
cons[线路潮流约束_neg_61_31],0.0
cons[线路潮流计算_62_31],0.0
cons[线路潮流约束_62_31],0.0
cons[线路潮流约束_neg_62_31],0.0
cons[线路潮流计算_63_31],0.0
cons[线路潮流约束_63_31],0.0
cons[线路潮流约束_neg_63_31],0.0
cons[线路潮流计算_64_31],0.0
cons[线路潮流约束_64_31],0.0
cons[线路潮流约束_neg_64_31],0.0
cons[线路潮流计算_65_31],0.0
cons[线路潮流约束_65_31],0.0
cons[线路潮流约束_neg_65_31],0.0
cons[线路潮流计算_66_31],0.0
cons[线路潮流约束_66_31],0.0
cons[线路潮流约束_neg_66_31],0.0
cons[线路潮流计算_67_31],0.0
cons[线路潮流约束_67_31],0.0
cons[线路潮流约束_neg_67_31],0.0
cons[线路潮流计算_68_31],0.0
cons[线路潮流约束_68_31],0.0
cons[线路潮流约束_neg_68_31],0.0
cons[线路潮流计算_69_31],0.0
cons[线路潮流约束_69_31],0.0
cons[线路潮流约束_neg_69_31],0.0
cons[线路潮流计算_70_31],0.0
cons[线路潮流约束_70_31],0.0
cons[线路潮流约束_neg_70_31],0.0
cons[线路潮流计算_71_31],0.0
cons[线路潮流约束_71_31],0.0
cons[线路潮流约束_neg_71_31],0.0
cons[线路潮流计算_72_31],0.0
cons[线路潮流约束_72_31],0.0
cons[线路潮流约束_neg_72_31],0.0
cons[线路潮流计算_73_31],0.0
cons[线路潮流约束_73_31],0.0
cons[线路潮流约束_neg_73_31],0.0
cons[线路潮流计算_74_31],0.0
cons[线路潮流约束_74_31],0.0
cons[线路潮流约束_neg_74_31],0.0
cons[线路潮流计算_75_31],0.0
cons[线路潮流约束_75_31],0.0
cons[线路潮流约束_neg_75_31],0.0
cons[线路潮流计算_76_31],0.0
cons[线路潮流约束_76_31],0.0
cons[线路潮流约束_neg_76_31],0.0
cons[正备用约束_31],0.0
cons[负备用约束_31],0.0
cons[系统功率平衡约束_32],-6108.466
cons[线路潮流计算_0_32],0.0
cons[线路潮流约束_0_32],0.0
cons[线路潮流约束_neg_0_32],0.0
cons[线路潮流计算_1_32],0.0
cons[线路潮流约束_1_32],0.0
cons[线路潮流约束_neg_1_32],0.0
cons[线路潮流计算_2_32],0.0
cons[线路潮流约束_2_32],0.0
cons[线路潮流约束_neg_2_32],0.0
cons[线路潮流计算_3_32],0.0
cons[线路潮流约束_3_32],0.0
cons[线路潮流约束_neg_3_32],0.0
cons[线路潮流计算_4_32],0.0
cons[线路潮流约束_4_32],0.0
cons[线路潮流约束_neg_4_32],0.0
cons[线路潮流计算_5_32],0.0
cons[线路潮流约束_5_32],0.0
cons[线路潮流约束_neg_5_32],0.0
cons[线路潮流计算_6_32],0.0
cons[线路潮流约束_6_32],0.0
cons[线路潮流约束_neg_6_32],0.0
cons[线路潮流计算_7_32],0.0
cons[线路潮流约束_7_32],0.0
cons[线路潮流约束_neg_7_32],0.0
cons[线路潮流计算_8_32],0.0
cons[线路潮流约束_8_32],0.0
cons[线路潮流约束_neg_8_32],0.0
cons[线路潮流计算_9_32],0.0
cons[线路潮流约束_9_32],0.0
cons[线路潮流约束_neg_9_32],0.0
cons[线路潮流计算_10_32],0.0
cons[线路潮流约束_10_32],0.0
cons[线路潮流约束_neg_10_32],0.0
cons[线路潮流计算_11_32],0.0
cons[线路潮流约束_11_32],0.0
cons[线路潮流约束_neg_11_32],0.0
cons[线路潮流计算_12_32],0.0
cons[线路潮流约束_12_32],0.0
cons[线路潮流约束_neg_12_32],0.0
cons[线路潮流计算_13_32],0.0
cons[线路潮流约束_13_32],0.0
cons[线路潮流约束_neg_13_32],0.0
cons[线路潮流计算_14_32],0.0
cons[线路潮流约束_14_32],0.0
cons[线路潮流约束_neg_14_32],0.0
cons[线路潮流计算_15_32],0.0
cons[线路潮流约束_15_32],0.0
cons[线路潮流约束_neg_15_32],0.0
cons[线路潮流计算_16_32],0.0
cons[线路潮流约束_16_32],0.0
cons[线路潮流约束_neg_16_32],0.0
cons[线路潮流计算_17_32],0.0
cons[线路潮流约束_17_32],0.0
cons[线路潮流约束_neg_17_32],0.0
cons[线路潮流计算_18_32],0.0
cons[线路潮流约束_18_32],0.0
cons[线路潮流约束_neg_18_32],0.0
cons[线路潮流计算_19_32],0.0
cons[线路潮流约束_19_32],0.0
cons[线路潮流约束_neg_19_32],0.0
cons[线路潮流计算_20_32],0.0
cons[线路潮流约束_20_32],0.0
cons[线路潮流约束_neg_20_32],0.0
cons[线路潮流计算_21_32],0.0
cons[线路潮流约束_21_32],0.0
cons[线路潮流约束_neg_21_32],0.0
cons[线路潮流计算_22_32],0.0
cons[线路潮流约束_22_32],0.0
cons[线路潮流约束_neg_22_32],0.0
cons[线路潮流计算_23_32],0.0
cons[线路潮流约束_23_32],0.0
cons[线路潮流约束_neg_23_32],0.0
cons[线路潮流计算_24_32],0.0
cons[线路潮流约束_24_32],0.0
cons[线路潮流约束_neg_24_32],0.0
cons[线路潮流计算_25_32],0.0
cons[线路潮流约束_25_32],0.0
cons[线路潮流约束_neg_25_32],0.0
cons[线路潮流计算_26_32],0.0
cons[线路潮流约束_26_32],0.0
cons[线路潮流约束_neg_26_32],0.0
cons[线路潮流计算_27_32],0.0
cons[线路潮流约束_27_32],0.0
cons[线路潮流约束_neg_27_32],0.0
cons[线路潮流计算_28_32],0.0
cons[线路潮流约束_28_32],0.0
cons[线路潮流约束_neg_28_32],0.0
cons[线路潮流计算_29_32],0.0
cons[线路潮流约束_29_32],0.0
cons[线路潮流约束_neg_29_32],0.0
cons[线路潮流计算_30_32],0.0
cons[线路潮流约束_30_32],0.0
cons[线路潮流约束_neg_30_32],0.0
cons[线路潮流计算_31_32],0.0
cons[线路潮流约束_31_32],0.0
cons[线路潮流约束_neg_31_32],0.0
cons[线路潮流计算_32_32],0.0
cons[线路潮流约束_32_32],0.0
cons[线路潮流约束_neg_32_32],0.0
cons[线路潮流计算_33_32],0.0
cons[线路潮流约束_33_32],0.0
cons[线路潮流约束_neg_33_32],0.0
cons[线路潮流计算_34_32],0.0
cons[线路潮流约束_34_32],0.0
cons[线路潮流约束_neg_34_32],0.0
cons[线路潮流计算_35_32],0.0
cons[线路潮流约束_35_32],0.0
cons[线路潮流约束_neg_35_32],0.0
cons[线路潮流计算_36_32],0.0
cons[线路潮流约束_36_32],0.0
cons[线路潮流约束_neg_36_32],0.0
cons[线路潮流计算_37_32],0.0
cons[线路潮流约束_37_32],0.0
cons[线路潮流约束_neg_37_32],0.0
cons[线路潮流计算_38_32],0.0
cons[线路潮流约束_38_32],0.0
cons[线路潮流约束_neg_38_32],0.0
cons[线路潮流计算_39_32],0.0
cons[线路潮流约束_39_32],0.0
cons[线路潮流约束_neg_39_32],0.0
cons[线路潮流计算_40_32],0.0
cons[线路潮流约束_40_32],0.0
cons[线路潮流约束_neg_40_32],0.0
cons[线路潮流计算_41_32],0.0
cons[线路潮流约束_41_32],0.0
cons[线路潮流约束_neg_41_32],0.0
cons[线路潮流计算_42_32],0.0
cons[线路潮流约束_42_32],0.0
cons[线路潮流约束_neg_42_32],0.0
cons[线路潮流计算_43_32],0.0
cons[线路潮流约束_43_32],0.0
cons[线路潮流约束_neg_43_32],0.0
cons[线路潮流计算_44_32],0.0
cons[线路潮流约束_44_32],0.0
cons[线路潮流约束_neg_44_32],0.0
cons[线路潮流计算_45_32],0.0
cons[线路潮流约束_45_32],0.0
cons[线路潮流约束_neg_45_32],0.0
cons[线路潮流计算_46_32],0.0
cons[线路潮流约束_46_32],0.0
cons[线路潮流约束_neg_46_32],0.0
cons[线路潮流计算_47_32],0.0
cons[线路潮流约束_47_32],0.0
cons[线路潮流约束_neg_47_32],0.0
cons[线路潮流计算_48_32],0.0
cons[线路潮流约束_48_32],0.0
cons[线路潮流约束_neg_48_32],0.0
cons[线路潮流计算_49_32],0.0
cons[线路潮流约束_49_32],0.0
cons[线路潮流约束_neg_49_32],0.0
cons[线路潮流计算_50_32],0.0
cons[线路潮流约束_50_32],0.0
cons[线路潮流约束_neg_50_32],0.0
cons[线路潮流计算_51_32],0.0
cons[线路潮流约束_51_32],0.0
cons[线路潮流约束_neg_51_32],0.0
cons[线路潮流计算_52_32],0.0
cons[线路潮流约束_52_32],0.0
cons[线路潮流约束_neg_52_32],0.0
cons[线路潮流计算_53_32],0.0
cons[线路潮流约束_53_32],0.0
cons[线路潮流约束_neg_53_32],0.0
cons[线路潮流计算_54_32],0.0
cons[线路潮流约束_54_32],0.0
cons[线路潮流约束_neg_54_32],0.0
cons[线路潮流计算_55_32],0.0
cons[线路潮流约束_55_32],0.0
cons[线路潮流约束_neg_55_32],0.0
cons[线路潮流计算_56_32],0.0
cons[线路潮流约束_56_32],0.0
cons[线路潮流约束_neg_56_32],0.0
cons[线路潮流计算_57_32],0.0
cons[线路潮流约束_57_32],0.0
cons[线路潮流约束_neg_57_32],0.0
cons[线路潮流计算_58_32],0.0
cons[线路潮流约束_58_32],0.0
cons[线路潮流约束_neg_58_32],0.0
cons[线路潮流计算_59_32],0.0
cons[线路潮流约束_59_32],0.0
cons[线路潮流约束_neg_59_32],0.0
cons[线路潮流计算_60_32],0.0
cons[线路潮流约束_60_32],0.0
cons[线路潮流约束_neg_60_32],0.0
cons[线路潮流计算_61_32],0.0
cons[线路潮流约束_61_32],0.0
cons[线路潮流约束_neg_61_32],0.0
cons[线路潮流计算_62_32],0.0
cons[线路潮流约束_62_32],0.0
cons[线路潮流约束_neg_62_32],0.0
cons[线路潮流计算_63_32],0.0
cons[线路潮流约束_63_32],0.0
cons[线路潮流约束_neg_63_32],0.0
cons[线路潮流计算_64_32],0.0
cons[线路潮流约束_64_32],0.0
cons[线路潮流约束_neg_64_32],0.0
cons[线路潮流计算_65_32],0.0
cons[线路潮流约束_65_32],0.0
cons[线路潮流约束_neg_65_32],0.0
cons[线路潮流计算_66_32],0.0
cons[线路潮流约束_66_32],0.0
cons[线路潮流约束_neg_66_32],0.0
cons[线路潮流计算_67_32],0.0
cons[线路潮流约束_67_32],0.0
cons[线路潮流约束_neg_67_32],0.0
cons[线路潮流计算_68_32],0.0
cons[线路潮流约束_68_32],0.0
cons[线路潮流约束_neg_68_32],0.0
cons[线路潮流计算_69_32],0.0
cons[线路潮流约束_69_32],0.0
cons[线路潮流约束_neg_69_32],0.0
cons[线路潮流计算_70_32],0.0
cons[线路潮流约束_70_32],0.0
cons[线路潮流约束_neg_70_32],0.0
cons[线路潮流计算_71_32],0.0
cons[线路潮流约束_71_32],0.0
cons[线路潮流约束_neg_71_32],0.0
cons[线路潮流计算_72_32],0.0
cons[线路潮流约束_72_32],0.0
cons[线路潮流约束_neg_72_32],0.0
cons[线路潮流计算_73_32],0.0
cons[线路潮流约束_73_32],0.0
cons[线路潮流约束_neg_73_32],0.0
cons[线路潮流计算_74_32],0.0
cons[线路潮流约束_74_32],0.0
cons[线路潮流约束_neg_74_32],0.0
cons[线路潮流计算_75_32],0.0
cons[线路潮流约束_75_32],0.0
cons[线路潮流约束_neg_75_32],0.0
cons[线路潮流计算_76_32],0.0
cons[线路潮流约束_76_32],0.0
cons[线路潮流约束_neg_76_32],0.0
cons[正备用约束_32],0.0
cons[负备用约束_32],0.0
cons[系统功率平衡约束_33],-6118.112
cons[线路潮流计算_0_33],0.0
cons[线路潮流约束_0_33],0.0
cons[线路潮流约束_neg_0_33],0.0
cons[线路潮流计算_1_33],0.0
cons[线路潮流约束_1_33],0.0
cons[线路潮流约束_neg_1_33],0.0
cons[线路潮流计算_2_33],0.0
cons[线路潮流约束_2_33],0.0
cons[线路潮流约束_neg_2_33],0.0
cons[线路潮流计算_3_33],0.0
cons[线路潮流约束_3_33],0.0
cons[线路潮流约束_neg_3_33],0.0
cons[线路潮流计算_4_33],0.0
cons[线路潮流约束_4_33],0.0
cons[线路潮流约束_neg_4_33],0.0
cons[线路潮流计算_5_33],0.0
cons[线路潮流约束_5_33],0.0
cons[线路潮流约束_neg_5_33],0.0
cons[线路潮流计算_6_33],0.0
cons[线路潮流约束_6_33],0.0
cons[线路潮流约束_neg_6_33],0.0
cons[线路潮流计算_7_33],0.0
cons[线路潮流约束_7_33],0.0
cons[线路潮流约束_neg_7_33],0.0
cons[线路潮流计算_8_33],0.0
cons[线路潮流约束_8_33],0.0
cons[线路潮流约束_neg_8_33],0.0
cons[线路潮流计算_9_33],0.0
cons[线路潮流约束_9_33],0.0
cons[线路潮流约束_neg_9_33],0.0
cons[线路潮流计算_10_33],0.0
cons[线路潮流约束_10_33],0.0
cons[线路潮流约束_neg_10_33],0.0
cons[线路潮流计算_11_33],0.0
cons[线路潮流约束_11_33],0.0
cons[线路潮流约束_neg_11_33],0.0
cons[线路潮流计算_12_33],0.0
cons[线路潮流约束_12_33],0.0
cons[线路潮流约束_neg_12_33],0.0
cons[线路潮流计算_13_33],0.0
cons[线路潮流约束_13_33],0.0
cons[线路潮流约束_neg_13_33],0.0
cons[线路潮流计算_14_33],0.0
cons[线路潮流约束_14_33],0.0
cons[线路潮流约束_neg_14_33],0.0
cons[线路潮流计算_15_33],0.0
cons[线路潮流约束_15_33],0.0
cons[线路潮流约束_neg_15_33],0.0
cons[线路潮流计算_16_33],0.0
cons[线路潮流约束_16_33],0.0
cons[线路潮流约束_neg_16_33],0.0
cons[线路潮流计算_17_33],0.0
cons[线路潮流约束_17_33],0.0
cons[线路潮流约束_neg_17_33],0.0
cons[线路潮流计算_18_33],0.0
cons[线路潮流约束_18_33],0.0
cons[线路潮流约束_neg_18_33],0.0
cons[线路潮流计算_19_33],0.0
cons[线路潮流约束_19_33],0.0
cons[线路潮流约束_neg_19_33],0.0
cons[线路潮流计算_20_33],0.0
cons[线路潮流约束_20_33],0.0
cons[线路潮流约束_neg_20_33],0.0
cons[线路潮流计算_21_33],0.0
cons[线路潮流约束_21_33],0.0
cons[线路潮流约束_neg_21_33],0.0
cons[线路潮流计算_22_33],0.0
cons[线路潮流约束_22_33],0.0
cons[线路潮流约束_neg_22_33],0.0
cons[线路潮流计算_23_33],0.0
cons[线路潮流约束_23_33],0.0
cons[线路潮流约束_neg_23_33],0.0
cons[线路潮流计算_24_33],0.0
cons[线路潮流约束_24_33],0.0
cons[线路潮流约束_neg_24_33],0.0
cons[线路潮流计算_25_33],0.0
cons[线路潮流约束_25_33],0.0
cons[线路潮流约束_neg_25_33],0.0
cons[线路潮流计算_26_33],0.0
cons[线路潮流约束_26_33],0.0
cons[线路潮流约束_neg_26_33],0.0
cons[线路潮流计算_27_33],0.0
cons[线路潮流约束_27_33],0.0
cons[线路潮流约束_neg_27_33],0.0
cons[线路潮流计算_28_33],0.0
cons[线路潮流约束_28_33],0.0
cons[线路潮流约束_neg_28_33],0.0
cons[线路潮流计算_29_33],0.0
cons[线路潮流约束_29_33],0.0
cons[线路潮流约束_neg_29_33],0.0
cons[线路潮流计算_30_33],0.0
cons[线路潮流约束_30_33],0.0
cons[线路潮流约束_neg_30_33],0.0
cons[线路潮流计算_31_33],0.0
cons[线路潮流约束_31_33],0.0
cons[线路潮流约束_neg_31_33],0.0
cons[线路潮流计算_32_33],0.0
cons[线路潮流约束_32_33],0.0
cons[线路潮流约束_neg_32_33],0.0
cons[线路潮流计算_33_33],0.0
cons[线路潮流约束_33_33],0.0
cons[线路潮流约束_neg_33_33],0.0
cons[线路潮流计算_34_33],0.0
cons[线路潮流约束_34_33],0.0
cons[线路潮流约束_neg_34_33],0.0
cons[线路潮流计算_35_33],0.0
cons[线路潮流约束_35_33],0.0
cons[线路潮流约束_neg_35_33],0.0
cons[线路潮流计算_36_33],0.0
cons[线路潮流约束_36_33],0.0
cons[线路潮流约束_neg_36_33],0.0
cons[线路潮流计算_37_33],0.0
cons[线路潮流约束_37_33],0.0
cons[线路潮流约束_neg_37_33],0.0
cons[线路潮流计算_38_33],0.0
cons[线路潮流约束_38_33],0.0
cons[线路潮流约束_neg_38_33],0.0
cons[线路潮流计算_39_33],0.0
cons[线路潮流约束_39_33],0.0
cons[线路潮流约束_neg_39_33],0.0
cons[线路潮流计算_40_33],0.0
cons[线路潮流约束_40_33],0.0
cons[线路潮流约束_neg_40_33],0.0
cons[线路潮流计算_41_33],0.0
cons[线路潮流约束_41_33],0.0
cons[线路潮流约束_neg_41_33],0.0
cons[线路潮流计算_42_33],0.0
cons[线路潮流约束_42_33],0.0
cons[线路潮流约束_neg_42_33],0.0
cons[线路潮流计算_43_33],0.0
cons[线路潮流约束_43_33],0.0
cons[线路潮流约束_neg_43_33],0.0
cons[线路潮流计算_44_33],0.0
cons[线路潮流约束_44_33],0.0
cons[线路潮流约束_neg_44_33],0.0
cons[线路潮流计算_45_33],0.0
cons[线路潮流约束_45_33],0.0
cons[线路潮流约束_neg_45_33],0.0
cons[线路潮流计算_46_33],0.0
cons[线路潮流约束_46_33],0.0
cons[线路潮流约束_neg_46_33],0.0
cons[线路潮流计算_47_33],0.0
cons[线路潮流约束_47_33],0.0
cons[线路潮流约束_neg_47_33],0.0
cons[线路潮流计算_48_33],0.0
cons[线路潮流约束_48_33],0.0
cons[线路潮流约束_neg_48_33],0.0
cons[线路潮流计算_49_33],0.0
cons[线路潮流约束_49_33],0.0
cons[线路潮流约束_neg_49_33],0.0
cons[线路潮流计算_50_33],0.0
cons[线路潮流约束_50_33],0.0
cons[线路潮流约束_neg_50_33],0.0
cons[线路潮流计算_51_33],0.0
cons[线路潮流约束_51_33],0.0
cons[线路潮流约束_neg_51_33],0.0
cons[线路潮流计算_52_33],0.0
cons[线路潮流约束_52_33],0.0
cons[线路潮流约束_neg_52_33],0.0
cons[线路潮流计算_53_33],0.0
cons[线路潮流约束_53_33],0.0
cons[线路潮流约束_neg_53_33],0.0
cons[线路潮流计算_54_33],0.0
cons[线路潮流约束_54_33],0.0
cons[线路潮流约束_neg_54_33],0.0
cons[线路潮流计算_55_33],0.0
cons[线路潮流约束_55_33],0.0
cons[线路潮流约束_neg_55_33],0.0
cons[线路潮流计算_56_33],0.0
cons[线路潮流约束_56_33],0.0
cons[线路潮流约束_neg_56_33],0.0
cons[线路潮流计算_57_33],0.0
cons[线路潮流约束_57_33],0.0
cons[线路潮流约束_neg_57_33],0.0
cons[线路潮流计算_58_33],0.0
cons[线路潮流约束_58_33],0.0
cons[线路潮流约束_neg_58_33],0.0
cons[线路潮流计算_59_33],0.0
cons[线路潮流约束_59_33],0.0
cons[线路潮流约束_neg_59_33],0.0
cons[线路潮流计算_60_33],0.0
cons[线路潮流约束_60_33],0.0
cons[线路潮流约束_neg_60_33],0.0
cons[线路潮流计算_61_33],0.0
cons[线路潮流约束_61_33],0.0
cons[线路潮流约束_neg_61_33],0.0
cons[线路潮流计算_62_33],0.0
cons[线路潮流约束_62_33],0.0
cons[线路潮流约束_neg_62_33],0.0
cons[线路潮流计算_63_33],0.0
cons[线路潮流约束_63_33],0.0
cons[线路潮流约束_neg_63_33],0.0
cons[线路潮流计算_64_33],0.0
cons[线路潮流约束_64_33],0.0
cons[线路潮流约束_neg_64_33],0.0
cons[线路潮流计算_65_33],0.0
cons[线路潮流约束_65_33],0.0
cons[线路潮流约束_neg_65_33],0.0
cons[线路潮流计算_66_33],0.0
cons[线路潮流约束_66_33],0.0
cons[线路潮流约束_neg_66_33],0.0
cons[线路潮流计算_67_33],0.0
cons[线路潮流约束_67_33],0.0
cons[线路潮流约束_neg_67_33],0.0
cons[线路潮流计算_68_33],0.0
cons[线路潮流约束_68_33],0.0
cons[线路潮流约束_neg_68_33],0.0
cons[线路潮流计算_69_33],0.0
cons[线路潮流约束_69_33],0.0
cons[线路潮流约束_neg_69_33],0.0
cons[线路潮流计算_70_33],0.0
cons[线路潮流约束_70_33],0.0
cons[线路潮流约束_neg_70_33],0.0
cons[线路潮流计算_71_33],0.0
cons[线路潮流约束_71_33],0.0
cons[线路潮流约束_neg_71_33],0.0
cons[线路潮流计算_72_33],0.0
cons[线路潮流约束_72_33],0.0
cons[线路潮流约束_neg_72_33],0.0
cons[线路潮流计算_73_33],0.0
cons[线路潮流约束_73_33],0.0
cons[线路潮流约束_neg_73_33],0.0
cons[线路潮流计算_74_33],0.0
cons[线路潮流约束_74_33],0.0
cons[线路潮流约束_neg_74_33],0.0
cons[线路潮流计算_75_33],0.0
cons[线路潮流约束_75_33],0.0
cons[线路潮流约束_neg_75_33],0.0
cons[线路潮流计算_76_33],0.0
cons[线路潮流约束_76_33],0.0
cons[线路潮流约束_neg_76_33],0.0
cons[正备用约束_33],0.0
cons[负备用约束_33],0.0
cons[系统功率平衡约束_34],-6118.112
cons[线路潮流计算_0_34],0.0
cons[线路潮流约束_0_34],0.0
cons[线路潮流约束_neg_0_34],0.0
cons[线路潮流计算_1_34],0.0
cons[线路潮流约束_1_34],0.0
cons[线路潮流约束_neg_1_34],0.0
cons[线路潮流计算_2_34],0.0
cons[线路潮流约束_2_34],0.0
cons[线路潮流约束_neg_2_34],0.0
cons[线路潮流计算_3_34],0.0
cons[线路潮流约束_3_34],0.0
cons[线路潮流约束_neg_3_34],0.0
cons[线路潮流计算_4_34],0.0
cons[线路潮流约束_4_34],0.0
cons[线路潮流约束_neg_4_34],0.0
cons[线路潮流计算_5_34],0.0
cons[线路潮流约束_5_34],0.0
cons[线路潮流约束_neg_5_34],0.0
cons[线路潮流计算_6_34],0.0
cons[线路潮流约束_6_34],0.0
cons[线路潮流约束_neg_6_34],0.0
cons[线路潮流计算_7_34],0.0
cons[线路潮流约束_7_34],0.0
cons[线路潮流约束_neg_7_34],0.0
cons[线路潮流计算_8_34],0.0
cons[线路潮流约束_8_34],0.0
cons[线路潮流约束_neg_8_34],0.0
cons[线路潮流计算_9_34],0.0
cons[线路潮流约束_9_34],0.0
cons[线路潮流约束_neg_9_34],0.0
cons[线路潮流计算_10_34],0.0
cons[线路潮流约束_10_34],0.0
cons[线路潮流约束_neg_10_34],0.0
cons[线路潮流计算_11_34],0.0
cons[线路潮流约束_11_34],0.0
cons[线路潮流约束_neg_11_34],0.0
cons[线路潮流计算_12_34],0.0
cons[线路潮流约束_12_34],0.0
cons[线路潮流约束_neg_12_34],0.0
cons[线路潮流计算_13_34],0.0
cons[线路潮流约束_13_34],0.0
cons[线路潮流约束_neg_13_34],0.0
cons[线路潮流计算_14_34],0.0
cons[线路潮流约束_14_34],0.0
cons[线路潮流约束_neg_14_34],0.0
cons[线路潮流计算_15_34],0.0
cons[线路潮流约束_15_34],0.0
cons[线路潮流约束_neg_15_34],0.0
cons[线路潮流计算_16_34],0.0
cons[线路潮流约束_16_34],0.0
cons[线路潮流约束_neg_16_34],0.0
cons[线路潮流计算_17_34],0.0
cons[线路潮流约束_17_34],0.0
cons[线路潮流约束_neg_17_34],0.0
cons[线路潮流计算_18_34],0.0
cons[线路潮流约束_18_34],0.0
cons[线路潮流约束_neg_18_34],0.0
cons[线路潮流计算_19_34],0.0
cons[线路潮流约束_19_34],0.0
cons[线路潮流约束_neg_19_34],0.0
cons[线路潮流计算_20_34],0.0
cons[线路潮流约束_20_34],0.0
cons[线路潮流约束_neg_20_34],0.0
cons[线路潮流计算_21_34],0.0
cons[线路潮流约束_21_34],0.0
cons[线路潮流约束_neg_21_34],0.0
cons[线路潮流计算_22_34],0.0
cons[线路潮流约束_22_34],0.0
cons[线路潮流约束_neg_22_34],0.0
cons[线路潮流计算_23_34],0.0
cons[线路潮流约束_23_34],0.0
cons[线路潮流约束_neg_23_34],0.0
cons[线路潮流计算_24_34],0.0
cons[线路潮流约束_24_34],0.0
cons[线路潮流约束_neg_24_34],0.0
cons[线路潮流计算_25_34],0.0
cons[线路潮流约束_25_34],0.0
cons[线路潮流约束_neg_25_34],0.0
cons[线路潮流计算_26_34],0.0
cons[线路潮流约束_26_34],0.0
cons[线路潮流约束_neg_26_34],0.0
cons[线路潮流计算_27_34],0.0
cons[线路潮流约束_27_34],0.0
cons[线路潮流约束_neg_27_34],0.0
cons[线路潮流计算_28_34],0.0
cons[线路潮流约束_28_34],0.0
cons[线路潮流约束_neg_28_34],0.0
cons[线路潮流计算_29_34],0.0
cons[线路潮流约束_29_34],0.0
cons[线路潮流约束_neg_29_34],0.0
cons[线路潮流计算_30_34],0.0
cons[线路潮流约束_30_34],0.0
cons[线路潮流约束_neg_30_34],0.0
cons[线路潮流计算_31_34],0.0
cons[线路潮流约束_31_34],0.0
cons[线路潮流约束_neg_31_34],0.0
cons[线路潮流计算_32_34],0.0
cons[线路潮流约束_32_34],0.0
cons[线路潮流约束_neg_32_34],0.0
cons[线路潮流计算_33_34],0.0
cons[线路潮流约束_33_34],0.0
cons[线路潮流约束_neg_33_34],0.0
cons[线路潮流计算_34_34],0.0
cons[线路潮流约束_34_34],0.0
cons[线路潮流约束_neg_34_34],0.0
cons[线路潮流计算_35_34],0.0
cons[线路潮流约束_35_34],0.0
cons[线路潮流约束_neg_35_34],0.0
cons[线路潮流计算_36_34],0.0
cons[线路潮流约束_36_34],0.0
cons[线路潮流约束_neg_36_34],0.0
cons[线路潮流计算_37_34],0.0
cons[线路潮流约束_37_34],0.0
cons[线路潮流约束_neg_37_34],0.0
cons[线路潮流计算_38_34],0.0
cons[线路潮流约束_38_34],0.0
cons[线路潮流约束_neg_38_34],0.0
cons[线路潮流计算_39_34],0.0
cons[线路潮流约束_39_34],0.0
cons[线路潮流约束_neg_39_34],0.0
cons[线路潮流计算_40_34],0.0
cons[线路潮流约束_40_34],0.0
cons[线路潮流约束_neg_40_34],0.0
cons[线路潮流计算_41_34],0.0
cons[线路潮流约束_41_34],0.0
cons[线路潮流约束_neg_41_34],0.0
cons[线路潮流计算_42_34],0.0
cons[线路潮流约束_42_34],0.0
cons[线路潮流约束_neg_42_34],0.0
cons[线路潮流计算_43_34],0.0
cons[线路潮流约束_43_34],0.0
cons[线路潮流约束_neg_43_34],0.0
cons[线路潮流计算_44_34],0.0
cons[线路潮流约束_44_34],0.0
cons[线路潮流约束_neg_44_34],0.0
cons[线路潮流计算_45_34],0.0
cons[线路潮流约束_45_34],0.0
cons[线路潮流约束_neg_45_34],0.0
cons[线路潮流计算_46_34],0.0
cons[线路潮流约束_46_34],0.0
cons[线路潮流约束_neg_46_34],0.0
cons[线路潮流计算_47_34],0.0
cons[线路潮流约束_47_34],0.0
cons[线路潮流约束_neg_47_34],0.0
cons[线路潮流计算_48_34],0.0
cons[线路潮流约束_48_34],0.0
cons[线路潮流约束_neg_48_34],0.0
cons[线路潮流计算_49_34],0.0
cons[线路潮流约束_49_34],0.0
cons[线路潮流约束_neg_49_34],0.0
cons[线路潮流计算_50_34],0.0
cons[线路潮流约束_50_34],0.0
cons[线路潮流约束_neg_50_34],0.0
cons[线路潮流计算_51_34],0.0
cons[线路潮流约束_51_34],0.0
cons[线路潮流约束_neg_51_34],0.0
cons[线路潮流计算_52_34],0.0
cons[线路潮流约束_52_34],0.0
cons[线路潮流约束_neg_52_34],0.0
cons[线路潮流计算_53_34],0.0
cons[线路潮流约束_53_34],0.0
cons[线路潮流约束_neg_53_34],0.0
cons[线路潮流计算_54_34],0.0
cons[线路潮流约束_54_34],0.0
cons[线路潮流约束_neg_54_34],0.0
cons[线路潮流计算_55_34],0.0
cons[线路潮流约束_55_34],0.0
cons[线路潮流约束_neg_55_34],0.0
cons[线路潮流计算_56_34],0.0
cons[线路潮流约束_56_34],0.0
cons[线路潮流约束_neg_56_34],0.0
cons[线路潮流计算_57_34],0.0
cons[线路潮流约束_57_34],0.0
cons[线路潮流约束_neg_57_34],0.0
cons[线路潮流计算_58_34],0.0
cons[线路潮流约束_58_34],0.0
cons[线路潮流约束_neg_58_34],0.0
cons[线路潮流计算_59_34],0.0
cons[线路潮流约束_59_34],0.0
cons[线路潮流约束_neg_59_34],0.0
cons[线路潮流计算_60_34],0.0
cons[线路潮流约束_60_34],0.0
cons[线路潮流约束_neg_60_34],0.0
cons[线路潮流计算_61_34],0.0
cons[线路潮流约束_61_34],0.0
cons[线路潮流约束_neg_61_34],0.0
cons[线路潮流计算_62_34],0.0
cons[线路潮流约束_62_34],0.0
cons[线路潮流约束_neg_62_34],0.0
cons[线路潮流计算_63_34],0.0
cons[线路潮流约束_63_34],0.0
cons[线路潮流约束_neg_63_34],0.0
cons[线路潮流计算_64_34],0.0
cons[线路潮流约束_64_34],0.0
cons[线路潮流约束_neg_64_34],0.0
cons[线路潮流计算_65_34],0.0
cons[线路潮流约束_65_34],0.0
cons[线路潮流约束_neg_65_34],0.0
cons[线路潮流计算_66_34],0.0
cons[线路潮流约束_66_34],0.0
cons[线路潮流约束_neg_66_34],0.0
cons[线路潮流计算_67_34],0.0
cons[线路潮流约束_67_34],0.0
cons[线路潮流约束_neg_67_34],0.0
cons[线路潮流计算_68_34],0.0
cons[线路潮流约束_68_34],0.0
cons[线路潮流约束_neg_68_34],0.0
cons[线路潮流计算_69_34],0.0
cons[线路潮流约束_69_34],0.0
cons[线路潮流约束_neg_69_34],0.0
cons[线路潮流计算_70_34],0.0
cons[线路潮流约束_70_34],0.0
cons[线路潮流约束_neg_70_34],0.0
cons[线路潮流计算_71_34],0.0
cons[线路潮流约束_71_34],0.0
cons[线路潮流约束_neg_71_34],0.0
cons[线路潮流计算_72_34],0.0
cons[线路潮流约束_72_34],0.0
cons[线路潮流约束_neg_72_34],0.0
cons[线路潮流计算_73_34],0.0
cons[线路潮流约束_73_34],0.0
cons[线路潮流约束_neg_73_34],0.0
cons[线路潮流计算_74_34],0.0
cons[线路潮流约束_74_34],0.0
cons[线路潮流约束_neg_74_34],0.0
cons[线路潮流计算_75_34],0.0
cons[线路潮流约束_75_34],0.0
cons[线路潮流约束_neg_75_34],0.0
cons[线路潮流计算_76_34],0.0
cons[线路潮流约束_76_34],0.0
cons[线路潮流约束_neg_76_34],0.0
cons[正备用约束_34],0.0
cons[负备用约束_34],0.0
cons[系统功率平衡约束_35],-6118.112
cons[线路潮流计算_0_35],0.0
cons[线路潮流约束_0_35],0.0
cons[线路潮流约束_neg_0_35],0.0
cons[线路潮流计算_1_35],0.0
cons[线路潮流约束_1_35],0.0
cons[线路潮流约束_neg_1_35],0.0
cons[线路潮流计算_2_35],0.0
cons[线路潮流约束_2_35],0.0
cons[线路潮流约束_neg_2_35],0.0
cons[线路潮流计算_3_35],0.0
cons[线路潮流约束_3_35],0.0
cons[线路潮流约束_neg_3_35],0.0
cons[线路潮流计算_4_35],0.0
cons[线路潮流约束_4_35],0.0
cons[线路潮流约束_neg_4_35],0.0
cons[线路潮流计算_5_35],0.0
cons[线路潮流约束_5_35],0.0
cons[线路潮流约束_neg_5_35],0.0
cons[线路潮流计算_6_35],0.0
cons[线路潮流约束_6_35],0.0
cons[线路潮流约束_neg_6_35],0.0
cons[线路潮流计算_7_35],0.0
cons[线路潮流约束_7_35],0.0
cons[线路潮流约束_neg_7_35],0.0
cons[线路潮流计算_8_35],0.0
cons[线路潮流约束_8_35],0.0
cons[线路潮流约束_neg_8_35],0.0
cons[线路潮流计算_9_35],0.0
cons[线路潮流约束_9_35],0.0
cons[线路潮流约束_neg_9_35],0.0
cons[线路潮流计算_10_35],0.0
cons[线路潮流约束_10_35],0.0
cons[线路潮流约束_neg_10_35],0.0
cons[线路潮流计算_11_35],0.0
cons[线路潮流约束_11_35],0.0
cons[线路潮流约束_neg_11_35],0.0
cons[线路潮流计算_12_35],0.0
cons[线路潮流约束_12_35],0.0
cons[线路潮流约束_neg_12_35],0.0
cons[线路潮流计算_13_35],0.0
cons[线路潮流约束_13_35],0.0
cons[线路潮流约束_neg_13_35],0.0
cons[线路潮流计算_14_35],0.0
cons[线路潮流约束_14_35],0.0
cons[线路潮流约束_neg_14_35],0.0
cons[线路潮流计算_15_35],0.0
cons[线路潮流约束_15_35],0.0
cons[线路潮流约束_neg_15_35],0.0
cons[线路潮流计算_16_35],0.0
cons[线路潮流约束_16_35],0.0
cons[线路潮流约束_neg_16_35],0.0
cons[线路潮流计算_17_35],0.0
cons[线路潮流约束_17_35],0.0
cons[线路潮流约束_neg_17_35],0.0
cons[线路潮流计算_18_35],0.0
cons[线路潮流约束_18_35],0.0
cons[线路潮流约束_neg_18_35],0.0
cons[线路潮流计算_19_35],0.0
cons[线路潮流约束_19_35],0.0
cons[线路潮流约束_neg_19_35],0.0
cons[线路潮流计算_20_35],0.0
cons[线路潮流约束_20_35],0.0
cons[线路潮流约束_neg_20_35],0.0
cons[线路潮流计算_21_35],0.0
cons[线路潮流约束_21_35],0.0
cons[线路潮流约束_neg_21_35],0.0
cons[线路潮流计算_22_35],0.0
cons[线路潮流约束_22_35],0.0
cons[线路潮流约束_neg_22_35],0.0
cons[线路潮流计算_23_35],0.0
cons[线路潮流约束_23_35],0.0
cons[线路潮流约束_neg_23_35],0.0
cons[线路潮流计算_24_35],0.0
cons[线路潮流约束_24_35],0.0
cons[线路潮流约束_neg_24_35],0.0
cons[线路潮流计算_25_35],0.0
cons[线路潮流约束_25_35],0.0
cons[线路潮流约束_neg_25_35],0.0
cons[线路潮流计算_26_35],0.0
cons[线路潮流约束_26_35],0.0
cons[线路潮流约束_neg_26_35],0.0
cons[线路潮流计算_27_35],0.0
cons[线路潮流约束_27_35],0.0
cons[线路潮流约束_neg_27_35],0.0
cons[线路潮流计算_28_35],0.0
cons[线路潮流约束_28_35],0.0
cons[线路潮流约束_neg_28_35],0.0
cons[线路潮流计算_29_35],0.0
cons[线路潮流约束_29_35],0.0
cons[线路潮流约束_neg_29_35],0.0
cons[线路潮流计算_30_35],0.0
cons[线路潮流约束_30_35],0.0
cons[线路潮流约束_neg_30_35],0.0
cons[线路潮流计算_31_35],0.0
cons[线路潮流约束_31_35],0.0
cons[线路潮流约束_neg_31_35],0.0
cons[线路潮流计算_32_35],0.0
cons[线路潮流约束_32_35],0.0
cons[线路潮流约束_neg_32_35],0.0
cons[线路潮流计算_33_35],0.0
cons[线路潮流约束_33_35],0.0
cons[线路潮流约束_neg_33_35],0.0
cons[线路潮流计算_34_35],0.0
cons[线路潮流约束_34_35],0.0
cons[线路潮流约束_neg_34_35],0.0
cons[线路潮流计算_35_35],0.0
cons[线路潮流约束_35_35],0.0
cons[线路潮流约束_neg_35_35],0.0
cons[线路潮流计算_36_35],0.0
cons[线路潮流约束_36_35],0.0
cons[线路潮流约束_neg_36_35],0.0
cons[线路潮流计算_37_35],0.0
cons[线路潮流约束_37_35],0.0
cons[线路潮流约束_neg_37_35],0.0
cons[线路潮流计算_38_35],0.0
cons[线路潮流约束_38_35],0.0
cons[线路潮流约束_neg_38_35],0.0
cons[线路潮流计算_39_35],0.0
cons[线路潮流约束_39_35],0.0
cons[线路潮流约束_neg_39_35],0.0
cons[线路潮流计算_40_35],0.0
cons[线路潮流约束_40_35],0.0
cons[线路潮流约束_neg_40_35],0.0
cons[线路潮流计算_41_35],0.0
cons[线路潮流约束_41_35],0.0
cons[线路潮流约束_neg_41_35],0.0
cons[线路潮流计算_42_35],0.0
cons[线路潮流约束_42_35],0.0
cons[线路潮流约束_neg_42_35],0.0
cons[线路潮流计算_43_35],0.0
cons[线路潮流约束_43_35],0.0
cons[线路潮流约束_neg_43_35],0.0
cons[线路潮流计算_44_35],0.0
cons[线路潮流约束_44_35],0.0
cons[线路潮流约束_neg_44_35],0.0
cons[线路潮流计算_45_35],0.0
cons[线路潮流约束_45_35],0.0
cons[线路潮流约束_neg_45_35],0.0
cons[线路潮流计算_46_35],0.0
cons[线路潮流约束_46_35],0.0
cons[线路潮流约束_neg_46_35],0.0
cons[线路潮流计算_47_35],0.0
cons[线路潮流约束_47_35],0.0
cons[线路潮流约束_neg_47_35],0.0
cons[线路潮流计算_48_35],0.0
cons[线路潮流约束_48_35],0.0
cons[线路潮流约束_neg_48_35],0.0
cons[线路潮流计算_49_35],0.0
cons[线路潮流约束_49_35],0.0
cons[线路潮流约束_neg_49_35],0.0
cons[线路潮流计算_50_35],0.0
cons[线路潮流约束_50_35],0.0
cons[线路潮流约束_neg_50_35],0.0
cons[线路潮流计算_51_35],0.0
cons[线路潮流约束_51_35],0.0
cons[线路潮流约束_neg_51_35],0.0
cons[线路潮流计算_52_35],0.0
cons[线路潮流约束_52_35],0.0
cons[线路潮流约束_neg_52_35],0.0
cons[线路潮流计算_53_35],0.0
cons[线路潮流约束_53_35],0.0
cons[线路潮流约束_neg_53_35],0.0
cons[线路潮流计算_54_35],0.0
cons[线路潮流约束_54_35],0.0
cons[线路潮流约束_neg_54_35],0.0
cons[线路潮流计算_55_35],0.0
cons[线路潮流约束_55_35],0.0
cons[线路潮流约束_neg_55_35],0.0
cons[线路潮流计算_56_35],0.0
cons[线路潮流约束_56_35],0.0
cons[线路潮流约束_neg_56_35],0.0
cons[线路潮流计算_57_35],0.0
cons[线路潮流约束_57_35],0.0
cons[线路潮流约束_neg_57_35],0.0
cons[线路潮流计算_58_35],0.0
cons[线路潮流约束_58_35],0.0
cons[线路潮流约束_neg_58_35],0.0
cons[线路潮流计算_59_35],0.0
cons[线路潮流约束_59_35],0.0
cons[线路潮流约束_neg_59_35],0.0
cons[线路潮流计算_60_35],0.0
cons[线路潮流约束_60_35],0.0
cons[线路潮流约束_neg_60_35],0.0
cons[线路潮流计算_61_35],0.0
cons[线路潮流约束_61_35],0.0
cons[线路潮流约束_neg_61_35],0.0
cons[线路潮流计算_62_35],0.0
cons[线路潮流约束_62_35],0.0
cons[线路潮流约束_neg_62_35],0.0
cons[线路潮流计算_63_35],0.0
cons[线路潮流约束_63_35],0.0
cons[线路潮流约束_neg_63_35],0.0
cons[线路潮流计算_64_35],0.0
cons[线路潮流约束_64_35],0.0
cons[线路潮流约束_neg_64_35],0.0
cons[线路潮流计算_65_35],0.0
cons[线路潮流约束_65_35],0.0
cons[线路潮流约束_neg_65_35],0.0
cons[线路潮流计算_66_35],0.0
cons[线路潮流约束_66_35],0.0
cons[线路潮流约束_neg_66_35],0.0
cons[线路潮流计算_67_35],0.0
cons[线路潮流约束_67_35],0.0
cons[线路潮流约束_neg_67_35],0.0
cons[线路潮流计算_68_35],0.0
cons[线路潮流约束_68_35],0.0
cons[线路潮流约束_neg_68_35],0.0
cons[线路潮流计算_69_35],0.0
cons[线路潮流约束_69_35],0.0
cons[线路潮流约束_neg_69_35],0.0
cons[线路潮流计算_70_35],0.0
cons[线路潮流约束_70_35],0.0
cons[线路潮流约束_neg_70_35],0.0
cons[线路潮流计算_71_35],0.0
cons[线路潮流约束_71_35],0.0
cons[线路潮流约束_neg_71_35],0.0
cons[线路潮流计算_72_35],0.0
cons[线路潮流约束_72_35],0.0
cons[线路潮流约束_neg_72_35],0.0
cons[线路潮流计算_73_35],0.0
cons[线路潮流约束_73_35],0.0
cons[线路潮流约束_neg_73_35],0.0
cons[线路潮流计算_74_35],0.0
cons[线路潮流约束_74_35],0.0
cons[线路潮流约束_neg_74_35],0.0
cons[线路潮流计算_75_35],0.0
cons[线路潮流约束_75_35],0.0
cons[线路潮流约束_neg_75_35],0.0
cons[线路潮流计算_76_35],0.0
cons[线路潮流约束_76_35],0.0
cons[线路潮流约束_neg_76_35],0.0
cons[正备用约束_35],0.0
cons[负备用约束_35],0.0
cons[系统功率平衡约束_36],-6118.112
cons[线路潮流计算_0_36],0.0
cons[线路潮流约束_0_36],0.0
cons[线路潮流约束_neg_0_36],0.0
cons[线路潮流计算_1_36],0.0
cons[线路潮流约束_1_36],0.0
cons[线路潮流约束_neg_1_36],0.0
cons[线路潮流计算_2_36],0.0
cons[线路潮流约束_2_36],0.0
cons[线路潮流约束_neg_2_36],0.0
cons[线路潮流计算_3_36],0.0
cons[线路潮流约束_3_36],0.0
cons[线路潮流约束_neg_3_36],0.0
cons[线路潮流计算_4_36],0.0
cons[线路潮流约束_4_36],0.0
cons[线路潮流约束_neg_4_36],0.0
cons[线路潮流计算_5_36],0.0
cons[线路潮流约束_5_36],0.0
cons[线路潮流约束_neg_5_36],0.0
cons[线路潮流计算_6_36],0.0
cons[线路潮流约束_6_36],0.0
cons[线路潮流约束_neg_6_36],0.0
cons[线路潮流计算_7_36],0.0
cons[线路潮流约束_7_36],0.0
cons[线路潮流约束_neg_7_36],0.0
cons[线路潮流计算_8_36],0.0
cons[线路潮流约束_8_36],0.0
cons[线路潮流约束_neg_8_36],0.0
cons[线路潮流计算_9_36],0.0
cons[线路潮流约束_9_36],0.0
cons[线路潮流约束_neg_9_36],0.0
cons[线路潮流计算_10_36],0.0
cons[线路潮流约束_10_36],0.0
cons[线路潮流约束_neg_10_36],0.0
cons[线路潮流计算_11_36],0.0
cons[线路潮流约束_11_36],0.0
cons[线路潮流约束_neg_11_36],0.0
cons[线路潮流计算_12_36],0.0
cons[线路潮流约束_12_36],0.0
cons[线路潮流约束_neg_12_36],0.0
cons[线路潮流计算_13_36],0.0
cons[线路潮流约束_13_36],0.0
cons[线路潮流约束_neg_13_36],0.0
cons[线路潮流计算_14_36],0.0
cons[线路潮流约束_14_36],0.0
cons[线路潮流约束_neg_14_36],0.0
cons[线路潮流计算_15_36],0.0
cons[线路潮流约束_15_36],0.0
cons[线路潮流约束_neg_15_36],0.0
cons[线路潮流计算_16_36],0.0
cons[线路潮流约束_16_36],0.0
cons[线路潮流约束_neg_16_36],0.0
cons[线路潮流计算_17_36],0.0
cons[线路潮流约束_17_36],0.0
cons[线路潮流约束_neg_17_36],0.0
cons[线路潮流计算_18_36],0.0
cons[线路潮流约束_18_36],0.0
cons[线路潮流约束_neg_18_36],0.0
cons[线路潮流计算_19_36],0.0
cons[线路潮流约束_19_36],0.0
cons[线路潮流约束_neg_19_36],0.0
cons[线路潮流计算_20_36],0.0
cons[线路潮流约束_20_36],0.0
cons[线路潮流约束_neg_20_36],0.0
cons[线路潮流计算_21_36],0.0
cons[线路潮流约束_21_36],0.0
cons[线路潮流约束_neg_21_36],0.0
cons[线路潮流计算_22_36],0.0
cons[线路潮流约束_22_36],0.0
cons[线路潮流约束_neg_22_36],0.0
cons[线路潮流计算_23_36],0.0
cons[线路潮流约束_23_36],0.0
cons[线路潮流约束_neg_23_36],0.0
cons[线路潮流计算_24_36],0.0
cons[线路潮流约束_24_36],0.0
cons[线路潮流约束_neg_24_36],0.0
cons[线路潮流计算_25_36],0.0
cons[线路潮流约束_25_36],0.0
cons[线路潮流约束_neg_25_36],0.0
cons[线路潮流计算_26_36],0.0
cons[线路潮流约束_26_36],0.0
cons[线路潮流约束_neg_26_36],0.0
cons[线路潮流计算_27_36],0.0
cons[线路潮流约束_27_36],0.0
cons[线路潮流约束_neg_27_36],0.0
cons[线路潮流计算_28_36],0.0
cons[线路潮流约束_28_36],0.0
cons[线路潮流约束_neg_28_36],0.0
cons[线路潮流计算_29_36],0.0
cons[线路潮流约束_29_36],0.0
cons[线路潮流约束_neg_29_36],0.0
cons[线路潮流计算_30_36],0.0
cons[线路潮流约束_30_36],0.0
cons[线路潮流约束_neg_30_36],0.0
cons[线路潮流计算_31_36],0.0
cons[线路潮流约束_31_36],0.0
cons[线路潮流约束_neg_31_36],0.0
cons[线路潮流计算_32_36],0.0
cons[线路潮流约束_32_36],0.0
cons[线路潮流约束_neg_32_36],0.0
cons[线路潮流计算_33_36],0.0
cons[线路潮流约束_33_36],0.0
cons[线路潮流约束_neg_33_36],0.0
cons[线路潮流计算_34_36],0.0
cons[线路潮流约束_34_36],0.0
cons[线路潮流约束_neg_34_36],0.0
cons[线路潮流计算_35_36],0.0
cons[线路潮流约束_35_36],0.0
cons[线路潮流约束_neg_35_36],0.0
cons[线路潮流计算_36_36],0.0
cons[线路潮流约束_36_36],0.0
cons[线路潮流约束_neg_36_36],0.0
cons[线路潮流计算_37_36],0.0
cons[线路潮流约束_37_36],0.0
cons[线路潮流约束_neg_37_36],0.0
cons[线路潮流计算_38_36],0.0
cons[线路潮流约束_38_36],0.0
cons[线路潮流约束_neg_38_36],0.0
cons[线路潮流计算_39_36],0.0
cons[线路潮流约束_39_36],0.0
cons[线路潮流约束_neg_39_36],0.0
cons[线路潮流计算_40_36],0.0
cons[线路潮流约束_40_36],0.0
cons[线路潮流约束_neg_40_36],0.0
cons[线路潮流计算_41_36],0.0
cons[线路潮流约束_41_36],0.0
cons[线路潮流约束_neg_41_36],0.0
cons[线路潮流计算_42_36],0.0
cons[线路潮流约束_42_36],0.0
cons[线路潮流约束_neg_42_36],0.0
cons[线路潮流计算_43_36],0.0
cons[线路潮流约束_43_36],0.0
cons[线路潮流约束_neg_43_36],0.0
cons[线路潮流计算_44_36],0.0
cons[线路潮流约束_44_36],0.0
cons[线路潮流约束_neg_44_36],0.0
cons[线路潮流计算_45_36],0.0
cons[线路潮流约束_45_36],0.0
cons[线路潮流约束_neg_45_36],0.0
cons[线路潮流计算_46_36],0.0
cons[线路潮流约束_46_36],0.0
cons[线路潮流约束_neg_46_36],0.0
cons[线路潮流计算_47_36],0.0
cons[线路潮流约束_47_36],0.0
cons[线路潮流约束_neg_47_36],0.0
cons[线路潮流计算_48_36],0.0
cons[线路潮流约束_48_36],0.0
cons[线路潮流约束_neg_48_36],0.0
cons[线路潮流计算_49_36],0.0
cons[线路潮流约束_49_36],0.0
cons[线路潮流约束_neg_49_36],0.0
cons[线路潮流计算_50_36],0.0
cons[线路潮流约束_50_36],0.0
cons[线路潮流约束_neg_50_36],0.0
cons[线路潮流计算_51_36],0.0
cons[线路潮流约束_51_36],0.0
cons[线路潮流约束_neg_51_36],0.0
cons[线路潮流计算_52_36],0.0
cons[线路潮流约束_52_36],0.0
cons[线路潮流约束_neg_52_36],0.0
cons[线路潮流计算_53_36],0.0
cons[线路潮流约束_53_36],0.0
cons[线路潮流约束_neg_53_36],0.0
cons[线路潮流计算_54_36],0.0
cons[线路潮流约束_54_36],0.0
cons[线路潮流约束_neg_54_36],0.0
cons[线路潮流计算_55_36],0.0
cons[线路潮流约束_55_36],0.0
cons[线路潮流约束_neg_55_36],0.0
cons[线路潮流计算_56_36],0.0
cons[线路潮流约束_56_36],0.0
cons[线路潮流约束_neg_56_36],0.0
cons[线路潮流计算_57_36],0.0
cons[线路潮流约束_57_36],0.0
cons[线路潮流约束_neg_57_36],0.0
cons[线路潮流计算_58_36],0.0
cons[线路潮流约束_58_36],0.0
cons[线路潮流约束_neg_58_36],0.0
cons[线路潮流计算_59_36],0.0
cons[线路潮流约束_59_36],0.0
cons[线路潮流约束_neg_59_36],0.0
cons[线路潮流计算_60_36],0.0
cons[线路潮流约束_60_36],0.0
cons[线路潮流约束_neg_60_36],0.0
cons[线路潮流计算_61_36],0.0
cons[线路潮流约束_61_36],0.0
cons[线路潮流约束_neg_61_36],0.0
cons[线路潮流计算_62_36],0.0
cons[线路潮流约束_62_36],0.0
cons[线路潮流约束_neg_62_36],0.0
cons[线路潮流计算_63_36],0.0
cons[线路潮流约束_63_36],0.0
cons[线路潮流约束_neg_63_36],0.0
cons[线路潮流计算_64_36],0.0
cons[线路潮流约束_64_36],0.0
cons[线路潮流约束_neg_64_36],0.0
cons[线路潮流计算_65_36],0.0
cons[线路潮流约束_65_36],0.0
cons[线路潮流约束_neg_65_36],0.0
cons[线路潮流计算_66_36],0.0
cons[线路潮流约束_66_36],0.0
cons[线路潮流约束_neg_66_36],0.0
cons[线路潮流计算_67_36],0.0
cons[线路潮流约束_67_36],0.0
cons[线路潮流约束_neg_67_36],0.0
cons[线路潮流计算_68_36],0.0
cons[线路潮流约束_68_36],0.0
cons[线路潮流约束_neg_68_36],0.0
cons[线路潮流计算_69_36],0.0
cons[线路潮流约束_69_36],0.0
cons[线路潮流约束_neg_69_36],0.0
cons[线路潮流计算_70_36],0.0
cons[线路潮流约束_70_36],0.0
cons[线路潮流约束_neg_70_36],0.0
cons[线路潮流计算_71_36],0.0
cons[线路潮流约束_71_36],0.0
cons[线路潮流约束_neg_71_36],0.0
cons[线路潮流计算_72_36],0.0
cons[线路潮流约束_72_36],0.0
cons[线路潮流约束_neg_72_36],0.0
cons[线路潮流计算_73_36],0.0
cons[线路潮流约束_73_36],0.0
cons[线路潮流约束_neg_73_36],0.0
cons[线路潮流计算_74_36],0.0
cons[线路潮流约束_74_36],0.0
cons[线路潮流约束_neg_74_36],0.0
cons[线路潮流计算_75_36],0.0
cons[线路潮流约束_75_36],0.0
cons[线路潮流约束_neg_75_36],0.0
cons[线路潮流计算_76_36],0.0
cons[线路潮流约束_76_36],0.0
cons[线路潮流约束_neg_76_36],0.0
cons[正备用约束_36],0.0
cons[负备用约束_36],0.0
cons[系统功率平衡约束_37],-6108.466
cons[线路潮流计算_0_37],0.0
cons[线路潮流约束_0_37],0.0
cons[线路潮流约束_neg_0_37],0.0
cons[线路潮流计算_1_37],0.0
cons[线路潮流约束_1_37],0.0
cons[线路潮流约束_neg_1_37],0.0
cons[线路潮流计算_2_37],0.0
cons[线路潮流约束_2_37],0.0
cons[线路潮流约束_neg_2_37],0.0
cons[线路潮流计算_3_37],0.0
cons[线路潮流约束_3_37],0.0
cons[线路潮流约束_neg_3_37],0.0
cons[线路潮流计算_4_37],0.0
cons[线路潮流约束_4_37],0.0
cons[线路潮流约束_neg_4_37],0.0
cons[线路潮流计算_5_37],0.0
cons[线路潮流约束_5_37],0.0
cons[线路潮流约束_neg_5_37],0.0
cons[线路潮流计算_6_37],0.0
cons[线路潮流约束_6_37],0.0
cons[线路潮流约束_neg_6_37],0.0
cons[线路潮流计算_7_37],0.0
cons[线路潮流约束_7_37],0.0
cons[线路潮流约束_neg_7_37],0.0
cons[线路潮流计算_8_37],0.0
cons[线路潮流约束_8_37],0.0
cons[线路潮流约束_neg_8_37],0.0
cons[线路潮流计算_9_37],0.0
cons[线路潮流约束_9_37],0.0
cons[线路潮流约束_neg_9_37],0.0
cons[线路潮流计算_10_37],0.0
cons[线路潮流约束_10_37],0.0
cons[线路潮流约束_neg_10_37],0.0
cons[线路潮流计算_11_37],0.0
cons[线路潮流约束_11_37],0.0
cons[线路潮流约束_neg_11_37],0.0
cons[线路潮流计算_12_37],0.0
cons[线路潮流约束_12_37],0.0
cons[线路潮流约束_neg_12_37],0.0
cons[线路潮流计算_13_37],0.0
cons[线路潮流约束_13_37],0.0
cons[线路潮流约束_neg_13_37],0.0
cons[线路潮流计算_14_37],0.0
cons[线路潮流约束_14_37],0.0
cons[线路潮流约束_neg_14_37],0.0
cons[线路潮流计算_15_37],0.0
cons[线路潮流约束_15_37],0.0
cons[线路潮流约束_neg_15_37],0.0
cons[线路潮流计算_16_37],0.0
cons[线路潮流约束_16_37],0.0
cons[线路潮流约束_neg_16_37],0.0
cons[线路潮流计算_17_37],0.0
cons[线路潮流约束_17_37],0.0
cons[线路潮流约束_neg_17_37],0.0
cons[线路潮流计算_18_37],0.0
cons[线路潮流约束_18_37],0.0
cons[线路潮流约束_neg_18_37],0.0
cons[线路潮流计算_19_37],0.0
cons[线路潮流约束_19_37],0.0
cons[线路潮流约束_neg_19_37],0.0
cons[线路潮流计算_20_37],0.0
cons[线路潮流约束_20_37],0.0
cons[线路潮流约束_neg_20_37],0.0
cons[线路潮流计算_21_37],0.0
cons[线路潮流约束_21_37],0.0
cons[线路潮流约束_neg_21_37],0.0
cons[线路潮流计算_22_37],0.0
cons[线路潮流约束_22_37],0.0
cons[线路潮流约束_neg_22_37],0.0
cons[线路潮流计算_23_37],0.0
cons[线路潮流约束_23_37],0.0
cons[线路潮流约束_neg_23_37],0.0
cons[线路潮流计算_24_37],0.0
cons[线路潮流约束_24_37],0.0
cons[线路潮流约束_neg_24_37],0.0
cons[线路潮流计算_25_37],0.0
cons[线路潮流约束_25_37],0.0
cons[线路潮流约束_neg_25_37],0.0
cons[线路潮流计算_26_37],0.0
cons[线路潮流约束_26_37],0.0
cons[线路潮流约束_neg_26_37],0.0
cons[线路潮流计算_27_37],0.0
cons[线路潮流约束_27_37],0.0
cons[线路潮流约束_neg_27_37],0.0
cons[线路潮流计算_28_37],0.0
cons[线路潮流约束_28_37],0.0
cons[线路潮流约束_neg_28_37],0.0
cons[线路潮流计算_29_37],0.0
cons[线路潮流约束_29_37],0.0
cons[线路潮流约束_neg_29_37],0.0
cons[线路潮流计算_30_37],0.0
cons[线路潮流约束_30_37],0.0
cons[线路潮流约束_neg_30_37],0.0
cons[线路潮流计算_31_37],0.0
cons[线路潮流约束_31_37],0.0
cons[线路潮流约束_neg_31_37],0.0
cons[线路潮流计算_32_37],0.0
cons[线路潮流约束_32_37],0.0
cons[线路潮流约束_neg_32_37],0.0
cons[线路潮流计算_33_37],0.0
cons[线路潮流约束_33_37],0.0
cons[线路潮流约束_neg_33_37],0.0
cons[线路潮流计算_34_37],0.0
cons[线路潮流约束_34_37],0.0
cons[线路潮流约束_neg_34_37],0.0
cons[线路潮流计算_35_37],0.0
cons[线路潮流约束_35_37],0.0
cons[线路潮流约束_neg_35_37],0.0
cons[线路潮流计算_36_37],0.0
cons[线路潮流约束_36_37],0.0
cons[线路潮流约束_neg_36_37],0.0
cons[线路潮流计算_37_37],0.0
cons[线路潮流约束_37_37],0.0
cons[线路潮流约束_neg_37_37],0.0
cons[线路潮流计算_38_37],0.0
cons[线路潮流约束_38_37],0.0
cons[线路潮流约束_neg_38_37],0.0
cons[线路潮流计算_39_37],0.0
cons[线路潮流约束_39_37],0.0
cons[线路潮流约束_neg_39_37],0.0
cons[线路潮流计算_40_37],0.0
cons[线路潮流约束_40_37],0.0
cons[线路潮流约束_neg_40_37],0.0
cons[线路潮流计算_41_37],0.0
cons[线路潮流约束_41_37],0.0
cons[线路潮流约束_neg_41_37],0.0
cons[线路潮流计算_42_37],0.0
cons[线路潮流约束_42_37],0.0
cons[线路潮流约束_neg_42_37],0.0
cons[线路潮流计算_43_37],0.0
cons[线路潮流约束_43_37],0.0
cons[线路潮流约束_neg_43_37],0.0
cons[线路潮流计算_44_37],0.0
cons[线路潮流约束_44_37],0.0
cons[线路潮流约束_neg_44_37],0.0
cons[线路潮流计算_45_37],0.0
cons[线路潮流约束_45_37],0.0
cons[线路潮流约束_neg_45_37],0.0
cons[线路潮流计算_46_37],0.0
cons[线路潮流约束_46_37],0.0
cons[线路潮流约束_neg_46_37],0.0
cons[线路潮流计算_47_37],0.0
cons[线路潮流约束_47_37],0.0
cons[线路潮流约束_neg_47_37],0.0
cons[线路潮流计算_48_37],0.0
cons[线路潮流约束_48_37],0.0
cons[线路潮流约束_neg_48_37],0.0
cons[线路潮流计算_49_37],0.0
cons[线路潮流约束_49_37],0.0
cons[线路潮流约束_neg_49_37],0.0
cons[线路潮流计算_50_37],0.0
cons[线路潮流约束_50_37],0.0
cons[线路潮流约束_neg_50_37],0.0
cons[线路潮流计算_51_37],0.0
cons[线路潮流约束_51_37],0.0
cons[线路潮流约束_neg_51_37],0.0
cons[线路潮流计算_52_37],0.0
cons[线路潮流约束_52_37],0.0
cons[线路潮流约束_neg_52_37],0.0
cons[线路潮流计算_53_37],0.0
cons[线路潮流约束_53_37],0.0
cons[线路潮流约束_neg_53_37],0.0
cons[线路潮流计算_54_37],0.0
cons[线路潮流约束_54_37],0.0
cons[线路潮流约束_neg_54_37],0.0
cons[线路潮流计算_55_37],0.0
cons[线路潮流约束_55_37],0.0
cons[线路潮流约束_neg_55_37],0.0
cons[线路潮流计算_56_37],0.0
cons[线路潮流约束_56_37],0.0
cons[线路潮流约束_neg_56_37],0.0
cons[线路潮流计算_57_37],0.0
cons[线路潮流约束_57_37],0.0
cons[线路潮流约束_neg_57_37],0.0
cons[线路潮流计算_58_37],0.0
cons[线路潮流约束_58_37],0.0
cons[线路潮流约束_neg_58_37],0.0
cons[线路潮流计算_59_37],0.0
cons[线路潮流约束_59_37],0.0
cons[线路潮流约束_neg_59_37],0.0
cons[线路潮流计算_60_37],0.0
cons[线路潮流约束_60_37],0.0
cons[线路潮流约束_neg_60_37],0.0
cons[线路潮流计算_61_37],0.0
cons[线路潮流约束_61_37],0.0
cons[线路潮流约束_neg_61_37],0.0
cons[线路潮流计算_62_37],0.0
cons[线路潮流约束_62_37],0.0
cons[线路潮流约束_neg_62_37],0.0
cons[线路潮流计算_63_37],0.0
cons[线路潮流约束_63_37],0.0
cons[线路潮流约束_neg_63_37],0.0
cons[线路潮流计算_64_37],0.0
cons[线路潮流约束_64_37],0.0
cons[线路潮流约束_neg_64_37],0.0
cons[线路潮流计算_65_37],0.0
cons[线路潮流约束_65_37],0.0
cons[线路潮流约束_neg_65_37],0.0
cons[线路潮流计算_66_37],0.0
cons[线路潮流约束_66_37],0.0
cons[线路潮流约束_neg_66_37],0.0
cons[线路潮流计算_67_37],0.0
cons[线路潮流约束_67_37],0.0
cons[线路潮流约束_neg_67_37],0.0
cons[线路潮流计算_68_37],0.0
cons[线路潮流约束_68_37],0.0
cons[线路潮流约束_neg_68_37],0.0
cons[线路潮流计算_69_37],0.0
cons[线路潮流约束_69_37],0.0
cons[线路潮流约束_neg_69_37],0.0
cons[线路潮流计算_70_37],0.0
cons[线路潮流约束_70_37],0.0
cons[线路潮流约束_neg_70_37],0.0
cons[线路潮流计算_71_37],0.0
cons[线路潮流约束_71_37],0.0
cons[线路潮流约束_neg_71_37],0.0
cons[线路潮流计算_72_37],0.0
cons[线路潮流约束_72_37],0.0
cons[线路潮流约束_neg_72_37],0.0
cons[线路潮流计算_73_37],0.0
cons[线路潮流约束_73_37],0.0
cons[线路潮流约束_neg_73_37],0.0
cons[线路潮流计算_74_37],0.0
cons[线路潮流约束_74_37],0.0
cons[线路潮流约束_neg_74_37],0.0
cons[线路潮流计算_75_37],0.0
cons[线路潮流约束_75_37],0.0
cons[线路潮流约束_neg_75_37],0.0
cons[线路潮流计算_76_37],0.0
cons[线路潮流约束_76_37],0.0
cons[线路潮流约束_neg_76_37],0.0
cons[正备用约束_37],0.0
cons[负备用约束_37],0.0
cons[系统功率平衡约束_38],-6108.466
cons[线路潮流计算_0_38],0.0
cons[线路潮流约束_0_38],0.0
cons[线路潮流约束_neg_0_38],0.0
cons[线路潮流计算_1_38],0.0
cons[线路潮流约束_1_38],0.0
cons[线路潮流约束_neg_1_38],0.0
cons[线路潮流计算_2_38],0.0
cons[线路潮流约束_2_38],0.0
cons[线路潮流约束_neg_2_38],0.0
cons[线路潮流计算_3_38],0.0
cons[线路潮流约束_3_38],0.0
cons[线路潮流约束_neg_3_38],0.0
cons[线路潮流计算_4_38],0.0
cons[线路潮流约束_4_38],0.0
cons[线路潮流约束_neg_4_38],0.0
cons[线路潮流计算_5_38],0.0
cons[线路潮流约束_5_38],0.0
cons[线路潮流约束_neg_5_38],0.0
cons[线路潮流计算_6_38],0.0
cons[线路潮流约束_6_38],0.0
cons[线路潮流约束_neg_6_38],0.0
cons[线路潮流计算_7_38],0.0
cons[线路潮流约束_7_38],0.0
cons[线路潮流约束_neg_7_38],0.0
cons[线路潮流计算_8_38],0.0
cons[线路潮流约束_8_38],0.0
cons[线路潮流约束_neg_8_38],0.0
cons[线路潮流计算_9_38],0.0
cons[线路潮流约束_9_38],0.0
cons[线路潮流约束_neg_9_38],0.0
cons[线路潮流计算_10_38],0.0
cons[线路潮流约束_10_38],0.0
cons[线路潮流约束_neg_10_38],0.0
cons[线路潮流计算_11_38],0.0
cons[线路潮流约束_11_38],0.0
cons[线路潮流约束_neg_11_38],0.0
cons[线路潮流计算_12_38],0.0
cons[线路潮流约束_12_38],0.0
cons[线路潮流约束_neg_12_38],0.0
cons[线路潮流计算_13_38],0.0
cons[线路潮流约束_13_38],0.0
cons[线路潮流约束_neg_13_38],0.0
cons[线路潮流计算_14_38],0.0
cons[线路潮流约束_14_38],0.0
cons[线路潮流约束_neg_14_38],0.0
cons[线路潮流计算_15_38],0.0
cons[线路潮流约束_15_38],0.0
cons[线路潮流约束_neg_15_38],0.0
cons[线路潮流计算_16_38],0.0
cons[线路潮流约束_16_38],0.0
cons[线路潮流约束_neg_16_38],0.0
cons[线路潮流计算_17_38],0.0
cons[线路潮流约束_17_38],0.0
cons[线路潮流约束_neg_17_38],0.0
cons[线路潮流计算_18_38],0.0
cons[线路潮流约束_18_38],0.0
cons[线路潮流约束_neg_18_38],0.0
cons[线路潮流计算_19_38],0.0
cons[线路潮流约束_19_38],0.0
cons[线路潮流约束_neg_19_38],0.0
cons[线路潮流计算_20_38],0.0
cons[线路潮流约束_20_38],0.0
cons[线路潮流约束_neg_20_38],0.0
cons[线路潮流计算_21_38],0.0
cons[线路潮流约束_21_38],0.0
cons[线路潮流约束_neg_21_38],0.0
cons[线路潮流计算_22_38],0.0
cons[线路潮流约束_22_38],0.0
cons[线路潮流约束_neg_22_38],0.0
cons[线路潮流计算_23_38],0.0
cons[线路潮流约束_23_38],0.0
cons[线路潮流约束_neg_23_38],0.0
cons[线路潮流计算_24_38],0.0
cons[线路潮流约束_24_38],0.0
cons[线路潮流约束_neg_24_38],0.0
cons[线路潮流计算_25_38],0.0
cons[线路潮流约束_25_38],0.0
cons[线路潮流约束_neg_25_38],0.0
cons[线路潮流计算_26_38],0.0
cons[线路潮流约束_26_38],0.0
cons[线路潮流约束_neg_26_38],0.0
cons[线路潮流计算_27_38],0.0
cons[线路潮流约束_27_38],0.0
cons[线路潮流约束_neg_27_38],0.0
cons[线路潮流计算_28_38],0.0
cons[线路潮流约束_28_38],0.0
cons[线路潮流约束_neg_28_38],0.0
cons[线路潮流计算_29_38],0.0
cons[线路潮流约束_29_38],0.0
cons[线路潮流约束_neg_29_38],0.0
cons[线路潮流计算_30_38],0.0
cons[线路潮流约束_30_38],0.0
cons[线路潮流约束_neg_30_38],0.0
cons[线路潮流计算_31_38],0.0
cons[线路潮流约束_31_38],0.0
cons[线路潮流约束_neg_31_38],0.0
cons[线路潮流计算_32_38],0.0
cons[线路潮流约束_32_38],0.0
cons[线路潮流约束_neg_32_38],0.0
cons[线路潮流计算_33_38],0.0
cons[线路潮流约束_33_38],0.0
cons[线路潮流约束_neg_33_38],0.0
cons[线路潮流计算_34_38],0.0
cons[线路潮流约束_34_38],0.0
cons[线路潮流约束_neg_34_38],0.0
cons[线路潮流计算_35_38],0.0
cons[线路潮流约束_35_38],0.0
cons[线路潮流约束_neg_35_38],0.0
cons[线路潮流计算_36_38],0.0
cons[线路潮流约束_36_38],0.0
cons[线路潮流约束_neg_36_38],0.0
cons[线路潮流计算_37_38],0.0
cons[线路潮流约束_37_38],0.0
cons[线路潮流约束_neg_37_38],0.0
cons[线路潮流计算_38_38],0.0
cons[线路潮流约束_38_38],0.0
cons[线路潮流约束_neg_38_38],0.0
cons[线路潮流计算_39_38],0.0
cons[线路潮流约束_39_38],0.0
cons[线路潮流约束_neg_39_38],0.0
cons[线路潮流计算_40_38],0.0
cons[线路潮流约束_40_38],0.0
cons[线路潮流约束_neg_40_38],0.0
cons[线路潮流计算_41_38],0.0
cons[线路潮流约束_41_38],0.0
cons[线路潮流约束_neg_41_38],0.0
cons[线路潮流计算_42_38],0.0
cons[线路潮流约束_42_38],0.0
cons[线路潮流约束_neg_42_38],0.0
cons[线路潮流计算_43_38],0.0
cons[线路潮流约束_43_38],0.0
cons[线路潮流约束_neg_43_38],0.0
cons[线路潮流计算_44_38],0.0
cons[线路潮流约束_44_38],0.0
cons[线路潮流约束_neg_44_38],0.0
cons[线路潮流计算_45_38],0.0
cons[线路潮流约束_45_38],0.0
cons[线路潮流约束_neg_45_38],0.0
cons[线路潮流计算_46_38],0.0
cons[线路潮流约束_46_38],0.0
cons[线路潮流约束_neg_46_38],0.0
cons[线路潮流计算_47_38],0.0
cons[线路潮流约束_47_38],0.0
cons[线路潮流约束_neg_47_38],0.0
cons[线路潮流计算_48_38],0.0
cons[线路潮流约束_48_38],0.0
cons[线路潮流约束_neg_48_38],0.0
cons[线路潮流计算_49_38],0.0
cons[线路潮流约束_49_38],0.0
cons[线路潮流约束_neg_49_38],0.0
cons[线路潮流计算_50_38],0.0
cons[线路潮流约束_50_38],0.0
cons[线路潮流约束_neg_50_38],0.0
cons[线路潮流计算_51_38],0.0
cons[线路潮流约束_51_38],0.0
cons[线路潮流约束_neg_51_38],0.0
cons[线路潮流计算_52_38],0.0
cons[线路潮流约束_52_38],0.0
cons[线路潮流约束_neg_52_38],0.0
cons[线路潮流计算_53_38],0.0
cons[线路潮流约束_53_38],0.0
cons[线路潮流约束_neg_53_38],0.0
cons[线路潮流计算_54_38],0.0
cons[线路潮流约束_54_38],0.0
cons[线路潮流约束_neg_54_38],0.0
cons[线路潮流计算_55_38],0.0
cons[线路潮流约束_55_38],0.0
cons[线路潮流约束_neg_55_38],0.0
cons[线路潮流计算_56_38],0.0
cons[线路潮流约束_56_38],0.0
cons[线路潮流约束_neg_56_38],0.0
cons[线路潮流计算_57_38],0.0
cons[线路潮流约束_57_38],0.0
cons[线路潮流约束_neg_57_38],0.0
cons[线路潮流计算_58_38],0.0
cons[线路潮流约束_58_38],0.0
cons[线路潮流约束_neg_58_38],0.0
cons[线路潮流计算_59_38],0.0
cons[线路潮流约束_59_38],0.0
cons[线路潮流约束_neg_59_38],0.0
cons[线路潮流计算_60_38],0.0
cons[线路潮流约束_60_38],0.0
cons[线路潮流约束_neg_60_38],0.0
cons[线路潮流计算_61_38],0.0
cons[线路潮流约束_61_38],0.0
cons[线路潮流约束_neg_61_38],0.0
cons[线路潮流计算_62_38],0.0
cons[线路潮流约束_62_38],0.0
cons[线路潮流约束_neg_62_38],0.0
cons[线路潮流计算_63_38],0.0
cons[线路潮流约束_63_38],0.0
cons[线路潮流约束_neg_63_38],0.0
cons[线路潮流计算_64_38],0.0
cons[线路潮流约束_64_38],0.0
cons[线路潮流约束_neg_64_38],0.0
cons[线路潮流计算_65_38],0.0
cons[线路潮流约束_65_38],0.0
cons[线路潮流约束_neg_65_38],0.0
cons[线路潮流计算_66_38],0.0
cons[线路潮流约束_66_38],0.0
cons[线路潮流约束_neg_66_38],0.0
cons[线路潮流计算_67_38],0.0
cons[线路潮流约束_67_38],0.0
cons[线路潮流约束_neg_67_38],0.0
cons[线路潮流计算_68_38],0.0
cons[线路潮流约束_68_38],0.0
cons[线路潮流约束_neg_68_38],0.0
cons[线路潮流计算_69_38],0.0
cons[线路潮流约束_69_38],0.0
cons[线路潮流约束_neg_69_38],0.0
cons[线路潮流计算_70_38],0.0
cons[线路潮流约束_70_38],0.0
cons[线路潮流约束_neg_70_38],0.0
cons[线路潮流计算_71_38],0.0
cons[线路潮流约束_71_38],0.0
cons[线路潮流约束_neg_71_38],0.0
cons[线路潮流计算_72_38],0.0
cons[线路潮流约束_72_38],0.0
cons[线路潮流约束_neg_72_38],0.0
cons[线路潮流计算_73_38],0.0
cons[线路潮流约束_73_38],0.0
cons[线路潮流约束_neg_73_38],0.0
cons[线路潮流计算_74_38],0.0
cons[线路潮流约束_74_38],0.0
cons[线路潮流约束_neg_74_38],0.0
cons[线路潮流计算_75_38],0.0
cons[线路潮流约束_75_38],0.0
cons[线路潮流约束_neg_75_38],0.0
cons[线路潮流计算_76_38],0.0
cons[线路潮流约束_76_38],0.0
cons[线路潮流约束_neg_76_38],0.0
cons[正备用约束_38],0.0
cons[负备用约束_38],0.0
cons[系统功率平衡约束_39],-6108.466
cons[线路潮流计算_0_39],0.0
cons[线路潮流约束_0_39],0.0
cons[线路潮流约束_neg_0_39],0.0
cons[线路潮流计算_1_39],0.0
cons[线路潮流约束_1_39],0.0
cons[线路潮流约束_neg_1_39],0.0
cons[线路潮流计算_2_39],0.0
cons[线路潮流约束_2_39],0.0
cons[线路潮流约束_neg_2_39],0.0
cons[线路潮流计算_3_39],0.0
cons[线路潮流约束_3_39],0.0
cons[线路潮流约束_neg_3_39],0.0
cons[线路潮流计算_4_39],0.0
cons[线路潮流约束_4_39],0.0
cons[线路潮流约束_neg_4_39],0.0
cons[线路潮流计算_5_39],0.0
cons[线路潮流约束_5_39],0.0
cons[线路潮流约束_neg_5_39],0.0
cons[线路潮流计算_6_39],0.0
cons[线路潮流约束_6_39],0.0
cons[线路潮流约束_neg_6_39],0.0
cons[线路潮流计算_7_39],0.0
cons[线路潮流约束_7_39],0.0
cons[线路潮流约束_neg_7_39],0.0
cons[线路潮流计算_8_39],0.0
cons[线路潮流约束_8_39],0.0
cons[线路潮流约束_neg_8_39],0.0
cons[线路潮流计算_9_39],0.0
cons[线路潮流约束_9_39],0.0
cons[线路潮流约束_neg_9_39],0.0
cons[线路潮流计算_10_39],0.0
cons[线路潮流约束_10_39],0.0
cons[线路潮流约束_neg_10_39],0.0
cons[线路潮流计算_11_39],0.0
cons[线路潮流约束_11_39],0.0
cons[线路潮流约束_neg_11_39],0.0
cons[线路潮流计算_12_39],0.0
cons[线路潮流约束_12_39],0.0
cons[线路潮流约束_neg_12_39],0.0
cons[线路潮流计算_13_39],0.0
cons[线路潮流约束_13_39],0.0
cons[线路潮流约束_neg_13_39],0.0
cons[线路潮流计算_14_39],0.0
cons[线路潮流约束_14_39],0.0
cons[线路潮流约束_neg_14_39],0.0
cons[线路潮流计算_15_39],0.0
cons[线路潮流约束_15_39],0.0
cons[线路潮流约束_neg_15_39],0.0
cons[线路潮流计算_16_39],0.0
cons[线路潮流约束_16_39],0.0
cons[线路潮流约束_neg_16_39],0.0
cons[线路潮流计算_17_39],0.0
cons[线路潮流约束_17_39],0.0
cons[线路潮流约束_neg_17_39],0.0
cons[线路潮流计算_18_39],0.0
cons[线路潮流约束_18_39],0.0
cons[线路潮流约束_neg_18_39],0.0
cons[线路潮流计算_19_39],0.0
cons[线路潮流约束_19_39],0.0
cons[线路潮流约束_neg_19_39],0.0
cons[线路潮流计算_20_39],0.0
cons[线路潮流约束_20_39],0.0
cons[线路潮流约束_neg_20_39],0.0
cons[线路潮流计算_21_39],0.0
cons[线路潮流约束_21_39],0.0
cons[线路潮流约束_neg_21_39],0.0
cons[线路潮流计算_22_39],0.0
cons[线路潮流约束_22_39],0.0
cons[线路潮流约束_neg_22_39],0.0
cons[线路潮流计算_23_39],0.0
cons[线路潮流约束_23_39],0.0
cons[线路潮流约束_neg_23_39],0.0
cons[线路潮流计算_24_39],0.0
cons[线路潮流约束_24_39],0.0
cons[线路潮流约束_neg_24_39],0.0
cons[线路潮流计算_25_39],0.0
cons[线路潮流约束_25_39],0.0
cons[线路潮流约束_neg_25_39],0.0
cons[线路潮流计算_26_39],0.0
cons[线路潮流约束_26_39],0.0
cons[线路潮流约束_neg_26_39],0.0
cons[线路潮流计算_27_39],0.0
cons[线路潮流约束_27_39],0.0
cons[线路潮流约束_neg_27_39],0.0
cons[线路潮流计算_28_39],0.0
cons[线路潮流约束_28_39],0.0
cons[线路潮流约束_neg_28_39],0.0
cons[线路潮流计算_29_39],0.0
cons[线路潮流约束_29_39],0.0
cons[线路潮流约束_neg_29_39],0.0
cons[线路潮流计算_30_39],0.0
cons[线路潮流约束_30_39],0.0
cons[线路潮流约束_neg_30_39],0.0
cons[线路潮流计算_31_39],0.0
cons[线路潮流约束_31_39],0.0
cons[线路潮流约束_neg_31_39],0.0
cons[线路潮流计算_32_39],0.0
cons[线路潮流约束_32_39],0.0
cons[线路潮流约束_neg_32_39],0.0
cons[线路潮流计算_33_39],0.0
cons[线路潮流约束_33_39],0.0
cons[线路潮流约束_neg_33_39],0.0
cons[线路潮流计算_34_39],0.0
cons[线路潮流约束_34_39],0.0
cons[线路潮流约束_neg_34_39],0.0
cons[线路潮流计算_35_39],0.0
cons[线路潮流约束_35_39],0.0
cons[线路潮流约束_neg_35_39],0.0
cons[线路潮流计算_36_39],0.0
cons[线路潮流约束_36_39],0.0
cons[线路潮流约束_neg_36_39],0.0
cons[线路潮流计算_37_39],0.0
cons[线路潮流约束_37_39],0.0
cons[线路潮流约束_neg_37_39],0.0
cons[线路潮流计算_38_39],0.0
cons[线路潮流约束_38_39],0.0
cons[线路潮流约束_neg_38_39],0.0
cons[线路潮流计算_39_39],0.0
cons[线路潮流约束_39_39],0.0
cons[线路潮流约束_neg_39_39],0.0
cons[线路潮流计算_40_39],0.0
cons[线路潮流约束_40_39],0.0
cons[线路潮流约束_neg_40_39],0.0
cons[线路潮流计算_41_39],0.0
cons[线路潮流约束_41_39],0.0
cons[线路潮流约束_neg_41_39],0.0
cons[线路潮流计算_42_39],0.0
cons[线路潮流约束_42_39],0.0
cons[线路潮流约束_neg_42_39],0.0
cons[线路潮流计算_43_39],0.0
cons[线路潮流约束_43_39],0.0
cons[线路潮流约束_neg_43_39],0.0
cons[线路潮流计算_44_39],0.0
cons[线路潮流约束_44_39],0.0
cons[线路潮流约束_neg_44_39],0.0
cons[线路潮流计算_45_39],0.0
cons[线路潮流约束_45_39],0.0
cons[线路潮流约束_neg_45_39],0.0
cons[线路潮流计算_46_39],0.0
cons[线路潮流约束_46_39],0.0
cons[线路潮流约束_neg_46_39],0.0
cons[线路潮流计算_47_39],0.0
cons[线路潮流约束_47_39],0.0
cons[线路潮流约束_neg_47_39],0.0
cons[线路潮流计算_48_39],0.0
cons[线路潮流约束_48_39],0.0
cons[线路潮流约束_neg_48_39],0.0
cons[线路潮流计算_49_39],0.0
cons[线路潮流约束_49_39],0.0
cons[线路潮流约束_neg_49_39],0.0
cons[线路潮流计算_50_39],0.0
cons[线路潮流约束_50_39],0.0
cons[线路潮流约束_neg_50_39],0.0
cons[线路潮流计算_51_39],0.0
cons[线路潮流约束_51_39],0.0
cons[线路潮流约束_neg_51_39],0.0
cons[线路潮流计算_52_39],0.0
cons[线路潮流约束_52_39],0.0
cons[线路潮流约束_neg_52_39],0.0
cons[线路潮流计算_53_39],0.0
cons[线路潮流约束_53_39],0.0
cons[线路潮流约束_neg_53_39],0.0
cons[线路潮流计算_54_39],0.0
cons[线路潮流约束_54_39],0.0
cons[线路潮流约束_neg_54_39],0.0
cons[线路潮流计算_55_39],0.0
cons[线路潮流约束_55_39],0.0
cons[线路潮流约束_neg_55_39],0.0
cons[线路潮流计算_56_39],0.0
cons[线路潮流约束_56_39],0.0
cons[线路潮流约束_neg_56_39],0.0
cons[线路潮流计算_57_39],0.0
cons[线路潮流约束_57_39],0.0
cons[线路潮流约束_neg_57_39],0.0
cons[线路潮流计算_58_39],0.0
cons[线路潮流约束_58_39],0.0
cons[线路潮流约束_neg_58_39],0.0
cons[线路潮流计算_59_39],0.0
cons[线路潮流约束_59_39],0.0
cons[线路潮流约束_neg_59_39],0.0
cons[线路潮流计算_60_39],0.0
cons[线路潮流约束_60_39],0.0
cons[线路潮流约束_neg_60_39],0.0
cons[线路潮流计算_61_39],0.0
cons[线路潮流约束_61_39],0.0
cons[线路潮流约束_neg_61_39],0.0
cons[线路潮流计算_62_39],0.0
cons[线路潮流约束_62_39],0.0
cons[线路潮流约束_neg_62_39],0.0
cons[线路潮流计算_63_39],0.0
cons[线路潮流约束_63_39],0.0
cons[线路潮流约束_neg_63_39],0.0
cons[线路潮流计算_64_39],0.0
cons[线路潮流约束_64_39],0.0
cons[线路潮流约束_neg_64_39],0.0
cons[线路潮流计算_65_39],0.0
cons[线路潮流约束_65_39],0.0
cons[线路潮流约束_neg_65_39],0.0
cons[线路潮流计算_66_39],0.0
cons[线路潮流约束_66_39],0.0
cons[线路潮流约束_neg_66_39],0.0
cons[线路潮流计算_67_39],0.0
cons[线路潮流约束_67_39],0.0
cons[线路潮流约束_neg_67_39],0.0
cons[线路潮流计算_68_39],0.0
cons[线路潮流约束_68_39],0.0
cons[线路潮流约束_neg_68_39],0.0
cons[线路潮流计算_69_39],0.0
cons[线路潮流约束_69_39],0.0
cons[线路潮流约束_neg_69_39],0.0
cons[线路潮流计算_70_39],0.0
cons[线路潮流约束_70_39],0.0
cons[线路潮流约束_neg_70_39],0.0
cons[线路潮流计算_71_39],0.0
cons[线路潮流约束_71_39],0.0
cons[线路潮流约束_neg_71_39],0.0
cons[线路潮流计算_72_39],0.0
cons[线路潮流约束_72_39],0.0
cons[线路潮流约束_neg_72_39],0.0
cons[线路潮流计算_73_39],0.0
cons[线路潮流约束_73_39],0.0
cons[线路潮流约束_neg_73_39],0.0
cons[线路潮流计算_74_39],0.0
cons[线路潮流约束_74_39],0.0
cons[线路潮流约束_neg_74_39],0.0
cons[线路潮流计算_75_39],0.0
cons[线路潮流约束_75_39],0.0
cons[线路潮流约束_neg_75_39],0.0
cons[线路潮流计算_76_39],0.0
cons[线路潮流约束_76_39],0.0
cons[线路潮流约束_neg_76_39],0.0
cons[正备用约束_39],0.0
cons[负备用约束_39],0.0
cons[系统功率平衡约束_40],-6108.466
cons[线路潮流计算_0_40],0.0
cons[线路潮流约束_0_40],0.0
cons[线路潮流约束_neg_0_40],0.0
cons[线路潮流计算_1_40],0.0
cons[线路潮流约束_1_40],0.0
cons[线路潮流约束_neg_1_40],0.0
cons[线路潮流计算_2_40],0.0
cons[线路潮流约束_2_40],0.0
cons[线路潮流约束_neg_2_40],0.0
cons[线路潮流计算_3_40],0.0
cons[线路潮流约束_3_40],0.0
cons[线路潮流约束_neg_3_40],0.0
cons[线路潮流计算_4_40],0.0
cons[线路潮流约束_4_40],0.0
cons[线路潮流约束_neg_4_40],0.0
cons[线路潮流计算_5_40],0.0
cons[线路潮流约束_5_40],0.0
cons[线路潮流约束_neg_5_40],0.0
cons[线路潮流计算_6_40],0.0
cons[线路潮流约束_6_40],0.0
cons[线路潮流约束_neg_6_40],0.0
cons[线路潮流计算_7_40],0.0
cons[线路潮流约束_7_40],0.0
cons[线路潮流约束_neg_7_40],0.0
cons[线路潮流计算_8_40],0.0
cons[线路潮流约束_8_40],0.0
cons[线路潮流约束_neg_8_40],0.0
cons[线路潮流计算_9_40],0.0
cons[线路潮流约束_9_40],0.0
cons[线路潮流约束_neg_9_40],0.0
cons[线路潮流计算_10_40],0.0
cons[线路潮流约束_10_40],0.0
cons[线路潮流约束_neg_10_40],0.0
cons[线路潮流计算_11_40],0.0
cons[线路潮流约束_11_40],0.0
cons[线路潮流约束_neg_11_40],0.0
cons[线路潮流计算_12_40],0.0
cons[线路潮流约束_12_40],0.0
cons[线路潮流约束_neg_12_40],0.0
cons[线路潮流计算_13_40],0.0
cons[线路潮流约束_13_40],0.0
cons[线路潮流约束_neg_13_40],0.0
cons[线路潮流计算_14_40],0.0
cons[线路潮流约束_14_40],0.0
cons[线路潮流约束_neg_14_40],0.0
cons[线路潮流计算_15_40],0.0
cons[线路潮流约束_15_40],0.0
cons[线路潮流约束_neg_15_40],0.0
cons[线路潮流计算_16_40],0.0
cons[线路潮流约束_16_40],0.0
cons[线路潮流约束_neg_16_40],0.0
cons[线路潮流计算_17_40],0.0
cons[线路潮流约束_17_40],0.0
cons[线路潮流约束_neg_17_40],0.0
cons[线路潮流计算_18_40],0.0
cons[线路潮流约束_18_40],0.0
cons[线路潮流约束_neg_18_40],0.0
cons[线路潮流计算_19_40],0.0
cons[线路潮流约束_19_40],0.0
cons[线路潮流约束_neg_19_40],0.0
cons[线路潮流计算_20_40],0.0
cons[线路潮流约束_20_40],0.0
cons[线路潮流约束_neg_20_40],0.0
cons[线路潮流计算_21_40],0.0
cons[线路潮流约束_21_40],0.0
cons[线路潮流约束_neg_21_40],0.0
cons[线路潮流计算_22_40],0.0
cons[线路潮流约束_22_40],0.0
cons[线路潮流约束_neg_22_40],0.0
cons[线路潮流计算_23_40],0.0
cons[线路潮流约束_23_40],0.0
cons[线路潮流约束_neg_23_40],0.0
cons[线路潮流计算_24_40],0.0
cons[线路潮流约束_24_40],0.0
cons[线路潮流约束_neg_24_40],0.0
cons[线路潮流计算_25_40],0.0
cons[线路潮流约束_25_40],0.0
cons[线路潮流约束_neg_25_40],0.0
cons[线路潮流计算_26_40],0.0
cons[线路潮流约束_26_40],0.0
cons[线路潮流约束_neg_26_40],0.0
cons[线路潮流计算_27_40],0.0
cons[线路潮流约束_27_40],0.0
cons[线路潮流约束_neg_27_40],0.0
cons[线路潮流计算_28_40],0.0
cons[线路潮流约束_28_40],0.0
cons[线路潮流约束_neg_28_40],0.0
cons[线路潮流计算_29_40],0.0
cons[线路潮流约束_29_40],0.0
cons[线路潮流约束_neg_29_40],0.0
cons[线路潮流计算_30_40],0.0
cons[线路潮流约束_30_40],0.0
cons[线路潮流约束_neg_30_40],0.0
cons[线路潮流计算_31_40],0.0
cons[线路潮流约束_31_40],0.0
cons[线路潮流约束_neg_31_40],0.0
cons[线路潮流计算_32_40],0.0
cons[线路潮流约束_32_40],0.0
cons[线路潮流约束_neg_32_40],0.0
cons[线路潮流计算_33_40],0.0
cons[线路潮流约束_33_40],0.0
cons[线路潮流约束_neg_33_40],0.0
cons[线路潮流计算_34_40],0.0
cons[线路潮流约束_34_40],0.0
cons[线路潮流约束_neg_34_40],0.0
cons[线路潮流计算_35_40],0.0
cons[线路潮流约束_35_40],0.0
cons[线路潮流约束_neg_35_40],0.0
cons[线路潮流计算_36_40],0.0
cons[线路潮流约束_36_40],0.0
cons[线路潮流约束_neg_36_40],0.0
cons[线路潮流计算_37_40],0.0
cons[线路潮流约束_37_40],0.0
cons[线路潮流约束_neg_37_40],0.0
cons[线路潮流计算_38_40],0.0
cons[线路潮流约束_38_40],0.0
cons[线路潮流约束_neg_38_40],0.0
cons[线路潮流计算_39_40],0.0
cons[线路潮流约束_39_40],0.0
cons[线路潮流约束_neg_39_40],0.0
cons[线路潮流计算_40_40],0.0
cons[线路潮流约束_40_40],0.0
cons[线路潮流约束_neg_40_40],0.0
cons[线路潮流计算_41_40],0.0
cons[线路潮流约束_41_40],0.0
cons[线路潮流约束_neg_41_40],0.0
cons[线路潮流计算_42_40],0.0
cons[线路潮流约束_42_40],0.0
cons[线路潮流约束_neg_42_40],0.0
cons[线路潮流计算_43_40],0.0
cons[线路潮流约束_43_40],0.0
cons[线路潮流约束_neg_43_40],0.0
cons[线路潮流计算_44_40],0.0
cons[线路潮流约束_44_40],0.0
cons[线路潮流约束_neg_44_40],0.0
cons[线路潮流计算_45_40],0.0
cons[线路潮流约束_45_40],0.0
cons[线路潮流约束_neg_45_40],0.0
cons[线路潮流计算_46_40],0.0
cons[线路潮流约束_46_40],0.0
cons[线路潮流约束_neg_46_40],0.0
cons[线路潮流计算_47_40],0.0
cons[线路潮流约束_47_40],0.0
cons[线路潮流约束_neg_47_40],0.0
cons[线路潮流计算_48_40],0.0
cons[线路潮流约束_48_40],0.0
cons[线路潮流约束_neg_48_40],0.0
cons[线路潮流计算_49_40],0.0
cons[线路潮流约束_49_40],0.0
cons[线路潮流约束_neg_49_40],0.0
cons[线路潮流计算_50_40],0.0
cons[线路潮流约束_50_40],0.0
cons[线路潮流约束_neg_50_40],0.0
cons[线路潮流计算_51_40],0.0
cons[线路潮流约束_51_40],0.0
cons[线路潮流约束_neg_51_40],0.0
cons[线路潮流计算_52_40],0.0
cons[线路潮流约束_52_40],0.0
cons[线路潮流约束_neg_52_40],0.0
cons[线路潮流计算_53_40],0.0
cons[线路潮流约束_53_40],0.0
cons[线路潮流约束_neg_53_40],0.0
cons[线路潮流计算_54_40],0.0
cons[线路潮流约束_54_40],0.0
cons[线路潮流约束_neg_54_40],0.0
cons[线路潮流计算_55_40],0.0
cons[线路潮流约束_55_40],0.0
cons[线路潮流约束_neg_55_40],0.0
cons[线路潮流计算_56_40],0.0
cons[线路潮流约束_56_40],0.0
cons[线路潮流约束_neg_56_40],0.0
cons[线路潮流计算_57_40],0.0
cons[线路潮流约束_57_40],0.0
cons[线路潮流约束_neg_57_40],0.0
cons[线路潮流计算_58_40],0.0
cons[线路潮流约束_58_40],0.0
cons[线路潮流约束_neg_58_40],0.0
cons[线路潮流计算_59_40],0.0
cons[线路潮流约束_59_40],0.0
cons[线路潮流约束_neg_59_40],0.0
cons[线路潮流计算_60_40],0.0
cons[线路潮流约束_60_40],0.0
cons[线路潮流约束_neg_60_40],0.0
cons[线路潮流计算_61_40],0.0
cons[线路潮流约束_61_40],0.0
cons[线路潮流约束_neg_61_40],0.0
cons[线路潮流计算_62_40],0.0
cons[线路潮流约束_62_40],0.0
cons[线路潮流约束_neg_62_40],0.0
cons[线路潮流计算_63_40],0.0
cons[线路潮流约束_63_40],0.0
cons[线路潮流约束_neg_63_40],0.0
cons[线路潮流计算_64_40],0.0
cons[线路潮流约束_64_40],0.0
cons[线路潮流约束_neg_64_40],0.0
cons[线路潮流计算_65_40],0.0
cons[线路潮流约束_65_40],0.0
cons[线路潮流约束_neg_65_40],0.0
cons[线路潮流计算_66_40],0.0
cons[线路潮流约束_66_40],0.0
cons[线路潮流约束_neg_66_40],0.0
cons[线路潮流计算_67_40],0.0
cons[线路潮流约束_67_40],0.0
cons[线路潮流约束_neg_67_40],0.0
cons[线路潮流计算_68_40],0.0
cons[线路潮流约束_68_40],0.0
cons[线路潮流约束_neg_68_40],0.0
cons[线路潮流计算_69_40],0.0
cons[线路潮流约束_69_40],0.0
cons[线路潮流约束_neg_69_40],0.0
cons[线路潮流计算_70_40],0.0
cons[线路潮流约束_70_40],0.0
cons[线路潮流约束_neg_70_40],0.0
cons[线路潮流计算_71_40],0.0
cons[线路潮流约束_71_40],0.0
cons[线路潮流约束_neg_71_40],0.0
cons[线路潮流计算_72_40],0.0
cons[线路潮流约束_72_40],0.0
cons[线路潮流约束_neg_72_40],0.0
cons[线路潮流计算_73_40],0.0
cons[线路潮流约束_73_40],0.0
cons[线路潮流约束_neg_73_40],0.0
cons[线路潮流计算_74_40],0.0
cons[线路潮流约束_74_40],0.0
cons[线路潮流约束_neg_74_40],0.0
cons[线路潮流计算_75_40],0.0
cons[线路潮流约束_75_40],0.0
cons[线路潮流约束_neg_75_40],0.0
cons[线路潮流计算_76_40],0.0
cons[线路潮流约束_76_40],0.0
cons[线路潮流约束_neg_76_40],0.0
cons[正备用约束_40],0.0
cons[负备用约束_40],0.0
cons[系统功率平衡约束_41],-6108.466
cons[线路潮流计算_0_41],0.0
cons[线路潮流约束_0_41],0.0
cons[线路潮流约束_neg_0_41],0.0
cons[线路潮流计算_1_41],0.0
cons[线路潮流约束_1_41],0.0
cons[线路潮流约束_neg_1_41],0.0
cons[线路潮流计算_2_41],0.0
cons[线路潮流约束_2_41],0.0
cons[线路潮流约束_neg_2_41],0.0
cons[线路潮流计算_3_41],0.0
cons[线路潮流约束_3_41],0.0
cons[线路潮流约束_neg_3_41],0.0
cons[线路潮流计算_4_41],0.0
cons[线路潮流约束_4_41],0.0
cons[线路潮流约束_neg_4_41],0.0
cons[线路潮流计算_5_41],0.0
cons[线路潮流约束_5_41],0.0
cons[线路潮流约束_neg_5_41],0.0
cons[线路潮流计算_6_41],0.0
cons[线路潮流约束_6_41],0.0
cons[线路潮流约束_neg_6_41],0.0
cons[线路潮流计算_7_41],0.0
cons[线路潮流约束_7_41],0.0
cons[线路潮流约束_neg_7_41],0.0
cons[线路潮流计算_8_41],0.0
cons[线路潮流约束_8_41],0.0
cons[线路潮流约束_neg_8_41],0.0
cons[线路潮流计算_9_41],0.0
cons[线路潮流约束_9_41],0.0
cons[线路潮流约束_neg_9_41],0.0
cons[线路潮流计算_10_41],0.0
cons[线路潮流约束_10_41],0.0
cons[线路潮流约束_neg_10_41],0.0
cons[线路潮流计算_11_41],0.0
cons[线路潮流约束_11_41],0.0
cons[线路潮流约束_neg_11_41],0.0
cons[线路潮流计算_12_41],0.0
cons[线路潮流约束_12_41],0.0
cons[线路潮流约束_neg_12_41],0.0
cons[线路潮流计算_13_41],0.0
cons[线路潮流约束_13_41],0.0
cons[线路潮流约束_neg_13_41],0.0
cons[线路潮流计算_14_41],0.0
cons[线路潮流约束_14_41],0.0
cons[线路潮流约束_neg_14_41],0.0
cons[线路潮流计算_15_41],0.0
cons[线路潮流约束_15_41],0.0
cons[线路潮流约束_neg_15_41],0.0
cons[线路潮流计算_16_41],0.0
cons[线路潮流约束_16_41],0.0
cons[线路潮流约束_neg_16_41],0.0
cons[线路潮流计算_17_41],0.0
cons[线路潮流约束_17_41],0.0
cons[线路潮流约束_neg_17_41],0.0
cons[线路潮流计算_18_41],0.0
cons[线路潮流约束_18_41],0.0
cons[线路潮流约束_neg_18_41],0.0
cons[线路潮流计算_19_41],0.0
cons[线路潮流约束_19_41],0.0
cons[线路潮流约束_neg_19_41],0.0
cons[线路潮流计算_20_41],0.0
cons[线路潮流约束_20_41],0.0
cons[线路潮流约束_neg_20_41],0.0
cons[线路潮流计算_21_41],0.0
cons[线路潮流约束_21_41],0.0
cons[线路潮流约束_neg_21_41],0.0
cons[线路潮流计算_22_41],0.0
cons[线路潮流约束_22_41],0.0
cons[线路潮流约束_neg_22_41],0.0
cons[线路潮流计算_23_41],0.0
cons[线路潮流约束_23_41],0.0
cons[线路潮流约束_neg_23_41],0.0
cons[线路潮流计算_24_41],0.0
cons[线路潮流约束_24_41],0.0
cons[线路潮流约束_neg_24_41],0.0
cons[线路潮流计算_25_41],0.0
cons[线路潮流约束_25_41],0.0
cons[线路潮流约束_neg_25_41],0.0
cons[线路潮流计算_26_41],0.0
cons[线路潮流约束_26_41],0.0
cons[线路潮流约束_neg_26_41],0.0
cons[线路潮流计算_27_41],0.0
cons[线路潮流约束_27_41],0.0
cons[线路潮流约束_neg_27_41],0.0
cons[线路潮流计算_28_41],0.0
cons[线路潮流约束_28_41],0.0
cons[线路潮流约束_neg_28_41],0.0
cons[线路潮流计算_29_41],0.0
cons[线路潮流约束_29_41],0.0
cons[线路潮流约束_neg_29_41],0.0
cons[线路潮流计算_30_41],0.0
cons[线路潮流约束_30_41],0.0
cons[线路潮流约束_neg_30_41],0.0
cons[线路潮流计算_31_41],0.0
cons[线路潮流约束_31_41],0.0
cons[线路潮流约束_neg_31_41],0.0
cons[线路潮流计算_32_41],0.0
cons[线路潮流约束_32_41],0.0
cons[线路潮流约束_neg_32_41],0.0
cons[线路潮流计算_33_41],0.0
cons[线路潮流约束_33_41],0.0
cons[线路潮流约束_neg_33_41],0.0
cons[线路潮流计算_34_41],0.0
cons[线路潮流约束_34_41],0.0
cons[线路潮流约束_neg_34_41],0.0
cons[线路潮流计算_35_41],0.0
cons[线路潮流约束_35_41],0.0
cons[线路潮流约束_neg_35_41],0.0
cons[线路潮流计算_36_41],0.0
cons[线路潮流约束_36_41],0.0
cons[线路潮流约束_neg_36_41],0.0
cons[线路潮流计算_37_41],0.0
cons[线路潮流约束_37_41],0.0
cons[线路潮流约束_neg_37_41],0.0
cons[线路潮流计算_38_41],0.0
cons[线路潮流约束_38_41],0.0
cons[线路潮流约束_neg_38_41],0.0
cons[线路潮流计算_39_41],0.0
cons[线路潮流约束_39_41],0.0
cons[线路潮流约束_neg_39_41],0.0
cons[线路潮流计算_40_41],0.0
cons[线路潮流约束_40_41],0.0
cons[线路潮流约束_neg_40_41],0.0
cons[线路潮流计算_41_41],0.0
cons[线路潮流约束_41_41],0.0
cons[线路潮流约束_neg_41_41],0.0
cons[线路潮流计算_42_41],0.0
cons[线路潮流约束_42_41],0.0
cons[线路潮流约束_neg_42_41],0.0
cons[线路潮流计算_43_41],0.0
cons[线路潮流约束_43_41],0.0
cons[线路潮流约束_neg_43_41],0.0
cons[线路潮流计算_44_41],0.0
cons[线路潮流约束_44_41],0.0
cons[线路潮流约束_neg_44_41],0.0
cons[线路潮流计算_45_41],0.0
cons[线路潮流约束_45_41],0.0
cons[线路潮流约束_neg_45_41],0.0
cons[线路潮流计算_46_41],0.0
cons[线路潮流约束_46_41],0.0
cons[线路潮流约束_neg_46_41],0.0
cons[线路潮流计算_47_41],0.0
cons[线路潮流约束_47_41],0.0
cons[线路潮流约束_neg_47_41],0.0
cons[线路潮流计算_48_41],0.0
cons[线路潮流约束_48_41],0.0
cons[线路潮流约束_neg_48_41],0.0
cons[线路潮流计算_49_41],0.0
cons[线路潮流约束_49_41],0.0
cons[线路潮流约束_neg_49_41],0.0
cons[线路潮流计算_50_41],0.0
cons[线路潮流约束_50_41],0.0
cons[线路潮流约束_neg_50_41],0.0
cons[线路潮流计算_51_41],0.0
cons[线路潮流约束_51_41],0.0
cons[线路潮流约束_neg_51_41],0.0
cons[线路潮流计算_52_41],0.0
cons[线路潮流约束_52_41],0.0
cons[线路潮流约束_neg_52_41],0.0
cons[线路潮流计算_53_41],0.0
cons[线路潮流约束_53_41],0.0
cons[线路潮流约束_neg_53_41],0.0
cons[线路潮流计算_54_41],0.0
cons[线路潮流约束_54_41],0.0
cons[线路潮流约束_neg_54_41],0.0
cons[线路潮流计算_55_41],0.0
cons[线路潮流约束_55_41],0.0
cons[线路潮流约束_neg_55_41],0.0
cons[线路潮流计算_56_41],0.0
cons[线路潮流约束_56_41],0.0
cons[线路潮流约束_neg_56_41],0.0
cons[线路潮流计算_57_41],0.0
cons[线路潮流约束_57_41],0.0
cons[线路潮流约束_neg_57_41],0.0
cons[线路潮流计算_58_41],0.0
cons[线路潮流约束_58_41],0.0
cons[线路潮流约束_neg_58_41],0.0
cons[线路潮流计算_59_41],0.0
cons[线路潮流约束_59_41],0.0
cons[线路潮流约束_neg_59_41],0.0
cons[线路潮流计算_60_41],0.0
cons[线路潮流约束_60_41],0.0
cons[线路潮流约束_neg_60_41],0.0
cons[线路潮流计算_61_41],0.0
cons[线路潮流约束_61_41],0.0
cons[线路潮流约束_neg_61_41],0.0
cons[线路潮流计算_62_41],0.0
cons[线路潮流约束_62_41],0.0
cons[线路潮流约束_neg_62_41],0.0
cons[线路潮流计算_63_41],0.0
cons[线路潮流约束_63_41],0.0
cons[线路潮流约束_neg_63_41],0.0
cons[线路潮流计算_64_41],0.0
cons[线路潮流约束_64_41],0.0
cons[线路潮流约束_neg_64_41],0.0
cons[线路潮流计算_65_41],0.0
cons[线路潮流约束_65_41],0.0
cons[线路潮流约束_neg_65_41],0.0
cons[线路潮流计算_66_41],0.0
cons[线路潮流约束_66_41],0.0
cons[线路潮流约束_neg_66_41],0.0
cons[线路潮流计算_67_41],0.0
cons[线路潮流约束_67_41],0.0
cons[线路潮流约束_neg_67_41],0.0
cons[线路潮流计算_68_41],0.0
cons[线路潮流约束_68_41],0.0
cons[线路潮流约束_neg_68_41],0.0
cons[线路潮流计算_69_41],0.0
cons[线路潮流约束_69_41],0.0
cons[线路潮流约束_neg_69_41],0.0
cons[线路潮流计算_70_41],0.0
cons[线路潮流约束_70_41],0.0
cons[线路潮流约束_neg_70_41],0.0
cons[线路潮流计算_71_41],0.0
cons[线路潮流约束_71_41],0.0
cons[线路潮流约束_neg_71_41],0.0
cons[线路潮流计算_72_41],0.0
cons[线路潮流约束_72_41],0.0
cons[线路潮流约束_neg_72_41],0.0
cons[线路潮流计算_73_41],0.0
cons[线路潮流约束_73_41],0.0
cons[线路潮流约束_neg_73_41],0.0
cons[线路潮流计算_74_41],0.0
cons[线路潮流约束_74_41],0.0
cons[线路潮流约束_neg_74_41],0.0
cons[线路潮流计算_75_41],0.0
cons[线路潮流约束_75_41],0.0
cons[线路潮流约束_neg_75_41],0.0
cons[线路潮流计算_76_41],0.0
cons[线路潮流约束_76_41],0.0
cons[线路潮流约束_neg_76_41],0.0
cons[正备用约束_41],0.0
cons[负备用约束_41],0.0
cons[系统功率平衡约束_42],-6108.466
cons[线路潮流计算_0_42],0.0
cons[线路潮流约束_0_42],0.0
cons[线路潮流约束_neg_0_42],0.0
cons[线路潮流计算_1_42],0.0
cons[线路潮流约束_1_42],0.0
cons[线路潮流约束_neg_1_42],0.0
cons[线路潮流计算_2_42],0.0
cons[线路潮流约束_2_42],0.0
cons[线路潮流约束_neg_2_42],0.0
cons[线路潮流计算_3_42],0.0
cons[线路潮流约束_3_42],0.0
cons[线路潮流约束_neg_3_42],0.0
cons[线路潮流计算_4_42],0.0
cons[线路潮流约束_4_42],0.0
cons[线路潮流约束_neg_4_42],0.0
cons[线路潮流计算_5_42],0.0
cons[线路潮流约束_5_42],0.0
cons[线路潮流约束_neg_5_42],0.0
cons[线路潮流计算_6_42],0.0
cons[线路潮流约束_6_42],0.0
cons[线路潮流约束_neg_6_42],0.0
cons[线路潮流计算_7_42],0.0
cons[线路潮流约束_7_42],0.0
cons[线路潮流约束_neg_7_42],0.0
cons[线路潮流计算_8_42],0.0
cons[线路潮流约束_8_42],0.0
cons[线路潮流约束_neg_8_42],0.0
cons[线路潮流计算_9_42],0.0
cons[线路潮流约束_9_42],0.0
cons[线路潮流约束_neg_9_42],0.0
cons[线路潮流计算_10_42],0.0
cons[线路潮流约束_10_42],0.0
cons[线路潮流约束_neg_10_42],0.0
cons[线路潮流计算_11_42],0.0
cons[线路潮流约束_11_42],0.0
cons[线路潮流约束_neg_11_42],0.0
cons[线路潮流计算_12_42],0.0
cons[线路潮流约束_12_42],0.0
cons[线路潮流约束_neg_12_42],0.0
cons[线路潮流计算_13_42],0.0
cons[线路潮流约束_13_42],0.0
cons[线路潮流约束_neg_13_42],0.0
cons[线路潮流计算_14_42],0.0
cons[线路潮流约束_14_42],0.0
cons[线路潮流约束_neg_14_42],0.0
cons[线路潮流计算_15_42],0.0
cons[线路潮流约束_15_42],0.0
cons[线路潮流约束_neg_15_42],0.0
cons[线路潮流计算_16_42],0.0
cons[线路潮流约束_16_42],0.0
cons[线路潮流约束_neg_16_42],0.0
cons[线路潮流计算_17_42],0.0
cons[线路潮流约束_17_42],0.0
cons[线路潮流约束_neg_17_42],0.0
cons[线路潮流计算_18_42],0.0
cons[线路潮流约束_18_42],0.0
cons[线路潮流约束_neg_18_42],0.0
cons[线路潮流计算_19_42],0.0
cons[线路潮流约束_19_42],0.0
cons[线路潮流约束_neg_19_42],0.0
cons[线路潮流计算_20_42],0.0
cons[线路潮流约束_20_42],0.0
cons[线路潮流约束_neg_20_42],0.0
cons[线路潮流计算_21_42],0.0
cons[线路潮流约束_21_42],0.0
cons[线路潮流约束_neg_21_42],0.0
cons[线路潮流计算_22_42],0.0
cons[线路潮流约束_22_42],0.0
cons[线路潮流约束_neg_22_42],0.0
cons[线路潮流计算_23_42],0.0
cons[线路潮流约束_23_42],0.0
cons[线路潮流约束_neg_23_42],0.0
cons[线路潮流计算_24_42],0.0
cons[线路潮流约束_24_42],0.0
cons[线路潮流约束_neg_24_42],0.0
cons[线路潮流计算_25_42],0.0
cons[线路潮流约束_25_42],0.0
cons[线路潮流约束_neg_25_42],0.0
cons[线路潮流计算_26_42],0.0
cons[线路潮流约束_26_42],0.0
cons[线路潮流约束_neg_26_42],0.0
cons[线路潮流计算_27_42],0.0
cons[线路潮流约束_27_42],0.0
cons[线路潮流约束_neg_27_42],0.0
cons[线路潮流计算_28_42],0.0
cons[线路潮流约束_28_42],0.0
cons[线路潮流约束_neg_28_42],0.0
cons[线路潮流计算_29_42],0.0
cons[线路潮流约束_29_42],0.0
cons[线路潮流约束_neg_29_42],0.0
cons[线路潮流计算_30_42],0.0
cons[线路潮流约束_30_42],0.0
cons[线路潮流约束_neg_30_42],0.0
cons[线路潮流计算_31_42],0.0
cons[线路潮流约束_31_42],0.0
cons[线路潮流约束_neg_31_42],0.0
cons[线路潮流计算_32_42],0.0
cons[线路潮流约束_32_42],0.0
cons[线路潮流约束_neg_32_42],0.0
cons[线路潮流计算_33_42],0.0
cons[线路潮流约束_33_42],0.0
cons[线路潮流约束_neg_33_42],0.0
cons[线路潮流计算_34_42],0.0
cons[线路潮流约束_34_42],0.0
cons[线路潮流约束_neg_34_42],0.0
cons[线路潮流计算_35_42],0.0
cons[线路潮流约束_35_42],0.0
cons[线路潮流约束_neg_35_42],0.0
cons[线路潮流计算_36_42],0.0
cons[线路潮流约束_36_42],0.0
cons[线路潮流约束_neg_36_42],0.0
cons[线路潮流计算_37_42],0.0
cons[线路潮流约束_37_42],0.0
cons[线路潮流约束_neg_37_42],0.0
cons[线路潮流计算_38_42],0.0
cons[线路潮流约束_38_42],0.0
cons[线路潮流约束_neg_38_42],0.0
cons[线路潮流计算_39_42],0.0
cons[线路潮流约束_39_42],0.0
cons[线路潮流约束_neg_39_42],0.0
cons[线路潮流计算_40_42],0.0
cons[线路潮流约束_40_42],0.0
cons[线路潮流约束_neg_40_42],0.0
cons[线路潮流计算_41_42],0.0
cons[线路潮流约束_41_42],0.0
cons[线路潮流约束_neg_41_42],0.0
cons[线路潮流计算_42_42],0.0
cons[线路潮流约束_42_42],0.0
cons[线路潮流约束_neg_42_42],0.0
cons[线路潮流计算_43_42],0.0
cons[线路潮流约束_43_42],0.0
cons[线路潮流约束_neg_43_42],0.0
cons[线路潮流计算_44_42],0.0
cons[线路潮流约束_44_42],0.0
cons[线路潮流约束_neg_44_42],0.0
cons[线路潮流计算_45_42],0.0
cons[线路潮流约束_45_42],0.0
cons[线路潮流约束_neg_45_42],0.0
cons[线路潮流计算_46_42],0.0
cons[线路潮流约束_46_42],0.0
cons[线路潮流约束_neg_46_42],0.0
cons[线路潮流计算_47_42],0.0
cons[线路潮流约束_47_42],0.0
cons[线路潮流约束_neg_47_42],0.0
cons[线路潮流计算_48_42],0.0
cons[线路潮流约束_48_42],0.0
cons[线路潮流约束_neg_48_42],0.0
cons[线路潮流计算_49_42],0.0
cons[线路潮流约束_49_42],0.0
cons[线路潮流约束_neg_49_42],0.0
cons[线路潮流计算_50_42],0.0
cons[线路潮流约束_50_42],0.0
cons[线路潮流约束_neg_50_42],0.0
cons[线路潮流计算_51_42],0.0
cons[线路潮流约束_51_42],0.0
cons[线路潮流约束_neg_51_42],0.0
cons[线路潮流计算_52_42],0.0
cons[线路潮流约束_52_42],0.0
cons[线路潮流约束_neg_52_42],0.0
cons[线路潮流计算_53_42],0.0
cons[线路潮流约束_53_42],0.0
cons[线路潮流约束_neg_53_42],0.0
cons[线路潮流计算_54_42],0.0
cons[线路潮流约束_54_42],0.0
cons[线路潮流约束_neg_54_42],0.0
cons[线路潮流计算_55_42],0.0
cons[线路潮流约束_55_42],0.0
cons[线路潮流约束_neg_55_42],0.0
cons[线路潮流计算_56_42],0.0
cons[线路潮流约束_56_42],0.0
cons[线路潮流约束_neg_56_42],0.0
cons[线路潮流计算_57_42],0.0
cons[线路潮流约束_57_42],0.0
cons[线路潮流约束_neg_57_42],0.0
cons[线路潮流计算_58_42],0.0
cons[线路潮流约束_58_42],0.0
cons[线路潮流约束_neg_58_42],0.0
cons[线路潮流计算_59_42],0.0
cons[线路潮流约束_59_42],0.0
cons[线路潮流约束_neg_59_42],0.0
cons[线路潮流计算_60_42],0.0
cons[线路潮流约束_60_42],0.0
cons[线路潮流约束_neg_60_42],0.0
cons[线路潮流计算_61_42],0.0
cons[线路潮流约束_61_42],0.0
cons[线路潮流约束_neg_61_42],0.0
cons[线路潮流计算_62_42],0.0
cons[线路潮流约束_62_42],0.0
cons[线路潮流约束_neg_62_42],0.0
cons[线路潮流计算_63_42],0.0
cons[线路潮流约束_63_42],0.0
cons[线路潮流约束_neg_63_42],0.0
cons[线路潮流计算_64_42],0.0
cons[线路潮流约束_64_42],0.0
cons[线路潮流约束_neg_64_42],0.0
cons[线路潮流计算_65_42],0.0
cons[线路潮流约束_65_42],0.0
cons[线路潮流约束_neg_65_42],0.0
cons[线路潮流计算_66_42],0.0
cons[线路潮流约束_66_42],0.0
cons[线路潮流约束_neg_66_42],0.0
cons[线路潮流计算_67_42],0.0
cons[线路潮流约束_67_42],0.0
cons[线路潮流约束_neg_67_42],0.0
cons[线路潮流计算_68_42],0.0
cons[线路潮流约束_68_42],0.0
cons[线路潮流约束_neg_68_42],0.0
cons[线路潮流计算_69_42],0.0
cons[线路潮流约束_69_42],0.0
cons[线路潮流约束_neg_69_42],0.0
cons[线路潮流计算_70_42],0.0
cons[线路潮流约束_70_42],0.0
cons[线路潮流约束_neg_70_42],0.0
cons[线路潮流计算_71_42],0.0
cons[线路潮流约束_71_42],0.0
cons[线路潮流约束_neg_71_42],0.0
cons[线路潮流计算_72_42],0.0
cons[线路潮流约束_72_42],0.0
cons[线路潮流约束_neg_72_42],0.0
cons[线路潮流计算_73_42],0.0
cons[线路潮流约束_73_42],0.0
cons[线路潮流约束_neg_73_42],0.0
cons[线路潮流计算_74_42],0.0
cons[线路潮流约束_74_42],0.0
cons[线路潮流约束_neg_74_42],0.0
cons[线路潮流计算_75_42],0.0
cons[线路潮流约束_75_42],0.0
cons[线路潮流约束_neg_75_42],0.0
cons[线路潮流计算_76_42],0.0
cons[线路潮流约束_76_42],0.0
cons[线路潮流约束_neg_76_42],0.0
cons[正备用约束_42],0.0
cons[负备用约束_42],0.0
cons[系统功率平衡约束_43],-6108.466
cons[线路潮流计算_0_43],0.0
cons[线路潮流约束_0_43],0.0
cons[线路潮流约束_neg_0_43],0.0
cons[线路潮流计算_1_43],0.0
cons[线路潮流约束_1_43],0.0
cons[线路潮流约束_neg_1_43],0.0
cons[线路潮流计算_2_43],0.0
cons[线路潮流约束_2_43],0.0
cons[线路潮流约束_neg_2_43],0.0
cons[线路潮流计算_3_43],0.0
cons[线路潮流约束_3_43],0.0
cons[线路潮流约束_neg_3_43],0.0
cons[线路潮流计算_4_43],0.0
cons[线路潮流约束_4_43],0.0
cons[线路潮流约束_neg_4_43],0.0
cons[线路潮流计算_5_43],0.0
cons[线路潮流约束_5_43],0.0
cons[线路潮流约束_neg_5_43],0.0
cons[线路潮流计算_6_43],0.0
cons[线路潮流约束_6_43],0.0
cons[线路潮流约束_neg_6_43],0.0
cons[线路潮流计算_7_43],0.0
cons[线路潮流约束_7_43],0.0
cons[线路潮流约束_neg_7_43],0.0
cons[线路潮流计算_8_43],0.0
cons[线路潮流约束_8_43],0.0
cons[线路潮流约束_neg_8_43],0.0
cons[线路潮流计算_9_43],0.0
cons[线路潮流约束_9_43],0.0
cons[线路潮流约束_neg_9_43],0.0
cons[线路潮流计算_10_43],0.0
cons[线路潮流约束_10_43],0.0
cons[线路潮流约束_neg_10_43],0.0
cons[线路潮流计算_11_43],0.0
cons[线路潮流约束_11_43],0.0
cons[线路潮流约束_neg_11_43],0.0
cons[线路潮流计算_12_43],0.0
cons[线路潮流约束_12_43],0.0
cons[线路潮流约束_neg_12_43],0.0
cons[线路潮流计算_13_43],0.0
cons[线路潮流约束_13_43],0.0
cons[线路潮流约束_neg_13_43],0.0
cons[线路潮流计算_14_43],0.0
cons[线路潮流约束_14_43],0.0
cons[线路潮流约束_neg_14_43],0.0
cons[线路潮流计算_15_43],0.0
cons[线路潮流约束_15_43],0.0
cons[线路潮流约束_neg_15_43],0.0
cons[线路潮流计算_16_43],0.0
cons[线路潮流约束_16_43],0.0
cons[线路潮流约束_neg_16_43],0.0
cons[线路潮流计算_17_43],0.0
cons[线路潮流约束_17_43],0.0
cons[线路潮流约束_neg_17_43],0.0
cons[线路潮流计算_18_43],0.0
cons[线路潮流约束_18_43],0.0
cons[线路潮流约束_neg_18_43],0.0
cons[线路潮流计算_19_43],0.0
cons[线路潮流约束_19_43],0.0
cons[线路潮流约束_neg_19_43],0.0
cons[线路潮流计算_20_43],0.0
cons[线路潮流约束_20_43],0.0
cons[线路潮流约束_neg_20_43],0.0
cons[线路潮流计算_21_43],0.0
cons[线路潮流约束_21_43],0.0
cons[线路潮流约束_neg_21_43],0.0
cons[线路潮流计算_22_43],0.0
cons[线路潮流约束_22_43],0.0
cons[线路潮流约束_neg_22_43],0.0
cons[线路潮流计算_23_43],0.0
cons[线路潮流约束_23_43],0.0
cons[线路潮流约束_neg_23_43],0.0
cons[线路潮流计算_24_43],0.0
cons[线路潮流约束_24_43],0.0
cons[线路潮流约束_neg_24_43],0.0
cons[线路潮流计算_25_43],0.0
cons[线路潮流约束_25_43],0.0
cons[线路潮流约束_neg_25_43],0.0
cons[线路潮流计算_26_43],0.0
cons[线路潮流约束_26_43],0.0
cons[线路潮流约束_neg_26_43],0.0
cons[线路潮流计算_27_43],0.0
cons[线路潮流约束_27_43],0.0
cons[线路潮流约束_neg_27_43],0.0
cons[线路潮流计算_28_43],0.0
cons[线路潮流约束_28_43],0.0
cons[线路潮流约束_neg_28_43],0.0
cons[线路潮流计算_29_43],0.0
cons[线路潮流约束_29_43],0.0
cons[线路潮流约束_neg_29_43],0.0
cons[线路潮流计算_30_43],0.0
cons[线路潮流约束_30_43],0.0
cons[线路潮流约束_neg_30_43],0.0
cons[线路潮流计算_31_43],0.0
cons[线路潮流约束_31_43],0.0
cons[线路潮流约束_neg_31_43],0.0
cons[线路潮流计算_32_43],0.0
cons[线路潮流约束_32_43],0.0
cons[线路潮流约束_neg_32_43],0.0
cons[线路潮流计算_33_43],0.0
cons[线路潮流约束_33_43],0.0
cons[线路潮流约束_neg_33_43],0.0
cons[线路潮流计算_34_43],0.0
cons[线路潮流约束_34_43],0.0
cons[线路潮流约束_neg_34_43],0.0
cons[线路潮流计算_35_43],0.0
cons[线路潮流约束_35_43],0.0
cons[线路潮流约束_neg_35_43],0.0
cons[线路潮流计算_36_43],0.0
cons[线路潮流约束_36_43],0.0
cons[线路潮流约束_neg_36_43],0.0
cons[线路潮流计算_37_43],0.0
cons[线路潮流约束_37_43],0.0
cons[线路潮流约束_neg_37_43],0.0
cons[线路潮流计算_38_43],0.0
cons[线路潮流约束_38_43],0.0
cons[线路潮流约束_neg_38_43],0.0
cons[线路潮流计算_39_43],0.0
cons[线路潮流约束_39_43],0.0
cons[线路潮流约束_neg_39_43],0.0
cons[线路潮流计算_40_43],0.0
cons[线路潮流约束_40_43],0.0
cons[线路潮流约束_neg_40_43],0.0
cons[线路潮流计算_41_43],0.0
cons[线路潮流约束_41_43],0.0
cons[线路潮流约束_neg_41_43],0.0
cons[线路潮流计算_42_43],0.0
cons[线路潮流约束_42_43],0.0
cons[线路潮流约束_neg_42_43],0.0
cons[线路潮流计算_43_43],0.0
cons[线路潮流约束_43_43],0.0
cons[线路潮流约束_neg_43_43],0.0
cons[线路潮流计算_44_43],0.0
cons[线路潮流约束_44_43],0.0
cons[线路潮流约束_neg_44_43],0.0
cons[线路潮流计算_45_43],0.0
cons[线路潮流约束_45_43],0.0
cons[线路潮流约束_neg_45_43],0.0
cons[线路潮流计算_46_43],0.0
cons[线路潮流约束_46_43],0.0
cons[线路潮流约束_neg_46_43],0.0
cons[线路潮流计算_47_43],0.0
cons[线路潮流约束_47_43],0.0
cons[线路潮流约束_neg_47_43],0.0
cons[线路潮流计算_48_43],0.0
cons[线路潮流约束_48_43],0.0
cons[线路潮流约束_neg_48_43],0.0
cons[线路潮流计算_49_43],0.0
cons[线路潮流约束_49_43],0.0
cons[线路潮流约束_neg_49_43],0.0
cons[线路潮流计算_50_43],0.0
cons[线路潮流约束_50_43],0.0
cons[线路潮流约束_neg_50_43],0.0
cons[线路潮流计算_51_43],0.0
cons[线路潮流约束_51_43],0.0
cons[线路潮流约束_neg_51_43],0.0
cons[线路潮流计算_52_43],0.0
cons[线路潮流约束_52_43],0.0
cons[线路潮流约束_neg_52_43],0.0
cons[线路潮流计算_53_43],0.0
cons[线路潮流约束_53_43],0.0
cons[线路潮流约束_neg_53_43],0.0
cons[线路潮流计算_54_43],0.0
cons[线路潮流约束_54_43],0.0
cons[线路潮流约束_neg_54_43],0.0
cons[线路潮流计算_55_43],0.0
cons[线路潮流约束_55_43],0.0
cons[线路潮流约束_neg_55_43],0.0
cons[线路潮流计算_56_43],0.0
cons[线路潮流约束_56_43],0.0
cons[线路潮流约束_neg_56_43],0.0
cons[线路潮流计算_57_43],0.0
cons[线路潮流约束_57_43],0.0
cons[线路潮流约束_neg_57_43],0.0
cons[线路潮流计算_58_43],0.0
cons[线路潮流约束_58_43],0.0
cons[线路潮流约束_neg_58_43],0.0
cons[线路潮流计算_59_43],0.0
cons[线路潮流约束_59_43],0.0
cons[线路潮流约束_neg_59_43],0.0
cons[线路潮流计算_60_43],0.0
cons[线路潮流约束_60_43],0.0
cons[线路潮流约束_neg_60_43],0.0
cons[线路潮流计算_61_43],0.0
cons[线路潮流约束_61_43],0.0
cons[线路潮流约束_neg_61_43],0.0
cons[线路潮流计算_62_43],0.0
cons[线路潮流约束_62_43],0.0
cons[线路潮流约束_neg_62_43],0.0
cons[线路潮流计算_63_43],0.0
cons[线路潮流约束_63_43],0.0
cons[线路潮流约束_neg_63_43],0.0
cons[线路潮流计算_64_43],0.0
cons[线路潮流约束_64_43],0.0
cons[线路潮流约束_neg_64_43],0.0
cons[线路潮流计算_65_43],0.0
cons[线路潮流约束_65_43],0.0
cons[线路潮流约束_neg_65_43],0.0
cons[线路潮流计算_66_43],0.0
cons[线路潮流约束_66_43],0.0
cons[线路潮流约束_neg_66_43],0.0
cons[线路潮流计算_67_43],0.0
cons[线路潮流约束_67_43],0.0
cons[线路潮流约束_neg_67_43],0.0
cons[线路潮流计算_68_43],0.0
cons[线路潮流约束_68_43],0.0
cons[线路潮流约束_neg_68_43],0.0
cons[线路潮流计算_69_43],0.0
cons[线路潮流约束_69_43],0.0
cons[线路潮流约束_neg_69_43],0.0
cons[线路潮流计算_70_43],0.0
cons[线路潮流约束_70_43],0.0
cons[线路潮流约束_neg_70_43],0.0
cons[线路潮流计算_71_43],0.0
cons[线路潮流约束_71_43],0.0
cons[线路潮流约束_neg_71_43],0.0
cons[线路潮流计算_72_43],0.0
cons[线路潮流约束_72_43],0.0
cons[线路潮流约束_neg_72_43],0.0
cons[线路潮流计算_73_43],0.0
cons[线路潮流约束_73_43],0.0
cons[线路潮流约束_neg_73_43],0.0
cons[线路潮流计算_74_43],0.0
cons[线路潮流约束_74_43],0.0
cons[线路潮流约束_neg_74_43],0.0
cons[线路潮流计算_75_43],0.0
cons[线路潮流约束_75_43],0.0
cons[线路潮流约束_neg_75_43],0.0
cons[线路潮流计算_76_43],0.0
cons[线路潮流约束_76_43],0.0
cons[线路潮流约束_neg_76_43],0.0
cons[正备用约束_43],0.0
cons[负备用约束_43],0.0
cons[系统功率平衡约束_44],-6108.466
cons[线路潮流计算_0_44],0.0
cons[线路潮流约束_0_44],0.0
cons[线路潮流约束_neg_0_44],0.0
cons[线路潮流计算_1_44],0.0
cons[线路潮流约束_1_44],0.0
cons[线路潮流约束_neg_1_44],0.0
cons[线路潮流计算_2_44],0.0
cons[线路潮流约束_2_44],0.0
cons[线路潮流约束_neg_2_44],0.0
cons[线路潮流计算_3_44],0.0
cons[线路潮流约束_3_44],0.0
cons[线路潮流约束_neg_3_44],0.0
cons[线路潮流计算_4_44],0.0
cons[线路潮流约束_4_44],0.0
cons[线路潮流约束_neg_4_44],0.0
cons[线路潮流计算_5_44],0.0
cons[线路潮流约束_5_44],0.0
cons[线路潮流约束_neg_5_44],0.0
cons[线路潮流计算_6_44],0.0
cons[线路潮流约束_6_44],0.0
cons[线路潮流约束_neg_6_44],0.0
cons[线路潮流计算_7_44],0.0
cons[线路潮流约束_7_44],0.0
cons[线路潮流约束_neg_7_44],0.0
cons[线路潮流计算_8_44],0.0
cons[线路潮流约束_8_44],0.0
cons[线路潮流约束_neg_8_44],0.0
cons[线路潮流计算_9_44],0.0
cons[线路潮流约束_9_44],0.0
cons[线路潮流约束_neg_9_44],0.0
cons[线路潮流计算_10_44],0.0
cons[线路潮流约束_10_44],0.0
cons[线路潮流约束_neg_10_44],0.0
cons[线路潮流计算_11_44],0.0
cons[线路潮流约束_11_44],0.0
cons[线路潮流约束_neg_11_44],0.0
cons[线路潮流计算_12_44],0.0
cons[线路潮流约束_12_44],0.0
cons[线路潮流约束_neg_12_44],0.0
cons[线路潮流计算_13_44],0.0
cons[线路潮流约束_13_44],0.0
cons[线路潮流约束_neg_13_44],0.0
cons[线路潮流计算_14_44],0.0
cons[线路潮流约束_14_44],0.0
cons[线路潮流约束_neg_14_44],0.0
cons[线路潮流计算_15_44],0.0
cons[线路潮流约束_15_44],0.0
cons[线路潮流约束_neg_15_44],0.0
cons[线路潮流计算_16_44],0.0
cons[线路潮流约束_16_44],0.0
cons[线路潮流约束_neg_16_44],0.0
cons[线路潮流计算_17_44],0.0
cons[线路潮流约束_17_44],0.0
cons[线路潮流约束_neg_17_44],0.0
cons[线路潮流计算_18_44],0.0
cons[线路潮流约束_18_44],0.0
cons[线路潮流约束_neg_18_44],0.0
cons[线路潮流计算_19_44],0.0
cons[线路潮流约束_19_44],0.0
cons[线路潮流约束_neg_19_44],0.0
cons[线路潮流计算_20_44],0.0
cons[线路潮流约束_20_44],0.0
cons[线路潮流约束_neg_20_44],0.0
cons[线路潮流计算_21_44],0.0
cons[线路潮流约束_21_44],0.0
cons[线路潮流约束_neg_21_44],0.0
cons[线路潮流计算_22_44],0.0
cons[线路潮流约束_22_44],0.0
cons[线路潮流约束_neg_22_44],0.0
cons[线路潮流计算_23_44],0.0
cons[线路潮流约束_23_44],0.0
cons[线路潮流约束_neg_23_44],0.0
cons[线路潮流计算_24_44],0.0
cons[线路潮流约束_24_44],0.0
cons[线路潮流约束_neg_24_44],0.0
cons[线路潮流计算_25_44],0.0
cons[线路潮流约束_25_44],0.0
cons[线路潮流约束_neg_25_44],0.0
cons[线路潮流计算_26_44],0.0
cons[线路潮流约束_26_44],0.0
cons[线路潮流约束_neg_26_44],0.0
cons[线路潮流计算_27_44],0.0
cons[线路潮流约束_27_44],0.0
cons[线路潮流约束_neg_27_44],0.0
cons[线路潮流计算_28_44],0.0
cons[线路潮流约束_28_44],0.0
cons[线路潮流约束_neg_28_44],0.0
cons[线路潮流计算_29_44],0.0
cons[线路潮流约束_29_44],0.0
cons[线路潮流约束_neg_29_44],0.0
cons[线路潮流计算_30_44],0.0
cons[线路潮流约束_30_44],0.0
cons[线路潮流约束_neg_30_44],0.0
cons[线路潮流计算_31_44],0.0
cons[线路潮流约束_31_44],0.0
cons[线路潮流约束_neg_31_44],0.0
cons[线路潮流计算_32_44],0.0
cons[线路潮流约束_32_44],0.0
cons[线路潮流约束_neg_32_44],0.0
cons[线路潮流计算_33_44],0.0
cons[线路潮流约束_33_44],0.0
cons[线路潮流约束_neg_33_44],0.0
cons[线路潮流计算_34_44],0.0
cons[线路潮流约束_34_44],0.0
cons[线路潮流约束_neg_34_44],0.0
cons[线路潮流计算_35_44],0.0
cons[线路潮流约束_35_44],0.0
cons[线路潮流约束_neg_35_44],0.0
cons[线路潮流计算_36_44],0.0
cons[线路潮流约束_36_44],0.0
cons[线路潮流约束_neg_36_44],0.0
cons[线路潮流计算_37_44],0.0
cons[线路潮流约束_37_44],0.0
cons[线路潮流约束_neg_37_44],0.0
cons[线路潮流计算_38_44],0.0
cons[线路潮流约束_38_44],0.0
cons[线路潮流约束_neg_38_44],0.0
cons[线路潮流计算_39_44],0.0
cons[线路潮流约束_39_44],0.0
cons[线路潮流约束_neg_39_44],0.0
cons[线路潮流计算_40_44],0.0
cons[线路潮流约束_40_44],0.0
cons[线路潮流约束_neg_40_44],0.0
cons[线路潮流计算_41_44],0.0
cons[线路潮流约束_41_44],0.0
cons[线路潮流约束_neg_41_44],0.0
cons[线路潮流计算_42_44],0.0
cons[线路潮流约束_42_44],0.0
cons[线路潮流约束_neg_42_44],0.0
cons[线路潮流计算_43_44],0.0
cons[线路潮流约束_43_44],0.0
cons[线路潮流约束_neg_43_44],0.0
cons[线路潮流计算_44_44],0.0
cons[线路潮流约束_44_44],0.0
cons[线路潮流约束_neg_44_44],0.0
cons[线路潮流计算_45_44],0.0
cons[线路潮流约束_45_44],0.0
cons[线路潮流约束_neg_45_44],0.0
cons[线路潮流计算_46_44],0.0
cons[线路潮流约束_46_44],0.0
cons[线路潮流约束_neg_46_44],0.0
cons[线路潮流计算_47_44],0.0
cons[线路潮流约束_47_44],0.0
cons[线路潮流约束_neg_47_44],0.0
cons[线路潮流计算_48_44],0.0
cons[线路潮流约束_48_44],0.0
cons[线路潮流约束_neg_48_44],0.0
cons[线路潮流计算_49_44],0.0
cons[线路潮流约束_49_44],0.0
cons[线路潮流约束_neg_49_44],0.0
cons[线路潮流计算_50_44],0.0
cons[线路潮流约束_50_44],0.0
cons[线路潮流约束_neg_50_44],0.0
cons[线路潮流计算_51_44],0.0
cons[线路潮流约束_51_44],0.0
cons[线路潮流约束_neg_51_44],0.0
cons[线路潮流计算_52_44],0.0
cons[线路潮流约束_52_44],0.0
cons[线路潮流约束_neg_52_44],0.0
cons[线路潮流计算_53_44],0.0
cons[线路潮流约束_53_44],0.0
cons[线路潮流约束_neg_53_44],0.0
cons[线路潮流计算_54_44],0.0
cons[线路潮流约束_54_44],0.0
cons[线路潮流约束_neg_54_44],0.0
cons[线路潮流计算_55_44],0.0
cons[线路潮流约束_55_44],0.0
cons[线路潮流约束_neg_55_44],0.0
cons[线路潮流计算_56_44],0.0
cons[线路潮流约束_56_44],0.0
cons[线路潮流约束_neg_56_44],0.0
cons[线路潮流计算_57_44],0.0
cons[线路潮流约束_57_44],0.0
cons[线路潮流约束_neg_57_44],0.0
cons[线路潮流计算_58_44],0.0
cons[线路潮流约束_58_44],0.0
cons[线路潮流约束_neg_58_44],0.0
cons[线路潮流计算_59_44],0.0
cons[线路潮流约束_59_44],0.0
cons[线路潮流约束_neg_59_44],0.0
cons[线路潮流计算_60_44],0.0
cons[线路潮流约束_60_44],0.0
cons[线路潮流约束_neg_60_44],0.0
cons[线路潮流计算_61_44],0.0
cons[线路潮流约束_61_44],0.0
cons[线路潮流约束_neg_61_44],0.0
cons[线路潮流计算_62_44],0.0
cons[线路潮流约束_62_44],0.0
cons[线路潮流约束_neg_62_44],0.0
cons[线路潮流计算_63_44],0.0
cons[线路潮流约束_63_44],0.0
cons[线路潮流约束_neg_63_44],0.0
cons[线路潮流计算_64_44],0.0
cons[线路潮流约束_64_44],0.0
cons[线路潮流约束_neg_64_44],0.0
cons[线路潮流计算_65_44],0.0
cons[线路潮流约束_65_44],0.0
cons[线路潮流约束_neg_65_44],0.0
cons[线路潮流计算_66_44],0.0
cons[线路潮流约束_66_44],0.0
cons[线路潮流约束_neg_66_44],0.0
cons[线路潮流计算_67_44],0.0
cons[线路潮流约束_67_44],0.0
cons[线路潮流约束_neg_67_44],0.0
cons[线路潮流计算_68_44],0.0
cons[线路潮流约束_68_44],0.0
cons[线路潮流约束_neg_68_44],0.0
cons[线路潮流计算_69_44],0.0
cons[线路潮流约束_69_44],0.0
cons[线路潮流约束_neg_69_44],0.0
cons[线路潮流计算_70_44],0.0
cons[线路潮流约束_70_44],0.0
cons[线路潮流约束_neg_70_44],0.0
cons[线路潮流计算_71_44],0.0
cons[线路潮流约束_71_44],0.0
cons[线路潮流约束_neg_71_44],0.0
cons[线路潮流计算_72_44],0.0
cons[线路潮流约束_72_44],0.0
cons[线路潮流约束_neg_72_44],0.0
cons[线路潮流计算_73_44],0.0
cons[线路潮流约束_73_44],0.0
cons[线路潮流约束_neg_73_44],0.0
cons[线路潮流计算_74_44],0.0
cons[线路潮流约束_74_44],0.0
cons[线路潮流约束_neg_74_44],0.0
cons[线路潮流计算_75_44],0.0
cons[线路潮流约束_75_44],0.0
cons[线路潮流约束_neg_75_44],0.0
cons[线路潮流计算_76_44],0.0
cons[线路潮流约束_76_44],0.0
cons[线路潮流约束_neg_76_44],0.0
cons[正备用约束_44],0.0
cons[负备用约束_44],0.0
cons[系统功率平衡约束_45],-6108.0109999999995
cons[线路潮流计算_0_45],0.0
cons[线路潮流约束_0_45],0.0
cons[线路潮流约束_neg_0_45],0.0
cons[线路潮流计算_1_45],0.0
cons[线路潮流约束_1_45],0.0
cons[线路潮流约束_neg_1_45],0.0
cons[线路潮流计算_2_45],0.0
cons[线路潮流约束_2_45],0.0
cons[线路潮流约束_neg_2_45],0.0
cons[线路潮流计算_3_45],0.0
cons[线路潮流约束_3_45],0.0
cons[线路潮流约束_neg_3_45],0.0
cons[线路潮流计算_4_45],0.0
cons[线路潮流约束_4_45],0.0
cons[线路潮流约束_neg_4_45],0.0
cons[线路潮流计算_5_45],0.0
cons[线路潮流约束_5_45],0.0
cons[线路潮流约束_neg_5_45],0.0
cons[线路潮流计算_6_45],0.0
cons[线路潮流约束_6_45],0.0
cons[线路潮流约束_neg_6_45],0.0
cons[线路潮流计算_7_45],0.0
cons[线路潮流约束_7_45],0.0
cons[线路潮流约束_neg_7_45],0.0
cons[线路潮流计算_8_45],0.0
cons[线路潮流约束_8_45],0.0
cons[线路潮流约束_neg_8_45],0.0
cons[线路潮流计算_9_45],0.0
cons[线路潮流约束_9_45],0.0
cons[线路潮流约束_neg_9_45],0.0
cons[线路潮流计算_10_45],0.0
cons[线路潮流约束_10_45],0.0
cons[线路潮流约束_neg_10_45],0.0
cons[线路潮流计算_11_45],0.0
cons[线路潮流约束_11_45],0.0
cons[线路潮流约束_neg_11_45],0.0
cons[线路潮流计算_12_45],0.0
cons[线路潮流约束_12_45],0.0
cons[线路潮流约束_neg_12_45],0.0
cons[线路潮流计算_13_45],0.0
cons[线路潮流约束_13_45],0.0
cons[线路潮流约束_neg_13_45],0.0
cons[线路潮流计算_14_45],0.0
cons[线路潮流约束_14_45],0.0
cons[线路潮流约束_neg_14_45],0.0
cons[线路潮流计算_15_45],0.0
cons[线路潮流约束_15_45],0.0
cons[线路潮流约束_neg_15_45],0.0
cons[线路潮流计算_16_45],0.0
cons[线路潮流约束_16_45],0.0
cons[线路潮流约束_neg_16_45],0.0
cons[线路潮流计算_17_45],0.0
cons[线路潮流约束_17_45],0.0
cons[线路潮流约束_neg_17_45],0.0
cons[线路潮流计算_18_45],0.0
cons[线路潮流约束_18_45],0.0
cons[线路潮流约束_neg_18_45],0.0
cons[线路潮流计算_19_45],0.0
cons[线路潮流约束_19_45],0.0
cons[线路潮流约束_neg_19_45],0.0
cons[线路潮流计算_20_45],0.0
cons[线路潮流约束_20_45],0.0
cons[线路潮流约束_neg_20_45],0.0
cons[线路潮流计算_21_45],0.0
cons[线路潮流约束_21_45],0.0
cons[线路潮流约束_neg_21_45],0.0
cons[线路潮流计算_22_45],0.0
cons[线路潮流约束_22_45],0.0
cons[线路潮流约束_neg_22_45],0.0
cons[线路潮流计算_23_45],0.0
cons[线路潮流约束_23_45],0.0
cons[线路潮流约束_neg_23_45],0.0
cons[线路潮流计算_24_45],0.0
cons[线路潮流约束_24_45],0.0
cons[线路潮流约束_neg_24_45],0.0
cons[线路潮流计算_25_45],0.0
cons[线路潮流约束_25_45],0.0
cons[线路潮流约束_neg_25_45],0.0
cons[线路潮流计算_26_45],0.0
cons[线路潮流约束_26_45],0.0
cons[线路潮流约束_neg_26_45],0.0
cons[线路潮流计算_27_45],0.0
cons[线路潮流约束_27_45],0.0
cons[线路潮流约束_neg_27_45],0.0
cons[线路潮流计算_28_45],0.0
cons[线路潮流约束_28_45],0.0
cons[线路潮流约束_neg_28_45],0.0
cons[线路潮流计算_29_45],0.0
cons[线路潮流约束_29_45],0.0
cons[线路潮流约束_neg_29_45],0.0
cons[线路潮流计算_30_45],0.0
cons[线路潮流约束_30_45],0.0
cons[线路潮流约束_neg_30_45],0.0
cons[线路潮流计算_31_45],0.0
cons[线路潮流约束_31_45],0.0
cons[线路潮流约束_neg_31_45],0.0
cons[线路潮流计算_32_45],0.0
cons[线路潮流约束_32_45],0.0
cons[线路潮流约束_neg_32_45],0.0
cons[线路潮流计算_33_45],0.0
cons[线路潮流约束_33_45],0.0
cons[线路潮流约束_neg_33_45],0.0
cons[线路潮流计算_34_45],0.0
cons[线路潮流约束_34_45],0.0
cons[线路潮流约束_neg_34_45],0.0
cons[线路潮流计算_35_45],0.0
cons[线路潮流约束_35_45],0.0
cons[线路潮流约束_neg_35_45],0.0
cons[线路潮流计算_36_45],0.0
cons[线路潮流约束_36_45],0.0
cons[线路潮流约束_neg_36_45],0.0
cons[线路潮流计算_37_45],0.0
cons[线路潮流约束_37_45],0.0
cons[线路潮流约束_neg_37_45],0.0
cons[线路潮流计算_38_45],0.0
cons[线路潮流约束_38_45],0.0
cons[线路潮流约束_neg_38_45],0.0
cons[线路潮流计算_39_45],0.0
cons[线路潮流约束_39_45],0.0
cons[线路潮流约束_neg_39_45],0.0
cons[线路潮流计算_40_45],0.0
cons[线路潮流约束_40_45],0.0
cons[线路潮流约束_neg_40_45],0.0
cons[线路潮流计算_41_45],0.0
cons[线路潮流约束_41_45],0.0
cons[线路潮流约束_neg_41_45],0.0
cons[线路潮流计算_42_45],0.0
cons[线路潮流约束_42_45],0.0
cons[线路潮流约束_neg_42_45],0.0
cons[线路潮流计算_43_45],0.0
cons[线路潮流约束_43_45],0.0
cons[线路潮流约束_neg_43_45],0.0
cons[线路潮流计算_44_45],0.0
cons[线路潮流约束_44_45],0.0
cons[线路潮流约束_neg_44_45],0.0
cons[线路潮流计算_45_45],0.0
cons[线路潮流约束_45_45],0.0
cons[线路潮流约束_neg_45_45],0.0
cons[线路潮流计算_46_45],0.0
cons[线路潮流约束_46_45],0.0
cons[线路潮流约束_neg_46_45],0.0
cons[线路潮流计算_47_45],0.0
cons[线路潮流约束_47_45],0.0
cons[线路潮流约束_neg_47_45],0.0
cons[线路潮流计算_48_45],0.0
cons[线路潮流约束_48_45],0.0
cons[线路潮流约束_neg_48_45],0.0
cons[线路潮流计算_49_45],0.0
cons[线路潮流约束_49_45],0.0
cons[线路潮流约束_neg_49_45],0.0
cons[线路潮流计算_50_45],0.0
cons[线路潮流约束_50_45],0.0
cons[线路潮流约束_neg_50_45],0.0
cons[线路潮流计算_51_45],0.0
cons[线路潮流约束_51_45],0.0
cons[线路潮流约束_neg_51_45],0.0
cons[线路潮流计算_52_45],0.0
cons[线路潮流约束_52_45],0.0
cons[线路潮流约束_neg_52_45],0.0
cons[线路潮流计算_53_45],0.0
cons[线路潮流约束_53_45],0.0
cons[线路潮流约束_neg_53_45],0.0
cons[线路潮流计算_54_45],0.0
cons[线路潮流约束_54_45],0.0
cons[线路潮流约束_neg_54_45],0.0
cons[线路潮流计算_55_45],0.0
cons[线路潮流约束_55_45],0.0
cons[线路潮流约束_neg_55_45],0.0
cons[线路潮流计算_56_45],0.0
cons[线路潮流约束_56_45],0.0
cons[线路潮流约束_neg_56_45],0.0
cons[线路潮流计算_57_45],0.0
cons[线路潮流约束_57_45],0.0
cons[线路潮流约束_neg_57_45],0.0
cons[线路潮流计算_58_45],0.0
cons[线路潮流约束_58_45],0.0
cons[线路潮流约束_neg_58_45],0.0
cons[线路潮流计算_59_45],0.0
cons[线路潮流约束_59_45],0.0
cons[线路潮流约束_neg_59_45],0.0
cons[线路潮流计算_60_45],0.0
cons[线路潮流约束_60_45],0.0
cons[线路潮流约束_neg_60_45],0.0
cons[线路潮流计算_61_45],0.0
cons[线路潮流约束_61_45],0.0
cons[线路潮流约束_neg_61_45],0.0
cons[线路潮流计算_62_45],0.0
cons[线路潮流约束_62_45],0.0
cons[线路潮流约束_neg_62_45],0.0
cons[线路潮流计算_63_45],0.0
cons[线路潮流约束_63_45],0.0
cons[线路潮流约束_neg_63_45],0.0
cons[线路潮流计算_64_45],0.0
cons[线路潮流约束_64_45],0.0
cons[线路潮流约束_neg_64_45],0.0
cons[线路潮流计算_65_45],0.0
cons[线路潮流约束_65_45],0.0
cons[线路潮流约束_neg_65_45],0.0
cons[线路潮流计算_66_45],0.0
cons[线路潮流约束_66_45],0.0
cons[线路潮流约束_neg_66_45],0.0
cons[线路潮流计算_67_45],0.0
cons[线路潮流约束_67_45],0.0
cons[线路潮流约束_neg_67_45],0.0
cons[线路潮流计算_68_45],0.0
cons[线路潮流约束_68_45],0.0
cons[线路潮流约束_neg_68_45],0.0
cons[线路潮流计算_69_45],0.0
cons[线路潮流约束_69_45],0.0
cons[线路潮流约束_neg_69_45],0.0
cons[线路潮流计算_70_45],0.0
cons[线路潮流约束_70_45],0.0
cons[线路潮流约束_neg_70_45],0.0
cons[线路潮流计算_71_45],0.0
cons[线路潮流约束_71_45],0.0
cons[线路潮流约束_neg_71_45],0.0
cons[线路潮流计算_72_45],0.0
cons[线路潮流约束_72_45],0.0
cons[线路潮流约束_neg_72_45],0.0
cons[线路潮流计算_73_45],0.0
cons[线路潮流约束_73_45],0.0
cons[线路潮流约束_neg_73_45],0.0
cons[线路潮流计算_74_45],0.0
cons[线路潮流约束_74_45],0.0
cons[线路潮流约束_neg_74_45],0.0
cons[线路潮流计算_75_45],0.0
cons[线路潮流约束_75_45],0.0
cons[线路潮流约束_neg_75_45],0.0
cons[线路潮流计算_76_45],0.0
cons[线路潮流约束_76_45],0.0
cons[线路潮流约束_neg_76_45],0.0
cons[正备用约束_45],0.0
cons[负备用约束_45],0.0
cons[系统功率平衡约束_46],-6108.0109999999995
cons[线路潮流计算_0_46],0.0
cons[线路潮流约束_0_46],0.0
cons[线路潮流约束_neg_0_46],0.0
cons[线路潮流计算_1_46],0.0
cons[线路潮流约束_1_46],0.0
cons[线路潮流约束_neg_1_46],0.0
cons[线路潮流计算_2_46],0.0
cons[线路潮流约束_2_46],0.0
cons[线路潮流约束_neg_2_46],0.0
cons[线路潮流计算_3_46],0.0
cons[线路潮流约束_3_46],0.0
cons[线路潮流约束_neg_3_46],0.0
cons[线路潮流计算_4_46],0.0
cons[线路潮流约束_4_46],0.0
cons[线路潮流约束_neg_4_46],0.0
cons[线路潮流计算_5_46],0.0
cons[线路潮流约束_5_46],0.0
cons[线路潮流约束_neg_5_46],0.0
cons[线路潮流计算_6_46],0.0
cons[线路潮流约束_6_46],0.0
cons[线路潮流约束_neg_6_46],0.0
cons[线路潮流计算_7_46],0.0
cons[线路潮流约束_7_46],0.0
cons[线路潮流约束_neg_7_46],0.0
cons[线路潮流计算_8_46],0.0
cons[线路潮流约束_8_46],0.0
cons[线路潮流约束_neg_8_46],0.0
cons[线路潮流计算_9_46],0.0
cons[线路潮流约束_9_46],0.0
cons[线路潮流约束_neg_9_46],0.0
cons[线路潮流计算_10_46],0.0
cons[线路潮流约束_10_46],0.0
cons[线路潮流约束_neg_10_46],0.0
cons[线路潮流计算_11_46],0.0
cons[线路潮流约束_11_46],0.0
cons[线路潮流约束_neg_11_46],0.0
cons[线路潮流计算_12_46],0.0
cons[线路潮流约束_12_46],0.0
cons[线路潮流约束_neg_12_46],0.0
cons[线路潮流计算_13_46],0.0
cons[线路潮流约束_13_46],0.0
cons[线路潮流约束_neg_13_46],0.0
cons[线路潮流计算_14_46],0.0
cons[线路潮流约束_14_46],0.0
cons[线路潮流约束_neg_14_46],0.0
cons[线路潮流计算_15_46],0.0
cons[线路潮流约束_15_46],0.0
cons[线路潮流约束_neg_15_46],0.0
cons[线路潮流计算_16_46],0.0
cons[线路潮流约束_16_46],0.0
cons[线路潮流约束_neg_16_46],0.0
cons[线路潮流计算_17_46],0.0
cons[线路潮流约束_17_46],0.0
cons[线路潮流约束_neg_17_46],0.0
cons[线路潮流计算_18_46],0.0
cons[线路潮流约束_18_46],0.0
cons[线路潮流约束_neg_18_46],0.0
cons[线路潮流计算_19_46],0.0
cons[线路潮流约束_19_46],0.0
cons[线路潮流约束_neg_19_46],0.0
cons[线路潮流计算_20_46],0.0
cons[线路潮流约束_20_46],0.0
cons[线路潮流约束_neg_20_46],0.0
cons[线路潮流计算_21_46],0.0
cons[线路潮流约束_21_46],0.0
cons[线路潮流约束_neg_21_46],0.0
cons[线路潮流计算_22_46],0.0
cons[线路潮流约束_22_46],0.0
cons[线路潮流约束_neg_22_46],0.0
cons[线路潮流计算_23_46],0.0
cons[线路潮流约束_23_46],0.0
cons[线路潮流约束_neg_23_46],0.0
cons[线路潮流计算_24_46],0.0
cons[线路潮流约束_24_46],0.0
cons[线路潮流约束_neg_24_46],0.0
cons[线路潮流计算_25_46],0.0
cons[线路潮流约束_25_46],0.0
cons[线路潮流约束_neg_25_46],0.0
cons[线路潮流计算_26_46],0.0
cons[线路潮流约束_26_46],0.0
cons[线路潮流约束_neg_26_46],0.0
cons[线路潮流计算_27_46],0.0
cons[线路潮流约束_27_46],0.0
cons[线路潮流约束_neg_27_46],0.0
cons[线路潮流计算_28_46],0.0
cons[线路潮流约束_28_46],0.0
cons[线路潮流约束_neg_28_46],0.0
cons[线路潮流计算_29_46],0.0
cons[线路潮流约束_29_46],0.0
cons[线路潮流约束_neg_29_46],0.0
cons[线路潮流计算_30_46],0.0
cons[线路潮流约束_30_46],0.0
cons[线路潮流约束_neg_30_46],0.0
cons[线路潮流计算_31_46],0.0
cons[线路潮流约束_31_46],0.0
cons[线路潮流约束_neg_31_46],0.0
cons[线路潮流计算_32_46],0.0
cons[线路潮流约束_32_46],0.0
cons[线路潮流约束_neg_32_46],0.0
cons[线路潮流计算_33_46],0.0
cons[线路潮流约束_33_46],0.0
cons[线路潮流约束_neg_33_46],0.0
cons[线路潮流计算_34_46],0.0
cons[线路潮流约束_34_46],0.0
cons[线路潮流约束_neg_34_46],0.0
cons[线路潮流计算_35_46],0.0
cons[线路潮流约束_35_46],0.0
cons[线路潮流约束_neg_35_46],0.0
cons[线路潮流计算_36_46],0.0
cons[线路潮流约束_36_46],0.0
cons[线路潮流约束_neg_36_46],0.0
cons[线路潮流计算_37_46],0.0
cons[线路潮流约束_37_46],0.0
cons[线路潮流约束_neg_37_46],0.0
cons[线路潮流计算_38_46],0.0
cons[线路潮流约束_38_46],0.0
cons[线路潮流约束_neg_38_46],0.0
cons[线路潮流计算_39_46],0.0
cons[线路潮流约束_39_46],0.0
cons[线路潮流约束_neg_39_46],0.0
cons[线路潮流计算_40_46],0.0
cons[线路潮流约束_40_46],0.0
cons[线路潮流约束_neg_40_46],0.0
cons[线路潮流计算_41_46],0.0
cons[线路潮流约束_41_46],0.0
cons[线路潮流约束_neg_41_46],0.0
cons[线路潮流计算_42_46],0.0
cons[线路潮流约束_42_46],0.0
cons[线路潮流约束_neg_42_46],0.0
cons[线路潮流计算_43_46],0.0
cons[线路潮流约束_43_46],0.0
cons[线路潮流约束_neg_43_46],0.0
cons[线路潮流计算_44_46],0.0
cons[线路潮流约束_44_46],0.0
cons[线路潮流约束_neg_44_46],0.0
cons[线路潮流计算_45_46],0.0
cons[线路潮流约束_45_46],0.0
cons[线路潮流约束_neg_45_46],0.0
cons[线路潮流计算_46_46],0.0
cons[线路潮流约束_46_46],0.0
cons[线路潮流约束_neg_46_46],0.0
cons[线路潮流计算_47_46],0.0
cons[线路潮流约束_47_46],0.0
cons[线路潮流约束_neg_47_46],0.0
cons[线路潮流计算_48_46],0.0
cons[线路潮流约束_48_46],0.0
cons[线路潮流约束_neg_48_46],0.0
cons[线路潮流计算_49_46],0.0
cons[线路潮流约束_49_46],0.0
cons[线路潮流约束_neg_49_46],0.0
cons[线路潮流计算_50_46],0.0
cons[线路潮流约束_50_46],0.0
cons[线路潮流约束_neg_50_46],0.0
cons[线路潮流计算_51_46],0.0
cons[线路潮流约束_51_46],0.0
cons[线路潮流约束_neg_51_46],0.0
cons[线路潮流计算_52_46],0.0
cons[线路潮流约束_52_46],0.0
cons[线路潮流约束_neg_52_46],0.0
cons[线路潮流计算_53_46],0.0
cons[线路潮流约束_53_46],0.0
cons[线路潮流约束_neg_53_46],0.0
cons[线路潮流计算_54_46],0.0
cons[线路潮流约束_54_46],0.0
cons[线路潮流约束_neg_54_46],0.0
cons[线路潮流计算_55_46],0.0
cons[线路潮流约束_55_46],0.0
cons[线路潮流约束_neg_55_46],0.0
cons[线路潮流计算_56_46],0.0
cons[线路潮流约束_56_46],0.0
cons[线路潮流约束_neg_56_46],0.0
cons[线路潮流计算_57_46],0.0
cons[线路潮流约束_57_46],0.0
cons[线路潮流约束_neg_57_46],0.0
cons[线路潮流计算_58_46],0.0
cons[线路潮流约束_58_46],0.0
cons[线路潮流约束_neg_58_46],0.0
cons[线路潮流计算_59_46],0.0
cons[线路潮流约束_59_46],0.0
cons[线路潮流约束_neg_59_46],0.0
cons[线路潮流计算_60_46],0.0
cons[线路潮流约束_60_46],0.0
cons[线路潮流约束_neg_60_46],0.0
cons[线路潮流计算_61_46],0.0
cons[线路潮流约束_61_46],0.0
cons[线路潮流约束_neg_61_46],0.0
cons[线路潮流计算_62_46],0.0
cons[线路潮流约束_62_46],0.0
cons[线路潮流约束_neg_62_46],0.0
cons[线路潮流计算_63_46],0.0
cons[线路潮流约束_63_46],0.0
cons[线路潮流约束_neg_63_46],0.0
cons[线路潮流计算_64_46],0.0
cons[线路潮流约束_64_46],0.0
cons[线路潮流约束_neg_64_46],0.0
cons[线路潮流计算_65_46],0.0
cons[线路潮流约束_65_46],0.0
cons[线路潮流约束_neg_65_46],0.0
cons[线路潮流计算_66_46],0.0
cons[线路潮流约束_66_46],0.0
cons[线路潮流约束_neg_66_46],0.0
cons[线路潮流计算_67_46],0.0
cons[线路潮流约束_67_46],0.0
cons[线路潮流约束_neg_67_46],0.0
cons[线路潮流计算_68_46],0.0
cons[线路潮流约束_68_46],0.0
cons[线路潮流约束_neg_68_46],0.0
cons[线路潮流计算_69_46],0.0
cons[线路潮流约束_69_46],0.0
cons[线路潮流约束_neg_69_46],0.0
cons[线路潮流计算_70_46],0.0
cons[线路潮流约束_70_46],0.0
cons[线路潮流约束_neg_70_46],0.0
cons[线路潮流计算_71_46],0.0
cons[线路潮流约束_71_46],0.0
cons[线路潮流约束_neg_71_46],0.0
cons[线路潮流计算_72_46],0.0
cons[线路潮流约束_72_46],0.0
cons[线路潮流约束_neg_72_46],0.0
cons[线路潮流计算_73_46],0.0
cons[线路潮流约束_73_46],0.0
cons[线路潮流约束_neg_73_46],0.0
cons[线路潮流计算_74_46],0.0
cons[线路潮流约束_74_46],0.0
cons[线路潮流约束_neg_74_46],0.0
cons[线路潮流计算_75_46],0.0
cons[线路潮流约束_75_46],0.0
cons[线路潮流约束_neg_75_46],0.0
cons[线路潮流计算_76_46],0.0
cons[线路潮流约束_76_46],0.0
cons[线路潮流约束_neg_76_46],0.0
cons[正备用约束_46],0.0
cons[负备用约束_46],0.0
cons[系统功率平衡约束_47],-6108.0109999999995
cons[线路潮流计算_0_47],0.0
cons[线路潮流约束_0_47],0.0
cons[线路潮流约束_neg_0_47],0.0
cons[线路潮流计算_1_47],0.0
cons[线路潮流约束_1_47],0.0
cons[线路潮流约束_neg_1_47],0.0
cons[线路潮流计算_2_47],0.0
cons[线路潮流约束_2_47],0.0
cons[线路潮流约束_neg_2_47],0.0
cons[线路潮流计算_3_47],0.0
cons[线路潮流约束_3_47],0.0
cons[线路潮流约束_neg_3_47],0.0
cons[线路潮流计算_4_47],0.0
cons[线路潮流约束_4_47],0.0
cons[线路潮流约束_neg_4_47],0.0
cons[线路潮流计算_5_47],0.0
cons[线路潮流约束_5_47],0.0
cons[线路潮流约束_neg_5_47],0.0
cons[线路潮流计算_6_47],0.0
cons[线路潮流约束_6_47],0.0
cons[线路潮流约束_neg_6_47],0.0
cons[线路潮流计算_7_47],0.0
cons[线路潮流约束_7_47],0.0
cons[线路潮流约束_neg_7_47],0.0
cons[线路潮流计算_8_47],0.0
cons[线路潮流约束_8_47],0.0
cons[线路潮流约束_neg_8_47],0.0
cons[线路潮流计算_9_47],0.0
cons[线路潮流约束_9_47],0.0
cons[线路潮流约束_neg_9_47],0.0
cons[线路潮流计算_10_47],0.0
cons[线路潮流约束_10_47],0.0
cons[线路潮流约束_neg_10_47],0.0
cons[线路潮流计算_11_47],0.0
cons[线路潮流约束_11_47],0.0
cons[线路潮流约束_neg_11_47],0.0
cons[线路潮流计算_12_47],0.0
cons[线路潮流约束_12_47],0.0
cons[线路潮流约束_neg_12_47],0.0
cons[线路潮流计算_13_47],0.0
cons[线路潮流约束_13_47],0.0
cons[线路潮流约束_neg_13_47],0.0
cons[线路潮流计算_14_47],0.0
cons[线路潮流约束_14_47],0.0
cons[线路潮流约束_neg_14_47],0.0
cons[线路潮流计算_15_47],0.0
cons[线路潮流约束_15_47],0.0
cons[线路潮流约束_neg_15_47],0.0
cons[线路潮流计算_16_47],0.0
cons[线路潮流约束_16_47],0.0
cons[线路潮流约束_neg_16_47],0.0
cons[线路潮流计算_17_47],0.0
cons[线路潮流约束_17_47],0.0
cons[线路潮流约束_neg_17_47],0.0
cons[线路潮流计算_18_47],0.0
cons[线路潮流约束_18_47],0.0
cons[线路潮流约束_neg_18_47],0.0
cons[线路潮流计算_19_47],0.0
cons[线路潮流约束_19_47],0.0
cons[线路潮流约束_neg_19_47],0.0
cons[线路潮流计算_20_47],0.0
cons[线路潮流约束_20_47],0.0
cons[线路潮流约束_neg_20_47],0.0
cons[线路潮流计算_21_47],0.0
cons[线路潮流约束_21_47],0.0
cons[线路潮流约束_neg_21_47],0.0
cons[线路潮流计算_22_47],0.0
cons[线路潮流约束_22_47],0.0
cons[线路潮流约束_neg_22_47],0.0
cons[线路潮流计算_23_47],0.0
cons[线路潮流约束_23_47],0.0
cons[线路潮流约束_neg_23_47],0.0
cons[线路潮流计算_24_47],0.0
cons[线路潮流约束_24_47],0.0
cons[线路潮流约束_neg_24_47],0.0
cons[线路潮流计算_25_47],0.0
cons[线路潮流约束_25_47],0.0
cons[线路潮流约束_neg_25_47],0.0
cons[线路潮流计算_26_47],0.0
cons[线路潮流约束_26_47],0.0
cons[线路潮流约束_neg_26_47],0.0
cons[线路潮流计算_27_47],0.0
cons[线路潮流约束_27_47],0.0
cons[线路潮流约束_neg_27_47],0.0
cons[线路潮流计算_28_47],0.0
cons[线路潮流约束_28_47],0.0
cons[线路潮流约束_neg_28_47],0.0
cons[线路潮流计算_29_47],0.0
cons[线路潮流约束_29_47],0.0
cons[线路潮流约束_neg_29_47],0.0
cons[线路潮流计算_30_47],0.0
cons[线路潮流约束_30_47],0.0
cons[线路潮流约束_neg_30_47],0.0
cons[线路潮流计算_31_47],0.0
cons[线路潮流约束_31_47],0.0
cons[线路潮流约束_neg_31_47],0.0
cons[线路潮流计算_32_47],0.0
cons[线路潮流约束_32_47],0.0
cons[线路潮流约束_neg_32_47],0.0
cons[线路潮流计算_33_47],0.0
cons[线路潮流约束_33_47],0.0
cons[线路潮流约束_neg_33_47],0.0
cons[线路潮流计算_34_47],0.0
cons[线路潮流约束_34_47],0.0
cons[线路潮流约束_neg_34_47],0.0
cons[线路潮流计算_35_47],0.0
cons[线路潮流约束_35_47],0.0
cons[线路潮流约束_neg_35_47],0.0
cons[线路潮流计算_36_47],0.0
cons[线路潮流约束_36_47],0.0
cons[线路潮流约束_neg_36_47],0.0
cons[线路潮流计算_37_47],0.0
cons[线路潮流约束_37_47],0.0
cons[线路潮流约束_neg_37_47],0.0
cons[线路潮流计算_38_47],0.0
cons[线路潮流约束_38_47],0.0
cons[线路潮流约束_neg_38_47],0.0
cons[线路潮流计算_39_47],0.0
cons[线路潮流约束_39_47],0.0
cons[线路潮流约束_neg_39_47],0.0
cons[线路潮流计算_40_47],0.0
cons[线路潮流约束_40_47],0.0
cons[线路潮流约束_neg_40_47],0.0
cons[线路潮流计算_41_47],0.0
cons[线路潮流约束_41_47],0.0
cons[线路潮流约束_neg_41_47],0.0
cons[线路潮流计算_42_47],0.0
cons[线路潮流约束_42_47],0.0
cons[线路潮流约束_neg_42_47],0.0
cons[线路潮流计算_43_47],0.0
cons[线路潮流约束_43_47],0.0
cons[线路潮流约束_neg_43_47],0.0
cons[线路潮流计算_44_47],0.0
cons[线路潮流约束_44_47],0.0
cons[线路潮流约束_neg_44_47],0.0
cons[线路潮流计算_45_47],0.0
cons[线路潮流约束_45_47],0.0
cons[线路潮流约束_neg_45_47],0.0
cons[线路潮流计算_46_47],0.0
cons[线路潮流约束_46_47],0.0
cons[线路潮流约束_neg_46_47],0.0
cons[线路潮流计算_47_47],0.0
cons[线路潮流约束_47_47],0.0
cons[线路潮流约束_neg_47_47],0.0
cons[线路潮流计算_48_47],0.0
cons[线路潮流约束_48_47],0.0
cons[线路潮流约束_neg_48_47],0.0
cons[线路潮流计算_49_47],0.0
cons[线路潮流约束_49_47],0.0
cons[线路潮流约束_neg_49_47],0.0
cons[线路潮流计算_50_47],0.0
cons[线路潮流约束_50_47],0.0
cons[线路潮流约束_neg_50_47],0.0
cons[线路潮流计算_51_47],0.0
cons[线路潮流约束_51_47],0.0
cons[线路潮流约束_neg_51_47],0.0
cons[线路潮流计算_52_47],0.0
cons[线路潮流约束_52_47],0.0
cons[线路潮流约束_neg_52_47],0.0
cons[线路潮流计算_53_47],0.0
cons[线路潮流约束_53_47],0.0
cons[线路潮流约束_neg_53_47],0.0
cons[线路潮流计算_54_47],0.0
cons[线路潮流约束_54_47],0.0
cons[线路潮流约束_neg_54_47],0.0
cons[线路潮流计算_55_47],0.0
cons[线路潮流约束_55_47],0.0
cons[线路潮流约束_neg_55_47],0.0
cons[线路潮流计算_56_47],0.0
cons[线路潮流约束_56_47],0.0
cons[线路潮流约束_neg_56_47],0.0
cons[线路潮流计算_57_47],0.0
cons[线路潮流约束_57_47],0.0
cons[线路潮流约束_neg_57_47],0.0
cons[线路潮流计算_58_47],0.0
cons[线路潮流约束_58_47],0.0
cons[线路潮流约束_neg_58_47],0.0
cons[线路潮流计算_59_47],0.0
cons[线路潮流约束_59_47],0.0
cons[线路潮流约束_neg_59_47],0.0
cons[线路潮流计算_60_47],0.0
cons[线路潮流约束_60_47],0.0
cons[线路潮流约束_neg_60_47],0.0
cons[线路潮流计算_61_47],0.0
cons[线路潮流约束_61_47],0.0
cons[线路潮流约束_neg_61_47],0.0
cons[线路潮流计算_62_47],0.0
cons[线路潮流约束_62_47],0.0
cons[线路潮流约束_neg_62_47],0.0
cons[线路潮流计算_63_47],0.0
cons[线路潮流约束_63_47],0.0
cons[线路潮流约束_neg_63_47],0.0
cons[线路潮流计算_64_47],0.0
cons[线路潮流约束_64_47],0.0
cons[线路潮流约束_neg_64_47],0.0
cons[线路潮流计算_65_47],0.0
cons[线路潮流约束_65_47],0.0
cons[线路潮流约束_neg_65_47],0.0
cons[线路潮流计算_66_47],0.0
cons[线路潮流约束_66_47],0.0
cons[线路潮流约束_neg_66_47],0.0
cons[线路潮流计算_67_47],0.0
cons[线路潮流约束_67_47],0.0
cons[线路潮流约束_neg_67_47],0.0
cons[线路潮流计算_68_47],0.0
cons[线路潮流约束_68_47],0.0
cons[线路潮流约束_neg_68_47],0.0
cons[线路潮流计算_69_47],0.0
cons[线路潮流约束_69_47],0.0
cons[线路潮流约束_neg_69_47],0.0
cons[线路潮流计算_70_47],0.0
cons[线路潮流约束_70_47],0.0
cons[线路潮流约束_neg_70_47],0.0
cons[线路潮流计算_71_47],0.0
cons[线路潮流约束_71_47],0.0
cons[线路潮流约束_neg_71_47],0.0
cons[线路潮流计算_72_47],0.0
cons[线路潮流约束_72_47],0.0
cons[线路潮流约束_neg_72_47],0.0
cons[线路潮流计算_73_47],0.0
cons[线路潮流约束_73_47],0.0
cons[线路潮流约束_neg_73_47],0.0
cons[线路潮流计算_74_47],0.0
cons[线路潮流约束_74_47],0.0
cons[线路潮流约束_neg_74_47],0.0
cons[线路潮流计算_75_47],0.0
cons[线路潮流约束_75_47],0.0
cons[线路潮流约束_neg_75_47],0.0
cons[线路潮流计算_76_47],0.0
cons[线路潮流约束_76_47],0.0
cons[线路潮流约束_neg_76_47],0.0
cons[正备用约束_47],0.0
cons[负备用约束_47],0.0
cons[系统功率平衡约束_48],-6108.0109999999995
cons[线路潮流计算_0_48],0.0
cons[线路潮流约束_0_48],0.0
cons[线路潮流约束_neg_0_48],0.0
cons[线路潮流计算_1_48],0.0
cons[线路潮流约束_1_48],0.0
cons[线路潮流约束_neg_1_48],0.0
cons[线路潮流计算_2_48],0.0
cons[线路潮流约束_2_48],0.0
cons[线路潮流约束_neg_2_48],0.0
cons[线路潮流计算_3_48],0.0
cons[线路潮流约束_3_48],0.0
cons[线路潮流约束_neg_3_48],0.0
cons[线路潮流计算_4_48],0.0
cons[线路潮流约束_4_48],0.0
cons[线路潮流约束_neg_4_48],0.0
cons[线路潮流计算_5_48],0.0
cons[线路潮流约束_5_48],0.0
cons[线路潮流约束_neg_5_48],0.0
cons[线路潮流计算_6_48],0.0
cons[线路潮流约束_6_48],0.0
cons[线路潮流约束_neg_6_48],0.0
cons[线路潮流计算_7_48],0.0
cons[线路潮流约束_7_48],0.0
cons[线路潮流约束_neg_7_48],0.0
cons[线路潮流计算_8_48],0.0
cons[线路潮流约束_8_48],0.0
cons[线路潮流约束_neg_8_48],0.0
cons[线路潮流计算_9_48],0.0
cons[线路潮流约束_9_48],0.0
cons[线路潮流约束_neg_9_48],0.0
cons[线路潮流计算_10_48],0.0
cons[线路潮流约束_10_48],0.0
cons[线路潮流约束_neg_10_48],0.0
cons[线路潮流计算_11_48],0.0
cons[线路潮流约束_11_48],0.0
cons[线路潮流约束_neg_11_48],0.0
cons[线路潮流计算_12_48],0.0
cons[线路潮流约束_12_48],0.0
cons[线路潮流约束_neg_12_48],0.0
cons[线路潮流计算_13_48],0.0
cons[线路潮流约束_13_48],0.0
cons[线路潮流约束_neg_13_48],0.0
cons[线路潮流计算_14_48],0.0
cons[线路潮流约束_14_48],0.0
cons[线路潮流约束_neg_14_48],0.0
cons[线路潮流计算_15_48],0.0
cons[线路潮流约束_15_48],0.0
cons[线路潮流约束_neg_15_48],0.0
cons[线路潮流计算_16_48],0.0
cons[线路潮流约束_16_48],0.0
cons[线路潮流约束_neg_16_48],0.0
cons[线路潮流计算_17_48],0.0
cons[线路潮流约束_17_48],0.0
cons[线路潮流约束_neg_17_48],0.0
cons[线路潮流计算_18_48],0.0
cons[线路潮流约束_18_48],0.0
cons[线路潮流约束_neg_18_48],0.0
cons[线路潮流计算_19_48],0.0
cons[线路潮流约束_19_48],0.0
cons[线路潮流约束_neg_19_48],0.0
cons[线路潮流计算_20_48],0.0
cons[线路潮流约束_20_48],0.0
cons[线路潮流约束_neg_20_48],0.0
cons[线路潮流计算_21_48],0.0
cons[线路潮流约束_21_48],0.0
cons[线路潮流约束_neg_21_48],0.0
cons[线路潮流计算_22_48],0.0
cons[线路潮流约束_22_48],0.0
cons[线路潮流约束_neg_22_48],0.0
cons[线路潮流计算_23_48],0.0
cons[线路潮流约束_23_48],0.0
cons[线路潮流约束_neg_23_48],0.0
cons[线路潮流计算_24_48],0.0
cons[线路潮流约束_24_48],0.0
cons[线路潮流约束_neg_24_48],0.0
cons[线路潮流计算_25_48],0.0
cons[线路潮流约束_25_48],0.0
cons[线路潮流约束_neg_25_48],0.0
cons[线路潮流计算_26_48],0.0
cons[线路潮流约束_26_48],0.0
cons[线路潮流约束_neg_26_48],0.0
cons[线路潮流计算_27_48],0.0
cons[线路潮流约束_27_48],0.0
cons[线路潮流约束_neg_27_48],0.0
cons[线路潮流计算_28_48],0.0
cons[线路潮流约束_28_48],0.0
cons[线路潮流约束_neg_28_48],0.0
cons[线路潮流计算_29_48],0.0
cons[线路潮流约束_29_48],0.0
cons[线路潮流约束_neg_29_48],0.0
cons[线路潮流计算_30_48],0.0
cons[线路潮流约束_30_48],0.0
cons[线路潮流约束_neg_30_48],0.0
cons[线路潮流计算_31_48],0.0
cons[线路潮流约束_31_48],0.0
cons[线路潮流约束_neg_31_48],0.0
cons[线路潮流计算_32_48],0.0
cons[线路潮流约束_32_48],0.0
cons[线路潮流约束_neg_32_48],0.0
cons[线路潮流计算_33_48],0.0
cons[线路潮流约束_33_48],0.0
cons[线路潮流约束_neg_33_48],0.0
cons[线路潮流计算_34_48],0.0
cons[线路潮流约束_34_48],0.0
cons[线路潮流约束_neg_34_48],0.0
cons[线路潮流计算_35_48],0.0
cons[线路潮流约束_35_48],0.0
cons[线路潮流约束_neg_35_48],0.0
cons[线路潮流计算_36_48],0.0
cons[线路潮流约束_36_48],0.0
cons[线路潮流约束_neg_36_48],0.0
cons[线路潮流计算_37_48],0.0
cons[线路潮流约束_37_48],0.0
cons[线路潮流约束_neg_37_48],0.0
cons[线路潮流计算_38_48],0.0
cons[线路潮流约束_38_48],0.0
cons[线路潮流约束_neg_38_48],0.0
cons[线路潮流计算_39_48],0.0
cons[线路潮流约束_39_48],0.0
cons[线路潮流约束_neg_39_48],0.0
cons[线路潮流计算_40_48],0.0
cons[线路潮流约束_40_48],0.0
cons[线路潮流约束_neg_40_48],0.0
cons[线路潮流计算_41_48],0.0
cons[线路潮流约束_41_48],0.0
cons[线路潮流约束_neg_41_48],0.0
cons[线路潮流计算_42_48],0.0
cons[线路潮流约束_42_48],0.0
cons[线路潮流约束_neg_42_48],0.0
cons[线路潮流计算_43_48],0.0
cons[线路潮流约束_43_48],0.0
cons[线路潮流约束_neg_43_48],0.0
cons[线路潮流计算_44_48],0.0
cons[线路潮流约束_44_48],0.0
cons[线路潮流约束_neg_44_48],0.0
cons[线路潮流计算_45_48],0.0
cons[线路潮流约束_45_48],0.0
cons[线路潮流约束_neg_45_48],0.0
cons[线路潮流计算_46_48],0.0
cons[线路潮流约束_46_48],0.0
cons[线路潮流约束_neg_46_48],0.0
cons[线路潮流计算_47_48],0.0
cons[线路潮流约束_47_48],0.0
cons[线路潮流约束_neg_47_48],0.0
cons[线路潮流计算_48_48],0.0
cons[线路潮流约束_48_48],0.0
cons[线路潮流约束_neg_48_48],0.0
cons[线路潮流计算_49_48],0.0
cons[线路潮流约束_49_48],0.0
cons[线路潮流约束_neg_49_48],0.0
cons[线路潮流计算_50_48],0.0
cons[线路潮流约束_50_48],0.0
cons[线路潮流约束_neg_50_48],0.0
cons[线路潮流计算_51_48],0.0
cons[线路潮流约束_51_48],0.0
cons[线路潮流约束_neg_51_48],0.0
cons[线路潮流计算_52_48],0.0
cons[线路潮流约束_52_48],0.0
cons[线路潮流约束_neg_52_48],0.0
cons[线路潮流计算_53_48],0.0
cons[线路潮流约束_53_48],0.0
cons[线路潮流约束_neg_53_48],0.0
cons[线路潮流计算_54_48],0.0
cons[线路潮流约束_54_48],0.0
cons[线路潮流约束_neg_54_48],0.0
cons[线路潮流计算_55_48],0.0
cons[线路潮流约束_55_48],0.0
cons[线路潮流约束_neg_55_48],0.0
cons[线路潮流计算_56_48],0.0
cons[线路潮流约束_56_48],0.0
cons[线路潮流约束_neg_56_48],0.0
cons[线路潮流计算_57_48],0.0
cons[线路潮流约束_57_48],0.0
cons[线路潮流约束_neg_57_48],0.0
cons[线路潮流计算_58_48],0.0
cons[线路潮流约束_58_48],0.0
cons[线路潮流约束_neg_58_48],0.0
cons[线路潮流计算_59_48],0.0
cons[线路潮流约束_59_48],0.0
cons[线路潮流约束_neg_59_48],0.0
cons[线路潮流计算_60_48],0.0
cons[线路潮流约束_60_48],0.0
cons[线路潮流约束_neg_60_48],0.0
cons[线路潮流计算_61_48],0.0
cons[线路潮流约束_61_48],0.0
cons[线路潮流约束_neg_61_48],0.0
cons[线路潮流计算_62_48],0.0
cons[线路潮流约束_62_48],0.0
cons[线路潮流约束_neg_62_48],0.0
cons[线路潮流计算_63_48],0.0
cons[线路潮流约束_63_48],0.0
cons[线路潮流约束_neg_63_48],0.0
cons[线路潮流计算_64_48],0.0
cons[线路潮流约束_64_48],0.0
cons[线路潮流约束_neg_64_48],0.0
cons[线路潮流计算_65_48],0.0
cons[线路潮流约束_65_48],0.0
cons[线路潮流约束_neg_65_48],0.0
cons[线路潮流计算_66_48],0.0
cons[线路潮流约束_66_48],0.0
cons[线路潮流约束_neg_66_48],0.0
cons[线路潮流计算_67_48],0.0
cons[线路潮流约束_67_48],0.0
cons[线路潮流约束_neg_67_48],0.0
cons[线路潮流计算_68_48],0.0
cons[线路潮流约束_68_48],0.0
cons[线路潮流约束_neg_68_48],0.0
cons[线路潮流计算_69_48],0.0
cons[线路潮流约束_69_48],0.0
cons[线路潮流约束_neg_69_48],0.0
cons[线路潮流计算_70_48],0.0
cons[线路潮流约束_70_48],0.0
cons[线路潮流约束_neg_70_48],0.0
cons[线路潮流计算_71_48],0.0
cons[线路潮流约束_71_48],0.0
cons[线路潮流约束_neg_71_48],0.0
cons[线路潮流计算_72_48],0.0
cons[线路潮流约束_72_48],0.0
cons[线路潮流约束_neg_72_48],0.0
cons[线路潮流计算_73_48],0.0
cons[线路潮流约束_73_48],0.0
cons[线路潮流约束_neg_73_48],0.0
cons[线路潮流计算_74_48],0.0
cons[线路潮流约束_74_48],0.0
cons[线路潮流约束_neg_74_48],0.0
cons[线路潮流计算_75_48],0.0
cons[线路潮流约束_75_48],0.0
cons[线路潮流约束_neg_75_48],0.0
cons[线路潮流计算_76_48],0.0
cons[线路潮流约束_76_48],0.0
cons[线路潮流约束_neg_76_48],0.0
cons[正备用约束_48],0.0
cons[负备用约束_48],0.0
cons[系统功率平衡约束_49],-6108.0109999999995
cons[线路潮流计算_0_49],0.0
cons[线路潮流约束_0_49],0.0
cons[线路潮流约束_neg_0_49],0.0
cons[线路潮流计算_1_49],0.0
cons[线路潮流约束_1_49],0.0
cons[线路潮流约束_neg_1_49],0.0
cons[线路潮流计算_2_49],0.0
cons[线路潮流约束_2_49],0.0
cons[线路潮流约束_neg_2_49],0.0
cons[线路潮流计算_3_49],0.0
cons[线路潮流约束_3_49],0.0
cons[线路潮流约束_neg_3_49],0.0
cons[线路潮流计算_4_49],0.0
cons[线路潮流约束_4_49],0.0
cons[线路潮流约束_neg_4_49],0.0
cons[线路潮流计算_5_49],0.0
cons[线路潮流约束_5_49],0.0
cons[线路潮流约束_neg_5_49],0.0
cons[线路潮流计算_6_49],0.0
cons[线路潮流约束_6_49],0.0
cons[线路潮流约束_neg_6_49],0.0
cons[线路潮流计算_7_49],0.0
cons[线路潮流约束_7_49],0.0
cons[线路潮流约束_neg_7_49],0.0
cons[线路潮流计算_8_49],0.0
cons[线路潮流约束_8_49],0.0
cons[线路潮流约束_neg_8_49],0.0
cons[线路潮流计算_9_49],0.0
cons[线路潮流约束_9_49],0.0
cons[线路潮流约束_neg_9_49],0.0
cons[线路潮流计算_10_49],0.0
cons[线路潮流约束_10_49],0.0
cons[线路潮流约束_neg_10_49],0.0
cons[线路潮流计算_11_49],0.0
cons[线路潮流约束_11_49],0.0
cons[线路潮流约束_neg_11_49],0.0
cons[线路潮流计算_12_49],0.0
cons[线路潮流约束_12_49],0.0
cons[线路潮流约束_neg_12_49],0.0
cons[线路潮流计算_13_49],0.0
cons[线路潮流约束_13_49],0.0
cons[线路潮流约束_neg_13_49],0.0
cons[线路潮流计算_14_49],0.0
cons[线路潮流约束_14_49],0.0
cons[线路潮流约束_neg_14_49],0.0
cons[线路潮流计算_15_49],0.0
cons[线路潮流约束_15_49],0.0
cons[线路潮流约束_neg_15_49],0.0
cons[线路潮流计算_16_49],0.0
cons[线路潮流约束_16_49],0.0
cons[线路潮流约束_neg_16_49],0.0
cons[线路潮流计算_17_49],0.0
cons[线路潮流约束_17_49],0.0
cons[线路潮流约束_neg_17_49],0.0
cons[线路潮流计算_18_49],0.0
cons[线路潮流约束_18_49],0.0
cons[线路潮流约束_neg_18_49],0.0
cons[线路潮流计算_19_49],0.0
cons[线路潮流约束_19_49],0.0
cons[线路潮流约束_neg_19_49],0.0
cons[线路潮流计算_20_49],0.0
cons[线路潮流约束_20_49],0.0
cons[线路潮流约束_neg_20_49],0.0
cons[线路潮流计算_21_49],0.0
cons[线路潮流约束_21_49],0.0
cons[线路潮流约束_neg_21_49],0.0
cons[线路潮流计算_22_49],0.0
cons[线路潮流约束_22_49],0.0
cons[线路潮流约束_neg_22_49],0.0
cons[线路潮流计算_23_49],0.0
cons[线路潮流约束_23_49],0.0
cons[线路潮流约束_neg_23_49],0.0
cons[线路潮流计算_24_49],0.0
cons[线路潮流约束_24_49],0.0
cons[线路潮流约束_neg_24_49],0.0
cons[线路潮流计算_25_49],0.0
cons[线路潮流约束_25_49],0.0
cons[线路潮流约束_neg_25_49],0.0
cons[线路潮流计算_26_49],0.0
cons[线路潮流约束_26_49],0.0
cons[线路潮流约束_neg_26_49],0.0
cons[线路潮流计算_27_49],0.0
cons[线路潮流约束_27_49],0.0
cons[线路潮流约束_neg_27_49],0.0
cons[线路潮流计算_28_49],0.0
cons[线路潮流约束_28_49],0.0
cons[线路潮流约束_neg_28_49],0.0
cons[线路潮流计算_29_49],0.0
cons[线路潮流约束_29_49],0.0
cons[线路潮流约束_neg_29_49],0.0
cons[线路潮流计算_30_49],0.0
cons[线路潮流约束_30_49],0.0
cons[线路潮流约束_neg_30_49],0.0
cons[线路潮流计算_31_49],0.0
cons[线路潮流约束_31_49],0.0
cons[线路潮流约束_neg_31_49],0.0
cons[线路潮流计算_32_49],0.0
cons[线路潮流约束_32_49],0.0
cons[线路潮流约束_neg_32_49],0.0
cons[线路潮流计算_33_49],0.0
cons[线路潮流约束_33_49],0.0
cons[线路潮流约束_neg_33_49],0.0
cons[线路潮流计算_34_49],0.0
cons[线路潮流约束_34_49],0.0
cons[线路潮流约束_neg_34_49],0.0
cons[线路潮流计算_35_49],0.0
cons[线路潮流约束_35_49],0.0
cons[线路潮流约束_neg_35_49],0.0
cons[线路潮流计算_36_49],0.0
cons[线路潮流约束_36_49],0.0
cons[线路潮流约束_neg_36_49],0.0
cons[线路潮流计算_37_49],0.0
cons[线路潮流约束_37_49],0.0
cons[线路潮流约束_neg_37_49],0.0
cons[线路潮流计算_38_49],0.0
cons[线路潮流约束_38_49],0.0
cons[线路潮流约束_neg_38_49],0.0
cons[线路潮流计算_39_49],0.0
cons[线路潮流约束_39_49],0.0
cons[线路潮流约束_neg_39_49],0.0
cons[线路潮流计算_40_49],0.0
cons[线路潮流约束_40_49],0.0
cons[线路潮流约束_neg_40_49],0.0
cons[线路潮流计算_41_49],0.0
cons[线路潮流约束_41_49],0.0
cons[线路潮流约束_neg_41_49],0.0
cons[线路潮流计算_42_49],0.0
cons[线路潮流约束_42_49],0.0
cons[线路潮流约束_neg_42_49],0.0
cons[线路潮流计算_43_49],0.0
cons[线路潮流约束_43_49],0.0
cons[线路潮流约束_neg_43_49],0.0
cons[线路潮流计算_44_49],0.0
cons[线路潮流约束_44_49],0.0
cons[线路潮流约束_neg_44_49],0.0
cons[线路潮流计算_45_49],0.0
cons[线路潮流约束_45_49],0.0
cons[线路潮流约束_neg_45_49],0.0
cons[线路潮流计算_46_49],0.0
cons[线路潮流约束_46_49],0.0
cons[线路潮流约束_neg_46_49],0.0
cons[线路潮流计算_47_49],0.0
cons[线路潮流约束_47_49],0.0
cons[线路潮流约束_neg_47_49],0.0
cons[线路潮流计算_48_49],0.0
cons[线路潮流约束_48_49],0.0
cons[线路潮流约束_neg_48_49],0.0
cons[线路潮流计算_49_49],0.0
cons[线路潮流约束_49_49],0.0
cons[线路潮流约束_neg_49_49],0.0
cons[线路潮流计算_50_49],0.0
cons[线路潮流约束_50_49],0.0
cons[线路潮流约束_neg_50_49],0.0
cons[线路潮流计算_51_49],0.0
cons[线路潮流约束_51_49],0.0
cons[线路潮流约束_neg_51_49],0.0
cons[线路潮流计算_52_49],0.0
cons[线路潮流约束_52_49],0.0
cons[线路潮流约束_neg_52_49],0.0
cons[线路潮流计算_53_49],0.0
cons[线路潮流约束_53_49],0.0
cons[线路潮流约束_neg_53_49],0.0
cons[线路潮流计算_54_49],0.0
cons[线路潮流约束_54_49],0.0
cons[线路潮流约束_neg_54_49],0.0
cons[线路潮流计算_55_49],0.0
cons[线路潮流约束_55_49],0.0
cons[线路潮流约束_neg_55_49],0.0
cons[线路潮流计算_56_49],0.0
cons[线路潮流约束_56_49],0.0
cons[线路潮流约束_neg_56_49],0.0
cons[线路潮流计算_57_49],0.0
cons[线路潮流约束_57_49],0.0
cons[线路潮流约束_neg_57_49],0.0
cons[线路潮流计算_58_49],0.0
cons[线路潮流约束_58_49],0.0
cons[线路潮流约束_neg_58_49],0.0
cons[线路潮流计算_59_49],0.0
cons[线路潮流约束_59_49],0.0
cons[线路潮流约束_neg_59_49],0.0
cons[线路潮流计算_60_49],0.0
cons[线路潮流约束_60_49],0.0
cons[线路潮流约束_neg_60_49],0.0
cons[线路潮流计算_61_49],0.0
cons[线路潮流约束_61_49],0.0
cons[线路潮流约束_neg_61_49],0.0
cons[线路潮流计算_62_49],0.0
cons[线路潮流约束_62_49],0.0
cons[线路潮流约束_neg_62_49],0.0
cons[线路潮流计算_63_49],0.0
cons[线路潮流约束_63_49],0.0
cons[线路潮流约束_neg_63_49],0.0
cons[线路潮流计算_64_49],0.0
cons[线路潮流约束_64_49],0.0
cons[线路潮流约束_neg_64_49],0.0
cons[线路潮流计算_65_49],0.0
cons[线路潮流约束_65_49],0.0
cons[线路潮流约束_neg_65_49],0.0
cons[线路潮流计算_66_49],0.0
cons[线路潮流约束_66_49],0.0
cons[线路潮流约束_neg_66_49],0.0
cons[线路潮流计算_67_49],0.0
cons[线路潮流约束_67_49],0.0
cons[线路潮流约束_neg_67_49],0.0
cons[线路潮流计算_68_49],0.0
cons[线路潮流约束_68_49],0.0
cons[线路潮流约束_neg_68_49],0.0
cons[线路潮流计算_69_49],0.0
cons[线路潮流约束_69_49],0.0
cons[线路潮流约束_neg_69_49],0.0
cons[线路潮流计算_70_49],0.0
cons[线路潮流约束_70_49],0.0
cons[线路潮流约束_neg_70_49],0.0
cons[线路潮流计算_71_49],0.0
cons[线路潮流约束_71_49],0.0
cons[线路潮流约束_neg_71_49],0.0
cons[线路潮流计算_72_49],0.0
cons[线路潮流约束_72_49],0.0
cons[线路潮流约束_neg_72_49],0.0
cons[线路潮流计算_73_49],0.0
cons[线路潮流约束_73_49],0.0
cons[线路潮流约束_neg_73_49],0.0
cons[线路潮流计算_74_49],0.0
cons[线路潮流约束_74_49],0.0
cons[线路潮流约束_neg_74_49],0.0
cons[线路潮流计算_75_49],0.0
cons[线路潮流约束_75_49],0.0
cons[线路潮流约束_neg_75_49],0.0
cons[线路潮流计算_76_49],0.0
cons[线路潮流约束_76_49],0.0
cons[线路潮流约束_neg_76_49],0.0
cons[正备用约束_49],0.0
cons[负备用约束_49],0.0
cons[系统功率平衡约束_50],-6108.0109999999995
cons[线路潮流计算_0_50],0.0
cons[线路潮流约束_0_50],0.0
cons[线路潮流约束_neg_0_50],0.0
cons[线路潮流计算_1_50],0.0
cons[线路潮流约束_1_50],0.0
cons[线路潮流约束_neg_1_50],0.0
cons[线路潮流计算_2_50],0.0
cons[线路潮流约束_2_50],0.0
cons[线路潮流约束_neg_2_50],0.0
cons[线路潮流计算_3_50],0.0
cons[线路潮流约束_3_50],0.0
cons[线路潮流约束_neg_3_50],0.0
cons[线路潮流计算_4_50],0.0
cons[线路潮流约束_4_50],0.0
cons[线路潮流约束_neg_4_50],0.0
cons[线路潮流计算_5_50],0.0
cons[线路潮流约束_5_50],0.0
cons[线路潮流约束_neg_5_50],0.0
cons[线路潮流计算_6_50],0.0
cons[线路潮流约束_6_50],0.0
cons[线路潮流约束_neg_6_50],0.0
cons[线路潮流计算_7_50],0.0
cons[线路潮流约束_7_50],0.0
cons[线路潮流约束_neg_7_50],0.0
cons[线路潮流计算_8_50],0.0
cons[线路潮流约束_8_50],0.0
cons[线路潮流约束_neg_8_50],0.0
cons[线路潮流计算_9_50],0.0
cons[线路潮流约束_9_50],0.0
cons[线路潮流约束_neg_9_50],0.0
cons[线路潮流计算_10_50],0.0
cons[线路潮流约束_10_50],0.0
cons[线路潮流约束_neg_10_50],0.0
cons[线路潮流计算_11_50],0.0
cons[线路潮流约束_11_50],0.0
cons[线路潮流约束_neg_11_50],0.0
cons[线路潮流计算_12_50],0.0
cons[线路潮流约束_12_50],0.0
cons[线路潮流约束_neg_12_50],0.0
cons[线路潮流计算_13_50],0.0
cons[线路潮流约束_13_50],0.0
cons[线路潮流约束_neg_13_50],0.0
cons[线路潮流计算_14_50],0.0
cons[线路潮流约束_14_50],0.0
cons[线路潮流约束_neg_14_50],0.0
cons[线路潮流计算_15_50],0.0
cons[线路潮流约束_15_50],0.0
cons[线路潮流约束_neg_15_50],0.0
cons[线路潮流计算_16_50],0.0
cons[线路潮流约束_16_50],0.0
cons[线路潮流约束_neg_16_50],0.0
cons[线路潮流计算_17_50],0.0
cons[线路潮流约束_17_50],0.0
cons[线路潮流约束_neg_17_50],0.0
cons[线路潮流计算_18_50],0.0
cons[线路潮流约束_18_50],0.0
cons[线路潮流约束_neg_18_50],0.0
cons[线路潮流计算_19_50],0.0
cons[线路潮流约束_19_50],0.0
cons[线路潮流约束_neg_19_50],0.0
cons[线路潮流计算_20_50],0.0
cons[线路潮流约束_20_50],0.0
cons[线路潮流约束_neg_20_50],0.0
cons[线路潮流计算_21_50],0.0
cons[线路潮流约束_21_50],0.0
cons[线路潮流约束_neg_21_50],0.0
cons[线路潮流计算_22_50],0.0
cons[线路潮流约束_22_50],0.0
cons[线路潮流约束_neg_22_50],0.0
cons[线路潮流计算_23_50],0.0
cons[线路潮流约束_23_50],0.0
cons[线路潮流约束_neg_23_50],0.0
cons[线路潮流计算_24_50],0.0
cons[线路潮流约束_24_50],0.0
cons[线路潮流约束_neg_24_50],0.0
cons[线路潮流计算_25_50],0.0
cons[线路潮流约束_25_50],0.0
cons[线路潮流约束_neg_25_50],0.0
cons[线路潮流计算_26_50],0.0
cons[线路潮流约束_26_50],0.0
cons[线路潮流约束_neg_26_50],0.0
cons[线路潮流计算_27_50],0.0
cons[线路潮流约束_27_50],0.0
cons[线路潮流约束_neg_27_50],0.0
cons[线路潮流计算_28_50],0.0
cons[线路潮流约束_28_50],0.0
cons[线路潮流约束_neg_28_50],0.0
cons[线路潮流计算_29_50],0.0
cons[线路潮流约束_29_50],0.0
cons[线路潮流约束_neg_29_50],0.0
cons[线路潮流计算_30_50],0.0
cons[线路潮流约束_30_50],0.0
cons[线路潮流约束_neg_30_50],0.0
cons[线路潮流计算_31_50],0.0
cons[线路潮流约束_31_50],0.0
cons[线路潮流约束_neg_31_50],0.0
cons[线路潮流计算_32_50],0.0
cons[线路潮流约束_32_50],0.0
cons[线路潮流约束_neg_32_50],0.0
cons[线路潮流计算_33_50],0.0
cons[线路潮流约束_33_50],0.0
cons[线路潮流约束_neg_33_50],0.0
cons[线路潮流计算_34_50],0.0
cons[线路潮流约束_34_50],0.0
cons[线路潮流约束_neg_34_50],0.0
cons[线路潮流计算_35_50],0.0
cons[线路潮流约束_35_50],0.0
cons[线路潮流约束_neg_35_50],0.0
cons[线路潮流计算_36_50],0.0
cons[线路潮流约束_36_50],0.0
cons[线路潮流约束_neg_36_50],0.0
cons[线路潮流计算_37_50],0.0
cons[线路潮流约束_37_50],0.0
cons[线路潮流约束_neg_37_50],0.0
cons[线路潮流计算_38_50],0.0
cons[线路潮流约束_38_50],0.0
cons[线路潮流约束_neg_38_50],0.0
cons[线路潮流计算_39_50],0.0
cons[线路潮流约束_39_50],0.0
cons[线路潮流约束_neg_39_50],0.0
cons[线路潮流计算_40_50],0.0
cons[线路潮流约束_40_50],0.0
cons[线路潮流约束_neg_40_50],0.0
cons[线路潮流计算_41_50],0.0
cons[线路潮流约束_41_50],0.0
cons[线路潮流约束_neg_41_50],0.0
cons[线路潮流计算_42_50],0.0
cons[线路潮流约束_42_50],0.0
cons[线路潮流约束_neg_42_50],0.0
cons[线路潮流计算_43_50],0.0
cons[线路潮流约束_43_50],0.0
cons[线路潮流约束_neg_43_50],0.0
cons[线路潮流计算_44_50],0.0
cons[线路潮流约束_44_50],0.0
cons[线路潮流约束_neg_44_50],0.0
cons[线路潮流计算_45_50],0.0
cons[线路潮流约束_45_50],0.0
cons[线路潮流约束_neg_45_50],0.0
cons[线路潮流计算_46_50],0.0
cons[线路潮流约束_46_50],0.0
cons[线路潮流约束_neg_46_50],0.0
cons[线路潮流计算_47_50],0.0
cons[线路潮流约束_47_50],0.0
cons[线路潮流约束_neg_47_50],0.0
cons[线路潮流计算_48_50],0.0
cons[线路潮流约束_48_50],0.0
cons[线路潮流约束_neg_48_50],0.0
cons[线路潮流计算_49_50],0.0
cons[线路潮流约束_49_50],0.0
cons[线路潮流约束_neg_49_50],0.0
cons[线路潮流计算_50_50],0.0
cons[线路潮流约束_50_50],0.0
cons[线路潮流约束_neg_50_50],0.0
cons[线路潮流计算_51_50],0.0
cons[线路潮流约束_51_50],0.0
cons[线路潮流约束_neg_51_50],0.0
cons[线路潮流计算_52_50],0.0
cons[线路潮流约束_52_50],0.0
cons[线路潮流约束_neg_52_50],0.0
cons[线路潮流计算_53_50],0.0
cons[线路潮流约束_53_50],0.0
cons[线路潮流约束_neg_53_50],0.0
cons[线路潮流计算_54_50],0.0
cons[线路潮流约束_54_50],0.0
cons[线路潮流约束_neg_54_50],0.0
cons[线路潮流计算_55_50],0.0
cons[线路潮流约束_55_50],0.0
cons[线路潮流约束_neg_55_50],0.0
cons[线路潮流计算_56_50],0.0
cons[线路潮流约束_56_50],0.0
cons[线路潮流约束_neg_56_50],0.0
cons[线路潮流计算_57_50],0.0
cons[线路潮流约束_57_50],0.0
cons[线路潮流约束_neg_57_50],0.0
cons[线路潮流计算_58_50],0.0
cons[线路潮流约束_58_50],0.0
cons[线路潮流约束_neg_58_50],0.0
cons[线路潮流计算_59_50],0.0
cons[线路潮流约束_59_50],0.0
cons[线路潮流约束_neg_59_50],0.0
cons[线路潮流计算_60_50],0.0
cons[线路潮流约束_60_50],0.0
cons[线路潮流约束_neg_60_50],0.0
cons[线路潮流计算_61_50],0.0
cons[线路潮流约束_61_50],0.0
cons[线路潮流约束_neg_61_50],0.0
cons[线路潮流计算_62_50],0.0
cons[线路潮流约束_62_50],0.0
cons[线路潮流约束_neg_62_50],0.0
cons[线路潮流计算_63_50],0.0
cons[线路潮流约束_63_50],0.0
cons[线路潮流约束_neg_63_50],0.0
cons[线路潮流计算_64_50],0.0
cons[线路潮流约束_64_50],0.0
cons[线路潮流约束_neg_64_50],0.0
cons[线路潮流计算_65_50],0.0
cons[线路潮流约束_65_50],0.0
cons[线路潮流约束_neg_65_50],0.0
cons[线路潮流计算_66_50],0.0
cons[线路潮流约束_66_50],0.0
cons[线路潮流约束_neg_66_50],0.0
cons[线路潮流计算_67_50],0.0
cons[线路潮流约束_67_50],0.0
cons[线路潮流约束_neg_67_50],0.0
cons[线路潮流计算_68_50],0.0
cons[线路潮流约束_68_50],0.0
cons[线路潮流约束_neg_68_50],0.0
cons[线路潮流计算_69_50],0.0
cons[线路潮流约束_69_50],0.0
cons[线路潮流约束_neg_69_50],0.0
cons[线路潮流计算_70_50],0.0
cons[线路潮流约束_70_50],0.0
cons[线路潮流约束_neg_70_50],0.0
cons[线路潮流计算_71_50],0.0
cons[线路潮流约束_71_50],0.0
cons[线路潮流约束_neg_71_50],0.0
cons[线路潮流计算_72_50],0.0
cons[线路潮流约束_72_50],0.0
cons[线路潮流约束_neg_72_50],0.0
cons[线路潮流计算_73_50],0.0
cons[线路潮流约束_73_50],0.0
cons[线路潮流约束_neg_73_50],0.0
cons[线路潮流计算_74_50],0.0
cons[线路潮流约束_74_50],0.0
cons[线路潮流约束_neg_74_50],0.0
cons[线路潮流计算_75_50],0.0
cons[线路潮流约束_75_50],0.0
cons[线路潮流约束_neg_75_50],0.0
cons[线路潮流计算_76_50],0.0
cons[线路潮流约束_76_50],0.0
cons[线路潮流约束_neg_76_50],0.0
cons[正备用约束_50],0.0
cons[负备用约束_50],0.0
cons[系统功率平衡约束_51],-6108.0109999999995
cons[线路潮流计算_0_51],0.0
cons[线路潮流约束_0_51],0.0
cons[线路潮流约束_neg_0_51],0.0
cons[线路潮流计算_1_51],0.0
cons[线路潮流约束_1_51],0.0
cons[线路潮流约束_neg_1_51],0.0
cons[线路潮流计算_2_51],0.0
cons[线路潮流约束_2_51],0.0
cons[线路潮流约束_neg_2_51],0.0
cons[线路潮流计算_3_51],0.0
cons[线路潮流约束_3_51],0.0
cons[线路潮流约束_neg_3_51],0.0
cons[线路潮流计算_4_51],0.0
cons[线路潮流约束_4_51],0.0
cons[线路潮流约束_neg_4_51],0.0
cons[线路潮流计算_5_51],0.0
cons[线路潮流约束_5_51],0.0
cons[线路潮流约束_neg_5_51],0.0
cons[线路潮流计算_6_51],0.0
cons[线路潮流约束_6_51],0.0
cons[线路潮流约束_neg_6_51],0.0
cons[线路潮流计算_7_51],0.0
cons[线路潮流约束_7_51],0.0
cons[线路潮流约束_neg_7_51],0.0
cons[线路潮流计算_8_51],0.0
cons[线路潮流约束_8_51],0.0
cons[线路潮流约束_neg_8_51],0.0
cons[线路潮流计算_9_51],0.0
cons[线路潮流约束_9_51],0.0
cons[线路潮流约束_neg_9_51],0.0
cons[线路潮流计算_10_51],0.0
cons[线路潮流约束_10_51],0.0
cons[线路潮流约束_neg_10_51],0.0
cons[线路潮流计算_11_51],0.0
cons[线路潮流约束_11_51],0.0
cons[线路潮流约束_neg_11_51],0.0
cons[线路潮流计算_12_51],0.0
cons[线路潮流约束_12_51],0.0
cons[线路潮流约束_neg_12_51],0.0
cons[线路潮流计算_13_51],0.0
cons[线路潮流约束_13_51],0.0
cons[线路潮流约束_neg_13_51],0.0
cons[线路潮流计算_14_51],0.0
cons[线路潮流约束_14_51],0.0
cons[线路潮流约束_neg_14_51],0.0
cons[线路潮流计算_15_51],0.0
cons[线路潮流约束_15_51],0.0
cons[线路潮流约束_neg_15_51],0.0
cons[线路潮流计算_16_51],0.0
cons[线路潮流约束_16_51],0.0
cons[线路潮流约束_neg_16_51],0.0
cons[线路潮流计算_17_51],0.0
cons[线路潮流约束_17_51],0.0
cons[线路潮流约束_neg_17_51],0.0
cons[线路潮流计算_18_51],0.0
cons[线路潮流约束_18_51],0.0
cons[线路潮流约束_neg_18_51],0.0
cons[线路潮流计算_19_51],0.0
cons[线路潮流约束_19_51],0.0
cons[线路潮流约束_neg_19_51],0.0
cons[线路潮流计算_20_51],0.0
cons[线路潮流约束_20_51],0.0
cons[线路潮流约束_neg_20_51],0.0
cons[线路潮流计算_21_51],0.0
cons[线路潮流约束_21_51],0.0
cons[线路潮流约束_neg_21_51],0.0
cons[线路潮流计算_22_51],0.0
cons[线路潮流约束_22_51],0.0
cons[线路潮流约束_neg_22_51],0.0
cons[线路潮流计算_23_51],0.0
cons[线路潮流约束_23_51],0.0
cons[线路潮流约束_neg_23_51],0.0
cons[线路潮流计算_24_51],0.0
cons[线路潮流约束_24_51],0.0
cons[线路潮流约束_neg_24_51],0.0
cons[线路潮流计算_25_51],0.0
cons[线路潮流约束_25_51],0.0
cons[线路潮流约束_neg_25_51],0.0
cons[线路潮流计算_26_51],0.0
cons[线路潮流约束_26_51],0.0
cons[线路潮流约束_neg_26_51],0.0
cons[线路潮流计算_27_51],0.0
cons[线路潮流约束_27_51],0.0
cons[线路潮流约束_neg_27_51],0.0
cons[线路潮流计算_28_51],0.0
cons[线路潮流约束_28_51],0.0
cons[线路潮流约束_neg_28_51],0.0
cons[线路潮流计算_29_51],0.0
cons[线路潮流约束_29_51],0.0
cons[线路潮流约束_neg_29_51],0.0
cons[线路潮流计算_30_51],0.0
cons[线路潮流约束_30_51],0.0
cons[线路潮流约束_neg_30_51],0.0
cons[线路潮流计算_31_51],0.0
cons[线路潮流约束_31_51],0.0
cons[线路潮流约束_neg_31_51],0.0
cons[线路潮流计算_32_51],0.0
cons[线路潮流约束_32_51],0.0
cons[线路潮流约束_neg_32_51],0.0
cons[线路潮流计算_33_51],0.0
cons[线路潮流约束_33_51],0.0
cons[线路潮流约束_neg_33_51],0.0
cons[线路潮流计算_34_51],0.0
cons[线路潮流约束_34_51],0.0
cons[线路潮流约束_neg_34_51],0.0
cons[线路潮流计算_35_51],0.0
cons[线路潮流约束_35_51],0.0
cons[线路潮流约束_neg_35_51],0.0
cons[线路潮流计算_36_51],0.0
cons[线路潮流约束_36_51],0.0
cons[线路潮流约束_neg_36_51],0.0
cons[线路潮流计算_37_51],0.0
cons[线路潮流约束_37_51],0.0
cons[线路潮流约束_neg_37_51],0.0
cons[线路潮流计算_38_51],0.0
cons[线路潮流约束_38_51],0.0
cons[线路潮流约束_neg_38_51],0.0
cons[线路潮流计算_39_51],0.0
cons[线路潮流约束_39_51],0.0
cons[线路潮流约束_neg_39_51],0.0
cons[线路潮流计算_40_51],0.0
cons[线路潮流约束_40_51],0.0
cons[线路潮流约束_neg_40_51],0.0
cons[线路潮流计算_41_51],0.0
cons[线路潮流约束_41_51],0.0
cons[线路潮流约束_neg_41_51],0.0
cons[线路潮流计算_42_51],0.0
cons[线路潮流约束_42_51],0.0
cons[线路潮流约束_neg_42_51],0.0
cons[线路潮流计算_43_51],0.0
cons[线路潮流约束_43_51],0.0
cons[线路潮流约束_neg_43_51],0.0
cons[线路潮流计算_44_51],0.0
cons[线路潮流约束_44_51],0.0
cons[线路潮流约束_neg_44_51],0.0
cons[线路潮流计算_45_51],0.0
cons[线路潮流约束_45_51],0.0
cons[线路潮流约束_neg_45_51],0.0
cons[线路潮流计算_46_51],0.0
cons[线路潮流约束_46_51],0.0
cons[线路潮流约束_neg_46_51],0.0
cons[线路潮流计算_47_51],0.0
cons[线路潮流约束_47_51],0.0
cons[线路潮流约束_neg_47_51],0.0
cons[线路潮流计算_48_51],0.0
cons[线路潮流约束_48_51],0.0
cons[线路潮流约束_neg_48_51],0.0
cons[线路潮流计算_49_51],0.0
cons[线路潮流约束_49_51],0.0
cons[线路潮流约束_neg_49_51],0.0
cons[线路潮流计算_50_51],0.0
cons[线路潮流约束_50_51],0.0
cons[线路潮流约束_neg_50_51],0.0
cons[线路潮流计算_51_51],0.0
cons[线路潮流约束_51_51],0.0
cons[线路潮流约束_neg_51_51],0.0
cons[线路潮流计算_52_51],0.0
cons[线路潮流约束_52_51],0.0
cons[线路潮流约束_neg_52_51],0.0
cons[线路潮流计算_53_51],0.0
cons[线路潮流约束_53_51],0.0
cons[线路潮流约束_neg_53_51],0.0
cons[线路潮流计算_54_51],0.0
cons[线路潮流约束_54_51],0.0
cons[线路潮流约束_neg_54_51],0.0
cons[线路潮流计算_55_51],0.0
cons[线路潮流约束_55_51],0.0
cons[线路潮流约束_neg_55_51],0.0
cons[线路潮流计算_56_51],0.0
cons[线路潮流约束_56_51],0.0
cons[线路潮流约束_neg_56_51],0.0
cons[线路潮流计算_57_51],0.0
cons[线路潮流约束_57_51],0.0
cons[线路潮流约束_neg_57_51],0.0
cons[线路潮流计算_58_51],0.0
cons[线路潮流约束_58_51],0.0
cons[线路潮流约束_neg_58_51],0.0
cons[线路潮流计算_59_51],0.0
cons[线路潮流约束_59_51],0.0
cons[线路潮流约束_neg_59_51],0.0
cons[线路潮流计算_60_51],0.0
cons[线路潮流约束_60_51],0.0
cons[线路潮流约束_neg_60_51],0.0
cons[线路潮流计算_61_51],0.0
cons[线路潮流约束_61_51],0.0
cons[线路潮流约束_neg_61_51],0.0
cons[线路潮流计算_62_51],0.0
cons[线路潮流约束_62_51],0.0
cons[线路潮流约束_neg_62_51],0.0
cons[线路潮流计算_63_51],0.0
cons[线路潮流约束_63_51],0.0
cons[线路潮流约束_neg_63_51],0.0
cons[线路潮流计算_64_51],0.0
cons[线路潮流约束_64_51],0.0
cons[线路潮流约束_neg_64_51],0.0
cons[线路潮流计算_65_51],0.0
cons[线路潮流约束_65_51],0.0
cons[线路潮流约束_neg_65_51],0.0
cons[线路潮流计算_66_51],0.0
cons[线路潮流约束_66_51],0.0
cons[线路潮流约束_neg_66_51],0.0
cons[线路潮流计算_67_51],0.0
cons[线路潮流约束_67_51],0.0
cons[线路潮流约束_neg_67_51],0.0
cons[线路潮流计算_68_51],0.0
cons[线路潮流约束_68_51],0.0
cons[线路潮流约束_neg_68_51],0.0
cons[线路潮流计算_69_51],0.0
cons[线路潮流约束_69_51],0.0
cons[线路潮流约束_neg_69_51],0.0
cons[线路潮流计算_70_51],0.0
cons[线路潮流约束_70_51],0.0
cons[线路潮流约束_neg_70_51],0.0
cons[线路潮流计算_71_51],0.0
cons[线路潮流约束_71_51],0.0
cons[线路潮流约束_neg_71_51],0.0
cons[线路潮流计算_72_51],0.0
cons[线路潮流约束_72_51],0.0
cons[线路潮流约束_neg_72_51],0.0
cons[线路潮流计算_73_51],0.0
cons[线路潮流约束_73_51],0.0
cons[线路潮流约束_neg_73_51],0.0
cons[线路潮流计算_74_51],0.0
cons[线路潮流约束_74_51],0.0
cons[线路潮流约束_neg_74_51],0.0
cons[线路潮流计算_75_51],0.0
cons[线路潮流约束_75_51],0.0
cons[线路潮流约束_neg_75_51],0.0
cons[线路潮流计算_76_51],0.0
cons[线路潮流约束_76_51],0.0
cons[线路潮流约束_neg_76_51],0.0
cons[正备用约束_51],0.0
cons[负备用约束_51],0.0
cons[系统功率平衡约束_52],-6108.0109999999995
cons[线路潮流计算_0_52],0.0
cons[线路潮流约束_0_52],0.0
cons[线路潮流约束_neg_0_52],0.0
cons[线路潮流计算_1_52],0.0
cons[线路潮流约束_1_52],0.0
cons[线路潮流约束_neg_1_52],0.0
cons[线路潮流计算_2_52],0.0
cons[线路潮流约束_2_52],0.0
cons[线路潮流约束_neg_2_52],0.0
cons[线路潮流计算_3_52],0.0
cons[线路潮流约束_3_52],0.0
cons[线路潮流约束_neg_3_52],0.0
cons[线路潮流计算_4_52],0.0
cons[线路潮流约束_4_52],0.0
cons[线路潮流约束_neg_4_52],0.0
cons[线路潮流计算_5_52],0.0
cons[线路潮流约束_5_52],0.0
cons[线路潮流约束_neg_5_52],0.0
cons[线路潮流计算_6_52],0.0
cons[线路潮流约束_6_52],0.0
cons[线路潮流约束_neg_6_52],0.0
cons[线路潮流计算_7_52],0.0
cons[线路潮流约束_7_52],0.0
cons[线路潮流约束_neg_7_52],0.0
cons[线路潮流计算_8_52],0.0
cons[线路潮流约束_8_52],0.0
cons[线路潮流约束_neg_8_52],0.0
cons[线路潮流计算_9_52],0.0
cons[线路潮流约束_9_52],0.0
cons[线路潮流约束_neg_9_52],0.0
cons[线路潮流计算_10_52],0.0
cons[线路潮流约束_10_52],0.0
cons[线路潮流约束_neg_10_52],0.0
cons[线路潮流计算_11_52],0.0
cons[线路潮流约束_11_52],0.0
cons[线路潮流约束_neg_11_52],0.0
cons[线路潮流计算_12_52],0.0
cons[线路潮流约束_12_52],0.0
cons[线路潮流约束_neg_12_52],0.0
cons[线路潮流计算_13_52],0.0
cons[线路潮流约束_13_52],0.0
cons[线路潮流约束_neg_13_52],0.0
cons[线路潮流计算_14_52],0.0
cons[线路潮流约束_14_52],0.0
cons[线路潮流约束_neg_14_52],0.0
cons[线路潮流计算_15_52],0.0
cons[线路潮流约束_15_52],0.0
cons[线路潮流约束_neg_15_52],0.0
cons[线路潮流计算_16_52],0.0
cons[线路潮流约束_16_52],0.0
cons[线路潮流约束_neg_16_52],0.0
cons[线路潮流计算_17_52],0.0
cons[线路潮流约束_17_52],0.0
cons[线路潮流约束_neg_17_52],0.0
cons[线路潮流计算_18_52],0.0
cons[线路潮流约束_18_52],0.0
cons[线路潮流约束_neg_18_52],0.0
cons[线路潮流计算_19_52],0.0
cons[线路潮流约束_19_52],0.0
cons[线路潮流约束_neg_19_52],0.0
cons[线路潮流计算_20_52],0.0
cons[线路潮流约束_20_52],0.0
cons[线路潮流约束_neg_20_52],0.0
cons[线路潮流计算_21_52],0.0
cons[线路潮流约束_21_52],0.0
cons[线路潮流约束_neg_21_52],0.0
cons[线路潮流计算_22_52],0.0
cons[线路潮流约束_22_52],0.0
cons[线路潮流约束_neg_22_52],0.0
cons[线路潮流计算_23_52],0.0
cons[线路潮流约束_23_52],0.0
cons[线路潮流约束_neg_23_52],0.0
cons[线路潮流计算_24_52],0.0
cons[线路潮流约束_24_52],0.0
cons[线路潮流约束_neg_24_52],0.0
cons[线路潮流计算_25_52],0.0
cons[线路潮流约束_25_52],0.0
cons[线路潮流约束_neg_25_52],0.0
cons[线路潮流计算_26_52],0.0
cons[线路潮流约束_26_52],0.0
cons[线路潮流约束_neg_26_52],0.0
cons[线路潮流计算_27_52],0.0
cons[线路潮流约束_27_52],0.0
cons[线路潮流约束_neg_27_52],0.0
cons[线路潮流计算_28_52],0.0
cons[线路潮流约束_28_52],0.0
cons[线路潮流约束_neg_28_52],0.0
cons[线路潮流计算_29_52],0.0
cons[线路潮流约束_29_52],0.0
cons[线路潮流约束_neg_29_52],0.0
cons[线路潮流计算_30_52],0.0
cons[线路潮流约束_30_52],0.0
cons[线路潮流约束_neg_30_52],0.0
cons[线路潮流计算_31_52],0.0
cons[线路潮流约束_31_52],0.0
cons[线路潮流约束_neg_31_52],0.0
cons[线路潮流计算_32_52],0.0
cons[线路潮流约束_32_52],0.0
cons[线路潮流约束_neg_32_52],0.0
cons[线路潮流计算_33_52],0.0
cons[线路潮流约束_33_52],0.0
cons[线路潮流约束_neg_33_52],0.0
cons[线路潮流计算_34_52],0.0
cons[线路潮流约束_34_52],0.0
cons[线路潮流约束_neg_34_52],0.0
cons[线路潮流计算_35_52],0.0
cons[线路潮流约束_35_52],0.0
cons[线路潮流约束_neg_35_52],0.0
cons[线路潮流计算_36_52],0.0
cons[线路潮流约束_36_52],0.0
cons[线路潮流约束_neg_36_52],0.0
cons[线路潮流计算_37_52],0.0
cons[线路潮流约束_37_52],0.0
cons[线路潮流约束_neg_37_52],0.0
cons[线路潮流计算_38_52],0.0
cons[线路潮流约束_38_52],0.0
cons[线路潮流约束_neg_38_52],0.0
cons[线路潮流计算_39_52],0.0
cons[线路潮流约束_39_52],0.0
cons[线路潮流约束_neg_39_52],0.0
cons[线路潮流计算_40_52],0.0
cons[线路潮流约束_40_52],0.0
cons[线路潮流约束_neg_40_52],0.0
cons[线路潮流计算_41_52],0.0
cons[线路潮流约束_41_52],0.0
cons[线路潮流约束_neg_41_52],0.0
cons[线路潮流计算_42_52],0.0
cons[线路潮流约束_42_52],0.0
cons[线路潮流约束_neg_42_52],0.0
cons[线路潮流计算_43_52],0.0
cons[线路潮流约束_43_52],0.0
cons[线路潮流约束_neg_43_52],0.0
cons[线路潮流计算_44_52],0.0
cons[线路潮流约束_44_52],0.0
cons[线路潮流约束_neg_44_52],0.0
cons[线路潮流计算_45_52],0.0
cons[线路潮流约束_45_52],0.0
cons[线路潮流约束_neg_45_52],0.0
cons[线路潮流计算_46_52],0.0
cons[线路潮流约束_46_52],0.0
cons[线路潮流约束_neg_46_52],0.0
cons[线路潮流计算_47_52],0.0
cons[线路潮流约束_47_52],0.0
cons[线路潮流约束_neg_47_52],0.0
cons[线路潮流计算_48_52],0.0
cons[线路潮流约束_48_52],0.0
cons[线路潮流约束_neg_48_52],0.0
cons[线路潮流计算_49_52],0.0
cons[线路潮流约束_49_52],0.0
cons[线路潮流约束_neg_49_52],0.0
cons[线路潮流计算_50_52],0.0
cons[线路潮流约束_50_52],0.0
cons[线路潮流约束_neg_50_52],0.0
cons[线路潮流计算_51_52],0.0
cons[线路潮流约束_51_52],0.0
cons[线路潮流约束_neg_51_52],0.0
cons[线路潮流计算_52_52],0.0
cons[线路潮流约束_52_52],0.0
cons[线路潮流约束_neg_52_52],0.0
cons[线路潮流计算_53_52],0.0
cons[线路潮流约束_53_52],0.0
cons[线路潮流约束_neg_53_52],0.0
cons[线路潮流计算_54_52],0.0
cons[线路潮流约束_54_52],0.0
cons[线路潮流约束_neg_54_52],0.0
cons[线路潮流计算_55_52],0.0
cons[线路潮流约束_55_52],0.0
cons[线路潮流约束_neg_55_52],0.0
cons[线路潮流计算_56_52],0.0
cons[线路潮流约束_56_52],0.0
cons[线路潮流约束_neg_56_52],0.0
cons[线路潮流计算_57_52],0.0
cons[线路潮流约束_57_52],0.0
cons[线路潮流约束_neg_57_52],0.0
cons[线路潮流计算_58_52],0.0
cons[线路潮流约束_58_52],0.0
cons[线路潮流约束_neg_58_52],0.0
cons[线路潮流计算_59_52],0.0
cons[线路潮流约束_59_52],0.0
cons[线路潮流约束_neg_59_52],0.0
cons[线路潮流计算_60_52],0.0
cons[线路潮流约束_60_52],0.0
cons[线路潮流约束_neg_60_52],0.0
cons[线路潮流计算_61_52],0.0
cons[线路潮流约束_61_52],0.0
cons[线路潮流约束_neg_61_52],0.0
cons[线路潮流计算_62_52],0.0
cons[线路潮流约束_62_52],0.0
cons[线路潮流约束_neg_62_52],0.0
cons[线路潮流计算_63_52],0.0
cons[线路潮流约束_63_52],0.0
cons[线路潮流约束_neg_63_52],0.0
cons[线路潮流计算_64_52],0.0
cons[线路潮流约束_64_52],0.0
cons[线路潮流约束_neg_64_52],0.0
cons[线路潮流计算_65_52],0.0
cons[线路潮流约束_65_52],0.0
cons[线路潮流约束_neg_65_52],0.0
cons[线路潮流计算_66_52],0.0
cons[线路潮流约束_66_52],0.0
cons[线路潮流约束_neg_66_52],0.0
cons[线路潮流计算_67_52],0.0
cons[线路潮流约束_67_52],0.0
cons[线路潮流约束_neg_67_52],0.0
cons[线路潮流计算_68_52],0.0
cons[线路潮流约束_68_52],0.0
cons[线路潮流约束_neg_68_52],0.0
cons[线路潮流计算_69_52],0.0
cons[线路潮流约束_69_52],0.0
cons[线路潮流约束_neg_69_52],0.0
cons[线路潮流计算_70_52],0.0
cons[线路潮流约束_70_52],0.0
cons[线路潮流约束_neg_70_52],0.0
cons[线路潮流计算_71_52],0.0
cons[线路潮流约束_71_52],0.0
cons[线路潮流约束_neg_71_52],0.0
cons[线路潮流计算_72_52],0.0
cons[线路潮流约束_72_52],0.0
cons[线路潮流约束_neg_72_52],0.0
cons[线路潮流计算_73_52],0.0
cons[线路潮流约束_73_52],0.0
cons[线路潮流约束_neg_73_52],0.0
cons[线路潮流计算_74_52],0.0
cons[线路潮流约束_74_52],0.0
cons[线路潮流约束_neg_74_52],0.0
cons[线路潮流计算_75_52],0.0
cons[线路潮流约束_75_52],0.0
cons[线路潮流约束_neg_75_52],0.0
cons[线路潮流计算_76_52],0.0
cons[线路潮流约束_76_52],0.0
cons[线路潮流约束_neg_76_52],0.0
cons[正备用约束_52],0.0
cons[负备用约束_52],0.0
cons[系统功率平衡约束_53],-6080.62
cons[线路潮流计算_0_53],0.0
cons[线路潮流约束_0_53],0.0
cons[线路潮流约束_neg_0_53],0.0
cons[线路潮流计算_1_53],0.0
cons[线路潮流约束_1_53],0.0
cons[线路潮流约束_neg_1_53],0.0
cons[线路潮流计算_2_53],0.0
cons[线路潮流约束_2_53],0.0
cons[线路潮流约束_neg_2_53],0.0
cons[线路潮流计算_3_53],0.0
cons[线路潮流约束_3_53],0.0
cons[线路潮流约束_neg_3_53],0.0
cons[线路潮流计算_4_53],0.0
cons[线路潮流约束_4_53],0.0
cons[线路潮流约束_neg_4_53],0.0
cons[线路潮流计算_5_53],0.0
cons[线路潮流约束_5_53],0.0
cons[线路潮流约束_neg_5_53],0.0
cons[线路潮流计算_6_53],0.0
cons[线路潮流约束_6_53],0.0
cons[线路潮流约束_neg_6_53],0.0
cons[线路潮流计算_7_53],0.0
cons[线路潮流约束_7_53],0.0
cons[线路潮流约束_neg_7_53],0.0
cons[线路潮流计算_8_53],0.0
cons[线路潮流约束_8_53],0.0
cons[线路潮流约束_neg_8_53],0.0
cons[线路潮流计算_9_53],0.0
cons[线路潮流约束_9_53],0.0
cons[线路潮流约束_neg_9_53],0.0
cons[线路潮流计算_10_53],0.0
cons[线路潮流约束_10_53],0.0
cons[线路潮流约束_neg_10_53],0.0
cons[线路潮流计算_11_53],0.0
cons[线路潮流约束_11_53],0.0
cons[线路潮流约束_neg_11_53],0.0
cons[线路潮流计算_12_53],0.0
cons[线路潮流约束_12_53],0.0
cons[线路潮流约束_neg_12_53],0.0
cons[线路潮流计算_13_53],0.0
cons[线路潮流约束_13_53],0.0
cons[线路潮流约束_neg_13_53],0.0
cons[线路潮流计算_14_53],0.0
cons[线路潮流约束_14_53],0.0
cons[线路潮流约束_neg_14_53],0.0
cons[线路潮流计算_15_53],0.0
cons[线路潮流约束_15_53],0.0
cons[线路潮流约束_neg_15_53],0.0
cons[线路潮流计算_16_53],0.0
cons[线路潮流约束_16_53],0.0
cons[线路潮流约束_neg_16_53],0.0
cons[线路潮流计算_17_53],0.0
cons[线路潮流约束_17_53],0.0
cons[线路潮流约束_neg_17_53],0.0
cons[线路潮流计算_18_53],0.0
cons[线路潮流约束_18_53],0.0
cons[线路潮流约束_neg_18_53],0.0
cons[线路潮流计算_19_53],0.0
cons[线路潮流约束_19_53],0.0
cons[线路潮流约束_neg_19_53],0.0
cons[线路潮流计算_20_53],0.0
cons[线路潮流约束_20_53],0.0
cons[线路潮流约束_neg_20_53],0.0
cons[线路潮流计算_21_53],0.0
cons[线路潮流约束_21_53],0.0
cons[线路潮流约束_neg_21_53],0.0
cons[线路潮流计算_22_53],0.0
cons[线路潮流约束_22_53],0.0
cons[线路潮流约束_neg_22_53],0.0
cons[线路潮流计算_23_53],0.0
cons[线路潮流约束_23_53],0.0
cons[线路潮流约束_neg_23_53],0.0
cons[线路潮流计算_24_53],0.0
cons[线路潮流约束_24_53],0.0
cons[线路潮流约束_neg_24_53],0.0
cons[线路潮流计算_25_53],0.0
cons[线路潮流约束_25_53],0.0
cons[线路潮流约束_neg_25_53],0.0
cons[线路潮流计算_26_53],0.0
cons[线路潮流约束_26_53],0.0
cons[线路潮流约束_neg_26_53],0.0
cons[线路潮流计算_27_53],0.0
cons[线路潮流约束_27_53],0.0
cons[线路潮流约束_neg_27_53],0.0
cons[线路潮流计算_28_53],0.0
cons[线路潮流约束_28_53],0.0
cons[线路潮流约束_neg_28_53],0.0
cons[线路潮流计算_29_53],0.0
cons[线路潮流约束_29_53],0.0
cons[线路潮流约束_neg_29_53],0.0
cons[线路潮流计算_30_53],0.0
cons[线路潮流约束_30_53],0.0
cons[线路潮流约束_neg_30_53],0.0
cons[线路潮流计算_31_53],0.0
cons[线路潮流约束_31_53],0.0
cons[线路潮流约束_neg_31_53],0.0
cons[线路潮流计算_32_53],0.0
cons[线路潮流约束_32_53],0.0
cons[线路潮流约束_neg_32_53],0.0
cons[线路潮流计算_33_53],0.0
cons[线路潮流约束_33_53],0.0
cons[线路潮流约束_neg_33_53],0.0
cons[线路潮流计算_34_53],0.0
cons[线路潮流约束_34_53],0.0
cons[线路潮流约束_neg_34_53],0.0
cons[线路潮流计算_35_53],0.0
cons[线路潮流约束_35_53],0.0
cons[线路潮流约束_neg_35_53],0.0
cons[线路潮流计算_36_53],0.0
cons[线路潮流约束_36_53],0.0
cons[线路潮流约束_neg_36_53],0.0
cons[线路潮流计算_37_53],0.0
cons[线路潮流约束_37_53],0.0
cons[线路潮流约束_neg_37_53],0.0
cons[线路潮流计算_38_53],0.0
cons[线路潮流约束_38_53],0.0
cons[线路潮流约束_neg_38_53],0.0
cons[线路潮流计算_39_53],0.0
cons[线路潮流约束_39_53],0.0
cons[线路潮流约束_neg_39_53],0.0
cons[线路潮流计算_40_53],0.0
cons[线路潮流约束_40_53],0.0
cons[线路潮流约束_neg_40_53],0.0
cons[线路潮流计算_41_53],0.0
cons[线路潮流约束_41_53],0.0
cons[线路潮流约束_neg_41_53],0.0
cons[线路潮流计算_42_53],0.0
cons[线路潮流约束_42_53],0.0
cons[线路潮流约束_neg_42_53],0.0
cons[线路潮流计算_43_53],0.0
cons[线路潮流约束_43_53],0.0
cons[线路潮流约束_neg_43_53],0.0
cons[线路潮流计算_44_53],0.0
cons[线路潮流约束_44_53],0.0
cons[线路潮流约束_neg_44_53],0.0
cons[线路潮流计算_45_53],0.0
cons[线路潮流约束_45_53],0.0
cons[线路潮流约束_neg_45_53],0.0
cons[线路潮流计算_46_53],0.0
cons[线路潮流约束_46_53],0.0
cons[线路潮流约束_neg_46_53],0.0
cons[线路潮流计算_47_53],0.0
cons[线路潮流约束_47_53],0.0
cons[线路潮流约束_neg_47_53],0.0
cons[线路潮流计算_48_53],0.0
cons[线路潮流约束_48_53],0.0
cons[线路潮流约束_neg_48_53],0.0
cons[线路潮流计算_49_53],0.0
cons[线路潮流约束_49_53],0.0
cons[线路潮流约束_neg_49_53],0.0
cons[线路潮流计算_50_53],0.0
cons[线路潮流约束_50_53],0.0
cons[线路潮流约束_neg_50_53],0.0
cons[线路潮流计算_51_53],0.0
cons[线路潮流约束_51_53],0.0
cons[线路潮流约束_neg_51_53],0.0
cons[线路潮流计算_52_53],0.0
cons[线路潮流约束_52_53],0.0
cons[线路潮流约束_neg_52_53],0.0
cons[线路潮流计算_53_53],0.0
cons[线路潮流约束_53_53],0.0
cons[线路潮流约束_neg_53_53],0.0
cons[线路潮流计算_54_53],0.0
cons[线路潮流约束_54_53],0.0
cons[线路潮流约束_neg_54_53],0.0
cons[线路潮流计算_55_53],0.0
cons[线路潮流约束_55_53],0.0
cons[线路潮流约束_neg_55_53],0.0
cons[线路潮流计算_56_53],0.0
cons[线路潮流约束_56_53],0.0
cons[线路潮流约束_neg_56_53],0.0
cons[线路潮流计算_57_53],0.0
cons[线路潮流约束_57_53],0.0
cons[线路潮流约束_neg_57_53],0.0
cons[线路潮流计算_58_53],0.0
cons[线路潮流约束_58_53],0.0
cons[线路潮流约束_neg_58_53],0.0
cons[线路潮流计算_59_53],0.0
cons[线路潮流约束_59_53],0.0
cons[线路潮流约束_neg_59_53],0.0
cons[线路潮流计算_60_53],0.0
cons[线路潮流约束_60_53],0.0
cons[线路潮流约束_neg_60_53],0.0
cons[线路潮流计算_61_53],0.0
cons[线路潮流约束_61_53],0.0
cons[线路潮流约束_neg_61_53],0.0
cons[线路潮流计算_62_53],0.0
cons[线路潮流约束_62_53],0.0
cons[线路潮流约束_neg_62_53],0.0
cons[线路潮流计算_63_53],0.0
cons[线路潮流约束_63_53],0.0
cons[线路潮流约束_neg_63_53],0.0
cons[线路潮流计算_64_53],0.0
cons[线路潮流约束_64_53],0.0
cons[线路潮流约束_neg_64_53],0.0
cons[线路潮流计算_65_53],0.0
cons[线路潮流约束_65_53],0.0
cons[线路潮流约束_neg_65_53],0.0
cons[线路潮流计算_66_53],0.0
cons[线路潮流约束_66_53],0.0
cons[线路潮流约束_neg_66_53],0.0
cons[线路潮流计算_67_53],0.0
cons[线路潮流约束_67_53],0.0
cons[线路潮流约束_neg_67_53],0.0
cons[线路潮流计算_68_53],0.0
cons[线路潮流约束_68_53],0.0
cons[线路潮流约束_neg_68_53],0.0
cons[线路潮流计算_69_53],0.0
cons[线路潮流约束_69_53],0.0
cons[线路潮流约束_neg_69_53],0.0
cons[线路潮流计算_70_53],0.0
cons[线路潮流约束_70_53],0.0
cons[线路潮流约束_neg_70_53],0.0
cons[线路潮流计算_71_53],0.0
cons[线路潮流约束_71_53],0.0
cons[线路潮流约束_neg_71_53],0.0
cons[线路潮流计算_72_53],0.0
cons[线路潮流约束_72_53],0.0
cons[线路潮流约束_neg_72_53],0.0
cons[线路潮流计算_73_53],0.0
cons[线路潮流约束_73_53],0.0
cons[线路潮流约束_neg_73_53],0.0
cons[线路潮流计算_74_53],0.0
cons[线路潮流约束_74_53],0.0
cons[线路潮流约束_neg_74_53],0.0
cons[线路潮流计算_75_53],0.0
cons[线路潮流约束_75_53],0.0
cons[线路潮流约束_neg_75_53],0.0
cons[线路潮流计算_76_53],0.0
cons[线路潮流约束_76_53],0.0
cons[线路潮流约束_neg_76_53],0.0
cons[正备用约束_53],0.0
cons[负备用约束_53],0.0
cons[系统功率平衡约束_54],-6080.62
cons[线路潮流计算_0_54],0.0
cons[线路潮流约束_0_54],0.0
cons[线路潮流约束_neg_0_54],0.0
cons[线路潮流计算_1_54],0.0
cons[线路潮流约束_1_54],0.0
cons[线路潮流约束_neg_1_54],0.0
cons[线路潮流计算_2_54],0.0
cons[线路潮流约束_2_54],0.0
cons[线路潮流约束_neg_2_54],0.0
cons[线路潮流计算_3_54],0.0
cons[线路潮流约束_3_54],0.0
cons[线路潮流约束_neg_3_54],0.0
cons[线路潮流计算_4_54],0.0
cons[线路潮流约束_4_54],0.0
cons[线路潮流约束_neg_4_54],0.0
cons[线路潮流计算_5_54],0.0
cons[线路潮流约束_5_54],0.0
cons[线路潮流约束_neg_5_54],0.0
cons[线路潮流计算_6_54],0.0
cons[线路潮流约束_6_54],0.0
cons[线路潮流约束_neg_6_54],0.0
cons[线路潮流计算_7_54],0.0
cons[线路潮流约束_7_54],0.0
cons[线路潮流约束_neg_7_54],0.0
cons[线路潮流计算_8_54],0.0
cons[线路潮流约束_8_54],0.0
cons[线路潮流约束_neg_8_54],0.0
cons[线路潮流计算_9_54],0.0
cons[线路潮流约束_9_54],0.0
cons[线路潮流约束_neg_9_54],0.0
cons[线路潮流计算_10_54],0.0
cons[线路潮流约束_10_54],0.0
cons[线路潮流约束_neg_10_54],0.0
cons[线路潮流计算_11_54],0.0
cons[线路潮流约束_11_54],0.0
cons[线路潮流约束_neg_11_54],0.0
cons[线路潮流计算_12_54],0.0
cons[线路潮流约束_12_54],0.0
cons[线路潮流约束_neg_12_54],0.0
cons[线路潮流计算_13_54],0.0
cons[线路潮流约束_13_54],0.0
cons[线路潮流约束_neg_13_54],0.0
cons[线路潮流计算_14_54],0.0
cons[线路潮流约束_14_54],0.0
cons[线路潮流约束_neg_14_54],0.0
cons[线路潮流计算_15_54],0.0
cons[线路潮流约束_15_54],0.0
cons[线路潮流约束_neg_15_54],0.0
cons[线路潮流计算_16_54],0.0
cons[线路潮流约束_16_54],0.0
cons[线路潮流约束_neg_16_54],0.0
cons[线路潮流计算_17_54],0.0
cons[线路潮流约束_17_54],0.0
cons[线路潮流约束_neg_17_54],0.0
cons[线路潮流计算_18_54],0.0
cons[线路潮流约束_18_54],0.0
cons[线路潮流约束_neg_18_54],0.0
cons[线路潮流计算_19_54],0.0
cons[线路潮流约束_19_54],0.0
cons[线路潮流约束_neg_19_54],0.0
cons[线路潮流计算_20_54],0.0
cons[线路潮流约束_20_54],0.0
cons[线路潮流约束_neg_20_54],0.0
cons[线路潮流计算_21_54],0.0
cons[线路潮流约束_21_54],0.0
cons[线路潮流约束_neg_21_54],0.0
cons[线路潮流计算_22_54],0.0
cons[线路潮流约束_22_54],0.0
cons[线路潮流约束_neg_22_54],0.0
cons[线路潮流计算_23_54],0.0
cons[线路潮流约束_23_54],0.0
cons[线路潮流约束_neg_23_54],0.0
cons[线路潮流计算_24_54],0.0
cons[线路潮流约束_24_54],0.0
cons[线路潮流约束_neg_24_54],0.0
cons[线路潮流计算_25_54],0.0
cons[线路潮流约束_25_54],0.0
cons[线路潮流约束_neg_25_54],0.0
cons[线路潮流计算_26_54],0.0
cons[线路潮流约束_26_54],0.0
cons[线路潮流约束_neg_26_54],0.0
cons[线路潮流计算_27_54],0.0
cons[线路潮流约束_27_54],0.0
cons[线路潮流约束_neg_27_54],0.0
cons[线路潮流计算_28_54],0.0
cons[线路潮流约束_28_54],0.0
cons[线路潮流约束_neg_28_54],0.0
cons[线路潮流计算_29_54],0.0
cons[线路潮流约束_29_54],0.0
cons[线路潮流约束_neg_29_54],0.0
cons[线路潮流计算_30_54],0.0
cons[线路潮流约束_30_54],0.0
cons[线路潮流约束_neg_30_54],0.0
cons[线路潮流计算_31_54],0.0
cons[线路潮流约束_31_54],0.0
cons[线路潮流约束_neg_31_54],0.0
cons[线路潮流计算_32_54],0.0
cons[线路潮流约束_32_54],0.0
cons[线路潮流约束_neg_32_54],0.0
cons[线路潮流计算_33_54],0.0
cons[线路潮流约束_33_54],0.0
cons[线路潮流约束_neg_33_54],0.0
cons[线路潮流计算_34_54],0.0
cons[线路潮流约束_34_54],0.0
cons[线路潮流约束_neg_34_54],0.0
cons[线路潮流计算_35_54],0.0
cons[线路潮流约束_35_54],0.0
cons[线路潮流约束_neg_35_54],0.0
cons[线路潮流计算_36_54],0.0
cons[线路潮流约束_36_54],0.0
cons[线路潮流约束_neg_36_54],0.0
cons[线路潮流计算_37_54],0.0
cons[线路潮流约束_37_54],0.0
cons[线路潮流约束_neg_37_54],0.0
cons[线路潮流计算_38_54],0.0
cons[线路潮流约束_38_54],0.0
cons[线路潮流约束_neg_38_54],0.0
cons[线路潮流计算_39_54],0.0
cons[线路潮流约束_39_54],0.0
cons[线路潮流约束_neg_39_54],0.0
cons[线路潮流计算_40_54],0.0
cons[线路潮流约束_40_54],0.0
cons[线路潮流约束_neg_40_54],0.0
cons[线路潮流计算_41_54],0.0
cons[线路潮流约束_41_54],0.0
cons[线路潮流约束_neg_41_54],0.0
cons[线路潮流计算_42_54],0.0
cons[线路潮流约束_42_54],0.0
cons[线路潮流约束_neg_42_54],0.0
cons[线路潮流计算_43_54],0.0
cons[线路潮流约束_43_54],0.0
cons[线路潮流约束_neg_43_54],0.0
cons[线路潮流计算_44_54],0.0
cons[线路潮流约束_44_54],0.0
cons[线路潮流约束_neg_44_54],0.0
cons[线路潮流计算_45_54],0.0
cons[线路潮流约束_45_54],0.0
cons[线路潮流约束_neg_45_54],0.0
cons[线路潮流计算_46_54],0.0
cons[线路潮流约束_46_54],0.0
cons[线路潮流约束_neg_46_54],0.0
cons[线路潮流计算_47_54],0.0
cons[线路潮流约束_47_54],0.0
cons[线路潮流约束_neg_47_54],0.0
cons[线路潮流计算_48_54],0.0
cons[线路潮流约束_48_54],0.0
cons[线路潮流约束_neg_48_54],0.0
cons[线路潮流计算_49_54],0.0
cons[线路潮流约束_49_54],0.0
cons[线路潮流约束_neg_49_54],0.0
cons[线路潮流计算_50_54],0.0
cons[线路潮流约束_50_54],0.0
cons[线路潮流约束_neg_50_54],0.0
cons[线路潮流计算_51_54],0.0
cons[线路潮流约束_51_54],0.0
cons[线路潮流约束_neg_51_54],0.0
cons[线路潮流计算_52_54],0.0
cons[线路潮流约束_52_54],0.0
cons[线路潮流约束_neg_52_54],0.0
cons[线路潮流计算_53_54],0.0
cons[线路潮流约束_53_54],0.0
cons[线路潮流约束_neg_53_54],0.0
cons[线路潮流计算_54_54],0.0
cons[线路潮流约束_54_54],0.0
cons[线路潮流约束_neg_54_54],0.0
cons[线路潮流计算_55_54],0.0
cons[线路潮流约束_55_54],0.0
cons[线路潮流约束_neg_55_54],0.0
cons[线路潮流计算_56_54],0.0
cons[线路潮流约束_56_54],0.0
cons[线路潮流约束_neg_56_54],0.0
cons[线路潮流计算_57_54],0.0
cons[线路潮流约束_57_54],0.0
cons[线路潮流约束_neg_57_54],0.0
cons[线路潮流计算_58_54],0.0
cons[线路潮流约束_58_54],0.0
cons[线路潮流约束_neg_58_54],0.0
cons[线路潮流计算_59_54],0.0
cons[线路潮流约束_59_54],0.0
cons[线路潮流约束_neg_59_54],0.0
cons[线路潮流计算_60_54],0.0
cons[线路潮流约束_60_54],0.0
cons[线路潮流约束_neg_60_54],0.0
cons[线路潮流计算_61_54],0.0
cons[线路潮流约束_61_54],0.0
cons[线路潮流约束_neg_61_54],0.0
cons[线路潮流计算_62_54],0.0
cons[线路潮流约束_62_54],0.0
cons[线路潮流约束_neg_62_54],0.0
cons[线路潮流计算_63_54],0.0
cons[线路潮流约束_63_54],0.0
cons[线路潮流约束_neg_63_54],0.0
cons[线路潮流计算_64_54],0.0
cons[线路潮流约束_64_54],0.0
cons[线路潮流约束_neg_64_54],0.0
cons[线路潮流计算_65_54],0.0
cons[线路潮流约束_65_54],0.0
cons[线路潮流约束_neg_65_54],0.0
cons[线路潮流计算_66_54],0.0
cons[线路潮流约束_66_54],0.0
cons[线路潮流约束_neg_66_54],0.0
cons[线路潮流计算_67_54],0.0
cons[线路潮流约束_67_54],0.0
cons[线路潮流约束_neg_67_54],0.0
cons[线路潮流计算_68_54],0.0
cons[线路潮流约束_68_54],0.0
cons[线路潮流约束_neg_68_54],0.0
cons[线路潮流计算_69_54],0.0
cons[线路潮流约束_69_54],0.0
cons[线路潮流约束_neg_69_54],0.0
cons[线路潮流计算_70_54],0.0
cons[线路潮流约束_70_54],0.0
cons[线路潮流约束_neg_70_54],0.0
cons[线路潮流计算_71_54],0.0
cons[线路潮流约束_71_54],0.0
cons[线路潮流约束_neg_71_54],0.0
cons[线路潮流计算_72_54],0.0
cons[线路潮流约束_72_54],0.0
cons[线路潮流约束_neg_72_54],0.0
cons[线路潮流计算_73_54],0.0
cons[线路潮流约束_73_54],0.0
cons[线路潮流约束_neg_73_54],0.0
cons[线路潮流计算_74_54],0.0
cons[线路潮流约束_74_54],0.0
cons[线路潮流约束_neg_74_54],0.0
cons[线路潮流计算_75_54],0.0
cons[线路潮流约束_75_54],0.0
cons[线路潮流约束_neg_75_54],0.0
cons[线路潮流计算_76_54],0.0
cons[线路潮流约束_76_54],0.0
cons[线路潮流约束_neg_76_54],0.0
cons[正备用约束_54],0.0
cons[负备用约束_54],0.0
cons[系统功率平衡约束_55],-6080.62
cons[线路潮流计算_0_55],0.0
cons[线路潮流约束_0_55],0.0
cons[线路潮流约束_neg_0_55],0.0
cons[线路潮流计算_1_55],0.0
cons[线路潮流约束_1_55],0.0
cons[线路潮流约束_neg_1_55],0.0
cons[线路潮流计算_2_55],0.0
cons[线路潮流约束_2_55],0.0
cons[线路潮流约束_neg_2_55],0.0
cons[线路潮流计算_3_55],0.0
cons[线路潮流约束_3_55],0.0
cons[线路潮流约束_neg_3_55],0.0
cons[线路潮流计算_4_55],0.0
cons[线路潮流约束_4_55],0.0
cons[线路潮流约束_neg_4_55],0.0
cons[线路潮流计算_5_55],0.0
cons[线路潮流约束_5_55],0.0
cons[线路潮流约束_neg_5_55],0.0
cons[线路潮流计算_6_55],0.0
cons[线路潮流约束_6_55],0.0
cons[线路潮流约束_neg_6_55],0.0
cons[线路潮流计算_7_55],0.0
cons[线路潮流约束_7_55],0.0
cons[线路潮流约束_neg_7_55],0.0
cons[线路潮流计算_8_55],0.0
cons[线路潮流约束_8_55],0.0
cons[线路潮流约束_neg_8_55],0.0
cons[线路潮流计算_9_55],0.0
cons[线路潮流约束_9_55],0.0
cons[线路潮流约束_neg_9_55],0.0
cons[线路潮流计算_10_55],0.0
cons[线路潮流约束_10_55],0.0
cons[线路潮流约束_neg_10_55],0.0
cons[线路潮流计算_11_55],0.0
cons[线路潮流约束_11_55],0.0
cons[线路潮流约束_neg_11_55],0.0
cons[线路潮流计算_12_55],0.0
cons[线路潮流约束_12_55],0.0
cons[线路潮流约束_neg_12_55],0.0
cons[线路潮流计算_13_55],0.0
cons[线路潮流约束_13_55],0.0
cons[线路潮流约束_neg_13_55],0.0
cons[线路潮流计算_14_55],0.0
cons[线路潮流约束_14_55],0.0
cons[线路潮流约束_neg_14_55],0.0
cons[线路潮流计算_15_55],0.0
cons[线路潮流约束_15_55],0.0
cons[线路潮流约束_neg_15_55],0.0
cons[线路潮流计算_16_55],0.0
cons[线路潮流约束_16_55],0.0
cons[线路潮流约束_neg_16_55],0.0
cons[线路潮流计算_17_55],0.0
cons[线路潮流约束_17_55],0.0
cons[线路潮流约束_neg_17_55],0.0
cons[线路潮流计算_18_55],0.0
cons[线路潮流约束_18_55],0.0
cons[线路潮流约束_neg_18_55],0.0
cons[线路潮流计算_19_55],0.0
cons[线路潮流约束_19_55],0.0
cons[线路潮流约束_neg_19_55],0.0
cons[线路潮流计算_20_55],0.0
cons[线路潮流约束_20_55],0.0
cons[线路潮流约束_neg_20_55],0.0
cons[线路潮流计算_21_55],0.0
cons[线路潮流约束_21_55],0.0
cons[线路潮流约束_neg_21_55],0.0
cons[线路潮流计算_22_55],0.0
cons[线路潮流约束_22_55],0.0
cons[线路潮流约束_neg_22_55],0.0
cons[线路潮流计算_23_55],0.0
cons[线路潮流约束_23_55],0.0
cons[线路潮流约束_neg_23_55],0.0
cons[线路潮流计算_24_55],0.0
cons[线路潮流约束_24_55],0.0
cons[线路潮流约束_neg_24_55],0.0
cons[线路潮流计算_25_55],0.0
cons[线路潮流约束_25_55],0.0
cons[线路潮流约束_neg_25_55],0.0
cons[线路潮流计算_26_55],0.0
cons[线路潮流约束_26_55],0.0
cons[线路潮流约束_neg_26_55],0.0
cons[线路潮流计算_27_55],0.0
cons[线路潮流约束_27_55],0.0
cons[线路潮流约束_neg_27_55],0.0
cons[线路潮流计算_28_55],0.0
cons[线路潮流约束_28_55],0.0
cons[线路潮流约束_neg_28_55],0.0
cons[线路潮流计算_29_55],0.0
cons[线路潮流约束_29_55],0.0
cons[线路潮流约束_neg_29_55],0.0
cons[线路潮流计算_30_55],0.0
cons[线路潮流约束_30_55],0.0
cons[线路潮流约束_neg_30_55],0.0
cons[线路潮流计算_31_55],0.0
cons[线路潮流约束_31_55],0.0
cons[线路潮流约束_neg_31_55],0.0
cons[线路潮流计算_32_55],0.0
cons[线路潮流约束_32_55],0.0
cons[线路潮流约束_neg_32_55],0.0
cons[线路潮流计算_33_55],0.0
cons[线路潮流约束_33_55],0.0
cons[线路潮流约束_neg_33_55],0.0
cons[线路潮流计算_34_55],0.0
cons[线路潮流约束_34_55],0.0
cons[线路潮流约束_neg_34_55],0.0
cons[线路潮流计算_35_55],0.0
cons[线路潮流约束_35_55],0.0
cons[线路潮流约束_neg_35_55],0.0
cons[线路潮流计算_36_55],0.0
cons[线路潮流约束_36_55],0.0
cons[线路潮流约束_neg_36_55],0.0
cons[线路潮流计算_37_55],0.0
cons[线路潮流约束_37_55],0.0
cons[线路潮流约束_neg_37_55],0.0
cons[线路潮流计算_38_55],0.0
cons[线路潮流约束_38_55],0.0
cons[线路潮流约束_neg_38_55],0.0
cons[线路潮流计算_39_55],0.0
cons[线路潮流约束_39_55],0.0
cons[线路潮流约束_neg_39_55],0.0
cons[线路潮流计算_40_55],0.0
cons[线路潮流约束_40_55],0.0
cons[线路潮流约束_neg_40_55],0.0
cons[线路潮流计算_41_55],0.0
cons[线路潮流约束_41_55],0.0
cons[线路潮流约束_neg_41_55],0.0
cons[线路潮流计算_42_55],0.0
cons[线路潮流约束_42_55],0.0
cons[线路潮流约束_neg_42_55],0.0
cons[线路潮流计算_43_55],0.0
cons[线路潮流约束_43_55],0.0
cons[线路潮流约束_neg_43_55],0.0
cons[线路潮流计算_44_55],0.0
cons[线路潮流约束_44_55],0.0
cons[线路潮流约束_neg_44_55],0.0
cons[线路潮流计算_45_55],0.0
cons[线路潮流约束_45_55],0.0
cons[线路潮流约束_neg_45_55],0.0
cons[线路潮流计算_46_55],0.0
cons[线路潮流约束_46_55],0.0
cons[线路潮流约束_neg_46_55],0.0
cons[线路潮流计算_47_55],0.0
cons[线路潮流约束_47_55],0.0
cons[线路潮流约束_neg_47_55],0.0
cons[线路潮流计算_48_55],0.0
cons[线路潮流约束_48_55],0.0
cons[线路潮流约束_neg_48_55],0.0
cons[线路潮流计算_49_55],0.0
cons[线路潮流约束_49_55],0.0
cons[线路潮流约束_neg_49_55],0.0
cons[线路潮流计算_50_55],0.0
cons[线路潮流约束_50_55],0.0
cons[线路潮流约束_neg_50_55],0.0
cons[线路潮流计算_51_55],0.0
cons[线路潮流约束_51_55],0.0
cons[线路潮流约束_neg_51_55],0.0
cons[线路潮流计算_52_55],0.0
cons[线路潮流约束_52_55],0.0
cons[线路潮流约束_neg_52_55],0.0
cons[线路潮流计算_53_55],0.0
cons[线路潮流约束_53_55],0.0
cons[线路潮流约束_neg_53_55],0.0
cons[线路潮流计算_54_55],0.0
cons[线路潮流约束_54_55],0.0
cons[线路潮流约束_neg_54_55],0.0
cons[线路潮流计算_55_55],0.0
cons[线路潮流约束_55_55],0.0
cons[线路潮流约束_neg_55_55],0.0
cons[线路潮流计算_56_55],0.0
cons[线路潮流约束_56_55],0.0
cons[线路潮流约束_neg_56_55],0.0
cons[线路潮流计算_57_55],0.0
cons[线路潮流约束_57_55],0.0
cons[线路潮流约束_neg_57_55],0.0
cons[线路潮流计算_58_55],0.0
cons[线路潮流约束_58_55],0.0
cons[线路潮流约束_neg_58_55],0.0
cons[线路潮流计算_59_55],0.0
cons[线路潮流约束_59_55],0.0
cons[线路潮流约束_neg_59_55],0.0
cons[线路潮流计算_60_55],0.0
cons[线路潮流约束_60_55],0.0
cons[线路潮流约束_neg_60_55],0.0
cons[线路潮流计算_61_55],0.0
cons[线路潮流约束_61_55],0.0
cons[线路潮流约束_neg_61_55],0.0
cons[线路潮流计算_62_55],0.0
cons[线路潮流约束_62_55],0.0
cons[线路潮流约束_neg_62_55],0.0
cons[线路潮流计算_63_55],0.0
cons[线路潮流约束_63_55],0.0
cons[线路潮流约束_neg_63_55],0.0
cons[线路潮流计算_64_55],0.0
cons[线路潮流约束_64_55],0.0
cons[线路潮流约束_neg_64_55],0.0
cons[线路潮流计算_65_55],0.0
cons[线路潮流约束_65_55],0.0
cons[线路潮流约束_neg_65_55],0.0
cons[线路潮流计算_66_55],0.0
cons[线路潮流约束_66_55],0.0
cons[线路潮流约束_neg_66_55],0.0
cons[线路潮流计算_67_55],0.0
cons[线路潮流约束_67_55],0.0
cons[线路潮流约束_neg_67_55],0.0
cons[线路潮流计算_68_55],0.0
cons[线路潮流约束_68_55],0.0
cons[线路潮流约束_neg_68_55],0.0
cons[线路潮流计算_69_55],0.0
cons[线路潮流约束_69_55],0.0
cons[线路潮流约束_neg_69_55],0.0
cons[线路潮流计算_70_55],0.0
cons[线路潮流约束_70_55],0.0
cons[线路潮流约束_neg_70_55],0.0
cons[线路潮流计算_71_55],0.0
cons[线路潮流约束_71_55],0.0
cons[线路潮流约束_neg_71_55],0.0
cons[线路潮流计算_72_55],0.0
cons[线路潮流约束_72_55],0.0
cons[线路潮流约束_neg_72_55],0.0
cons[线路潮流计算_73_55],0.0
cons[线路潮流约束_73_55],0.0
cons[线路潮流约束_neg_73_55],0.0
cons[线路潮流计算_74_55],0.0
cons[线路潮流约束_74_55],0.0
cons[线路潮流约束_neg_74_55],0.0
cons[线路潮流计算_75_55],0.0
cons[线路潮流约束_75_55],0.0
cons[线路潮流约束_neg_75_55],0.0
cons[线路潮流计算_76_55],0.0
cons[线路潮流约束_76_55],0.0
cons[线路潮流约束_neg_76_55],0.0
cons[正备用约束_55],0.0
cons[负备用约束_55],0.0
cons[系统功率平衡约束_56],-6080.62
cons[线路潮流计算_0_56],0.0
cons[线路潮流约束_0_56],0.0
cons[线路潮流约束_neg_0_56],0.0
cons[线路潮流计算_1_56],0.0
cons[线路潮流约束_1_56],0.0
cons[线路潮流约束_neg_1_56],0.0
cons[线路潮流计算_2_56],0.0
cons[线路潮流约束_2_56],0.0
cons[线路潮流约束_neg_2_56],0.0
cons[线路潮流计算_3_56],0.0
cons[线路潮流约束_3_56],0.0
cons[线路潮流约束_neg_3_56],0.0
cons[线路潮流计算_4_56],0.0
cons[线路潮流约束_4_56],0.0
cons[线路潮流约束_neg_4_56],0.0
cons[线路潮流计算_5_56],0.0
cons[线路潮流约束_5_56],0.0
cons[线路潮流约束_neg_5_56],0.0
cons[线路潮流计算_6_56],0.0
cons[线路潮流约束_6_56],0.0
cons[线路潮流约束_neg_6_56],0.0
cons[线路潮流计算_7_56],0.0
cons[线路潮流约束_7_56],0.0
cons[线路潮流约束_neg_7_56],0.0
cons[线路潮流计算_8_56],0.0
cons[线路潮流约束_8_56],0.0
cons[线路潮流约束_neg_8_56],0.0
cons[线路潮流计算_9_56],0.0
cons[线路潮流约束_9_56],0.0
cons[线路潮流约束_neg_9_56],0.0
cons[线路潮流计算_10_56],0.0
cons[线路潮流约束_10_56],0.0
cons[线路潮流约束_neg_10_56],0.0
cons[线路潮流计算_11_56],0.0
cons[线路潮流约束_11_56],0.0
cons[线路潮流约束_neg_11_56],0.0
cons[线路潮流计算_12_56],0.0
cons[线路潮流约束_12_56],0.0
cons[线路潮流约束_neg_12_56],0.0
cons[线路潮流计算_13_56],0.0
cons[线路潮流约束_13_56],0.0
cons[线路潮流约束_neg_13_56],0.0
cons[线路潮流计算_14_56],0.0
cons[线路潮流约束_14_56],0.0
cons[线路潮流约束_neg_14_56],0.0
cons[线路潮流计算_15_56],0.0
cons[线路潮流约束_15_56],0.0
cons[线路潮流约束_neg_15_56],0.0
cons[线路潮流计算_16_56],0.0
cons[线路潮流约束_16_56],0.0
cons[线路潮流约束_neg_16_56],0.0
cons[线路潮流计算_17_56],0.0
cons[线路潮流约束_17_56],0.0
cons[线路潮流约束_neg_17_56],0.0
cons[线路潮流计算_18_56],0.0
cons[线路潮流约束_18_56],0.0
cons[线路潮流约束_neg_18_56],0.0
cons[线路潮流计算_19_56],0.0
cons[线路潮流约束_19_56],0.0
cons[线路潮流约束_neg_19_56],0.0
cons[线路潮流计算_20_56],0.0
cons[线路潮流约束_20_56],0.0
cons[线路潮流约束_neg_20_56],0.0
cons[线路潮流计算_21_56],0.0
cons[线路潮流约束_21_56],0.0
cons[线路潮流约束_neg_21_56],0.0
cons[线路潮流计算_22_56],0.0
cons[线路潮流约束_22_56],0.0
cons[线路潮流约束_neg_22_56],0.0
cons[线路潮流计算_23_56],0.0
cons[线路潮流约束_23_56],0.0
cons[线路潮流约束_neg_23_56],0.0
cons[线路潮流计算_24_56],0.0
cons[线路潮流约束_24_56],0.0
cons[线路潮流约束_neg_24_56],0.0
cons[线路潮流计算_25_56],0.0
cons[线路潮流约束_25_56],0.0
cons[线路潮流约束_neg_25_56],0.0
cons[线路潮流计算_26_56],0.0
cons[线路潮流约束_26_56],0.0
cons[线路潮流约束_neg_26_56],0.0
cons[线路潮流计算_27_56],0.0
cons[线路潮流约束_27_56],0.0
cons[线路潮流约束_neg_27_56],0.0
cons[线路潮流计算_28_56],0.0
cons[线路潮流约束_28_56],0.0
cons[线路潮流约束_neg_28_56],0.0
cons[线路潮流计算_29_56],0.0
cons[线路潮流约束_29_56],0.0
cons[线路潮流约束_neg_29_56],0.0
cons[线路潮流计算_30_56],0.0
cons[线路潮流约束_30_56],0.0
cons[线路潮流约束_neg_30_56],0.0
cons[线路潮流计算_31_56],0.0
cons[线路潮流约束_31_56],0.0
cons[线路潮流约束_neg_31_56],0.0
cons[线路潮流计算_32_56],0.0
cons[线路潮流约束_32_56],0.0
cons[线路潮流约束_neg_32_56],0.0
cons[线路潮流计算_33_56],0.0
cons[线路潮流约束_33_56],0.0
cons[线路潮流约束_neg_33_56],0.0
cons[线路潮流计算_34_56],0.0
cons[线路潮流约束_34_56],0.0
cons[线路潮流约束_neg_34_56],0.0
cons[线路潮流计算_35_56],0.0
cons[线路潮流约束_35_56],0.0
cons[线路潮流约束_neg_35_56],0.0
cons[线路潮流计算_36_56],0.0
cons[线路潮流约束_36_56],0.0
cons[线路潮流约束_neg_36_56],0.0
cons[线路潮流计算_37_56],0.0
cons[线路潮流约束_37_56],0.0
cons[线路潮流约束_neg_37_56],0.0
cons[线路潮流计算_38_56],0.0
cons[线路潮流约束_38_56],0.0
cons[线路潮流约束_neg_38_56],0.0
cons[线路潮流计算_39_56],0.0
cons[线路潮流约束_39_56],0.0
cons[线路潮流约束_neg_39_56],0.0
cons[线路潮流计算_40_56],0.0
cons[线路潮流约束_40_56],0.0
cons[线路潮流约束_neg_40_56],0.0
cons[线路潮流计算_41_56],0.0
cons[线路潮流约束_41_56],0.0
cons[线路潮流约束_neg_41_56],0.0
cons[线路潮流计算_42_56],0.0
cons[线路潮流约束_42_56],0.0
cons[线路潮流约束_neg_42_56],0.0
cons[线路潮流计算_43_56],0.0
cons[线路潮流约束_43_56],0.0
cons[线路潮流约束_neg_43_56],0.0
cons[线路潮流计算_44_56],0.0
cons[线路潮流约束_44_56],0.0
cons[线路潮流约束_neg_44_56],0.0
cons[线路潮流计算_45_56],0.0
cons[线路潮流约束_45_56],0.0
cons[线路潮流约束_neg_45_56],0.0
cons[线路潮流计算_46_56],0.0
cons[线路潮流约束_46_56],0.0
cons[线路潮流约束_neg_46_56],0.0
cons[线路潮流计算_47_56],0.0
cons[线路潮流约束_47_56],0.0
cons[线路潮流约束_neg_47_56],0.0
cons[线路潮流计算_48_56],0.0
cons[线路潮流约束_48_56],0.0
cons[线路潮流约束_neg_48_56],0.0
cons[线路潮流计算_49_56],0.0
cons[线路潮流约束_49_56],0.0
cons[线路潮流约束_neg_49_56],0.0
cons[线路潮流计算_50_56],0.0
cons[线路潮流约束_50_56],0.0
cons[线路潮流约束_neg_50_56],0.0
cons[线路潮流计算_51_56],0.0
cons[线路潮流约束_51_56],0.0
cons[线路潮流约束_neg_51_56],0.0
cons[线路潮流计算_52_56],0.0
cons[线路潮流约束_52_56],0.0
cons[线路潮流约束_neg_52_56],0.0
cons[线路潮流计算_53_56],0.0
cons[线路潮流约束_53_56],0.0
cons[线路潮流约束_neg_53_56],0.0
cons[线路潮流计算_54_56],0.0
cons[线路潮流约束_54_56],0.0
cons[线路潮流约束_neg_54_56],0.0
cons[线路潮流计算_55_56],0.0
cons[线路潮流约束_55_56],0.0
cons[线路潮流约束_neg_55_56],0.0
cons[线路潮流计算_56_56],0.0
cons[线路潮流约束_56_56],0.0
cons[线路潮流约束_neg_56_56],0.0
cons[线路潮流计算_57_56],0.0
cons[线路潮流约束_57_56],0.0
cons[线路潮流约束_neg_57_56],0.0
cons[线路潮流计算_58_56],0.0
cons[线路潮流约束_58_56],0.0
cons[线路潮流约束_neg_58_56],0.0
cons[线路潮流计算_59_56],0.0
cons[线路潮流约束_59_56],0.0
cons[线路潮流约束_neg_59_56],0.0
cons[线路潮流计算_60_56],0.0
cons[线路潮流约束_60_56],0.0
cons[线路潮流约束_neg_60_56],0.0
cons[线路潮流计算_61_56],0.0
cons[线路潮流约束_61_56],0.0
cons[线路潮流约束_neg_61_56],0.0
cons[线路潮流计算_62_56],0.0
cons[线路潮流约束_62_56],0.0
cons[线路潮流约束_neg_62_56],0.0
cons[线路潮流计算_63_56],0.0
cons[线路潮流约束_63_56],0.0
cons[线路潮流约束_neg_63_56],0.0
cons[线路潮流计算_64_56],0.0
cons[线路潮流约束_64_56],0.0
cons[线路潮流约束_neg_64_56],0.0
cons[线路潮流计算_65_56],0.0
cons[线路潮流约束_65_56],0.0
cons[线路潮流约束_neg_65_56],0.0
cons[线路潮流计算_66_56],0.0
cons[线路潮流约束_66_56],0.0
cons[线路潮流约束_neg_66_56],0.0
cons[线路潮流计算_67_56],0.0
cons[线路潮流约束_67_56],0.0
cons[线路潮流约束_neg_67_56],0.0
cons[线路潮流计算_68_56],0.0
cons[线路潮流约束_68_56],0.0
cons[线路潮流约束_neg_68_56],0.0
cons[线路潮流计算_69_56],0.0
cons[线路潮流约束_69_56],0.0
cons[线路潮流约束_neg_69_56],0.0
cons[线路潮流计算_70_56],0.0
cons[线路潮流约束_70_56],0.0
cons[线路潮流约束_neg_70_56],0.0
cons[线路潮流计算_71_56],0.0
cons[线路潮流约束_71_56],0.0
cons[线路潮流约束_neg_71_56],0.0
cons[线路潮流计算_72_56],0.0
cons[线路潮流约束_72_56],0.0
cons[线路潮流约束_neg_72_56],0.0
cons[线路潮流计算_73_56],0.0
cons[线路潮流约束_73_56],0.0
cons[线路潮流约束_neg_73_56],0.0
cons[线路潮流计算_74_56],0.0
cons[线路潮流约束_74_56],0.0
cons[线路潮流约束_neg_74_56],0.0
cons[线路潮流计算_75_56],0.0
cons[线路潮流约束_75_56],0.0
cons[线路潮流约束_neg_75_56],0.0
cons[线路潮流计算_76_56],0.0
cons[线路潮流约束_76_56],0.0
cons[线路潮流约束_neg_76_56],0.0
cons[正备用约束_56],0.0
cons[负备用约束_56],0.0
cons[系统功率平衡约束_57],-6080.62
cons[线路潮流计算_0_57],0.0
cons[线路潮流约束_0_57],0.0
cons[线路潮流约束_neg_0_57],0.0
cons[线路潮流计算_1_57],0.0
cons[线路潮流约束_1_57],0.0
cons[线路潮流约束_neg_1_57],0.0
cons[线路潮流计算_2_57],0.0
cons[线路潮流约束_2_57],0.0
cons[线路潮流约束_neg_2_57],0.0
cons[线路潮流计算_3_57],0.0
cons[线路潮流约束_3_57],0.0
cons[线路潮流约束_neg_3_57],0.0
cons[线路潮流计算_4_57],0.0
cons[线路潮流约束_4_57],0.0
cons[线路潮流约束_neg_4_57],0.0
cons[线路潮流计算_5_57],0.0
cons[线路潮流约束_5_57],0.0
cons[线路潮流约束_neg_5_57],0.0
cons[线路潮流计算_6_57],0.0
cons[线路潮流约束_6_57],0.0
cons[线路潮流约束_neg_6_57],0.0
cons[线路潮流计算_7_57],0.0
cons[线路潮流约束_7_57],0.0
cons[线路潮流约束_neg_7_57],0.0
cons[线路潮流计算_8_57],0.0
cons[线路潮流约束_8_57],0.0
cons[线路潮流约束_neg_8_57],0.0
cons[线路潮流计算_9_57],0.0
cons[线路潮流约束_9_57],0.0
cons[线路潮流约束_neg_9_57],0.0
cons[线路潮流计算_10_57],0.0
cons[线路潮流约束_10_57],0.0
cons[线路潮流约束_neg_10_57],0.0
cons[线路潮流计算_11_57],0.0
cons[线路潮流约束_11_57],0.0
cons[线路潮流约束_neg_11_57],0.0
cons[线路潮流计算_12_57],0.0
cons[线路潮流约束_12_57],0.0
cons[线路潮流约束_neg_12_57],0.0
cons[线路潮流计算_13_57],0.0
cons[线路潮流约束_13_57],0.0
cons[线路潮流约束_neg_13_57],0.0
cons[线路潮流计算_14_57],0.0
cons[线路潮流约束_14_57],0.0
cons[线路潮流约束_neg_14_57],0.0
cons[线路潮流计算_15_57],0.0
cons[线路潮流约束_15_57],0.0
cons[线路潮流约束_neg_15_57],0.0
cons[线路潮流计算_16_57],0.0
cons[线路潮流约束_16_57],0.0
cons[线路潮流约束_neg_16_57],0.0
cons[线路潮流计算_17_57],0.0
cons[线路潮流约束_17_57],0.0
cons[线路潮流约束_neg_17_57],0.0
cons[线路潮流计算_18_57],0.0
cons[线路潮流约束_18_57],0.0
cons[线路潮流约束_neg_18_57],0.0
cons[线路潮流计算_19_57],0.0
cons[线路潮流约束_19_57],0.0
cons[线路潮流约束_neg_19_57],0.0
cons[线路潮流计算_20_57],0.0
cons[线路潮流约束_20_57],0.0
cons[线路潮流约束_neg_20_57],0.0
cons[线路潮流计算_21_57],0.0
cons[线路潮流约束_21_57],0.0
cons[线路潮流约束_neg_21_57],0.0
cons[线路潮流计算_22_57],0.0
cons[线路潮流约束_22_57],0.0
cons[线路潮流约束_neg_22_57],0.0
cons[线路潮流计算_23_57],0.0
cons[线路潮流约束_23_57],0.0
cons[线路潮流约束_neg_23_57],0.0
cons[线路潮流计算_24_57],0.0
cons[线路潮流约束_24_57],0.0
cons[线路潮流约束_neg_24_57],0.0
cons[线路潮流计算_25_57],0.0
cons[线路潮流约束_25_57],0.0
cons[线路潮流约束_neg_25_57],0.0
cons[线路潮流计算_26_57],0.0
cons[线路潮流约束_26_57],0.0
cons[线路潮流约束_neg_26_57],0.0
cons[线路潮流计算_27_57],0.0
cons[线路潮流约束_27_57],0.0
cons[线路潮流约束_neg_27_57],0.0
cons[线路潮流计算_28_57],0.0
cons[线路潮流约束_28_57],0.0
cons[线路潮流约束_neg_28_57],0.0
cons[线路潮流计算_29_57],0.0
cons[线路潮流约束_29_57],0.0
cons[线路潮流约束_neg_29_57],0.0
cons[线路潮流计算_30_57],0.0
cons[线路潮流约束_30_57],0.0
cons[线路潮流约束_neg_30_57],0.0
cons[线路潮流计算_31_57],0.0
cons[线路潮流约束_31_57],0.0
cons[线路潮流约束_neg_31_57],0.0
cons[线路潮流计算_32_57],0.0
cons[线路潮流约束_32_57],0.0
cons[线路潮流约束_neg_32_57],0.0
cons[线路潮流计算_33_57],0.0
cons[线路潮流约束_33_57],0.0
cons[线路潮流约束_neg_33_57],0.0
cons[线路潮流计算_34_57],0.0
cons[线路潮流约束_34_57],0.0
cons[线路潮流约束_neg_34_57],0.0
cons[线路潮流计算_35_57],0.0
cons[线路潮流约束_35_57],0.0
cons[线路潮流约束_neg_35_57],0.0
cons[线路潮流计算_36_57],0.0
cons[线路潮流约束_36_57],0.0
cons[线路潮流约束_neg_36_57],0.0
cons[线路潮流计算_37_57],0.0
cons[线路潮流约束_37_57],0.0
cons[线路潮流约束_neg_37_57],0.0
cons[线路潮流计算_38_57],0.0
cons[线路潮流约束_38_57],0.0
cons[线路潮流约束_neg_38_57],0.0
cons[线路潮流计算_39_57],0.0
cons[线路潮流约束_39_57],0.0
cons[线路潮流约束_neg_39_57],0.0
cons[线路潮流计算_40_57],0.0
cons[线路潮流约束_40_57],0.0
cons[线路潮流约束_neg_40_57],0.0
cons[线路潮流计算_41_57],0.0
cons[线路潮流约束_41_57],0.0
cons[线路潮流约束_neg_41_57],0.0
cons[线路潮流计算_42_57],0.0
cons[线路潮流约束_42_57],0.0
cons[线路潮流约束_neg_42_57],0.0
cons[线路潮流计算_43_57],0.0
cons[线路潮流约束_43_57],0.0
cons[线路潮流约束_neg_43_57],0.0
cons[线路潮流计算_44_57],0.0
cons[线路潮流约束_44_57],0.0
cons[线路潮流约束_neg_44_57],0.0
cons[线路潮流计算_45_57],0.0
cons[线路潮流约束_45_57],0.0
cons[线路潮流约束_neg_45_57],0.0
cons[线路潮流计算_46_57],0.0
cons[线路潮流约束_46_57],0.0
cons[线路潮流约束_neg_46_57],0.0
cons[线路潮流计算_47_57],0.0
cons[线路潮流约束_47_57],0.0
cons[线路潮流约束_neg_47_57],0.0
cons[线路潮流计算_48_57],0.0
cons[线路潮流约束_48_57],0.0
cons[线路潮流约束_neg_48_57],0.0
cons[线路潮流计算_49_57],0.0
cons[线路潮流约束_49_57],0.0
cons[线路潮流约束_neg_49_57],0.0
cons[线路潮流计算_50_57],0.0
cons[线路潮流约束_50_57],0.0
cons[线路潮流约束_neg_50_57],0.0
cons[线路潮流计算_51_57],0.0
cons[线路潮流约束_51_57],0.0
cons[线路潮流约束_neg_51_57],0.0
cons[线路潮流计算_52_57],0.0
cons[线路潮流约束_52_57],0.0
cons[线路潮流约束_neg_52_57],0.0
cons[线路潮流计算_53_57],0.0
cons[线路潮流约束_53_57],0.0
cons[线路潮流约束_neg_53_57],0.0
cons[线路潮流计算_54_57],0.0
cons[线路潮流约束_54_57],0.0
cons[线路潮流约束_neg_54_57],0.0
cons[线路潮流计算_55_57],0.0
cons[线路潮流约束_55_57],0.0
cons[线路潮流约束_neg_55_57],0.0
cons[线路潮流计算_56_57],0.0
cons[线路潮流约束_56_57],0.0
cons[线路潮流约束_neg_56_57],0.0
cons[线路潮流计算_57_57],0.0
cons[线路潮流约束_57_57],0.0
cons[线路潮流约束_neg_57_57],0.0
cons[线路潮流计算_58_57],0.0
cons[线路潮流约束_58_57],0.0
cons[线路潮流约束_neg_58_57],0.0
cons[线路潮流计算_59_57],0.0
cons[线路潮流约束_59_57],0.0
cons[线路潮流约束_neg_59_57],0.0
cons[线路潮流计算_60_57],0.0
cons[线路潮流约束_60_57],0.0
cons[线路潮流约束_neg_60_57],0.0
cons[线路潮流计算_61_57],0.0
cons[线路潮流约束_61_57],0.0
cons[线路潮流约束_neg_61_57],0.0
cons[线路潮流计算_62_57],0.0
cons[线路潮流约束_62_57],0.0
cons[线路潮流约束_neg_62_57],0.0
cons[线路潮流计算_63_57],0.0
cons[线路潮流约束_63_57],0.0
cons[线路潮流约束_neg_63_57],0.0
cons[线路潮流计算_64_57],0.0
cons[线路潮流约束_64_57],0.0
cons[线路潮流约束_neg_64_57],0.0
cons[线路潮流计算_65_57],0.0
cons[线路潮流约束_65_57],0.0
cons[线路潮流约束_neg_65_57],0.0
cons[线路潮流计算_66_57],0.0
cons[线路潮流约束_66_57],0.0
cons[线路潮流约束_neg_66_57],0.0
cons[线路潮流计算_67_57],0.0
cons[线路潮流约束_67_57],0.0
cons[线路潮流约束_neg_67_57],0.0
cons[线路潮流计算_68_57],0.0
cons[线路潮流约束_68_57],0.0
cons[线路潮流约束_neg_68_57],0.0
cons[线路潮流计算_69_57],0.0
cons[线路潮流约束_69_57],0.0
cons[线路潮流约束_neg_69_57],0.0
cons[线路潮流计算_70_57],0.0
cons[线路潮流约束_70_57],0.0
cons[线路潮流约束_neg_70_57],0.0
cons[线路潮流计算_71_57],0.0
cons[线路潮流约束_71_57],0.0
cons[线路潮流约束_neg_71_57],0.0
cons[线路潮流计算_72_57],0.0
cons[线路潮流约束_72_57],0.0
cons[线路潮流约束_neg_72_57],0.0
cons[线路潮流计算_73_57],0.0
cons[线路潮流约束_73_57],0.0
cons[线路潮流约束_neg_73_57],0.0
cons[线路潮流计算_74_57],0.0
cons[线路潮流约束_74_57],0.0
cons[线路潮流约束_neg_74_57],0.0
cons[线路潮流计算_75_57],0.0
cons[线路潮流约束_75_57],0.0
cons[线路潮流约束_neg_75_57],0.0
cons[线路潮流计算_76_57],0.0
cons[线路潮流约束_76_57],0.0
cons[线路潮流约束_neg_76_57],0.0
cons[正备用约束_57],0.0
cons[负备用约束_57],0.0
cons[系统功率平衡约束_58],-6080.62
cons[线路潮流计算_0_58],0.0
cons[线路潮流约束_0_58],0.0
cons[线路潮流约束_neg_0_58],0.0
cons[线路潮流计算_1_58],0.0
cons[线路潮流约束_1_58],0.0
cons[线路潮流约束_neg_1_58],0.0
cons[线路潮流计算_2_58],0.0
cons[线路潮流约束_2_58],0.0
cons[线路潮流约束_neg_2_58],0.0
cons[线路潮流计算_3_58],0.0
cons[线路潮流约束_3_58],0.0
cons[线路潮流约束_neg_3_58],0.0
cons[线路潮流计算_4_58],0.0
cons[线路潮流约束_4_58],0.0
cons[线路潮流约束_neg_4_58],0.0
cons[线路潮流计算_5_58],0.0
cons[线路潮流约束_5_58],0.0
cons[线路潮流约束_neg_5_58],0.0
cons[线路潮流计算_6_58],0.0
cons[线路潮流约束_6_58],0.0
cons[线路潮流约束_neg_6_58],0.0
cons[线路潮流计算_7_58],0.0
cons[线路潮流约束_7_58],0.0
cons[线路潮流约束_neg_7_58],0.0
cons[线路潮流计算_8_58],0.0
cons[线路潮流约束_8_58],0.0
cons[线路潮流约束_neg_8_58],0.0
cons[线路潮流计算_9_58],0.0
cons[线路潮流约束_9_58],0.0
cons[线路潮流约束_neg_9_58],0.0
cons[线路潮流计算_10_58],0.0
cons[线路潮流约束_10_58],0.0
cons[线路潮流约束_neg_10_58],0.0
cons[线路潮流计算_11_58],0.0
cons[线路潮流约束_11_58],0.0
cons[线路潮流约束_neg_11_58],0.0
cons[线路潮流计算_12_58],0.0
cons[线路潮流约束_12_58],0.0
cons[线路潮流约束_neg_12_58],0.0
cons[线路潮流计算_13_58],0.0
cons[线路潮流约束_13_58],0.0
cons[线路潮流约束_neg_13_58],0.0
cons[线路潮流计算_14_58],0.0
cons[线路潮流约束_14_58],0.0
cons[线路潮流约束_neg_14_58],0.0
cons[线路潮流计算_15_58],0.0
cons[线路潮流约束_15_58],0.0
cons[线路潮流约束_neg_15_58],0.0
cons[线路潮流计算_16_58],0.0
cons[线路潮流约束_16_58],0.0
cons[线路潮流约束_neg_16_58],0.0
cons[线路潮流计算_17_58],0.0
cons[线路潮流约束_17_58],0.0
cons[线路潮流约束_neg_17_58],0.0
cons[线路潮流计算_18_58],0.0
cons[线路潮流约束_18_58],0.0
cons[线路潮流约束_neg_18_58],0.0
cons[线路潮流计算_19_58],0.0
cons[线路潮流约束_19_58],0.0
cons[线路潮流约束_neg_19_58],0.0
cons[线路潮流计算_20_58],0.0
cons[线路潮流约束_20_58],0.0
cons[线路潮流约束_neg_20_58],0.0
cons[线路潮流计算_21_58],0.0
cons[线路潮流约束_21_58],0.0
cons[线路潮流约束_neg_21_58],0.0
cons[线路潮流计算_22_58],0.0
cons[线路潮流约束_22_58],0.0
cons[线路潮流约束_neg_22_58],0.0
cons[线路潮流计算_23_58],0.0
cons[线路潮流约束_23_58],0.0
cons[线路潮流约束_neg_23_58],0.0
cons[线路潮流计算_24_58],0.0
cons[线路潮流约束_24_58],0.0
cons[线路潮流约束_neg_24_58],0.0
cons[线路潮流计算_25_58],0.0
cons[线路潮流约束_25_58],0.0
cons[线路潮流约束_neg_25_58],0.0
cons[线路潮流计算_26_58],0.0
cons[线路潮流约束_26_58],0.0
cons[线路潮流约束_neg_26_58],0.0
cons[线路潮流计算_27_58],0.0
cons[线路潮流约束_27_58],0.0
cons[线路潮流约束_neg_27_58],0.0
cons[线路潮流计算_28_58],0.0
cons[线路潮流约束_28_58],0.0
cons[线路潮流约束_neg_28_58],0.0
cons[线路潮流计算_29_58],0.0
cons[线路潮流约束_29_58],0.0
cons[线路潮流约束_neg_29_58],0.0
cons[线路潮流计算_30_58],0.0
cons[线路潮流约束_30_58],0.0
cons[线路潮流约束_neg_30_58],0.0
cons[线路潮流计算_31_58],0.0
cons[线路潮流约束_31_58],0.0
cons[线路潮流约束_neg_31_58],0.0
cons[线路潮流计算_32_58],0.0
cons[线路潮流约束_32_58],0.0
cons[线路潮流约束_neg_32_58],0.0
cons[线路潮流计算_33_58],0.0
cons[线路潮流约束_33_58],0.0
cons[线路潮流约束_neg_33_58],0.0
cons[线路潮流计算_34_58],0.0
cons[线路潮流约束_34_58],0.0
cons[线路潮流约束_neg_34_58],0.0
cons[线路潮流计算_35_58],0.0
cons[线路潮流约束_35_58],0.0
cons[线路潮流约束_neg_35_58],0.0
cons[线路潮流计算_36_58],0.0
cons[线路潮流约束_36_58],0.0
cons[线路潮流约束_neg_36_58],0.0
cons[线路潮流计算_37_58],0.0
cons[线路潮流约束_37_58],0.0
cons[线路潮流约束_neg_37_58],0.0
cons[线路潮流计算_38_58],0.0
cons[线路潮流约束_38_58],0.0
cons[线路潮流约束_neg_38_58],0.0
cons[线路潮流计算_39_58],0.0
cons[线路潮流约束_39_58],0.0
cons[线路潮流约束_neg_39_58],0.0
cons[线路潮流计算_40_58],0.0
cons[线路潮流约束_40_58],0.0
cons[线路潮流约束_neg_40_58],0.0
cons[线路潮流计算_41_58],0.0
cons[线路潮流约束_41_58],0.0
cons[线路潮流约束_neg_41_58],0.0
cons[线路潮流计算_42_58],0.0
cons[线路潮流约束_42_58],0.0
cons[线路潮流约束_neg_42_58],0.0
cons[线路潮流计算_43_58],0.0
cons[线路潮流约束_43_58],0.0
cons[线路潮流约束_neg_43_58],0.0
cons[线路潮流计算_44_58],0.0
cons[线路潮流约束_44_58],0.0
cons[线路潮流约束_neg_44_58],0.0
cons[线路潮流计算_45_58],0.0
cons[线路潮流约束_45_58],0.0
cons[线路潮流约束_neg_45_58],0.0
cons[线路潮流计算_46_58],0.0
cons[线路潮流约束_46_58],0.0
cons[线路潮流约束_neg_46_58],0.0
cons[线路潮流计算_47_58],0.0
cons[线路潮流约束_47_58],0.0
cons[线路潮流约束_neg_47_58],0.0
cons[线路潮流计算_48_58],0.0
cons[线路潮流约束_48_58],0.0
cons[线路潮流约束_neg_48_58],0.0
cons[线路潮流计算_49_58],0.0
cons[线路潮流约束_49_58],0.0
cons[线路潮流约束_neg_49_58],0.0
cons[线路潮流计算_50_58],0.0
cons[线路潮流约束_50_58],0.0
cons[线路潮流约束_neg_50_58],0.0
cons[线路潮流计算_51_58],0.0
cons[线路潮流约束_51_58],0.0
cons[线路潮流约束_neg_51_58],0.0
cons[线路潮流计算_52_58],0.0
cons[线路潮流约束_52_58],0.0
cons[线路潮流约束_neg_52_58],0.0
cons[线路潮流计算_53_58],0.0
cons[线路潮流约束_53_58],0.0
cons[线路潮流约束_neg_53_58],0.0
cons[线路潮流计算_54_58],0.0
cons[线路潮流约束_54_58],0.0
cons[线路潮流约束_neg_54_58],0.0
cons[线路潮流计算_55_58],0.0
cons[线路潮流约束_55_58],0.0
cons[线路潮流约束_neg_55_58],0.0
cons[线路潮流计算_56_58],0.0
cons[线路潮流约束_56_58],0.0
cons[线路潮流约束_neg_56_58],0.0
cons[线路潮流计算_57_58],0.0
cons[线路潮流约束_57_58],0.0
cons[线路潮流约束_neg_57_58],0.0
cons[线路潮流计算_58_58],0.0
cons[线路潮流约束_58_58],0.0
cons[线路潮流约束_neg_58_58],0.0
cons[线路潮流计算_59_58],0.0
cons[线路潮流约束_59_58],0.0
cons[线路潮流约束_neg_59_58],0.0
cons[线路潮流计算_60_58],0.0
cons[线路潮流约束_60_58],0.0
cons[线路潮流约束_neg_60_58],0.0
cons[线路潮流计算_61_58],0.0
cons[线路潮流约束_61_58],0.0
cons[线路潮流约束_neg_61_58],0.0
cons[线路潮流计算_62_58],0.0
cons[线路潮流约束_62_58],0.0
cons[线路潮流约束_neg_62_58],0.0
cons[线路潮流计算_63_58],0.0
cons[线路潮流约束_63_58],0.0
cons[线路潮流约束_neg_63_58],0.0
cons[线路潮流计算_64_58],0.0
cons[线路潮流约束_64_58],0.0
cons[线路潮流约束_neg_64_58],0.0
cons[线路潮流计算_65_58],0.0
cons[线路潮流约束_65_58],0.0
cons[线路潮流约束_neg_65_58],0.0
cons[线路潮流计算_66_58],0.0
cons[线路潮流约束_66_58],0.0
cons[线路潮流约束_neg_66_58],0.0
cons[线路潮流计算_67_58],0.0
cons[线路潮流约束_67_58],0.0
cons[线路潮流约束_neg_67_58],0.0
cons[线路潮流计算_68_58],0.0
cons[线路潮流约束_68_58],0.0
cons[线路潮流约束_neg_68_58],0.0
cons[线路潮流计算_69_58],0.0
cons[线路潮流约束_69_58],0.0
cons[线路潮流约束_neg_69_58],0.0
cons[线路潮流计算_70_58],0.0
cons[线路潮流约束_70_58],0.0
cons[线路潮流约束_neg_70_58],0.0
cons[线路潮流计算_71_58],0.0
cons[线路潮流约束_71_58],0.0
cons[线路潮流约束_neg_71_58],0.0
cons[线路潮流计算_72_58],0.0
cons[线路潮流约束_72_58],0.0
cons[线路潮流约束_neg_72_58],0.0
cons[线路潮流计算_73_58],0.0
cons[线路潮流约束_73_58],0.0
cons[线路潮流约束_neg_73_58],0.0
cons[线路潮流计算_74_58],0.0
cons[线路潮流约束_74_58],0.0
cons[线路潮流约束_neg_74_58],0.0
cons[线路潮流计算_75_58],0.0
cons[线路潮流约束_75_58],0.0
cons[线路潮流约束_neg_75_58],0.0
cons[线路潮流计算_76_58],0.0
cons[线路潮流约束_76_58],0.0
cons[线路潮流约束_neg_76_58],0.0
cons[正备用约束_58],0.0
cons[负备用约束_58],0.0
cons[系统功率平衡约束_59],-6108.0109999999995
cons[线路潮流计算_0_59],0.0
cons[线路潮流约束_0_59],0.0
cons[线路潮流约束_neg_0_59],0.0
cons[线路潮流计算_1_59],0.0
cons[线路潮流约束_1_59],0.0
cons[线路潮流约束_neg_1_59],0.0
cons[线路潮流计算_2_59],0.0
cons[线路潮流约束_2_59],0.0
cons[线路潮流约束_neg_2_59],0.0
cons[线路潮流计算_3_59],0.0
cons[线路潮流约束_3_59],0.0
cons[线路潮流约束_neg_3_59],0.0
cons[线路潮流计算_4_59],0.0
cons[线路潮流约束_4_59],0.0
cons[线路潮流约束_neg_4_59],0.0
cons[线路潮流计算_5_59],0.0
cons[线路潮流约束_5_59],0.0
cons[线路潮流约束_neg_5_59],0.0
cons[线路潮流计算_6_59],0.0
cons[线路潮流约束_6_59],0.0
cons[线路潮流约束_neg_6_59],0.0
cons[线路潮流计算_7_59],0.0
cons[线路潮流约束_7_59],0.0
cons[线路潮流约束_neg_7_59],0.0
cons[线路潮流计算_8_59],0.0
cons[线路潮流约束_8_59],0.0
cons[线路潮流约束_neg_8_59],0.0
cons[线路潮流计算_9_59],0.0
cons[线路潮流约束_9_59],0.0
cons[线路潮流约束_neg_9_59],0.0
cons[线路潮流计算_10_59],0.0
cons[线路潮流约束_10_59],0.0
cons[线路潮流约束_neg_10_59],0.0
cons[线路潮流计算_11_59],0.0
cons[线路潮流约束_11_59],0.0
cons[线路潮流约束_neg_11_59],0.0
cons[线路潮流计算_12_59],0.0
cons[线路潮流约束_12_59],0.0
cons[线路潮流约束_neg_12_59],0.0
cons[线路潮流计算_13_59],0.0
cons[线路潮流约束_13_59],0.0
cons[线路潮流约束_neg_13_59],0.0
cons[线路潮流计算_14_59],0.0
cons[线路潮流约束_14_59],0.0
cons[线路潮流约束_neg_14_59],0.0
cons[线路潮流计算_15_59],0.0
cons[线路潮流约束_15_59],0.0
cons[线路潮流约束_neg_15_59],0.0
cons[线路潮流计算_16_59],0.0
cons[线路潮流约束_16_59],0.0
cons[线路潮流约束_neg_16_59],0.0
cons[线路潮流计算_17_59],0.0
cons[线路潮流约束_17_59],0.0
cons[线路潮流约束_neg_17_59],0.0
cons[线路潮流计算_18_59],0.0
cons[线路潮流约束_18_59],0.0
cons[线路潮流约束_neg_18_59],0.0
cons[线路潮流计算_19_59],0.0
cons[线路潮流约束_19_59],0.0
cons[线路潮流约束_neg_19_59],0.0
cons[线路潮流计算_20_59],0.0
cons[线路潮流约束_20_59],0.0
cons[线路潮流约束_neg_20_59],0.0
cons[线路潮流计算_21_59],0.0
cons[线路潮流约束_21_59],0.0
cons[线路潮流约束_neg_21_59],0.0
cons[线路潮流计算_22_59],0.0
cons[线路潮流约束_22_59],0.0
cons[线路潮流约束_neg_22_59],0.0
cons[线路潮流计算_23_59],0.0
cons[线路潮流约束_23_59],0.0
cons[线路潮流约束_neg_23_59],0.0
cons[线路潮流计算_24_59],0.0
cons[线路潮流约束_24_59],0.0
cons[线路潮流约束_neg_24_59],0.0
cons[线路潮流计算_25_59],0.0
cons[线路潮流约束_25_59],0.0
cons[线路潮流约束_neg_25_59],0.0
cons[线路潮流计算_26_59],0.0
cons[线路潮流约束_26_59],0.0
cons[线路潮流约束_neg_26_59],0.0
cons[线路潮流计算_27_59],0.0
cons[线路潮流约束_27_59],0.0
cons[线路潮流约束_neg_27_59],0.0
cons[线路潮流计算_28_59],0.0
cons[线路潮流约束_28_59],0.0
cons[线路潮流约束_neg_28_59],0.0
cons[线路潮流计算_29_59],0.0
cons[线路潮流约束_29_59],0.0
cons[线路潮流约束_neg_29_59],0.0
cons[线路潮流计算_30_59],0.0
cons[线路潮流约束_30_59],0.0
cons[线路潮流约束_neg_30_59],0.0
cons[线路潮流计算_31_59],0.0
cons[线路潮流约束_31_59],0.0
cons[线路潮流约束_neg_31_59],0.0
cons[线路潮流计算_32_59],0.0
cons[线路潮流约束_32_59],0.0
cons[线路潮流约束_neg_32_59],0.0
cons[线路潮流计算_33_59],0.0
cons[线路潮流约束_33_59],0.0
cons[线路潮流约束_neg_33_59],0.0
cons[线路潮流计算_34_59],0.0
cons[线路潮流约束_34_59],0.0
cons[线路潮流约束_neg_34_59],0.0
cons[线路潮流计算_35_59],0.0
cons[线路潮流约束_35_59],0.0
cons[线路潮流约束_neg_35_59],0.0
cons[线路潮流计算_36_59],0.0
cons[线路潮流约束_36_59],0.0
cons[线路潮流约束_neg_36_59],0.0
cons[线路潮流计算_37_59],0.0
cons[线路潮流约束_37_59],0.0
cons[线路潮流约束_neg_37_59],0.0
cons[线路潮流计算_38_59],0.0
cons[线路潮流约束_38_59],0.0
cons[线路潮流约束_neg_38_59],0.0
cons[线路潮流计算_39_59],0.0
cons[线路潮流约束_39_59],0.0
cons[线路潮流约束_neg_39_59],0.0
cons[线路潮流计算_40_59],0.0
cons[线路潮流约束_40_59],0.0
cons[线路潮流约束_neg_40_59],0.0
cons[线路潮流计算_41_59],0.0
cons[线路潮流约束_41_59],0.0
cons[线路潮流约束_neg_41_59],0.0
cons[线路潮流计算_42_59],0.0
cons[线路潮流约束_42_59],0.0
cons[线路潮流约束_neg_42_59],0.0
cons[线路潮流计算_43_59],0.0
cons[线路潮流约束_43_59],0.0
cons[线路潮流约束_neg_43_59],0.0
cons[线路潮流计算_44_59],0.0
cons[线路潮流约束_44_59],0.0
cons[线路潮流约束_neg_44_59],0.0
cons[线路潮流计算_45_59],0.0
cons[线路潮流约束_45_59],0.0
cons[线路潮流约束_neg_45_59],0.0
cons[线路潮流计算_46_59],0.0
cons[线路潮流约束_46_59],0.0
cons[线路潮流约束_neg_46_59],0.0
cons[线路潮流计算_47_59],0.0
cons[线路潮流约束_47_59],0.0
cons[线路潮流约束_neg_47_59],0.0
cons[线路潮流计算_48_59],0.0
cons[线路潮流约束_48_59],0.0
cons[线路潮流约束_neg_48_59],0.0
cons[线路潮流计算_49_59],0.0
cons[线路潮流约束_49_59],0.0
cons[线路潮流约束_neg_49_59],0.0
cons[线路潮流计算_50_59],0.0
cons[线路潮流约束_50_59],0.0
cons[线路潮流约束_neg_50_59],0.0
cons[线路潮流计算_51_59],0.0
cons[线路潮流约束_51_59],0.0
cons[线路潮流约束_neg_51_59],0.0
cons[线路潮流计算_52_59],0.0
cons[线路潮流约束_52_59],0.0
cons[线路潮流约束_neg_52_59],0.0
cons[线路潮流计算_53_59],0.0
cons[线路潮流约束_53_59],0.0
cons[线路潮流约束_neg_53_59],0.0
cons[线路潮流计算_54_59],0.0
cons[线路潮流约束_54_59],0.0
cons[线路潮流约束_neg_54_59],0.0
cons[线路潮流计算_55_59],0.0
cons[线路潮流约束_55_59],0.0
cons[线路潮流约束_neg_55_59],0.0
cons[线路潮流计算_56_59],0.0
cons[线路潮流约束_56_59],0.0
cons[线路潮流约束_neg_56_59],0.0
cons[线路潮流计算_57_59],0.0
cons[线路潮流约束_57_59],0.0
cons[线路潮流约束_neg_57_59],0.0
cons[线路潮流计算_58_59],0.0
cons[线路潮流约束_58_59],0.0
cons[线路潮流约束_neg_58_59],0.0
cons[线路潮流计算_59_59],0.0
cons[线路潮流约束_59_59],0.0
cons[线路潮流约束_neg_59_59],0.0
cons[线路潮流计算_60_59],0.0
cons[线路潮流约束_60_59],0.0
cons[线路潮流约束_neg_60_59],0.0
cons[线路潮流计算_61_59],0.0
cons[线路潮流约束_61_59],0.0
cons[线路潮流约束_neg_61_59],0.0
cons[线路潮流计算_62_59],0.0
cons[线路潮流约束_62_59],0.0
cons[线路潮流约束_neg_62_59],0.0
cons[线路潮流计算_63_59],0.0
cons[线路潮流约束_63_59],0.0
cons[线路潮流约束_neg_63_59],0.0
cons[线路潮流计算_64_59],0.0
cons[线路潮流约束_64_59],0.0
cons[线路潮流约束_neg_64_59],0.0
cons[线路潮流计算_65_59],0.0
cons[线路潮流约束_65_59],0.0
cons[线路潮流约束_neg_65_59],0.0
cons[线路潮流计算_66_59],0.0
cons[线路潮流约束_66_59],0.0
cons[线路潮流约束_neg_66_59],0.0
cons[线路潮流计算_67_59],0.0
cons[线路潮流约束_67_59],0.0
cons[线路潮流约束_neg_67_59],0.0
cons[线路潮流计算_68_59],0.0
cons[线路潮流约束_68_59],0.0
cons[线路潮流约束_neg_68_59],0.0
cons[线路潮流计算_69_59],0.0
cons[线路潮流约束_69_59],0.0
cons[线路潮流约束_neg_69_59],0.0
cons[线路潮流计算_70_59],0.0
cons[线路潮流约束_70_59],0.0
cons[线路潮流约束_neg_70_59],0.0
cons[线路潮流计算_71_59],0.0
cons[线路潮流约束_71_59],0.0
cons[线路潮流约束_neg_71_59],0.0
cons[线路潮流计算_72_59],0.0
cons[线路潮流约束_72_59],0.0
cons[线路潮流约束_neg_72_59],0.0
cons[线路潮流计算_73_59],0.0
cons[线路潮流约束_73_59],0.0
cons[线路潮流约束_neg_73_59],0.0
cons[线路潮流计算_74_59],0.0
cons[线路潮流约束_74_59],0.0
cons[线路潮流约束_neg_74_59],0.0
cons[线路潮流计算_75_59],0.0
cons[线路潮流约束_75_59],0.0
cons[线路潮流约束_neg_75_59],0.0
cons[线路潮流计算_76_59],0.0
cons[线路潮流约束_76_59],0.0
cons[线路潮流约束_neg_76_59],0.0
cons[正备用约束_59],0.0
cons[负备用约束_59],0.0
cons[系统功率平衡约束_60],-6108.466
cons[线路潮流计算_0_60],0.0
cons[线路潮流约束_0_60],0.0
cons[线路潮流约束_neg_0_60],0.0
cons[线路潮流计算_1_60],0.0
cons[线路潮流约束_1_60],0.0
cons[线路潮流约束_neg_1_60],0.0
cons[线路潮流计算_2_60],0.0
cons[线路潮流约束_2_60],0.0
cons[线路潮流约束_neg_2_60],0.0
cons[线路潮流计算_3_60],0.0
cons[线路潮流约束_3_60],0.0
cons[线路潮流约束_neg_3_60],0.0
cons[线路潮流计算_4_60],0.0
cons[线路潮流约束_4_60],0.0
cons[线路潮流约束_neg_4_60],0.0
cons[线路潮流计算_5_60],0.0
cons[线路潮流约束_5_60],0.0
cons[线路潮流约束_neg_5_60],0.0
cons[线路潮流计算_6_60],0.0
cons[线路潮流约束_6_60],0.0
cons[线路潮流约束_neg_6_60],0.0
cons[线路潮流计算_7_60],0.0
cons[线路潮流约束_7_60],0.0
cons[线路潮流约束_neg_7_60],0.0
cons[线路潮流计算_8_60],0.0
cons[线路潮流约束_8_60],0.0
cons[线路潮流约束_neg_8_60],0.0
cons[线路潮流计算_9_60],0.0
cons[线路潮流约束_9_60],0.0
cons[线路潮流约束_neg_9_60],0.0
cons[线路潮流计算_10_60],0.0
cons[线路潮流约束_10_60],0.0
cons[线路潮流约束_neg_10_60],0.0
cons[线路潮流计算_11_60],0.0
cons[线路潮流约束_11_60],0.0
cons[线路潮流约束_neg_11_60],0.0
cons[线路潮流计算_12_60],0.0
cons[线路潮流约束_12_60],0.0
cons[线路潮流约束_neg_12_60],0.0
cons[线路潮流计算_13_60],0.0
cons[线路潮流约束_13_60],0.0
cons[线路潮流约束_neg_13_60],0.0
cons[线路潮流计算_14_60],0.0
cons[线路潮流约束_14_60],0.0
cons[线路潮流约束_neg_14_60],0.0
cons[线路潮流计算_15_60],0.0
cons[线路潮流约束_15_60],0.0
cons[线路潮流约束_neg_15_60],0.0
cons[线路潮流计算_16_60],0.0
cons[线路潮流约束_16_60],0.0
cons[线路潮流约束_neg_16_60],0.0
cons[线路潮流计算_17_60],0.0
cons[线路潮流约束_17_60],0.0
cons[线路潮流约束_neg_17_60],0.0
cons[线路潮流计算_18_60],0.0
cons[线路潮流约束_18_60],0.0
cons[线路潮流约束_neg_18_60],0.0
cons[线路潮流计算_19_60],0.0
cons[线路潮流约束_19_60],0.0
cons[线路潮流约束_neg_19_60],0.0
cons[线路潮流计算_20_60],0.0
cons[线路潮流约束_20_60],0.0
cons[线路潮流约束_neg_20_60],0.0
cons[线路潮流计算_21_60],0.0
cons[线路潮流约束_21_60],0.0
cons[线路潮流约束_neg_21_60],0.0
cons[线路潮流计算_22_60],0.0
cons[线路潮流约束_22_60],0.0
cons[线路潮流约束_neg_22_60],0.0
cons[线路潮流计算_23_60],0.0
cons[线路潮流约束_23_60],0.0
cons[线路潮流约束_neg_23_60],0.0
cons[线路潮流计算_24_60],0.0
cons[线路潮流约束_24_60],0.0
cons[线路潮流约束_neg_24_60],0.0
cons[线路潮流计算_25_60],0.0
cons[线路潮流约束_25_60],0.0
cons[线路潮流约束_neg_25_60],0.0
cons[线路潮流计算_26_60],0.0
cons[线路潮流约束_26_60],0.0
cons[线路潮流约束_neg_26_60],0.0
cons[线路潮流计算_27_60],0.0
cons[线路潮流约束_27_60],0.0
cons[线路潮流约束_neg_27_60],0.0
cons[线路潮流计算_28_60],0.0
cons[线路潮流约束_28_60],0.0
cons[线路潮流约束_neg_28_60],0.0
cons[线路潮流计算_29_60],0.0
cons[线路潮流约束_29_60],0.0
cons[线路潮流约束_neg_29_60],0.0
cons[线路潮流计算_30_60],0.0
cons[线路潮流约束_30_60],0.0
cons[线路潮流约束_neg_30_60],0.0
cons[线路潮流计算_31_60],0.0
cons[线路潮流约束_31_60],0.0
cons[线路潮流约束_neg_31_60],0.0
cons[线路潮流计算_32_60],0.0
cons[线路潮流约束_32_60],0.0
cons[线路潮流约束_neg_32_60],0.0
cons[线路潮流计算_33_60],0.0
cons[线路潮流约束_33_60],0.0
cons[线路潮流约束_neg_33_60],0.0
cons[线路潮流计算_34_60],0.0
cons[线路潮流约束_34_60],0.0
cons[线路潮流约束_neg_34_60],0.0
cons[线路潮流计算_35_60],0.0
cons[线路潮流约束_35_60],0.0
cons[线路潮流约束_neg_35_60],0.0
cons[线路潮流计算_36_60],0.0
cons[线路潮流约束_36_60],0.0
cons[线路潮流约束_neg_36_60],0.0
cons[线路潮流计算_37_60],0.0
cons[线路潮流约束_37_60],0.0
cons[线路潮流约束_neg_37_60],0.0
cons[线路潮流计算_38_60],0.0
cons[线路潮流约束_38_60],0.0
cons[线路潮流约束_neg_38_60],0.0
cons[线路潮流计算_39_60],0.0
cons[线路潮流约束_39_60],0.0
cons[线路潮流约束_neg_39_60],0.0
cons[线路潮流计算_40_60],0.0
cons[线路潮流约束_40_60],0.0
cons[线路潮流约束_neg_40_60],0.0
cons[线路潮流计算_41_60],0.0
cons[线路潮流约束_41_60],0.0
cons[线路潮流约束_neg_41_60],0.0
cons[线路潮流计算_42_60],0.0
cons[线路潮流约束_42_60],0.0
cons[线路潮流约束_neg_42_60],0.0
cons[线路潮流计算_43_60],0.0
cons[线路潮流约束_43_60],0.0
cons[线路潮流约束_neg_43_60],0.0
cons[线路潮流计算_44_60],0.0
cons[线路潮流约束_44_60],0.0
cons[线路潮流约束_neg_44_60],0.0
cons[线路潮流计算_45_60],0.0
cons[线路潮流约束_45_60],0.0
cons[线路潮流约束_neg_45_60],0.0
cons[线路潮流计算_46_60],0.0
cons[线路潮流约束_46_60],0.0
cons[线路潮流约束_neg_46_60],0.0
cons[线路潮流计算_47_60],0.0
cons[线路潮流约束_47_60],0.0
cons[线路潮流约束_neg_47_60],0.0
cons[线路潮流计算_48_60],0.0
cons[线路潮流约束_48_60],0.0
cons[线路潮流约束_neg_48_60],0.0
cons[线路潮流计算_49_60],0.0
cons[线路潮流约束_49_60],0.0
cons[线路潮流约束_neg_49_60],0.0
cons[线路潮流计算_50_60],0.0
cons[线路潮流约束_50_60],0.0
cons[线路潮流约束_neg_50_60],0.0
cons[线路潮流计算_51_60],0.0
cons[线路潮流约束_51_60],0.0
cons[线路潮流约束_neg_51_60],0.0
cons[线路潮流计算_52_60],0.0
cons[线路潮流约束_52_60],0.0
cons[线路潮流约束_neg_52_60],0.0
cons[线路潮流计算_53_60],0.0
cons[线路潮流约束_53_60],0.0
cons[线路潮流约束_neg_53_60],0.0
cons[线路潮流计算_54_60],0.0
cons[线路潮流约束_54_60],0.0
cons[线路潮流约束_neg_54_60],0.0
cons[线路潮流计算_55_60],0.0
cons[线路潮流约束_55_60],0.0
cons[线路潮流约束_neg_55_60],0.0
cons[线路潮流计算_56_60],0.0
cons[线路潮流约束_56_60],0.0
cons[线路潮流约束_neg_56_60],0.0
cons[线路潮流计算_57_60],0.0
cons[线路潮流约束_57_60],0.0
cons[线路潮流约束_neg_57_60],0.0
cons[线路潮流计算_58_60],0.0
cons[线路潮流约束_58_60],0.0
cons[线路潮流约束_neg_58_60],0.0
cons[线路潮流计算_59_60],0.0
cons[线路潮流约束_59_60],0.0
cons[线路潮流约束_neg_59_60],0.0
cons[线路潮流计算_60_60],0.0
cons[线路潮流约束_60_60],0.0
cons[线路潮流约束_neg_60_60],0.0
cons[线路潮流计算_61_60],0.0
cons[线路潮流约束_61_60],0.0
cons[线路潮流约束_neg_61_60],0.0
cons[线路潮流计算_62_60],0.0
cons[线路潮流约束_62_60],0.0
cons[线路潮流约束_neg_62_60],0.0
cons[线路潮流计算_63_60],0.0
cons[线路潮流约束_63_60],0.0
cons[线路潮流约束_neg_63_60],0.0
cons[线路潮流计算_64_60],0.0
cons[线路潮流约束_64_60],0.0
cons[线路潮流约束_neg_64_60],0.0
cons[线路潮流计算_65_60],0.0
cons[线路潮流约束_65_60],0.0
cons[线路潮流约束_neg_65_60],0.0
cons[线路潮流计算_66_60],0.0
cons[线路潮流约束_66_60],0.0
cons[线路潮流约束_neg_66_60],0.0
cons[线路潮流计算_67_60],0.0
cons[线路潮流约束_67_60],0.0
cons[线路潮流约束_neg_67_60],0.0
cons[线路潮流计算_68_60],0.0
cons[线路潮流约束_68_60],0.0
cons[线路潮流约束_neg_68_60],0.0
cons[线路潮流计算_69_60],0.0
cons[线路潮流约束_69_60],0.0
cons[线路潮流约束_neg_69_60],0.0
cons[线路潮流计算_70_60],0.0
cons[线路潮流约束_70_60],0.0
cons[线路潮流约束_neg_70_60],0.0
cons[线路潮流计算_71_60],0.0
cons[线路潮流约束_71_60],0.0
cons[线路潮流约束_neg_71_60],0.0
cons[线路潮流计算_72_60],0.0
cons[线路潮流约束_72_60],0.0
cons[线路潮流约束_neg_72_60],0.0
cons[线路潮流计算_73_60],0.0
cons[线路潮流约束_73_60],0.0
cons[线路潮流约束_neg_73_60],0.0
cons[线路潮流计算_74_60],0.0
cons[线路潮流约束_74_60],0.0
cons[线路潮流约束_neg_74_60],0.0
cons[线路潮流计算_75_60],0.0
cons[线路潮流约束_75_60],0.0
cons[线路潮流约束_neg_75_60],0.0
cons[线路潮流计算_76_60],0.0
cons[线路潮流约束_76_60],0.0
cons[线路潮流约束_neg_76_60],0.0
cons[正备用约束_60],0.0
cons[负备用约束_60],0.0
cons[系统功率平衡约束_61],-6136.312
cons[线路潮流计算_0_61],0.0
cons[线路潮流约束_0_61],0.0
cons[线路潮流约束_neg_0_61],0.0
cons[线路潮流计算_1_61],0.0
cons[线路潮流约束_1_61],0.0
cons[线路潮流约束_neg_1_61],0.0
cons[线路潮流计算_2_61],0.0
cons[线路潮流约束_2_61],0.0
cons[线路潮流约束_neg_2_61],0.0
cons[线路潮流计算_3_61],0.0
cons[线路潮流约束_3_61],0.0
cons[线路潮流约束_neg_3_61],0.0
cons[线路潮流计算_4_61],0.0
cons[线路潮流约束_4_61],0.0
cons[线路潮流约束_neg_4_61],0.0
cons[线路潮流计算_5_61],0.0
cons[线路潮流约束_5_61],0.0
cons[线路潮流约束_neg_5_61],0.0
cons[线路潮流计算_6_61],0.0
cons[线路潮流约束_6_61],0.0
cons[线路潮流约束_neg_6_61],0.0
cons[线路潮流计算_7_61],0.0
cons[线路潮流约束_7_61],0.0
cons[线路潮流约束_neg_7_61],0.0
cons[线路潮流计算_8_61],0.0
cons[线路潮流约束_8_61],0.0
cons[线路潮流约束_neg_8_61],0.0
cons[线路潮流计算_9_61],0.0
cons[线路潮流约束_9_61],0.0
cons[线路潮流约束_neg_9_61],0.0
cons[线路潮流计算_10_61],0.0
cons[线路潮流约束_10_61],0.0
cons[线路潮流约束_neg_10_61],0.0
cons[线路潮流计算_11_61],0.0
cons[线路潮流约束_11_61],0.0
cons[线路潮流约束_neg_11_61],0.0
cons[线路潮流计算_12_61],0.0
cons[线路潮流约束_12_61],0.0
cons[线路潮流约束_neg_12_61],0.0
cons[线路潮流计算_13_61],0.0
cons[线路潮流约束_13_61],0.0
cons[线路潮流约束_neg_13_61],0.0
cons[线路潮流计算_14_61],0.0
cons[线路潮流约束_14_61],0.0
cons[线路潮流约束_neg_14_61],0.0
cons[线路潮流计算_15_61],0.0
cons[线路潮流约束_15_61],0.0
cons[线路潮流约束_neg_15_61],0.0
cons[线路潮流计算_16_61],0.0
cons[线路潮流约束_16_61],0.0
cons[线路潮流约束_neg_16_61],0.0
cons[线路潮流计算_17_61],0.0
cons[线路潮流约束_17_61],0.0
cons[线路潮流约束_neg_17_61],0.0
cons[线路潮流计算_18_61],0.0
cons[线路潮流约束_18_61],0.0
cons[线路潮流约束_neg_18_61],0.0
cons[线路潮流计算_19_61],0.0
cons[线路潮流约束_19_61],0.0
cons[线路潮流约束_neg_19_61],0.0
cons[线路潮流计算_20_61],0.0
cons[线路潮流约束_20_61],0.0
cons[线路潮流约束_neg_20_61],0.0
cons[线路潮流计算_21_61],0.0
cons[线路潮流约束_21_61],0.0
cons[线路潮流约束_neg_21_61],0.0
cons[线路潮流计算_22_61],0.0
cons[线路潮流约束_22_61],0.0
cons[线路潮流约束_neg_22_61],0.0
cons[线路潮流计算_23_61],0.0
cons[线路潮流约束_23_61],0.0
cons[线路潮流约束_neg_23_61],0.0
cons[线路潮流计算_24_61],0.0
cons[线路潮流约束_24_61],0.0
cons[线路潮流约束_neg_24_61],0.0
cons[线路潮流计算_25_61],0.0
cons[线路潮流约束_25_61],0.0
cons[线路潮流约束_neg_25_61],0.0
cons[线路潮流计算_26_61],0.0
cons[线路潮流约束_26_61],0.0
cons[线路潮流约束_neg_26_61],0.0
cons[线路潮流计算_27_61],0.0
cons[线路潮流约束_27_61],0.0
cons[线路潮流约束_neg_27_61],0.0
cons[线路潮流计算_28_61],0.0
cons[线路潮流约束_28_61],0.0
cons[线路潮流约束_neg_28_61],0.0
cons[线路潮流计算_29_61],0.0
cons[线路潮流约束_29_61],0.0
cons[线路潮流约束_neg_29_61],0.0
cons[线路潮流计算_30_61],0.0
cons[线路潮流约束_30_61],0.0
cons[线路潮流约束_neg_30_61],0.0
cons[线路潮流计算_31_61],0.0
cons[线路潮流约束_31_61],0.0
cons[线路潮流约束_neg_31_61],0.0
cons[线路潮流计算_32_61],0.0
cons[线路潮流约束_32_61],0.0
cons[线路潮流约束_neg_32_61],0.0
cons[线路潮流计算_33_61],0.0
cons[线路潮流约束_33_61],0.0
cons[线路潮流约束_neg_33_61],0.0
cons[线路潮流计算_34_61],0.0
cons[线路潮流约束_34_61],0.0
cons[线路潮流约束_neg_34_61],0.0
cons[线路潮流计算_35_61],0.0
cons[线路潮流约束_35_61],0.0
cons[线路潮流约束_neg_35_61],0.0
cons[线路潮流计算_36_61],0.0
cons[线路潮流约束_36_61],0.0
cons[线路潮流约束_neg_36_61],0.0
cons[线路潮流计算_37_61],0.0
cons[线路潮流约束_37_61],0.0
cons[线路潮流约束_neg_37_61],0.0
cons[线路潮流计算_38_61],0.0
cons[线路潮流约束_38_61],0.0
cons[线路潮流约束_neg_38_61],0.0
cons[线路潮流计算_39_61],0.0
cons[线路潮流约束_39_61],0.0
cons[线路潮流约束_neg_39_61],0.0
cons[线路潮流计算_40_61],0.0
cons[线路潮流约束_40_61],0.0
cons[线路潮流约束_neg_40_61],0.0
cons[线路潮流计算_41_61],0.0
cons[线路潮流约束_41_61],0.0
cons[线路潮流约束_neg_41_61],0.0
cons[线路潮流计算_42_61],0.0
cons[线路潮流约束_42_61],0.0
cons[线路潮流约束_neg_42_61],0.0
cons[线路潮流计算_43_61],0.0
cons[线路潮流约束_43_61],0.0
cons[线路潮流约束_neg_43_61],0.0
cons[线路潮流计算_44_61],0.0
cons[线路潮流约束_44_61],0.0
cons[线路潮流约束_neg_44_61],0.0
cons[线路潮流计算_45_61],0.0
cons[线路潮流约束_45_61],0.0
cons[线路潮流约束_neg_45_61],0.0
cons[线路潮流计算_46_61],0.0
cons[线路潮流约束_46_61],0.0
cons[线路潮流约束_neg_46_61],0.0
cons[线路潮流计算_47_61],0.0
cons[线路潮流约束_47_61],0.0
cons[线路潮流约束_neg_47_61],0.0
cons[线路潮流计算_48_61],0.0
cons[线路潮流约束_48_61],0.0
cons[线路潮流约束_neg_48_61],0.0
cons[线路潮流计算_49_61],0.0
cons[线路潮流约束_49_61],0.0
cons[线路潮流约束_neg_49_61],0.0
cons[线路潮流计算_50_61],0.0
cons[线路潮流约束_50_61],0.0
cons[线路潮流约束_neg_50_61],0.0
cons[线路潮流计算_51_61],0.0
cons[线路潮流约束_51_61],0.0
cons[线路潮流约束_neg_51_61],0.0
cons[线路潮流计算_52_61],0.0
cons[线路潮流约束_52_61],0.0
cons[线路潮流约束_neg_52_61],0.0
cons[线路潮流计算_53_61],0.0
cons[线路潮流约束_53_61],0.0
cons[线路潮流约束_neg_53_61],0.0
cons[线路潮流计算_54_61],0.0
cons[线路潮流约束_54_61],0.0
cons[线路潮流约束_neg_54_61],0.0
cons[线路潮流计算_55_61],0.0
cons[线路潮流约束_55_61],0.0
cons[线路潮流约束_neg_55_61],0.0
cons[线路潮流计算_56_61],0.0
cons[线路潮流约束_56_61],0.0
cons[线路潮流约束_neg_56_61],0.0
cons[线路潮流计算_57_61],0.0
cons[线路潮流约束_57_61],0.0
cons[线路潮流约束_neg_57_61],0.0
cons[线路潮流计算_58_61],0.0
cons[线路潮流约束_58_61],0.0
cons[线路潮流约束_neg_58_61],0.0
cons[线路潮流计算_59_61],0.0
cons[线路潮流约束_59_61],0.0
cons[线路潮流约束_neg_59_61],0.0
cons[线路潮流计算_60_61],0.0
cons[线路潮流约束_60_61],0.0
cons[线路潮流约束_neg_60_61],0.0
cons[线路潮流计算_61_61],0.0
cons[线路潮流约束_61_61],0.0
cons[线路潮流约束_neg_61_61],0.0
cons[线路潮流计算_62_61],0.0
cons[线路潮流约束_62_61],0.0
cons[线路潮流约束_neg_62_61],0.0
cons[线路潮流计算_63_61],0.0
cons[线路潮流约束_63_61],0.0
cons[线路潮流约束_neg_63_61],0.0
cons[线路潮流计算_64_61],0.0
cons[线路潮流约束_64_61],0.0
cons[线路潮流约束_neg_64_61],0.0
cons[线路潮流计算_65_61],0.0
cons[线路潮流约束_65_61],0.0
cons[线路潮流约束_neg_65_61],0.0
cons[线路潮流计算_66_61],0.0
cons[线路潮流约束_66_61],0.0
cons[线路潮流约束_neg_66_61],0.0
cons[线路潮流计算_67_61],0.0
cons[线路潮流约束_67_61],0.0
cons[线路潮流约束_neg_67_61],0.0
cons[线路潮流计算_68_61],0.0
cons[线路潮流约束_68_61],0.0
cons[线路潮流约束_neg_68_61],0.0
cons[线路潮流计算_69_61],0.0
cons[线路潮流约束_69_61],0.0
cons[线路潮流约束_neg_69_61],0.0
cons[线路潮流计算_70_61],0.0
cons[线路潮流约束_70_61],0.0
cons[线路潮流约束_neg_70_61],0.0
cons[线路潮流计算_71_61],0.0
cons[线路潮流约束_71_61],0.0
cons[线路潮流约束_neg_71_61],0.0
cons[线路潮流计算_72_61],0.0
cons[线路潮流约束_72_61],0.0
cons[线路潮流约束_neg_72_61],0.0
cons[线路潮流计算_73_61],0.0
cons[线路潮流约束_73_61],0.0
cons[线路潮流约束_neg_73_61],0.0
cons[线路潮流计算_74_61],0.0
cons[线路潮流约束_74_61],0.0
cons[线路潮流约束_neg_74_61],0.0
cons[线路潮流计算_75_61],0.0
cons[线路潮流约束_75_61],0.0
cons[线路潮流约束_neg_75_61],0.0
cons[线路潮流计算_76_61],0.0
cons[线路潮流约束_76_61],0.0
cons[线路潮流约束_neg_76_61],0.0
cons[正备用约束_61],0.0
cons[负备用约束_61],0.0
cons[系统功率平衡约束_62],-6164.157999999999
cons[线路潮流计算_0_62],0.0
cons[线路潮流约束_0_62],0.0
cons[线路潮流约束_neg_0_62],0.0
cons[线路潮流计算_1_62],0.0
cons[线路潮流约束_1_62],0.0
cons[线路潮流约束_neg_1_62],0.0
cons[线路潮流计算_2_62],0.0
cons[线路潮流约束_2_62],0.0
cons[线路潮流约束_neg_2_62],0.0
cons[线路潮流计算_3_62],0.0
cons[线路潮流约束_3_62],0.0
cons[线路潮流约束_neg_3_62],0.0
cons[线路潮流计算_4_62],0.0
cons[线路潮流约束_4_62],0.0
cons[线路潮流约束_neg_4_62],0.0
cons[线路潮流计算_5_62],0.0
cons[线路潮流约束_5_62],0.0
cons[线路潮流约束_neg_5_62],0.0
cons[线路潮流计算_6_62],0.0
cons[线路潮流约束_6_62],0.0
cons[线路潮流约束_neg_6_62],0.0
cons[线路潮流计算_7_62],0.0
cons[线路潮流约束_7_62],0.0
cons[线路潮流约束_neg_7_62],0.0
cons[线路潮流计算_8_62],0.0
cons[线路潮流约束_8_62],0.0
cons[线路潮流约束_neg_8_62],0.0
cons[线路潮流计算_9_62],0.0
cons[线路潮流约束_9_62],0.0
cons[线路潮流约束_neg_9_62],0.0
cons[线路潮流计算_10_62],0.0
cons[线路潮流约束_10_62],0.0
cons[线路潮流约束_neg_10_62],0.0
cons[线路潮流计算_11_62],0.0
cons[线路潮流约束_11_62],0.0
cons[线路潮流约束_neg_11_62],0.0
cons[线路潮流计算_12_62],0.0
cons[线路潮流约束_12_62],0.0
cons[线路潮流约束_neg_12_62],0.0
cons[线路潮流计算_13_62],0.0
cons[线路潮流约束_13_62],0.0
cons[线路潮流约束_neg_13_62],0.0
cons[线路潮流计算_14_62],0.0
cons[线路潮流约束_14_62],0.0
cons[线路潮流约束_neg_14_62],0.0
cons[线路潮流计算_15_62],0.0
cons[线路潮流约束_15_62],0.0
cons[线路潮流约束_neg_15_62],0.0
cons[线路潮流计算_16_62],0.0
cons[线路潮流约束_16_62],0.0
cons[线路潮流约束_neg_16_62],0.0
cons[线路潮流计算_17_62],0.0
cons[线路潮流约束_17_62],0.0
cons[线路潮流约束_neg_17_62],0.0
cons[线路潮流计算_18_62],0.0
cons[线路潮流约束_18_62],0.0
cons[线路潮流约束_neg_18_62],0.0
cons[线路潮流计算_19_62],0.0
cons[线路潮流约束_19_62],0.0
cons[线路潮流约束_neg_19_62],0.0
cons[线路潮流计算_20_62],0.0
cons[线路潮流约束_20_62],0.0
cons[线路潮流约束_neg_20_62],0.0
cons[线路潮流计算_21_62],0.0
cons[线路潮流约束_21_62],0.0
cons[线路潮流约束_neg_21_62],0.0
cons[线路潮流计算_22_62],0.0
cons[线路潮流约束_22_62],0.0
cons[线路潮流约束_neg_22_62],0.0
cons[线路潮流计算_23_62],0.0
cons[线路潮流约束_23_62],0.0
cons[线路潮流约束_neg_23_62],0.0
cons[线路潮流计算_24_62],0.0
cons[线路潮流约束_24_62],0.0
cons[线路潮流约束_neg_24_62],0.0
cons[线路潮流计算_25_62],0.0
cons[线路潮流约束_25_62],0.0
cons[线路潮流约束_neg_25_62],0.0
cons[线路潮流计算_26_62],0.0
cons[线路潮流约束_26_62],0.0
cons[线路潮流约束_neg_26_62],0.0
cons[线路潮流计算_27_62],0.0
cons[线路潮流约束_27_62],0.0
cons[线路潮流约束_neg_27_62],0.0
cons[线路潮流计算_28_62],0.0
cons[线路潮流约束_28_62],0.0
cons[线路潮流约束_neg_28_62],0.0
cons[线路潮流计算_29_62],0.0
cons[线路潮流约束_29_62],0.0
cons[线路潮流约束_neg_29_62],0.0
cons[线路潮流计算_30_62],0.0
cons[线路潮流约束_30_62],0.0
cons[线路潮流约束_neg_30_62],0.0
cons[线路潮流计算_31_62],0.0
cons[线路潮流约束_31_62],0.0
cons[线路潮流约束_neg_31_62],0.0
cons[线路潮流计算_32_62],0.0
cons[线路潮流约束_32_62],0.0
cons[线路潮流约束_neg_32_62],0.0
cons[线路潮流计算_33_62],0.0
cons[线路潮流约束_33_62],0.0
cons[线路潮流约束_neg_33_62],0.0
cons[线路潮流计算_34_62],0.0
cons[线路潮流约束_34_62],0.0
cons[线路潮流约束_neg_34_62],0.0
cons[线路潮流计算_35_62],0.0
cons[线路潮流约束_35_62],0.0
cons[线路潮流约束_neg_35_62],0.0
cons[线路潮流计算_36_62],0.0
cons[线路潮流约束_36_62],0.0
cons[线路潮流约束_neg_36_62],0.0
cons[线路潮流计算_37_62],0.0
cons[线路潮流约束_37_62],0.0
cons[线路潮流约束_neg_37_62],0.0
cons[线路潮流计算_38_62],0.0
cons[线路潮流约束_38_62],0.0
cons[线路潮流约束_neg_38_62],0.0
cons[线路潮流计算_39_62],0.0
cons[线路潮流约束_39_62],0.0
cons[线路潮流约束_neg_39_62],0.0
cons[线路潮流计算_40_62],0.0
cons[线路潮流约束_40_62],0.0
cons[线路潮流约束_neg_40_62],0.0
cons[线路潮流计算_41_62],0.0
cons[线路潮流约束_41_62],0.0
cons[线路潮流约束_neg_41_62],0.0
cons[线路潮流计算_42_62],0.0
cons[线路潮流约束_42_62],0.0
cons[线路潮流约束_neg_42_62],0.0
cons[线路潮流计算_43_62],0.0
cons[线路潮流约束_43_62],0.0
cons[线路潮流约束_neg_43_62],0.0
cons[线路潮流计算_44_62],0.0
cons[线路潮流约束_44_62],0.0
cons[线路潮流约束_neg_44_62],0.0
cons[线路潮流计算_45_62],0.0
cons[线路潮流约束_45_62],0.0
cons[线路潮流约束_neg_45_62],0.0
cons[线路潮流计算_46_62],0.0
cons[线路潮流约束_46_62],0.0
cons[线路潮流约束_neg_46_62],0.0
cons[线路潮流计算_47_62],0.0
cons[线路潮流约束_47_62],0.0
cons[线路潮流约束_neg_47_62],0.0
cons[线路潮流计算_48_62],0.0
cons[线路潮流约束_48_62],0.0
cons[线路潮流约束_neg_48_62],0.0
cons[线路潮流计算_49_62],0.0
cons[线路潮流约束_49_62],0.0
cons[线路潮流约束_neg_49_62],0.0
cons[线路潮流计算_50_62],0.0
cons[线路潮流约束_50_62],0.0
cons[线路潮流约束_neg_50_62],0.0
cons[线路潮流计算_51_62],0.0
cons[线路潮流约束_51_62],0.0
cons[线路潮流约束_neg_51_62],0.0
cons[线路潮流计算_52_62],0.0
cons[线路潮流约束_52_62],0.0
cons[线路潮流约束_neg_52_62],0.0
cons[线路潮流计算_53_62],0.0
cons[线路潮流约束_53_62],0.0
cons[线路潮流约束_neg_53_62],0.0
cons[线路潮流计算_54_62],0.0
cons[线路潮流约束_54_62],0.0
cons[线路潮流约束_neg_54_62],0.0
cons[线路潮流计算_55_62],0.0
cons[线路潮流约束_55_62],0.0
cons[线路潮流约束_neg_55_62],0.0
cons[线路潮流计算_56_62],0.0
cons[线路潮流约束_56_62],0.0
cons[线路潮流约束_neg_56_62],0.0
cons[线路潮流计算_57_62],0.0
cons[线路潮流约束_57_62],0.0
cons[线路潮流约束_neg_57_62],0.0
cons[线路潮流计算_58_62],0.0
cons[线路潮流约束_58_62],0.0
cons[线路潮流约束_neg_58_62],0.0
cons[线路潮流计算_59_62],0.0
cons[线路潮流约束_59_62],0.0
cons[线路潮流约束_neg_59_62],0.0
cons[线路潮流计算_60_62],0.0
cons[线路潮流约束_60_62],0.0
cons[线路潮流约束_neg_60_62],0.0
cons[线路潮流计算_61_62],0.0
cons[线路潮流约束_61_62],0.0
cons[线路潮流约束_neg_61_62],0.0
cons[线路潮流计算_62_62],0.0
cons[线路潮流约束_62_62],0.0
cons[线路潮流约束_neg_62_62],0.0
cons[线路潮流计算_63_62],0.0
cons[线路潮流约束_63_62],0.0
cons[线路潮流约束_neg_63_62],0.0
cons[线路潮流计算_64_62],0.0
cons[线路潮流约束_64_62],0.0
cons[线路潮流约束_neg_64_62],0.0
cons[线路潮流计算_65_62],0.0
cons[线路潮流约束_65_62],0.0
cons[线路潮流约束_neg_65_62],0.0
cons[线路潮流计算_66_62],0.0
cons[线路潮流约束_66_62],0.0
cons[线路潮流约束_neg_66_62],0.0
cons[线路潮流计算_67_62],0.0
cons[线路潮流约束_67_62],0.0
cons[线路潮流约束_neg_67_62],0.0
cons[线路潮流计算_68_62],0.0
cons[线路潮流约束_68_62],0.0
cons[线路潮流约束_neg_68_62],0.0
cons[线路潮流计算_69_62],0.0
cons[线路潮流约束_69_62],0.0
cons[线路潮流约束_neg_69_62],0.0
cons[线路潮流计算_70_62],0.0
cons[线路潮流约束_70_62],0.0
cons[线路潮流约束_neg_70_62],0.0
cons[线路潮流计算_71_62],0.0
cons[线路潮流约束_71_62],0.0
cons[线路潮流约束_neg_71_62],0.0
cons[线路潮流计算_72_62],0.0
cons[线路潮流约束_72_62],0.0
cons[线路潮流约束_neg_72_62],0.0
cons[线路潮流计算_73_62],0.0
cons[线路潮流约束_73_62],0.0
cons[线路潮流约束_neg_73_62],0.0
cons[线路潮流计算_74_62],0.0
cons[线路潮流约束_74_62],0.0
cons[线路潮流约束_neg_74_62],0.0
cons[线路潮流计算_75_62],0.0
cons[线路潮流约束_75_62],0.0
cons[线路潮流约束_neg_75_62],0.0
cons[线路潮流计算_76_62],0.0
cons[线路潮流约束_76_62],0.0
cons[线路潮流约束_neg_76_62],0.0
cons[正备用约束_62],0.0
cons[负备用约束_62],0.0
cons[系统功率平衡约束_63],-6164.157999999999
cons[线路潮流计算_0_63],0.0
cons[线路潮流约束_0_63],0.0
cons[线路潮流约束_neg_0_63],0.0
cons[线路潮流计算_1_63],0.0
cons[线路潮流约束_1_63],0.0
cons[线路潮流约束_neg_1_63],0.0
cons[线路潮流计算_2_63],0.0
cons[线路潮流约束_2_63],0.0
cons[线路潮流约束_neg_2_63],0.0
cons[线路潮流计算_3_63],0.0
cons[线路潮流约束_3_63],0.0
cons[线路潮流约束_neg_3_63],0.0
cons[线路潮流计算_4_63],0.0
cons[线路潮流约束_4_63],0.0
cons[线路潮流约束_neg_4_63],0.0
cons[线路潮流计算_5_63],0.0
cons[线路潮流约束_5_63],0.0
cons[线路潮流约束_neg_5_63],0.0
cons[线路潮流计算_6_63],0.0
cons[线路潮流约束_6_63],0.0
cons[线路潮流约束_neg_6_63],0.0
cons[线路潮流计算_7_63],0.0
cons[线路潮流约束_7_63],0.0
cons[线路潮流约束_neg_7_63],0.0
cons[线路潮流计算_8_63],0.0
cons[线路潮流约束_8_63],0.0
cons[线路潮流约束_neg_8_63],0.0
cons[线路潮流计算_9_63],0.0
cons[线路潮流约束_9_63],0.0
cons[线路潮流约束_neg_9_63],0.0
cons[线路潮流计算_10_63],0.0
cons[线路潮流约束_10_63],0.0
cons[线路潮流约束_neg_10_63],0.0
cons[线路潮流计算_11_63],0.0
cons[线路潮流约束_11_63],0.0
cons[线路潮流约束_neg_11_63],0.0
cons[线路潮流计算_12_63],0.0
cons[线路潮流约束_12_63],0.0
cons[线路潮流约束_neg_12_63],0.0
cons[线路潮流计算_13_63],0.0
cons[线路潮流约束_13_63],0.0
cons[线路潮流约束_neg_13_63],0.0
cons[线路潮流计算_14_63],0.0
cons[线路潮流约束_14_63],0.0
cons[线路潮流约束_neg_14_63],0.0
cons[线路潮流计算_15_63],0.0
cons[线路潮流约束_15_63],0.0
cons[线路潮流约束_neg_15_63],0.0
cons[线路潮流计算_16_63],0.0
cons[线路潮流约束_16_63],0.0
cons[线路潮流约束_neg_16_63],0.0
cons[线路潮流计算_17_63],0.0
cons[线路潮流约束_17_63],0.0
cons[线路潮流约束_neg_17_63],0.0
cons[线路潮流计算_18_63],0.0
cons[线路潮流约束_18_63],0.0
cons[线路潮流约束_neg_18_63],0.0
cons[线路潮流计算_19_63],0.0
cons[线路潮流约束_19_63],0.0
cons[线路潮流约束_neg_19_63],0.0
cons[线路潮流计算_20_63],0.0
cons[线路潮流约束_20_63],0.0
cons[线路潮流约束_neg_20_63],0.0
cons[线路潮流计算_21_63],0.0
cons[线路潮流约束_21_63],0.0
cons[线路潮流约束_neg_21_63],0.0
cons[线路潮流计算_22_63],0.0
cons[线路潮流约束_22_63],0.0
cons[线路潮流约束_neg_22_63],0.0
cons[线路潮流计算_23_63],0.0
cons[线路潮流约束_23_63],0.0
cons[线路潮流约束_neg_23_63],0.0
cons[线路潮流计算_24_63],0.0
cons[线路潮流约束_24_63],0.0
cons[线路潮流约束_neg_24_63],0.0
cons[线路潮流计算_25_63],0.0
cons[线路潮流约束_25_63],0.0
cons[线路潮流约束_neg_25_63],0.0
cons[线路潮流计算_26_63],0.0
cons[线路潮流约束_26_63],0.0
cons[线路潮流约束_neg_26_63],0.0
cons[线路潮流计算_27_63],0.0
cons[线路潮流约束_27_63],0.0
cons[线路潮流约束_neg_27_63],0.0
cons[线路潮流计算_28_63],0.0
cons[线路潮流约束_28_63],0.0
cons[线路潮流约束_neg_28_63],0.0
cons[线路潮流计算_29_63],0.0
cons[线路潮流约束_29_63],0.0
cons[线路潮流约束_neg_29_63],0.0
cons[线路潮流计算_30_63],0.0
cons[线路潮流约束_30_63],0.0
cons[线路潮流约束_neg_30_63],0.0
cons[线路潮流计算_31_63],0.0
cons[线路潮流约束_31_63],0.0
cons[线路潮流约束_neg_31_63],0.0
cons[线路潮流计算_32_63],0.0
cons[线路潮流约束_32_63],0.0
cons[线路潮流约束_neg_32_63],0.0
cons[线路潮流计算_33_63],0.0
cons[线路潮流约束_33_63],0.0
cons[线路潮流约束_neg_33_63],0.0
cons[线路潮流计算_34_63],0.0
cons[线路潮流约束_34_63],0.0
cons[线路潮流约束_neg_34_63],0.0
cons[线路潮流计算_35_63],0.0
cons[线路潮流约束_35_63],0.0
cons[线路潮流约束_neg_35_63],0.0
cons[线路潮流计算_36_63],0.0
cons[线路潮流约束_36_63],0.0
cons[线路潮流约束_neg_36_63],0.0
cons[线路潮流计算_37_63],0.0
cons[线路潮流约束_37_63],0.0
cons[线路潮流约束_neg_37_63],0.0
cons[线路潮流计算_38_63],0.0
cons[线路潮流约束_38_63],0.0
cons[线路潮流约束_neg_38_63],0.0
cons[线路潮流计算_39_63],0.0
cons[线路潮流约束_39_63],0.0
cons[线路潮流约束_neg_39_63],0.0
cons[线路潮流计算_40_63],0.0
cons[线路潮流约束_40_63],0.0
cons[线路潮流约束_neg_40_63],0.0
cons[线路潮流计算_41_63],0.0
cons[线路潮流约束_41_63],0.0
cons[线路潮流约束_neg_41_63],0.0
cons[线路潮流计算_42_63],0.0
cons[线路潮流约束_42_63],0.0
cons[线路潮流约束_neg_42_63],0.0
cons[线路潮流计算_43_63],0.0
cons[线路潮流约束_43_63],0.0
cons[线路潮流约束_neg_43_63],0.0
cons[线路潮流计算_44_63],0.0
cons[线路潮流约束_44_63],0.0
cons[线路潮流约束_neg_44_63],0.0
cons[线路潮流计算_45_63],0.0
cons[线路潮流约束_45_63],0.0
cons[线路潮流约束_neg_45_63],0.0
cons[线路潮流计算_46_63],0.0
cons[线路潮流约束_46_63],0.0
cons[线路潮流约束_neg_46_63],0.0
cons[线路潮流计算_47_63],0.0
cons[线路潮流约束_47_63],0.0
cons[线路潮流约束_neg_47_63],0.0
cons[线路潮流计算_48_63],0.0
cons[线路潮流约束_48_63],0.0
cons[线路潮流约束_neg_48_63],0.0
cons[线路潮流计算_49_63],0.0
cons[线路潮流约束_49_63],0.0
cons[线路潮流约束_neg_49_63],0.0
cons[线路潮流计算_50_63],0.0
cons[线路潮流约束_50_63],0.0
cons[线路潮流约束_neg_50_63],0.0
cons[线路潮流计算_51_63],0.0
cons[线路潮流约束_51_63],0.0
cons[线路潮流约束_neg_51_63],0.0
cons[线路潮流计算_52_63],0.0
cons[线路潮流约束_52_63],0.0
cons[线路潮流约束_neg_52_63],0.0
cons[线路潮流计算_53_63],0.0
cons[线路潮流约束_53_63],0.0
cons[线路潮流约束_neg_53_63],0.0
cons[线路潮流计算_54_63],0.0
cons[线路潮流约束_54_63],0.0
cons[线路潮流约束_neg_54_63],0.0
cons[线路潮流计算_55_63],0.0
cons[线路潮流约束_55_63],0.0
cons[线路潮流约束_neg_55_63],0.0
cons[线路潮流计算_56_63],0.0
cons[线路潮流约束_56_63],0.0
cons[线路潮流约束_neg_56_63],0.0
cons[线路潮流计算_57_63],0.0
cons[线路潮流约束_57_63],0.0
cons[线路潮流约束_neg_57_63],0.0
cons[线路潮流计算_58_63],0.0
cons[线路潮流约束_58_63],0.0
cons[线路潮流约束_neg_58_63],0.0
cons[线路潮流计算_59_63],0.0
cons[线路潮流约束_59_63],0.0
cons[线路潮流约束_neg_59_63],0.0
cons[线路潮流计算_60_63],0.0
cons[线路潮流约束_60_63],0.0
cons[线路潮流约束_neg_60_63],0.0
cons[线路潮流计算_61_63],0.0
cons[线路潮流约束_61_63],0.0
cons[线路潮流约束_neg_61_63],0.0
cons[线路潮流计算_62_63],0.0
cons[线路潮流约束_62_63],0.0
cons[线路潮流约束_neg_62_63],0.0
cons[线路潮流计算_63_63],0.0
cons[线路潮流约束_63_63],0.0
cons[线路潮流约束_neg_63_63],0.0
cons[线路潮流计算_64_63],0.0
cons[线路潮流约束_64_63],0.0
cons[线路潮流约束_neg_64_63],0.0
cons[线路潮流计算_65_63],0.0
cons[线路潮流约束_65_63],0.0
cons[线路潮流约束_neg_65_63],0.0
cons[线路潮流计算_66_63],0.0
cons[线路潮流约束_66_63],0.0
cons[线路潮流约束_neg_66_63],0.0
cons[线路潮流计算_67_63],0.0
cons[线路潮流约束_67_63],0.0
cons[线路潮流约束_neg_67_63],0.0
cons[线路潮流计算_68_63],0.0
cons[线路潮流约束_68_63],0.0
cons[线路潮流约束_neg_68_63],0.0
cons[线路潮流计算_69_63],0.0
cons[线路潮流约束_69_63],0.0
cons[线路潮流约束_neg_69_63],0.0
cons[线路潮流计算_70_63],0.0
cons[线路潮流约束_70_63],0.0
cons[线路潮流约束_neg_70_63],0.0
cons[线路潮流计算_71_63],0.0
cons[线路潮流约束_71_63],0.0
cons[线路潮流约束_neg_71_63],0.0
cons[线路潮流计算_72_63],0.0
cons[线路潮流约束_72_63],0.0
cons[线路潮流约束_neg_72_63],0.0
cons[线路潮流计算_73_63],0.0
cons[线路潮流约束_73_63],0.0
cons[线路潮流约束_neg_73_63],0.0
cons[线路潮流计算_74_63],0.0
cons[线路潮流约束_74_63],0.0
cons[线路潮流约束_neg_74_63],0.0
cons[线路潮流计算_75_63],0.0
cons[线路潮流约束_75_63],0.0
cons[线路潮流约束_neg_75_63],0.0
cons[线路潮流计算_76_63],0.0
cons[线路潮流约束_76_63],0.0
cons[线路潮流约束_neg_76_63],0.0
cons[正备用约束_63],0.0
cons[负备用约束_63],0.0
cons[系统功率平衡约束_64],-6192.004000000002
cons[线路潮流计算_0_64],0.0
cons[线路潮流约束_0_64],0.0
cons[线路潮流约束_neg_0_64],0.0
cons[线路潮流计算_1_64],0.0
cons[线路潮流约束_1_64],0.0
cons[线路潮流约束_neg_1_64],0.0
cons[线路潮流计算_2_64],0.0
cons[线路潮流约束_2_64],0.0
cons[线路潮流约束_neg_2_64],0.0
cons[线路潮流计算_3_64],0.0
cons[线路潮流约束_3_64],0.0
cons[线路潮流约束_neg_3_64],0.0
cons[线路潮流计算_4_64],0.0
cons[线路潮流约束_4_64],0.0
cons[线路潮流约束_neg_4_64],0.0
cons[线路潮流计算_5_64],0.0
cons[线路潮流约束_5_64],0.0
cons[线路潮流约束_neg_5_64],0.0
cons[线路潮流计算_6_64],0.0
cons[线路潮流约束_6_64],0.0
cons[线路潮流约束_neg_6_64],0.0
cons[线路潮流计算_7_64],0.0
cons[线路潮流约束_7_64],0.0
cons[线路潮流约束_neg_7_64],0.0
cons[线路潮流计算_8_64],0.0
cons[线路潮流约束_8_64],0.0
cons[线路潮流约束_neg_8_64],0.0
cons[线路潮流计算_9_64],0.0
cons[线路潮流约束_9_64],0.0
cons[线路潮流约束_neg_9_64],0.0
cons[线路潮流计算_10_64],0.0
cons[线路潮流约束_10_64],0.0
cons[线路潮流约束_neg_10_64],0.0
cons[线路潮流计算_11_64],0.0
cons[线路潮流约束_11_64],0.0
cons[线路潮流约束_neg_11_64],0.0
cons[线路潮流计算_12_64],0.0
cons[线路潮流约束_12_64],0.0
cons[线路潮流约束_neg_12_64],0.0
cons[线路潮流计算_13_64],0.0
cons[线路潮流约束_13_64],0.0
cons[线路潮流约束_neg_13_64],0.0
cons[线路潮流计算_14_64],0.0
cons[线路潮流约束_14_64],0.0
cons[线路潮流约束_neg_14_64],0.0
cons[线路潮流计算_15_64],0.0
cons[线路潮流约束_15_64],0.0
cons[线路潮流约束_neg_15_64],0.0
cons[线路潮流计算_16_64],0.0
cons[线路潮流约束_16_64],0.0
cons[线路潮流约束_neg_16_64],0.0
cons[线路潮流计算_17_64],0.0
cons[线路潮流约束_17_64],0.0
cons[线路潮流约束_neg_17_64],0.0
cons[线路潮流计算_18_64],0.0
cons[线路潮流约束_18_64],0.0
cons[线路潮流约束_neg_18_64],0.0
cons[线路潮流计算_19_64],0.0
cons[线路潮流约束_19_64],0.0
cons[线路潮流约束_neg_19_64],0.0
cons[线路潮流计算_20_64],0.0
cons[线路潮流约束_20_64],0.0
cons[线路潮流约束_neg_20_64],0.0
cons[线路潮流计算_21_64],0.0
cons[线路潮流约束_21_64],0.0
cons[线路潮流约束_neg_21_64],0.0
cons[线路潮流计算_22_64],0.0
cons[线路潮流约束_22_64],0.0
cons[线路潮流约束_neg_22_64],0.0
cons[线路潮流计算_23_64],0.0
cons[线路潮流约束_23_64],0.0
cons[线路潮流约束_neg_23_64],0.0
cons[线路潮流计算_24_64],0.0
cons[线路潮流约束_24_64],0.0
cons[线路潮流约束_neg_24_64],0.0
cons[线路潮流计算_25_64],0.0
cons[线路潮流约束_25_64],0.0
cons[线路潮流约束_neg_25_64],0.0
cons[线路潮流计算_26_64],0.0
cons[线路潮流约束_26_64],0.0
cons[线路潮流约束_neg_26_64],0.0
cons[线路潮流计算_27_64],0.0
cons[线路潮流约束_27_64],0.0
cons[线路潮流约束_neg_27_64],0.0
cons[线路潮流计算_28_64],0.0
cons[线路潮流约束_28_64],0.0
cons[线路潮流约束_neg_28_64],0.0
cons[线路潮流计算_29_64],0.0
cons[线路潮流约束_29_64],0.0
cons[线路潮流约束_neg_29_64],0.0
cons[线路潮流计算_30_64],0.0
cons[线路潮流约束_30_64],0.0
cons[线路潮流约束_neg_30_64],0.0
cons[线路潮流计算_31_64],0.0
cons[线路潮流约束_31_64],0.0
cons[线路潮流约束_neg_31_64],0.0
cons[线路潮流计算_32_64],0.0
cons[线路潮流约束_32_64],0.0
cons[线路潮流约束_neg_32_64],0.0
cons[线路潮流计算_33_64],0.0
cons[线路潮流约束_33_64],0.0
cons[线路潮流约束_neg_33_64],0.0
cons[线路潮流计算_34_64],0.0
cons[线路潮流约束_34_64],0.0
cons[线路潮流约束_neg_34_64],0.0
cons[线路潮流计算_35_64],0.0
cons[线路潮流约束_35_64],0.0
cons[线路潮流约束_neg_35_64],0.0
cons[线路潮流计算_36_64],0.0
cons[线路潮流约束_36_64],0.0
cons[线路潮流约束_neg_36_64],0.0
cons[线路潮流计算_37_64],0.0
cons[线路潮流约束_37_64],0.0
cons[线路潮流约束_neg_37_64],0.0
cons[线路潮流计算_38_64],0.0
cons[线路潮流约束_38_64],0.0
cons[线路潮流约束_neg_38_64],0.0
cons[线路潮流计算_39_64],0.0
cons[线路潮流约束_39_64],0.0
cons[线路潮流约束_neg_39_64],0.0
cons[线路潮流计算_40_64],0.0
cons[线路潮流约束_40_64],0.0
cons[线路潮流约束_neg_40_64],0.0
cons[线路潮流计算_41_64],0.0
cons[线路潮流约束_41_64],0.0
cons[线路潮流约束_neg_41_64],0.0
cons[线路潮流计算_42_64],0.0
cons[线路潮流约束_42_64],0.0
cons[线路潮流约束_neg_42_64],0.0
cons[线路潮流计算_43_64],0.0
cons[线路潮流约束_43_64],0.0
cons[线路潮流约束_neg_43_64],0.0
cons[线路潮流计算_44_64],0.0
cons[线路潮流约束_44_64],0.0
cons[线路潮流约束_neg_44_64],0.0
cons[线路潮流计算_45_64],0.0
cons[线路潮流约束_45_64],0.0
cons[线路潮流约束_neg_45_64],0.0
cons[线路潮流计算_46_64],0.0
cons[线路潮流约束_46_64],0.0
cons[线路潮流约束_neg_46_64],0.0
cons[线路潮流计算_47_64],0.0
cons[线路潮流约束_47_64],0.0
cons[线路潮流约束_neg_47_64],0.0
cons[线路潮流计算_48_64],0.0
cons[线路潮流约束_48_64],0.0
cons[线路潮流约束_neg_48_64],0.0
cons[线路潮流计算_49_64],0.0
cons[线路潮流约束_49_64],0.0
cons[线路潮流约束_neg_49_64],0.0
cons[线路潮流计算_50_64],0.0
cons[线路潮流约束_50_64],0.0
cons[线路潮流约束_neg_50_64],0.0
cons[线路潮流计算_51_64],0.0
cons[线路潮流约束_51_64],0.0
cons[线路潮流约束_neg_51_64],0.0
cons[线路潮流计算_52_64],0.0
cons[线路潮流约束_52_64],0.0
cons[线路潮流约束_neg_52_64],0.0
cons[线路潮流计算_53_64],0.0
cons[线路潮流约束_53_64],0.0
cons[线路潮流约束_neg_53_64],0.0
cons[线路潮流计算_54_64],0.0
cons[线路潮流约束_54_64],0.0
cons[线路潮流约束_neg_54_64],0.0
cons[线路潮流计算_55_64],0.0
cons[线路潮流约束_55_64],0.0
cons[线路潮流约束_neg_55_64],0.0
cons[线路潮流计算_56_64],0.0
cons[线路潮流约束_56_64],0.0
cons[线路潮流约束_neg_56_64],0.0
cons[线路潮流计算_57_64],0.0
cons[线路潮流约束_57_64],0.0
cons[线路潮流约束_neg_57_64],0.0
cons[线路潮流计算_58_64],0.0
cons[线路潮流约束_58_64],0.0
cons[线路潮流约束_neg_58_64],0.0
cons[线路潮流计算_59_64],0.0
cons[线路潮流约束_59_64],0.0
cons[线路潮流约束_neg_59_64],0.0
cons[线路潮流计算_60_64],0.0
cons[线路潮流约束_60_64],0.0
cons[线路潮流约束_neg_60_64],0.0
cons[线路潮流计算_61_64],0.0
cons[线路潮流约束_61_64],0.0
cons[线路潮流约束_neg_61_64],0.0
cons[线路潮流计算_62_64],0.0
cons[线路潮流约束_62_64],0.0
cons[线路潮流约束_neg_62_64],0.0
cons[线路潮流计算_63_64],0.0
cons[线路潮流约束_63_64],0.0
cons[线路潮流约束_neg_63_64],0.0
cons[线路潮流计算_64_64],0.0
cons[线路潮流约束_64_64],0.0
cons[线路潮流约束_neg_64_64],0.0
cons[线路潮流计算_65_64],0.0
cons[线路潮流约束_65_64],0.0
cons[线路潮流约束_neg_65_64],0.0
cons[线路潮流计算_66_64],0.0
cons[线路潮流约束_66_64],0.0
cons[线路潮流约束_neg_66_64],0.0
cons[线路潮流计算_67_64],0.0
cons[线路潮流约束_67_64],0.0
cons[线路潮流约束_neg_67_64],0.0
cons[线路潮流计算_68_64],0.0
cons[线路潮流约束_68_64],0.0
cons[线路潮流约束_neg_68_64],0.0
cons[线路潮流计算_69_64],0.0
cons[线路潮流约束_69_64],0.0
cons[线路潮流约束_neg_69_64],0.0
cons[线路潮流计算_70_64],0.0
cons[线路潮流约束_70_64],0.0
cons[线路潮流约束_neg_70_64],0.0
cons[线路潮流计算_71_64],0.0
cons[线路潮流约束_71_64],0.0
cons[线路潮流约束_neg_71_64],0.0
cons[线路潮流计算_72_64],0.0
cons[线路潮流约束_72_64],0.0
cons[线路潮流约束_neg_72_64],0.0
cons[线路潮流计算_73_64],0.0
cons[线路潮流约束_73_64],0.0
cons[线路潮流约束_neg_73_64],0.0
cons[线路潮流计算_74_64],0.0
cons[线路潮流约束_74_64],0.0
cons[线路潮流约束_neg_74_64],0.0
cons[线路潮流计算_75_64],0.0
cons[线路潮流约束_75_64],0.0
cons[线路潮流约束_neg_75_64],0.0
cons[线路潮流计算_76_64],0.0
cons[线路潮流约束_76_64],0.0
cons[线路潮流约束_neg_76_64],0.0
cons[正备用约束_64],0.0
cons[负备用约束_64],0.0
cons[系统功率平衡约束_65],-6200.103
cons[线路潮流计算_0_65],0.0
cons[线路潮流约束_0_65],0.0
cons[线路潮流约束_neg_0_65],0.0
cons[线路潮流计算_1_65],0.0
cons[线路潮流约束_1_65],0.0
cons[线路潮流约束_neg_1_65],0.0
cons[线路潮流计算_2_65],0.0
cons[线路潮流约束_2_65],0.0
cons[线路潮流约束_neg_2_65],0.0
cons[线路潮流计算_3_65],0.0
cons[线路潮流约束_3_65],0.0
cons[线路潮流约束_neg_3_65],0.0
cons[线路潮流计算_4_65],0.0
cons[线路潮流约束_4_65],0.0
cons[线路潮流约束_neg_4_65],0.0
cons[线路潮流计算_5_65],0.0
cons[线路潮流约束_5_65],0.0
cons[线路潮流约束_neg_5_65],0.0
cons[线路潮流计算_6_65],0.0
cons[线路潮流约束_6_65],0.0
cons[线路潮流约束_neg_6_65],0.0
cons[线路潮流计算_7_65],0.0
cons[线路潮流约束_7_65],0.0
cons[线路潮流约束_neg_7_65],0.0
cons[线路潮流计算_8_65],0.0
cons[线路潮流约束_8_65],0.0
cons[线路潮流约束_neg_8_65],0.0
cons[线路潮流计算_9_65],0.0
cons[线路潮流约束_9_65],0.0
cons[线路潮流约束_neg_9_65],0.0
cons[线路潮流计算_10_65],0.0
cons[线路潮流约束_10_65],0.0
cons[线路潮流约束_neg_10_65],0.0
cons[线路潮流计算_11_65],0.0
cons[线路潮流约束_11_65],0.0
cons[线路潮流约束_neg_11_65],0.0
cons[线路潮流计算_12_65],0.0
cons[线路潮流约束_12_65],0.0
cons[线路潮流约束_neg_12_65],0.0
cons[线路潮流计算_13_65],0.0
cons[线路潮流约束_13_65],0.0
cons[线路潮流约束_neg_13_65],0.0
cons[线路潮流计算_14_65],0.0
cons[线路潮流约束_14_65],0.0
cons[线路潮流约束_neg_14_65],0.0
cons[线路潮流计算_15_65],0.0
cons[线路潮流约束_15_65],0.0
cons[线路潮流约束_neg_15_65],0.0
cons[线路潮流计算_16_65],0.0
cons[线路潮流约束_16_65],0.0
cons[线路潮流约束_neg_16_65],0.0
cons[线路潮流计算_17_65],0.0
cons[线路潮流约束_17_65],0.0
cons[线路潮流约束_neg_17_65],0.0
cons[线路潮流计算_18_65],0.0
cons[线路潮流约束_18_65],0.0
cons[线路潮流约束_neg_18_65],0.0
cons[线路潮流计算_19_65],0.0
cons[线路潮流约束_19_65],0.0
cons[线路潮流约束_neg_19_65],0.0
cons[线路潮流计算_20_65],0.0
cons[线路潮流约束_20_65],0.0
cons[线路潮流约束_neg_20_65],0.0
cons[线路潮流计算_21_65],0.0
cons[线路潮流约束_21_65],0.0
cons[线路潮流约束_neg_21_65],0.0
cons[线路潮流计算_22_65],0.0
cons[线路潮流约束_22_65],0.0
cons[线路潮流约束_neg_22_65],0.0
cons[线路潮流计算_23_65],0.0
cons[线路潮流约束_23_65],0.0
cons[线路潮流约束_neg_23_65],0.0
cons[线路潮流计算_24_65],0.0
cons[线路潮流约束_24_65],0.0
cons[线路潮流约束_neg_24_65],0.0
cons[线路潮流计算_25_65],0.0
cons[线路潮流约束_25_65],0.0
cons[线路潮流约束_neg_25_65],0.0
cons[线路潮流计算_26_65],0.0
cons[线路潮流约束_26_65],0.0
cons[线路潮流约束_neg_26_65],0.0
cons[线路潮流计算_27_65],0.0
cons[线路潮流约束_27_65],0.0
cons[线路潮流约束_neg_27_65],0.0
cons[线路潮流计算_28_65],0.0
cons[线路潮流约束_28_65],0.0
cons[线路潮流约束_neg_28_65],0.0
cons[线路潮流计算_29_65],0.0
cons[线路潮流约束_29_65],0.0
cons[线路潮流约束_neg_29_65],0.0
cons[线路潮流计算_30_65],0.0
cons[线路潮流约束_30_65],0.0
cons[线路潮流约束_neg_30_65],0.0
cons[线路潮流计算_31_65],0.0
cons[线路潮流约束_31_65],0.0
cons[线路潮流约束_neg_31_65],0.0
cons[线路潮流计算_32_65],0.0
cons[线路潮流约束_32_65],0.0
cons[线路潮流约束_neg_32_65],0.0
cons[线路潮流计算_33_65],0.0
cons[线路潮流约束_33_65],0.0
cons[线路潮流约束_neg_33_65],0.0
cons[线路潮流计算_34_65],0.0
cons[线路潮流约束_34_65],0.0
cons[线路潮流约束_neg_34_65],0.0
cons[线路潮流计算_35_65],0.0
cons[线路潮流约束_35_65],0.0
cons[线路潮流约束_neg_35_65],0.0
cons[线路潮流计算_36_65],0.0
cons[线路潮流约束_36_65],0.0
cons[线路潮流约束_neg_36_65],0.0
cons[线路潮流计算_37_65],0.0
cons[线路潮流约束_37_65],0.0
cons[线路潮流约束_neg_37_65],0.0
cons[线路潮流计算_38_65],0.0
cons[线路潮流约束_38_65],0.0
cons[线路潮流约束_neg_38_65],0.0
cons[线路潮流计算_39_65],0.0
cons[线路潮流约束_39_65],0.0
cons[线路潮流约束_neg_39_65],0.0
cons[线路潮流计算_40_65],0.0
cons[线路潮流约束_40_65],0.0
cons[线路潮流约束_neg_40_65],0.0
cons[线路潮流计算_41_65],0.0
cons[线路潮流约束_41_65],0.0
cons[线路潮流约束_neg_41_65],0.0
cons[线路潮流计算_42_65],0.0
cons[线路潮流约束_42_65],0.0
cons[线路潮流约束_neg_42_65],0.0
cons[线路潮流计算_43_65],0.0
cons[线路潮流约束_43_65],0.0
cons[线路潮流约束_neg_43_65],0.0
cons[线路潮流计算_44_65],0.0
cons[线路潮流约束_44_65],0.0
cons[线路潮流约束_neg_44_65],0.0
cons[线路潮流计算_45_65],0.0
cons[线路潮流约束_45_65],0.0
cons[线路潮流约束_neg_45_65],0.0
cons[线路潮流计算_46_65],0.0
cons[线路潮流约束_46_65],0.0
cons[线路潮流约束_neg_46_65],0.0
cons[线路潮流计算_47_65],0.0
cons[线路潮流约束_47_65],0.0
cons[线路潮流约束_neg_47_65],0.0
cons[线路潮流计算_48_65],0.0
cons[线路潮流约束_48_65],0.0
cons[线路潮流约束_neg_48_65],0.0
cons[线路潮流计算_49_65],0.0
cons[线路潮流约束_49_65],0.0
cons[线路潮流约束_neg_49_65],0.0
cons[线路潮流计算_50_65],0.0
cons[线路潮流约束_50_65],0.0
cons[线路潮流约束_neg_50_65],0.0
cons[线路潮流计算_51_65],0.0
cons[线路潮流约束_51_65],0.0
cons[线路潮流约束_neg_51_65],0.0
cons[线路潮流计算_52_65],0.0
cons[线路潮流约束_52_65],0.0
cons[线路潮流约束_neg_52_65],0.0
cons[线路潮流计算_53_65],0.0
cons[线路潮流约束_53_65],0.0
cons[线路潮流约束_neg_53_65],0.0
cons[线路潮流计算_54_65],0.0
cons[线路潮流约束_54_65],0.0
cons[线路潮流约束_neg_54_65],0.0
cons[线路潮流计算_55_65],0.0
cons[线路潮流约束_55_65],0.0
cons[线路潮流约束_neg_55_65],0.0
cons[线路潮流计算_56_65],0.0
cons[线路潮流约束_56_65],0.0
cons[线路潮流约束_neg_56_65],0.0
cons[线路潮流计算_57_65],0.0
cons[线路潮流约束_57_65],0.0
cons[线路潮流约束_neg_57_65],0.0
cons[线路潮流计算_58_65],0.0
cons[线路潮流约束_58_65],0.0
cons[线路潮流约束_neg_58_65],0.0
cons[线路潮流计算_59_65],0.0
cons[线路潮流约束_59_65],0.0
cons[线路潮流约束_neg_59_65],0.0
cons[线路潮流计算_60_65],0.0
cons[线路潮流约束_60_65],0.0
cons[线路潮流约束_neg_60_65],0.0
cons[线路潮流计算_61_65],0.0
cons[线路潮流约束_61_65],0.0
cons[线路潮流约束_neg_61_65],0.0
cons[线路潮流计算_62_65],0.0
cons[线路潮流约束_62_65],0.0
cons[线路潮流约束_neg_62_65],0.0
cons[线路潮流计算_63_65],0.0
cons[线路潮流约束_63_65],0.0
cons[线路潮流约束_neg_63_65],0.0
cons[线路潮流计算_64_65],0.0
cons[线路潮流约束_64_65],0.0
cons[线路潮流约束_neg_64_65],0.0
cons[线路潮流计算_65_65],0.0
cons[线路潮流约束_65_65],0.0
cons[线路潮流约束_neg_65_65],0.0
cons[线路潮流计算_66_65],0.0
cons[线路潮流约束_66_65],0.0
cons[线路潮流约束_neg_66_65],0.0
cons[线路潮流计算_67_65],0.0
cons[线路潮流约束_67_65],0.0
cons[线路潮流约束_neg_67_65],0.0
cons[线路潮流计算_68_65],0.0
cons[线路潮流约束_68_65],0.0
cons[线路潮流约束_neg_68_65],0.0
cons[线路潮流计算_69_65],0.0
cons[线路潮流约束_69_65],0.0
cons[线路潮流约束_neg_69_65],0.0
cons[线路潮流计算_70_65],0.0
cons[线路潮流约束_70_65],0.0
cons[线路潮流约束_neg_70_65],0.0
cons[线路潮流计算_71_65],0.0
cons[线路潮流约束_71_65],0.0
cons[线路潮流约束_neg_71_65],0.0
cons[线路潮流计算_72_65],0.0
cons[线路潮流约束_72_65],0.0
cons[线路潮流约束_neg_72_65],0.0
cons[线路潮流计算_73_65],0.0
cons[线路潮流约束_73_65],0.0
cons[线路潮流约束_neg_73_65],0.0
cons[线路潮流计算_74_65],0.0
cons[线路潮流约束_74_65],0.0
cons[线路潮流约束_neg_74_65],0.0
cons[线路潮流计算_75_65],0.0
cons[线路潮流约束_75_65],0.0
cons[线路潮流约束_neg_75_65],0.0
cons[线路潮流计算_76_65],0.0
cons[线路潮流约束_76_65],0.0
cons[线路潮流约束_neg_76_65],0.0
cons[正备用约束_65],0.0
cons[负备用约束_65],0.0
cons[系统功率平衡约束_66],-6219.85
cons[线路潮流计算_0_66],0.0
cons[线路潮流约束_0_66],0.0
cons[线路潮流约束_neg_0_66],0.0
cons[线路潮流计算_1_66],0.0
cons[线路潮流约束_1_66],0.0
cons[线路潮流约束_neg_1_66],0.0
cons[线路潮流计算_2_66],0.0
cons[线路潮流约束_2_66],0.0
cons[线路潮流约束_neg_2_66],0.0
cons[线路潮流计算_3_66],0.0
cons[线路潮流约束_3_66],0.0
cons[线路潮流约束_neg_3_66],0.0
cons[线路潮流计算_4_66],0.0
cons[线路潮流约束_4_66],0.0
cons[线路潮流约束_neg_4_66],0.0
cons[线路潮流计算_5_66],0.0
cons[线路潮流约束_5_66],0.0
cons[线路潮流约束_neg_5_66],0.0
cons[线路潮流计算_6_66],0.0
cons[线路潮流约束_6_66],0.0
cons[线路潮流约束_neg_6_66],0.0
cons[线路潮流计算_7_66],0.0
cons[线路潮流约束_7_66],0.0
cons[线路潮流约束_neg_7_66],0.0
cons[线路潮流计算_8_66],0.0
cons[线路潮流约束_8_66],0.0
cons[线路潮流约束_neg_8_66],0.0
cons[线路潮流计算_9_66],0.0
cons[线路潮流约束_9_66],0.0
cons[线路潮流约束_neg_9_66],0.0
cons[线路潮流计算_10_66],0.0
cons[线路潮流约束_10_66],0.0
cons[线路潮流约束_neg_10_66],0.0
cons[线路潮流计算_11_66],0.0
cons[线路潮流约束_11_66],0.0
cons[线路潮流约束_neg_11_66],0.0
cons[线路潮流计算_12_66],0.0
cons[线路潮流约束_12_66],0.0
cons[线路潮流约束_neg_12_66],0.0
cons[线路潮流计算_13_66],0.0
cons[线路潮流约束_13_66],0.0
cons[线路潮流约束_neg_13_66],0.0
cons[线路潮流计算_14_66],0.0
cons[线路潮流约束_14_66],0.0
cons[线路潮流约束_neg_14_66],0.0
cons[线路潮流计算_15_66],0.0
cons[线路潮流约束_15_66],0.0
cons[线路潮流约束_neg_15_66],0.0
cons[线路潮流计算_16_66],0.0
cons[线路潮流约束_16_66],0.0
cons[线路潮流约束_neg_16_66],0.0
cons[线路潮流计算_17_66],0.0
cons[线路潮流约束_17_66],0.0
cons[线路潮流约束_neg_17_66],0.0
cons[线路潮流计算_18_66],0.0
cons[线路潮流约束_18_66],0.0
cons[线路潮流约束_neg_18_66],0.0
cons[线路潮流计算_19_66],0.0
cons[线路潮流约束_19_66],0.0
cons[线路潮流约束_neg_19_66],0.0
cons[线路潮流计算_20_66],0.0
cons[线路潮流约束_20_66],0.0
cons[线路潮流约束_neg_20_66],0.0
cons[线路潮流计算_21_66],0.0
cons[线路潮流约束_21_66],0.0
cons[线路潮流约束_neg_21_66],0.0
cons[线路潮流计算_22_66],0.0
cons[线路潮流约束_22_66],0.0
cons[线路潮流约束_neg_22_66],0.0
cons[线路潮流计算_23_66],0.0
cons[线路潮流约束_23_66],0.0
cons[线路潮流约束_neg_23_66],0.0
cons[线路潮流计算_24_66],0.0
cons[线路潮流约束_24_66],0.0
cons[线路潮流约束_neg_24_66],0.0
cons[线路潮流计算_25_66],0.0
cons[线路潮流约束_25_66],0.0
cons[线路潮流约束_neg_25_66],0.0
cons[线路潮流计算_26_66],0.0
cons[线路潮流约束_26_66],0.0
cons[线路潮流约束_neg_26_66],0.0
cons[线路潮流计算_27_66],0.0
cons[线路潮流约束_27_66],0.0
cons[线路潮流约束_neg_27_66],0.0
cons[线路潮流计算_28_66],0.0
cons[线路潮流约束_28_66],0.0
cons[线路潮流约束_neg_28_66],0.0
cons[线路潮流计算_29_66],0.0
cons[线路潮流约束_29_66],0.0
cons[线路潮流约束_neg_29_66],0.0
cons[线路潮流计算_30_66],0.0
cons[线路潮流约束_30_66],0.0
cons[线路潮流约束_neg_30_66],0.0
cons[线路潮流计算_31_66],0.0
cons[线路潮流约束_31_66],0.0
cons[线路潮流约束_neg_31_66],0.0
cons[线路潮流计算_32_66],0.0
cons[线路潮流约束_32_66],0.0
cons[线路潮流约束_neg_32_66],0.0
cons[线路潮流计算_33_66],0.0
cons[线路潮流约束_33_66],0.0
cons[线路潮流约束_neg_33_66],0.0
cons[线路潮流计算_34_66],0.0
cons[线路潮流约束_34_66],0.0
cons[线路潮流约束_neg_34_66],0.0
cons[线路潮流计算_35_66],0.0
cons[线路潮流约束_35_66],0.0
cons[线路潮流约束_neg_35_66],0.0
cons[线路潮流计算_36_66],0.0
cons[线路潮流约束_36_66],0.0
cons[线路潮流约束_neg_36_66],0.0
cons[线路潮流计算_37_66],0.0
cons[线路潮流约束_37_66],0.0
cons[线路潮流约束_neg_37_66],0.0
cons[线路潮流计算_38_66],0.0
cons[线路潮流约束_38_66],0.0
cons[线路潮流约束_neg_38_66],0.0
cons[线路潮流计算_39_66],0.0
cons[线路潮流约束_39_66],0.0
cons[线路潮流约束_neg_39_66],0.0
cons[线路潮流计算_40_66],0.0
cons[线路潮流约束_40_66],0.0
cons[线路潮流约束_neg_40_66],0.0
cons[线路潮流计算_41_66],0.0
cons[线路潮流约束_41_66],0.0
cons[线路潮流约束_neg_41_66],0.0
cons[线路潮流计算_42_66],0.0
cons[线路潮流约束_42_66],0.0
cons[线路潮流约束_neg_42_66],0.0
cons[线路潮流计算_43_66],0.0
cons[线路潮流约束_43_66],0.0
cons[线路潮流约束_neg_43_66],0.0
cons[线路潮流计算_44_66],0.0
cons[线路潮流约束_44_66],0.0
cons[线路潮流约束_neg_44_66],0.0
cons[线路潮流计算_45_66],0.0
cons[线路潮流约束_45_66],0.0
cons[线路潮流约束_neg_45_66],0.0
cons[线路潮流计算_46_66],0.0
cons[线路潮流约束_46_66],0.0
cons[线路潮流约束_neg_46_66],0.0
cons[线路潮流计算_47_66],0.0
cons[线路潮流约束_47_66],0.0
cons[线路潮流约束_neg_47_66],0.0
cons[线路潮流计算_48_66],0.0
cons[线路潮流约束_48_66],0.0
cons[线路潮流约束_neg_48_66],0.0
cons[线路潮流计算_49_66],0.0
cons[线路潮流约束_49_66],0.0
cons[线路潮流约束_neg_49_66],0.0
cons[线路潮流计算_50_66],0.0
cons[线路潮流约束_50_66],0.0
cons[线路潮流约束_neg_50_66],0.0
cons[线路潮流计算_51_66],0.0
cons[线路潮流约束_51_66],0.0
cons[线路潮流约束_neg_51_66],0.0
cons[线路潮流计算_52_66],0.0
cons[线路潮流约束_52_66],0.0
cons[线路潮流约束_neg_52_66],0.0
cons[线路潮流计算_53_66],0.0
cons[线路潮流约束_53_66],0.0
cons[线路潮流约束_neg_53_66],0.0
cons[线路潮流计算_54_66],0.0
cons[线路潮流约束_54_66],0.0
cons[线路潮流约束_neg_54_66],0.0
cons[线路潮流计算_55_66],0.0
cons[线路潮流约束_55_66],0.0
cons[线路潮流约束_neg_55_66],0.0
cons[线路潮流计算_56_66],0.0
cons[线路潮流约束_56_66],0.0
cons[线路潮流约束_neg_56_66],0.0
cons[线路潮流计算_57_66],0.0
cons[线路潮流约束_57_66],0.0
cons[线路潮流约束_neg_57_66],0.0
cons[线路潮流计算_58_66],0.0
cons[线路潮流约束_58_66],0.0
cons[线路潮流约束_neg_58_66],0.0
cons[线路潮流计算_59_66],0.0
cons[线路潮流约束_59_66],0.0
cons[线路潮流约束_neg_59_66],0.0
cons[线路潮流计算_60_66],0.0
cons[线路潮流约束_60_66],0.0
cons[线路潮流约束_neg_60_66],0.0
cons[线路潮流计算_61_66],0.0
cons[线路潮流约束_61_66],0.0
cons[线路潮流约束_neg_61_66],0.0
cons[线路潮流计算_62_66],0.0
cons[线路潮流约束_62_66],0.0
cons[线路潮流约束_neg_62_66],0.0
cons[线路潮流计算_63_66],0.0
cons[线路潮流约束_63_66],0.0
cons[线路潮流约束_neg_63_66],0.0
cons[线路潮流计算_64_66],0.0
cons[线路潮流约束_64_66],0.0
cons[线路潮流约束_neg_64_66],0.0
cons[线路潮流计算_65_66],0.0
cons[线路潮流约束_65_66],0.0
cons[线路潮流约束_neg_65_66],0.0
cons[线路潮流计算_66_66],0.0
cons[线路潮流约束_66_66],0.0
cons[线路潮流约束_neg_66_66],0.0
cons[线路潮流计算_67_66],0.0
cons[线路潮流约束_67_66],0.0
cons[线路潮流约束_neg_67_66],0.0
cons[线路潮流计算_68_66],0.0
cons[线路潮流约束_68_66],0.0
cons[线路潮流约束_neg_68_66],0.0
cons[线路潮流计算_69_66],0.0
cons[线路潮流约束_69_66],0.0
cons[线路潮流约束_neg_69_66],0.0
cons[线路潮流计算_70_66],0.0
cons[线路潮流约束_70_66],0.0
cons[线路潮流约束_neg_70_66],0.0
cons[线路潮流计算_71_66],0.0
cons[线路潮流约束_71_66],0.0
cons[线路潮流约束_neg_71_66],0.0
cons[线路潮流计算_72_66],0.0
cons[线路潮流约束_72_66],0.0
cons[线路潮流约束_neg_72_66],0.0
cons[线路潮流计算_73_66],0.0
cons[线路潮流约束_73_66],0.0
cons[线路潮流约束_neg_73_66],0.0
cons[线路潮流计算_74_66],0.0
cons[线路潮流约束_74_66],0.0
cons[线路潮流约束_neg_74_66],0.0
cons[线路潮流计算_75_66],0.0
cons[线路潮流约束_75_66],0.0
cons[线路潮流约束_neg_75_66],0.0
cons[线路潮流计算_76_66],0.0
cons[线路潮流约束_76_66],0.0
cons[线路潮流约束_neg_76_66],0.0
cons[正备用约束_66],0.0
cons[负备用约束_66],0.0
cons[系统功率平衡约束_67],-6219.85
cons[线路潮流计算_0_67],0.0
cons[线路潮流约束_0_67],0.0
cons[线路潮流约束_neg_0_67],0.0
cons[线路潮流计算_1_67],0.0
cons[线路潮流约束_1_67],0.0
cons[线路潮流约束_neg_1_67],0.0
cons[线路潮流计算_2_67],0.0
cons[线路潮流约束_2_67],0.0
cons[线路潮流约束_neg_2_67],0.0
cons[线路潮流计算_3_67],0.0
cons[线路潮流约束_3_67],0.0
cons[线路潮流约束_neg_3_67],0.0
cons[线路潮流计算_4_67],0.0
cons[线路潮流约束_4_67],0.0
cons[线路潮流约束_neg_4_67],0.0
cons[线路潮流计算_5_67],0.0
cons[线路潮流约束_5_67],0.0
cons[线路潮流约束_neg_5_67],0.0
cons[线路潮流计算_6_67],0.0
cons[线路潮流约束_6_67],0.0
cons[线路潮流约束_neg_6_67],0.0
cons[线路潮流计算_7_67],0.0
cons[线路潮流约束_7_67],0.0
cons[线路潮流约束_neg_7_67],0.0
cons[线路潮流计算_8_67],0.0
cons[线路潮流约束_8_67],0.0
cons[线路潮流约束_neg_8_67],0.0
cons[线路潮流计算_9_67],0.0
cons[线路潮流约束_9_67],0.0
cons[线路潮流约束_neg_9_67],0.0
cons[线路潮流计算_10_67],0.0
cons[线路潮流约束_10_67],0.0
cons[线路潮流约束_neg_10_67],0.0
cons[线路潮流计算_11_67],0.0
cons[线路潮流约束_11_67],0.0
cons[线路潮流约束_neg_11_67],0.0
cons[线路潮流计算_12_67],0.0
cons[线路潮流约束_12_67],0.0
cons[线路潮流约束_neg_12_67],0.0
cons[线路潮流计算_13_67],0.0
cons[线路潮流约束_13_67],0.0
cons[线路潮流约束_neg_13_67],0.0
cons[线路潮流计算_14_67],0.0
cons[线路潮流约束_14_67],0.0
cons[线路潮流约束_neg_14_67],0.0
cons[线路潮流计算_15_67],0.0
cons[线路潮流约束_15_67],0.0
cons[线路潮流约束_neg_15_67],0.0
cons[线路潮流计算_16_67],0.0
cons[线路潮流约束_16_67],0.0
cons[线路潮流约束_neg_16_67],0.0
cons[线路潮流计算_17_67],0.0
cons[线路潮流约束_17_67],0.0
cons[线路潮流约束_neg_17_67],0.0
cons[线路潮流计算_18_67],0.0
cons[线路潮流约束_18_67],0.0
cons[线路潮流约束_neg_18_67],0.0
cons[线路潮流计算_19_67],0.0
cons[线路潮流约束_19_67],0.0
cons[线路潮流约束_neg_19_67],0.0
cons[线路潮流计算_20_67],0.0
cons[线路潮流约束_20_67],0.0
cons[线路潮流约束_neg_20_67],0.0
cons[线路潮流计算_21_67],0.0
cons[线路潮流约束_21_67],0.0
cons[线路潮流约束_neg_21_67],0.0
cons[线路潮流计算_22_67],0.0
cons[线路潮流约束_22_67],0.0
cons[线路潮流约束_neg_22_67],0.0
cons[线路潮流计算_23_67],0.0
cons[线路潮流约束_23_67],0.0
cons[线路潮流约束_neg_23_67],0.0
cons[线路潮流计算_24_67],0.0
cons[线路潮流约束_24_67],0.0
cons[线路潮流约束_neg_24_67],0.0
cons[线路潮流计算_25_67],0.0
cons[线路潮流约束_25_67],0.0
cons[线路潮流约束_neg_25_67],0.0
cons[线路潮流计算_26_67],0.0
cons[线路潮流约束_26_67],0.0
cons[线路潮流约束_neg_26_67],0.0
cons[线路潮流计算_27_67],0.0
cons[线路潮流约束_27_67],0.0
cons[线路潮流约束_neg_27_67],0.0
cons[线路潮流计算_28_67],0.0
cons[线路潮流约束_28_67],0.0
cons[线路潮流约束_neg_28_67],0.0
cons[线路潮流计算_29_67],0.0
cons[线路潮流约束_29_67],0.0
cons[线路潮流约束_neg_29_67],0.0
cons[线路潮流计算_30_67],0.0
cons[线路潮流约束_30_67],0.0
cons[线路潮流约束_neg_30_67],0.0
cons[线路潮流计算_31_67],0.0
cons[线路潮流约束_31_67],0.0
cons[线路潮流约束_neg_31_67],0.0
cons[线路潮流计算_32_67],0.0
cons[线路潮流约束_32_67],0.0
cons[线路潮流约束_neg_32_67],0.0
cons[线路潮流计算_33_67],0.0
cons[线路潮流约束_33_67],0.0
cons[线路潮流约束_neg_33_67],0.0
cons[线路潮流计算_34_67],0.0
cons[线路潮流约束_34_67],0.0
cons[线路潮流约束_neg_34_67],0.0
cons[线路潮流计算_35_67],0.0
cons[线路潮流约束_35_67],0.0
cons[线路潮流约束_neg_35_67],0.0
cons[线路潮流计算_36_67],0.0
cons[线路潮流约束_36_67],0.0
cons[线路潮流约束_neg_36_67],0.0
cons[线路潮流计算_37_67],0.0
cons[线路潮流约束_37_67],0.0
cons[线路潮流约束_neg_37_67],0.0
cons[线路潮流计算_38_67],0.0
cons[线路潮流约束_38_67],0.0
cons[线路潮流约束_neg_38_67],0.0
cons[线路潮流计算_39_67],0.0
cons[线路潮流约束_39_67],0.0
cons[线路潮流约束_neg_39_67],0.0
cons[线路潮流计算_40_67],0.0
cons[线路潮流约束_40_67],0.0
cons[线路潮流约束_neg_40_67],0.0
cons[线路潮流计算_41_67],0.0
cons[线路潮流约束_41_67],0.0
cons[线路潮流约束_neg_41_67],0.0
cons[线路潮流计算_42_67],0.0
cons[线路潮流约束_42_67],0.0
cons[线路潮流约束_neg_42_67],0.0
cons[线路潮流计算_43_67],0.0
cons[线路潮流约束_43_67],0.0
cons[线路潮流约束_neg_43_67],0.0
cons[线路潮流计算_44_67],0.0
cons[线路潮流约束_44_67],0.0
cons[线路潮流约束_neg_44_67],0.0
cons[线路潮流计算_45_67],0.0
cons[线路潮流约束_45_67],0.0
cons[线路潮流约束_neg_45_67],0.0
cons[线路潮流计算_46_67],0.0
cons[线路潮流约束_46_67],0.0
cons[线路潮流约束_neg_46_67],0.0
cons[线路潮流计算_47_67],0.0
cons[线路潮流约束_47_67],0.0
cons[线路潮流约束_neg_47_67],0.0
cons[线路潮流计算_48_67],0.0
cons[线路潮流约束_48_67],0.0
cons[线路潮流约束_neg_48_67],0.0
cons[线路潮流计算_49_67],0.0
cons[线路潮流约束_49_67],0.0
cons[线路潮流约束_neg_49_67],0.0
cons[线路潮流计算_50_67],0.0
cons[线路潮流约束_50_67],0.0
cons[线路潮流约束_neg_50_67],0.0
cons[线路潮流计算_51_67],0.0
cons[线路潮流约束_51_67],0.0
cons[线路潮流约束_neg_51_67],0.0
cons[线路潮流计算_52_67],0.0
cons[线路潮流约束_52_67],0.0
cons[线路潮流约束_neg_52_67],0.0
cons[线路潮流计算_53_67],0.0
cons[线路潮流约束_53_67],0.0
cons[线路潮流约束_neg_53_67],0.0
cons[线路潮流计算_54_67],0.0
cons[线路潮流约束_54_67],0.0
cons[线路潮流约束_neg_54_67],0.0
cons[线路潮流计算_55_67],0.0
cons[线路潮流约束_55_67],0.0
cons[线路潮流约束_neg_55_67],0.0
cons[线路潮流计算_56_67],0.0
cons[线路潮流约束_56_67],0.0
cons[线路潮流约束_neg_56_67],0.0
cons[线路潮流计算_57_67],0.0
cons[线路潮流约束_57_67],0.0
cons[线路潮流约束_neg_57_67],0.0
cons[线路潮流计算_58_67],0.0
cons[线路潮流约束_58_67],0.0
cons[线路潮流约束_neg_58_67],0.0
cons[线路潮流计算_59_67],0.0
cons[线路潮流约束_59_67],0.0
cons[线路潮流约束_neg_59_67],0.0
cons[线路潮流计算_60_67],0.0
cons[线路潮流约束_60_67],0.0
cons[线路潮流约束_neg_60_67],0.0
cons[线路潮流计算_61_67],0.0
cons[线路潮流约束_61_67],0.0
cons[线路潮流约束_neg_61_67],0.0
cons[线路潮流计算_62_67],0.0
cons[线路潮流约束_62_67],0.0
cons[线路潮流约束_neg_62_67],0.0
cons[线路潮流计算_63_67],0.0
cons[线路潮流约束_63_67],0.0
cons[线路潮流约束_neg_63_67],0.0
cons[线路潮流计算_64_67],0.0
cons[线路潮流约束_64_67],0.0
cons[线路潮流约束_neg_64_67],0.0
cons[线路潮流计算_65_67],0.0
cons[线路潮流约束_65_67],0.0
cons[线路潮流约束_neg_65_67],0.0
cons[线路潮流计算_66_67],0.0
cons[线路潮流约束_66_67],0.0
cons[线路潮流约束_neg_66_67],0.0
cons[线路潮流计算_67_67],0.0
cons[线路潮流约束_67_67],0.0
cons[线路潮流约束_neg_67_67],0.0
cons[线路潮流计算_68_67],0.0
cons[线路潮流约束_68_67],0.0
cons[线路潮流约束_neg_68_67],0.0
cons[线路潮流计算_69_67],0.0
cons[线路潮流约束_69_67],0.0
cons[线路潮流约束_neg_69_67],0.0
cons[线路潮流计算_70_67],0.0
cons[线路潮流约束_70_67],0.0
cons[线路潮流约束_neg_70_67],0.0
cons[线路潮流计算_71_67],0.0
cons[线路潮流约束_71_67],0.0
cons[线路潮流约束_neg_71_67],0.0
cons[线路潮流计算_72_67],0.0
cons[线路潮流约束_72_67],0.0
cons[线路潮流约束_neg_72_67],0.0
cons[线路潮流计算_73_67],0.0
cons[线路潮流约束_73_67],0.0
cons[线路潮流约束_neg_73_67],0.0
cons[线路潮流计算_74_67],0.0
cons[线路潮流约束_74_67],0.0
cons[线路潮流约束_neg_74_67],0.0
cons[线路潮流计算_75_67],0.0
cons[线路潮流约束_75_67],0.0
cons[线路潮流约束_neg_75_67],0.0
cons[线路潮流计算_76_67],0.0
cons[线路潮流约束_76_67],0.0
cons[线路潮流约束_neg_76_67],0.0
cons[正备用约束_67],0.0
cons[负备用约束_67],0.0
cons[系统功率平衡约束_68],-6219.85
cons[线路潮流计算_0_68],0.0
cons[线路潮流约束_0_68],0.0
cons[线路潮流约束_neg_0_68],0.0
cons[线路潮流计算_1_68],0.0
cons[线路潮流约束_1_68],0.0
cons[线路潮流约束_neg_1_68],0.0
cons[线路潮流计算_2_68],0.0
cons[线路潮流约束_2_68],0.0
cons[线路潮流约束_neg_2_68],0.0
cons[线路潮流计算_3_68],0.0
cons[线路潮流约束_3_68],0.0
cons[线路潮流约束_neg_3_68],0.0
cons[线路潮流计算_4_68],0.0
cons[线路潮流约束_4_68],0.0
cons[线路潮流约束_neg_4_68],0.0
cons[线路潮流计算_5_68],0.0
cons[线路潮流约束_5_68],0.0
cons[线路潮流约束_neg_5_68],0.0
cons[线路潮流计算_6_68],0.0
cons[线路潮流约束_6_68],0.0
cons[线路潮流约束_neg_6_68],0.0
cons[线路潮流计算_7_68],0.0
cons[线路潮流约束_7_68],0.0
cons[线路潮流约束_neg_7_68],0.0
cons[线路潮流计算_8_68],0.0
cons[线路潮流约束_8_68],0.0
cons[线路潮流约束_neg_8_68],0.0
cons[线路潮流计算_9_68],0.0
cons[线路潮流约束_9_68],0.0
cons[线路潮流约束_neg_9_68],0.0
cons[线路潮流计算_10_68],0.0
cons[线路潮流约束_10_68],0.0
cons[线路潮流约束_neg_10_68],0.0
cons[线路潮流计算_11_68],0.0
cons[线路潮流约束_11_68],0.0
cons[线路潮流约束_neg_11_68],0.0
cons[线路潮流计算_12_68],0.0
cons[线路潮流约束_12_68],0.0
cons[线路潮流约束_neg_12_68],0.0
cons[线路潮流计算_13_68],0.0
cons[线路潮流约束_13_68],0.0
cons[线路潮流约束_neg_13_68],0.0
cons[线路潮流计算_14_68],0.0
cons[线路潮流约束_14_68],0.0
cons[线路潮流约束_neg_14_68],0.0
cons[线路潮流计算_15_68],0.0
cons[线路潮流约束_15_68],0.0
cons[线路潮流约束_neg_15_68],0.0
cons[线路潮流计算_16_68],0.0
cons[线路潮流约束_16_68],0.0
cons[线路潮流约束_neg_16_68],0.0
cons[线路潮流计算_17_68],0.0
cons[线路潮流约束_17_68],0.0
cons[线路潮流约束_neg_17_68],0.0
cons[线路潮流计算_18_68],0.0
cons[线路潮流约束_18_68],0.0
cons[线路潮流约束_neg_18_68],0.0
cons[线路潮流计算_19_68],0.0
cons[线路潮流约束_19_68],0.0
cons[线路潮流约束_neg_19_68],0.0
cons[线路潮流计算_20_68],0.0
cons[线路潮流约束_20_68],0.0
cons[线路潮流约束_neg_20_68],0.0
cons[线路潮流计算_21_68],0.0
cons[线路潮流约束_21_68],0.0
cons[线路潮流约束_neg_21_68],0.0
cons[线路潮流计算_22_68],0.0
cons[线路潮流约束_22_68],0.0
cons[线路潮流约束_neg_22_68],0.0
cons[线路潮流计算_23_68],0.0
cons[线路潮流约束_23_68],0.0
cons[线路潮流约束_neg_23_68],0.0
cons[线路潮流计算_24_68],0.0
cons[线路潮流约束_24_68],0.0
cons[线路潮流约束_neg_24_68],0.0
cons[线路潮流计算_25_68],0.0
cons[线路潮流约束_25_68],0.0
cons[线路潮流约束_neg_25_68],0.0
cons[线路潮流计算_26_68],0.0
cons[线路潮流约束_26_68],0.0
cons[线路潮流约束_neg_26_68],0.0
cons[线路潮流计算_27_68],0.0
cons[线路潮流约束_27_68],0.0
cons[线路潮流约束_neg_27_68],0.0
cons[线路潮流计算_28_68],0.0
cons[线路潮流约束_28_68],0.0
cons[线路潮流约束_neg_28_68],0.0
cons[线路潮流计算_29_68],0.0
cons[线路潮流约束_29_68],0.0
cons[线路潮流约束_neg_29_68],0.0
cons[线路潮流计算_30_68],0.0
cons[线路潮流约束_30_68],0.0
cons[线路潮流约束_neg_30_68],0.0
cons[线路潮流计算_31_68],0.0
cons[线路潮流约束_31_68],0.0
cons[线路潮流约束_neg_31_68],0.0
cons[线路潮流计算_32_68],0.0
cons[线路潮流约束_32_68],0.0
cons[线路潮流约束_neg_32_68],0.0
cons[线路潮流计算_33_68],0.0
cons[线路潮流约束_33_68],0.0
cons[线路潮流约束_neg_33_68],0.0
cons[线路潮流计算_34_68],0.0
cons[线路潮流约束_34_68],0.0
cons[线路潮流约束_neg_34_68],0.0
cons[线路潮流计算_35_68],0.0
cons[线路潮流约束_35_68],0.0
cons[线路潮流约束_neg_35_68],0.0
cons[线路潮流计算_36_68],0.0
cons[线路潮流约束_36_68],0.0
cons[线路潮流约束_neg_36_68],0.0
cons[线路潮流计算_37_68],0.0
cons[线路潮流约束_37_68],0.0
cons[线路潮流约束_neg_37_68],0.0
cons[线路潮流计算_38_68],0.0
cons[线路潮流约束_38_68],0.0
cons[线路潮流约束_neg_38_68],0.0
cons[线路潮流计算_39_68],0.0
cons[线路潮流约束_39_68],0.0
cons[线路潮流约束_neg_39_68],0.0
cons[线路潮流计算_40_68],0.0
cons[线路潮流约束_40_68],0.0
cons[线路潮流约束_neg_40_68],0.0
cons[线路潮流计算_41_68],0.0
cons[线路潮流约束_41_68],0.0
cons[线路潮流约束_neg_41_68],0.0
cons[线路潮流计算_42_68],0.0
cons[线路潮流约束_42_68],0.0
cons[线路潮流约束_neg_42_68],0.0
cons[线路潮流计算_43_68],0.0
cons[线路潮流约束_43_68],0.0
cons[线路潮流约束_neg_43_68],0.0
cons[线路潮流计算_44_68],0.0
cons[线路潮流约束_44_68],0.0
cons[线路潮流约束_neg_44_68],0.0
cons[线路潮流计算_45_68],0.0
cons[线路潮流约束_45_68],0.0
cons[线路潮流约束_neg_45_68],0.0
cons[线路潮流计算_46_68],0.0
cons[线路潮流约束_46_68],0.0
cons[线路潮流约束_neg_46_68],0.0
cons[线路潮流计算_47_68],0.0
cons[线路潮流约束_47_68],0.0
cons[线路潮流约束_neg_47_68],0.0
cons[线路潮流计算_48_68],0.0
cons[线路潮流约束_48_68],0.0
cons[线路潮流约束_neg_48_68],0.0
cons[线路潮流计算_49_68],0.0
cons[线路潮流约束_49_68],0.0
cons[线路潮流约束_neg_49_68],0.0
cons[线路潮流计算_50_68],0.0
cons[线路潮流约束_50_68],0.0
cons[线路潮流约束_neg_50_68],0.0
cons[线路潮流计算_51_68],0.0
cons[线路潮流约束_51_68],0.0
cons[线路潮流约束_neg_51_68],0.0
cons[线路潮流计算_52_68],0.0
cons[线路潮流约束_52_68],0.0
cons[线路潮流约束_neg_52_68],0.0
cons[线路潮流计算_53_68],0.0
cons[线路潮流约束_53_68],0.0
cons[线路潮流约束_neg_53_68],0.0
cons[线路潮流计算_54_68],0.0
cons[线路潮流约束_54_68],0.0
cons[线路潮流约束_neg_54_68],0.0
cons[线路潮流计算_55_68],0.0
cons[线路潮流约束_55_68],0.0
cons[线路潮流约束_neg_55_68],0.0
cons[线路潮流计算_56_68],0.0
cons[线路潮流约束_56_68],0.0
cons[线路潮流约束_neg_56_68],0.0
cons[线路潮流计算_57_68],0.0
cons[线路潮流约束_57_68],0.0
cons[线路潮流约束_neg_57_68],0.0
cons[线路潮流计算_58_68],0.0
cons[线路潮流约束_58_68],0.0
cons[线路潮流约束_neg_58_68],0.0
cons[线路潮流计算_59_68],0.0
cons[线路潮流约束_59_68],0.0
cons[线路潮流约束_neg_59_68],0.0
cons[线路潮流计算_60_68],0.0
cons[线路潮流约束_60_68],0.0
cons[线路潮流约束_neg_60_68],0.0
cons[线路潮流计算_61_68],0.0
cons[线路潮流约束_61_68],0.0
cons[线路潮流约束_neg_61_68],0.0
cons[线路潮流计算_62_68],0.0
cons[线路潮流约束_62_68],0.0
cons[线路潮流约束_neg_62_68],0.0
cons[线路潮流计算_63_68],0.0
cons[线路潮流约束_63_68],0.0
cons[线路潮流约束_neg_63_68],0.0
cons[线路潮流计算_64_68],0.0
cons[线路潮流约束_64_68],0.0
cons[线路潮流约束_neg_64_68],0.0
cons[线路潮流计算_65_68],0.0
cons[线路潮流约束_65_68],0.0
cons[线路潮流约束_neg_65_68],0.0
cons[线路潮流计算_66_68],0.0
cons[线路潮流约束_66_68],0.0
cons[线路潮流约束_neg_66_68],0.0
cons[线路潮流计算_67_68],0.0
cons[线路潮流约束_67_68],0.0
cons[线路潮流约束_neg_67_68],0.0
cons[线路潮流计算_68_68],0.0
cons[线路潮流约束_68_68],0.0
cons[线路潮流约束_neg_68_68],0.0
cons[线路潮流计算_69_68],0.0
cons[线路潮流约束_69_68],0.0
cons[线路潮流约束_neg_69_68],0.0
cons[线路潮流计算_70_68],0.0
cons[线路潮流约束_70_68],0.0
cons[线路潮流约束_neg_70_68],0.0
cons[线路潮流计算_71_68],0.0
cons[线路潮流约束_71_68],0.0
cons[线路潮流约束_neg_71_68],0.0
cons[线路潮流计算_72_68],0.0
cons[线路潮流约束_72_68],0.0
cons[线路潮流约束_neg_72_68],0.0
cons[线路潮流计算_73_68],0.0
cons[线路潮流约束_73_68],0.0
cons[线路潮流约束_neg_73_68],0.0
cons[线路潮流计算_74_68],0.0
cons[线路潮流约束_74_68],0.0
cons[线路潮流约束_neg_74_68],0.0
cons[线路潮流计算_75_68],0.0
cons[线路潮流约束_75_68],0.0
cons[线路潮流约束_neg_75_68],0.0
cons[线路潮流计算_76_68],0.0
cons[线路潮流约束_76_68],0.0
cons[线路潮流约束_neg_76_68],0.0
cons[正备用约束_68],0.0
cons[负备用约束_68],0.0
cons[系统功率平衡约束_69],-6219.85
cons[线路潮流计算_0_69],0.0
cons[线路潮流约束_0_69],0.0
cons[线路潮流约束_neg_0_69],0.0
cons[线路潮流计算_1_69],0.0
cons[线路潮流约束_1_69],0.0
cons[线路潮流约束_neg_1_69],0.0
cons[线路潮流计算_2_69],0.0
cons[线路潮流约束_2_69],0.0
cons[线路潮流约束_neg_2_69],0.0
cons[线路潮流计算_3_69],0.0
cons[线路潮流约束_3_69],0.0
cons[线路潮流约束_neg_3_69],0.0
cons[线路潮流计算_4_69],0.0
cons[线路潮流约束_4_69],0.0
cons[线路潮流约束_neg_4_69],0.0
cons[线路潮流计算_5_69],0.0
cons[线路潮流约束_5_69],0.0
cons[线路潮流约束_neg_5_69],0.0
cons[线路潮流计算_6_69],0.0
cons[线路潮流约束_6_69],0.0
cons[线路潮流约束_neg_6_69],0.0
cons[线路潮流计算_7_69],0.0
cons[线路潮流约束_7_69],0.0
cons[线路潮流约束_neg_7_69],0.0
cons[线路潮流计算_8_69],0.0
cons[线路潮流约束_8_69],0.0
cons[线路潮流约束_neg_8_69],0.0
cons[线路潮流计算_9_69],0.0
cons[线路潮流约束_9_69],0.0
cons[线路潮流约束_neg_9_69],0.0
cons[线路潮流计算_10_69],0.0
cons[线路潮流约束_10_69],0.0
cons[线路潮流约束_neg_10_69],0.0
cons[线路潮流计算_11_69],0.0
cons[线路潮流约束_11_69],0.0
cons[线路潮流约束_neg_11_69],0.0
cons[线路潮流计算_12_69],0.0
cons[线路潮流约束_12_69],0.0
cons[线路潮流约束_neg_12_69],0.0
cons[线路潮流计算_13_69],0.0
cons[线路潮流约束_13_69],0.0
cons[线路潮流约束_neg_13_69],0.0
cons[线路潮流计算_14_69],0.0
cons[线路潮流约束_14_69],0.0
cons[线路潮流约束_neg_14_69],0.0
cons[线路潮流计算_15_69],0.0
cons[线路潮流约束_15_69],0.0
cons[线路潮流约束_neg_15_69],0.0
cons[线路潮流计算_16_69],0.0
cons[线路潮流约束_16_69],0.0
cons[线路潮流约束_neg_16_69],0.0
cons[线路潮流计算_17_69],0.0
cons[线路潮流约束_17_69],0.0
cons[线路潮流约束_neg_17_69],0.0
cons[线路潮流计算_18_69],0.0
cons[线路潮流约束_18_69],0.0
cons[线路潮流约束_neg_18_69],0.0
cons[线路潮流计算_19_69],0.0
cons[线路潮流约束_19_69],0.0
cons[线路潮流约束_neg_19_69],0.0
cons[线路潮流计算_20_69],0.0
cons[线路潮流约束_20_69],0.0
cons[线路潮流约束_neg_20_69],0.0
cons[线路潮流计算_21_69],0.0
cons[线路潮流约束_21_69],0.0
cons[线路潮流约束_neg_21_69],0.0
cons[线路潮流计算_22_69],0.0
cons[线路潮流约束_22_69],0.0
cons[线路潮流约束_neg_22_69],0.0
cons[线路潮流计算_23_69],0.0
cons[线路潮流约束_23_69],0.0
cons[线路潮流约束_neg_23_69],0.0
cons[线路潮流计算_24_69],0.0
cons[线路潮流约束_24_69],0.0
cons[线路潮流约束_neg_24_69],0.0
cons[线路潮流计算_25_69],0.0
cons[线路潮流约束_25_69],0.0
cons[线路潮流约束_neg_25_69],0.0
cons[线路潮流计算_26_69],0.0
cons[线路潮流约束_26_69],0.0
cons[线路潮流约束_neg_26_69],0.0
cons[线路潮流计算_27_69],0.0
cons[线路潮流约束_27_69],0.0
cons[线路潮流约束_neg_27_69],0.0
cons[线路潮流计算_28_69],0.0
cons[线路潮流约束_28_69],0.0
cons[线路潮流约束_neg_28_69],0.0
cons[线路潮流计算_29_69],0.0
cons[线路潮流约束_29_69],0.0
cons[线路潮流约束_neg_29_69],0.0
cons[线路潮流计算_30_69],0.0
cons[线路潮流约束_30_69],0.0
cons[线路潮流约束_neg_30_69],0.0
cons[线路潮流计算_31_69],0.0
cons[线路潮流约束_31_69],0.0
cons[线路潮流约束_neg_31_69],0.0
cons[线路潮流计算_32_69],0.0
cons[线路潮流约束_32_69],0.0
cons[线路潮流约束_neg_32_69],0.0
cons[线路潮流计算_33_69],0.0
cons[线路潮流约束_33_69],0.0
cons[线路潮流约束_neg_33_69],0.0
cons[线路潮流计算_34_69],0.0
cons[线路潮流约束_34_69],0.0
cons[线路潮流约束_neg_34_69],0.0
cons[线路潮流计算_35_69],0.0
cons[线路潮流约束_35_69],0.0
cons[线路潮流约束_neg_35_69],0.0
cons[线路潮流计算_36_69],0.0
cons[线路潮流约束_36_69],0.0
cons[线路潮流约束_neg_36_69],0.0
cons[线路潮流计算_37_69],0.0
cons[线路潮流约束_37_69],0.0
cons[线路潮流约束_neg_37_69],0.0
cons[线路潮流计算_38_69],0.0
cons[线路潮流约束_38_69],0.0
cons[线路潮流约束_neg_38_69],0.0
cons[线路潮流计算_39_69],0.0
cons[线路潮流约束_39_69],0.0
cons[线路潮流约束_neg_39_69],0.0
cons[线路潮流计算_40_69],0.0
cons[线路潮流约束_40_69],0.0
cons[线路潮流约束_neg_40_69],0.0
cons[线路潮流计算_41_69],0.0
cons[线路潮流约束_41_69],0.0
cons[线路潮流约束_neg_41_69],0.0
cons[线路潮流计算_42_69],0.0
cons[线路潮流约束_42_69],0.0
cons[线路潮流约束_neg_42_69],0.0
cons[线路潮流计算_43_69],0.0
cons[线路潮流约束_43_69],0.0
cons[线路潮流约束_neg_43_69],0.0
cons[线路潮流计算_44_69],0.0
cons[线路潮流约束_44_69],0.0
cons[线路潮流约束_neg_44_69],0.0
cons[线路潮流计算_45_69],0.0
cons[线路潮流约束_45_69],0.0
cons[线路潮流约束_neg_45_69],0.0
cons[线路潮流计算_46_69],0.0
cons[线路潮流约束_46_69],0.0
cons[线路潮流约束_neg_46_69],0.0
cons[线路潮流计算_47_69],0.0
cons[线路潮流约束_47_69],0.0
cons[线路潮流约束_neg_47_69],0.0
cons[线路潮流计算_48_69],0.0
cons[线路潮流约束_48_69],0.0
cons[线路潮流约束_neg_48_69],0.0
cons[线路潮流计算_49_69],0.0
cons[线路潮流约束_49_69],0.0
cons[线路潮流约束_neg_49_69],0.0
cons[线路潮流计算_50_69],0.0
cons[线路潮流约束_50_69],0.0
cons[线路潮流约束_neg_50_69],0.0
cons[线路潮流计算_51_69],0.0
cons[线路潮流约束_51_69],0.0
cons[线路潮流约束_neg_51_69],0.0
cons[线路潮流计算_52_69],0.0
cons[线路潮流约束_52_69],0.0
cons[线路潮流约束_neg_52_69],0.0
cons[线路潮流计算_53_69],0.0
cons[线路潮流约束_53_69],0.0
cons[线路潮流约束_neg_53_69],0.0
cons[线路潮流计算_54_69],0.0
cons[线路潮流约束_54_69],0.0
cons[线路潮流约束_neg_54_69],0.0
cons[线路潮流计算_55_69],0.0
cons[线路潮流约束_55_69],0.0
cons[线路潮流约束_neg_55_69],0.0
cons[线路潮流计算_56_69],0.0
cons[线路潮流约束_56_69],0.0
cons[线路潮流约束_neg_56_69],0.0
cons[线路潮流计算_57_69],0.0
cons[线路潮流约束_57_69],0.0
cons[线路潮流约束_neg_57_69],0.0
cons[线路潮流计算_58_69],0.0
cons[线路潮流约束_58_69],0.0
cons[线路潮流约束_neg_58_69],0.0
cons[线路潮流计算_59_69],0.0
cons[线路潮流约束_59_69],0.0
cons[线路潮流约束_neg_59_69],0.0
cons[线路潮流计算_60_69],0.0
cons[线路潮流约束_60_69],0.0
cons[线路潮流约束_neg_60_69],0.0
cons[线路潮流计算_61_69],0.0
cons[线路潮流约束_61_69],0.0
cons[线路潮流约束_neg_61_69],0.0
cons[线路潮流计算_62_69],0.0
cons[线路潮流约束_62_69],0.0
cons[线路潮流约束_neg_62_69],0.0
cons[线路潮流计算_63_69],0.0
cons[线路潮流约束_63_69],0.0
cons[线路潮流约束_neg_63_69],0.0
cons[线路潮流计算_64_69],0.0
cons[线路潮流约束_64_69],0.0
cons[线路潮流约束_neg_64_69],0.0
cons[线路潮流计算_65_69],0.0
cons[线路潮流约束_65_69],0.0
cons[线路潮流约束_neg_65_69],0.0
cons[线路潮流计算_66_69],0.0
cons[线路潮流约束_66_69],0.0
cons[线路潮流约束_neg_66_69],0.0
cons[线路潮流计算_67_69],0.0
cons[线路潮流约束_67_69],0.0
cons[线路潮流约束_neg_67_69],0.0
cons[线路潮流计算_68_69],0.0
cons[线路潮流约束_68_69],0.0
cons[线路潮流约束_neg_68_69],0.0
cons[线路潮流计算_69_69],0.0
cons[线路潮流约束_69_69],0.0
cons[线路潮流约束_neg_69_69],0.0
cons[线路潮流计算_70_69],0.0
cons[线路潮流约束_70_69],0.0
cons[线路潮流约束_neg_70_69],0.0
cons[线路潮流计算_71_69],0.0
cons[线路潮流约束_71_69],0.0
cons[线路潮流约束_neg_71_69],0.0
cons[线路潮流计算_72_69],0.0
cons[线路潮流约束_72_69],0.0
cons[线路潮流约束_neg_72_69],0.0
cons[线路潮流计算_73_69],0.0
cons[线路潮流约束_73_69],0.0
cons[线路潮流约束_neg_73_69],0.0
cons[线路潮流计算_74_69],0.0
cons[线路潮流约束_74_69],0.0
cons[线路潮流约束_neg_74_69],0.0
cons[线路潮流计算_75_69],0.0
cons[线路潮流约束_75_69],0.0
cons[线路潮流约束_neg_75_69],0.0
cons[线路潮流计算_76_69],0.0
cons[线路潮流约束_76_69],0.0
cons[线路潮流约束_neg_76_69],0.0
cons[正备用约束_69],0.0
cons[负备用约束_69],0.0
cons[系统功率平衡约束_70],-6219.85
cons[线路潮流计算_0_70],0.0
cons[线路潮流约束_0_70],0.0
cons[线路潮流约束_neg_0_70],0.0
cons[线路潮流计算_1_70],0.0
cons[线路潮流约束_1_70],0.0
cons[线路潮流约束_neg_1_70],0.0
cons[线路潮流计算_2_70],0.0
cons[线路潮流约束_2_70],0.0
cons[线路潮流约束_neg_2_70],0.0
cons[线路潮流计算_3_70],0.0
cons[线路潮流约束_3_70],0.0
cons[线路潮流约束_neg_3_70],0.0
cons[线路潮流计算_4_70],0.0
cons[线路潮流约束_4_70],0.0
cons[线路潮流约束_neg_4_70],0.0
cons[线路潮流计算_5_70],0.0
cons[线路潮流约束_5_70],0.0
cons[线路潮流约束_neg_5_70],0.0
cons[线路潮流计算_6_70],0.0
cons[线路潮流约束_6_70],0.0
cons[线路潮流约束_neg_6_70],0.0
cons[线路潮流计算_7_70],0.0
cons[线路潮流约束_7_70],0.0
cons[线路潮流约束_neg_7_70],0.0
cons[线路潮流计算_8_70],0.0
cons[线路潮流约束_8_70],0.0
cons[线路潮流约束_neg_8_70],0.0
cons[线路潮流计算_9_70],0.0
cons[线路潮流约束_9_70],0.0
cons[线路潮流约束_neg_9_70],0.0
cons[线路潮流计算_10_70],0.0
cons[线路潮流约束_10_70],0.0
cons[线路潮流约束_neg_10_70],0.0
cons[线路潮流计算_11_70],0.0
cons[线路潮流约束_11_70],0.0
cons[线路潮流约束_neg_11_70],0.0
cons[线路潮流计算_12_70],0.0
cons[线路潮流约束_12_70],0.0
cons[线路潮流约束_neg_12_70],0.0
cons[线路潮流计算_13_70],0.0
cons[线路潮流约束_13_70],0.0
cons[线路潮流约束_neg_13_70],0.0
cons[线路潮流计算_14_70],0.0
cons[线路潮流约束_14_70],0.0
cons[线路潮流约束_neg_14_70],0.0
cons[线路潮流计算_15_70],0.0
cons[线路潮流约束_15_70],0.0
cons[线路潮流约束_neg_15_70],0.0
cons[线路潮流计算_16_70],0.0
cons[线路潮流约束_16_70],0.0
cons[线路潮流约束_neg_16_70],0.0
cons[线路潮流计算_17_70],0.0
cons[线路潮流约束_17_70],0.0
cons[线路潮流约束_neg_17_70],0.0
cons[线路潮流计算_18_70],0.0
cons[线路潮流约束_18_70],0.0
cons[线路潮流约束_neg_18_70],0.0
cons[线路潮流计算_19_70],0.0
cons[线路潮流约束_19_70],0.0
cons[线路潮流约束_neg_19_70],0.0
cons[线路潮流计算_20_70],0.0
cons[线路潮流约束_20_70],0.0
cons[线路潮流约束_neg_20_70],0.0
cons[线路潮流计算_21_70],0.0
cons[线路潮流约束_21_70],0.0
cons[线路潮流约束_neg_21_70],0.0
cons[线路潮流计算_22_70],0.0
cons[线路潮流约束_22_70],0.0
cons[线路潮流约束_neg_22_70],0.0
cons[线路潮流计算_23_70],0.0
cons[线路潮流约束_23_70],0.0
cons[线路潮流约束_neg_23_70],0.0
cons[线路潮流计算_24_70],0.0
cons[线路潮流约束_24_70],0.0
cons[线路潮流约束_neg_24_70],0.0
cons[线路潮流计算_25_70],0.0
cons[线路潮流约束_25_70],0.0
cons[线路潮流约束_neg_25_70],0.0
cons[线路潮流计算_26_70],0.0
cons[线路潮流约束_26_70],0.0
cons[线路潮流约束_neg_26_70],0.0
cons[线路潮流计算_27_70],0.0
cons[线路潮流约束_27_70],0.0
cons[线路潮流约束_neg_27_70],0.0
cons[线路潮流计算_28_70],0.0
cons[线路潮流约束_28_70],0.0
cons[线路潮流约束_neg_28_70],0.0
cons[线路潮流计算_29_70],0.0
cons[线路潮流约束_29_70],0.0
cons[线路潮流约束_neg_29_70],0.0
cons[线路潮流计算_30_70],0.0
cons[线路潮流约束_30_70],0.0
cons[线路潮流约束_neg_30_70],0.0
cons[线路潮流计算_31_70],0.0
cons[线路潮流约束_31_70],0.0
cons[线路潮流约束_neg_31_70],0.0
cons[线路潮流计算_32_70],0.0
cons[线路潮流约束_32_70],0.0
cons[线路潮流约束_neg_32_70],0.0
cons[线路潮流计算_33_70],0.0
cons[线路潮流约束_33_70],0.0
cons[线路潮流约束_neg_33_70],0.0
cons[线路潮流计算_34_70],0.0
cons[线路潮流约束_34_70],0.0
cons[线路潮流约束_neg_34_70],0.0
cons[线路潮流计算_35_70],0.0
cons[线路潮流约束_35_70],0.0
cons[线路潮流约束_neg_35_70],0.0
cons[线路潮流计算_36_70],0.0
cons[线路潮流约束_36_70],0.0
cons[线路潮流约束_neg_36_70],0.0
cons[线路潮流计算_37_70],0.0
cons[线路潮流约束_37_70],0.0
cons[线路潮流约束_neg_37_70],0.0
cons[线路潮流计算_38_70],0.0
cons[线路潮流约束_38_70],0.0
cons[线路潮流约束_neg_38_70],0.0
cons[线路潮流计算_39_70],0.0
cons[线路潮流约束_39_70],0.0
cons[线路潮流约束_neg_39_70],0.0
cons[线路潮流计算_40_70],0.0
cons[线路潮流约束_40_70],0.0
cons[线路潮流约束_neg_40_70],0.0
cons[线路潮流计算_41_70],0.0
cons[线路潮流约束_41_70],0.0
cons[线路潮流约束_neg_41_70],0.0
cons[线路潮流计算_42_70],0.0
cons[线路潮流约束_42_70],0.0
cons[线路潮流约束_neg_42_70],0.0
cons[线路潮流计算_43_70],0.0
cons[线路潮流约束_43_70],0.0
cons[线路潮流约束_neg_43_70],0.0
cons[线路潮流计算_44_70],0.0
cons[线路潮流约束_44_70],0.0
cons[线路潮流约束_neg_44_70],0.0
cons[线路潮流计算_45_70],0.0
cons[线路潮流约束_45_70],0.0
cons[线路潮流约束_neg_45_70],0.0
cons[线路潮流计算_46_70],0.0
cons[线路潮流约束_46_70],0.0
cons[线路潮流约束_neg_46_70],0.0
cons[线路潮流计算_47_70],0.0
cons[线路潮流约束_47_70],0.0
cons[线路潮流约束_neg_47_70],0.0
cons[线路潮流计算_48_70],0.0
cons[线路潮流约束_48_70],0.0
cons[线路潮流约束_neg_48_70],0.0
cons[线路潮流计算_49_70],0.0
cons[线路潮流约束_49_70],0.0
cons[线路潮流约束_neg_49_70],0.0
cons[线路潮流计算_50_70],0.0
cons[线路潮流约束_50_70],0.0
cons[线路潮流约束_neg_50_70],0.0
cons[线路潮流计算_51_70],0.0
cons[线路潮流约束_51_70],0.0
cons[线路潮流约束_neg_51_70],0.0
cons[线路潮流计算_52_70],0.0
cons[线路潮流约束_52_70],0.0
cons[线路潮流约束_neg_52_70],0.0
cons[线路潮流计算_53_70],0.0
cons[线路潮流约束_53_70],0.0
cons[线路潮流约束_neg_53_70],0.0
cons[线路潮流计算_54_70],0.0
cons[线路潮流约束_54_70],0.0
cons[线路潮流约束_neg_54_70],0.0
cons[线路潮流计算_55_70],0.0
cons[线路潮流约束_55_70],0.0
cons[线路潮流约束_neg_55_70],0.0
cons[线路潮流计算_56_70],0.0
cons[线路潮流约束_56_70],0.0
cons[线路潮流约束_neg_56_70],0.0
cons[线路潮流计算_57_70],0.0
cons[线路潮流约束_57_70],0.0
cons[线路潮流约束_neg_57_70],0.0
cons[线路潮流计算_58_70],0.0
cons[线路潮流约束_58_70],0.0
cons[线路潮流约束_neg_58_70],0.0
cons[线路潮流计算_59_70],0.0
cons[线路潮流约束_59_70],0.0
cons[线路潮流约束_neg_59_70],0.0
cons[线路潮流计算_60_70],0.0
cons[线路潮流约束_60_70],0.0
cons[线路潮流约束_neg_60_70],0.0
cons[线路潮流计算_61_70],0.0
cons[线路潮流约束_61_70],0.0
cons[线路潮流约束_neg_61_70],0.0
cons[线路潮流计算_62_70],0.0
cons[线路潮流约束_62_70],0.0
cons[线路潮流约束_neg_62_70],0.0
cons[线路潮流计算_63_70],0.0
cons[线路潮流约束_63_70],0.0
cons[线路潮流约束_neg_63_70],0.0
cons[线路潮流计算_64_70],0.0
cons[线路潮流约束_64_70],0.0
cons[线路潮流约束_neg_64_70],0.0
cons[线路潮流计算_65_70],0.0
cons[线路潮流约束_65_70],0.0
cons[线路潮流约束_neg_65_70],0.0
cons[线路潮流计算_66_70],0.0
cons[线路潮流约束_66_70],0.0
cons[线路潮流约束_neg_66_70],0.0
cons[线路潮流计算_67_70],0.0
cons[线路潮流约束_67_70],0.0
cons[线路潮流约束_neg_67_70],0.0
cons[线路潮流计算_68_70],0.0
cons[线路潮流约束_68_70],0.0
cons[线路潮流约束_neg_68_70],0.0
cons[线路潮流计算_69_70],0.0
cons[线路潮流约束_69_70],0.0
cons[线路潮流约束_neg_69_70],0.0
cons[线路潮流计算_70_70],0.0
cons[线路潮流约束_70_70],0.0
cons[线路潮流约束_neg_70_70],0.0
cons[线路潮流计算_71_70],0.0
cons[线路潮流约束_71_70],0.0
cons[线路潮流约束_neg_71_70],0.0
cons[线路潮流计算_72_70],0.0
cons[线路潮流约束_72_70],0.0
cons[线路潮流约束_neg_72_70],0.0
cons[线路潮流计算_73_70],0.0
cons[线路潮流约束_73_70],0.0
cons[线路潮流约束_neg_73_70],0.0
cons[线路潮流计算_74_70],0.0
cons[线路潮流约束_74_70],0.0
cons[线路潮流约束_neg_74_70],0.0
cons[线路潮流计算_75_70],0.0
cons[线路潮流约束_75_70],0.0
cons[线路潮流约束_neg_75_70],0.0
cons[线路潮流计算_76_70],0.0
cons[线路潮流约束_76_70],0.0
cons[线路潮流约束_neg_76_70],0.0
cons[正备用约束_70],0.0
cons[负备用约束_70],0.0
cons[系统功率平衡约束_71],-6242.236
cons[线路潮流计算_0_71],0.0
cons[线路潮流约束_0_71],0.0
cons[线路潮流约束_neg_0_71],0.0
cons[线路潮流计算_1_71],0.0
cons[线路潮流约束_1_71],0.0
cons[线路潮流约束_neg_1_71],0.0
cons[线路潮流计算_2_71],0.0
cons[线路潮流约束_2_71],0.0
cons[线路潮流约束_neg_2_71],0.0
cons[线路潮流计算_3_71],0.0
cons[线路潮流约束_3_71],0.0
cons[线路潮流约束_neg_3_71],0.0
cons[线路潮流计算_4_71],0.0
cons[线路潮流约束_4_71],0.0
cons[线路潮流约束_neg_4_71],0.0
cons[线路潮流计算_5_71],0.0
cons[线路潮流约束_5_71],0.0
cons[线路潮流约束_neg_5_71],0.0
cons[线路潮流计算_6_71],0.0
cons[线路潮流约束_6_71],0.0
cons[线路潮流约束_neg_6_71],0.0
cons[线路潮流计算_7_71],0.0
cons[线路潮流约束_7_71],0.0
cons[线路潮流约束_neg_7_71],0.0
cons[线路潮流计算_8_71],0.0
cons[线路潮流约束_8_71],0.0
cons[线路潮流约束_neg_8_71],0.0
cons[线路潮流计算_9_71],0.0
cons[线路潮流约束_9_71],0.0
cons[线路潮流约束_neg_9_71],0.0
cons[线路潮流计算_10_71],0.0
cons[线路潮流约束_10_71],0.0
cons[线路潮流约束_neg_10_71],0.0
cons[线路潮流计算_11_71],0.0
cons[线路潮流约束_11_71],0.0
cons[线路潮流约束_neg_11_71],0.0
cons[线路潮流计算_12_71],0.0
cons[线路潮流约束_12_71],0.0
cons[线路潮流约束_neg_12_71],0.0
cons[线路潮流计算_13_71],0.0
cons[线路潮流约束_13_71],0.0
cons[线路潮流约束_neg_13_71],0.0
cons[线路潮流计算_14_71],0.0
cons[线路潮流约束_14_71],0.0
cons[线路潮流约束_neg_14_71],0.0
cons[线路潮流计算_15_71],0.0
cons[线路潮流约束_15_71],0.0
cons[线路潮流约束_neg_15_71],0.0
cons[线路潮流计算_16_71],0.0
cons[线路潮流约束_16_71],0.0
cons[线路潮流约束_neg_16_71],0.0
cons[线路潮流计算_17_71],0.0
cons[线路潮流约束_17_71],0.0
cons[线路潮流约束_neg_17_71],0.0
cons[线路潮流计算_18_71],0.0
cons[线路潮流约束_18_71],0.0
cons[线路潮流约束_neg_18_71],0.0
cons[线路潮流计算_19_71],0.0
cons[线路潮流约束_19_71],0.0
cons[线路潮流约束_neg_19_71],0.0
cons[线路潮流计算_20_71],0.0
cons[线路潮流约束_20_71],0.0
cons[线路潮流约束_neg_20_71],0.0
cons[线路潮流计算_21_71],0.0
cons[线路潮流约束_21_71],0.0
cons[线路潮流约束_neg_21_71],0.0
cons[线路潮流计算_22_71],0.0
cons[线路潮流约束_22_71],0.0
cons[线路潮流约束_neg_22_71],0.0
cons[线路潮流计算_23_71],0.0
cons[线路潮流约束_23_71],0.0
cons[线路潮流约束_neg_23_71],0.0
cons[线路潮流计算_24_71],0.0
cons[线路潮流约束_24_71],0.0
cons[线路潮流约束_neg_24_71],0.0
cons[线路潮流计算_25_71],0.0
cons[线路潮流约束_25_71],0.0
cons[线路潮流约束_neg_25_71],0.0
cons[线路潮流计算_26_71],0.0
cons[线路潮流约束_26_71],0.0
cons[线路潮流约束_neg_26_71],0.0
cons[线路潮流计算_27_71],0.0
cons[线路潮流约束_27_71],0.0
cons[线路潮流约束_neg_27_71],0.0
cons[线路潮流计算_28_71],0.0
cons[线路潮流约束_28_71],0.0
cons[线路潮流约束_neg_28_71],0.0
cons[线路潮流计算_29_71],0.0
cons[线路潮流约束_29_71],0.0
cons[线路潮流约束_neg_29_71],0.0
cons[线路潮流计算_30_71],0.0
cons[线路潮流约束_30_71],0.0
cons[线路潮流约束_neg_30_71],0.0
cons[线路潮流计算_31_71],0.0
cons[线路潮流约束_31_71],0.0
cons[线路潮流约束_neg_31_71],0.0
cons[线路潮流计算_32_71],0.0
cons[线路潮流约束_32_71],0.0
cons[线路潮流约束_neg_32_71],0.0
cons[线路潮流计算_33_71],0.0
cons[线路潮流约束_33_71],0.0
cons[线路潮流约束_neg_33_71],0.0
cons[线路潮流计算_34_71],0.0
cons[线路潮流约束_34_71],0.0
cons[线路潮流约束_neg_34_71],0.0
cons[线路潮流计算_35_71],0.0
cons[线路潮流约束_35_71],0.0
cons[线路潮流约束_neg_35_71],0.0
cons[线路潮流计算_36_71],0.0
cons[线路潮流约束_36_71],0.0
cons[线路潮流约束_neg_36_71],0.0
cons[线路潮流计算_37_71],0.0
cons[线路潮流约束_37_71],0.0
cons[线路潮流约束_neg_37_71],0.0
cons[线路潮流计算_38_71],0.0
cons[线路潮流约束_38_71],0.0
cons[线路潮流约束_neg_38_71],0.0
cons[线路潮流计算_39_71],0.0
cons[线路潮流约束_39_71],0.0
cons[线路潮流约束_neg_39_71],0.0
cons[线路潮流计算_40_71],0.0
cons[线路潮流约束_40_71],0.0
cons[线路潮流约束_neg_40_71],0.0
cons[线路潮流计算_41_71],0.0
cons[线路潮流约束_41_71],0.0
cons[线路潮流约束_neg_41_71],0.0
cons[线路潮流计算_42_71],0.0
cons[线路潮流约束_42_71],0.0
cons[线路潮流约束_neg_42_71],0.0
cons[线路潮流计算_43_71],0.0
cons[线路潮流约束_43_71],0.0
cons[线路潮流约束_neg_43_71],0.0
cons[线路潮流计算_44_71],0.0
cons[线路潮流约束_44_71],0.0
cons[线路潮流约束_neg_44_71],0.0
cons[线路潮流计算_45_71],0.0
cons[线路潮流约束_45_71],0.0
cons[线路潮流约束_neg_45_71],0.0
cons[线路潮流计算_46_71],0.0
cons[线路潮流约束_46_71],0.0
cons[线路潮流约束_neg_46_71],0.0
cons[线路潮流计算_47_71],0.0
cons[线路潮流约束_47_71],0.0
cons[线路潮流约束_neg_47_71],0.0
cons[线路潮流计算_48_71],0.0
cons[线路潮流约束_48_71],0.0
cons[线路潮流约束_neg_48_71],0.0
cons[线路潮流计算_49_71],0.0
cons[线路潮流约束_49_71],0.0
cons[线路潮流约束_neg_49_71],0.0
cons[线路潮流计算_50_71],0.0
cons[线路潮流约束_50_71],0.0
cons[线路潮流约束_neg_50_71],0.0
cons[线路潮流计算_51_71],0.0
cons[线路潮流约束_51_71],0.0
cons[线路潮流约束_neg_51_71],0.0
cons[线路潮流计算_52_71],0.0
cons[线路潮流约束_52_71],0.0
cons[线路潮流约束_neg_52_71],0.0
cons[线路潮流计算_53_71],0.0
cons[线路潮流约束_53_71],0.0
cons[线路潮流约束_neg_53_71],0.0
cons[线路潮流计算_54_71],0.0
cons[线路潮流约束_54_71],0.0
cons[线路潮流约束_neg_54_71],0.0
cons[线路潮流计算_55_71],0.0
cons[线路潮流约束_55_71],0.0
cons[线路潮流约束_neg_55_71],0.0
cons[线路潮流计算_56_71],0.0
cons[线路潮流约束_56_71],0.0
cons[线路潮流约束_neg_56_71],0.0
cons[线路潮流计算_57_71],0.0
cons[线路潮流约束_57_71],0.0
cons[线路潮流约束_neg_57_71],0.0
cons[线路潮流计算_58_71],0.0
cons[线路潮流约束_58_71],0.0
cons[线路潮流约束_neg_58_71],0.0
cons[线路潮流计算_59_71],0.0
cons[线路潮流约束_59_71],0.0
cons[线路潮流约束_neg_59_71],0.0
cons[线路潮流计算_60_71],0.0
cons[线路潮流约束_60_71],0.0
cons[线路潮流约束_neg_60_71],0.0
cons[线路潮流计算_61_71],0.0
cons[线路潮流约束_61_71],0.0
cons[线路潮流约束_neg_61_71],0.0
cons[线路潮流计算_62_71],0.0
cons[线路潮流约束_62_71],0.0
cons[线路潮流约束_neg_62_71],0.0
cons[线路潮流计算_63_71],0.0
cons[线路潮流约束_63_71],0.0
cons[线路潮流约束_neg_63_71],0.0
cons[线路潮流计算_64_71],0.0
cons[线路潮流约束_64_71],0.0
cons[线路潮流约束_neg_64_71],0.0
cons[线路潮流计算_65_71],0.0
cons[线路潮流约束_65_71],0.0
cons[线路潮流约束_neg_65_71],0.0
cons[线路潮流计算_66_71],0.0
cons[线路潮流约束_66_71],0.0
cons[线路潮流约束_neg_66_71],0.0
cons[线路潮流计算_67_71],0.0
cons[线路潮流约束_67_71],0.0
cons[线路潮流约束_neg_67_71],0.0
cons[线路潮流计算_68_71],0.0
cons[线路潮流约束_68_71],0.0
cons[线路潮流约束_neg_68_71],0.0
cons[线路潮流计算_69_71],0.0
cons[线路潮流约束_69_71],0.0
cons[线路潮流约束_neg_69_71],0.0
cons[线路潮流计算_70_71],0.0
cons[线路潮流约束_70_71],0.0
cons[线路潮流约束_neg_70_71],0.0
cons[线路潮流计算_71_71],0.0
cons[线路潮流约束_71_71],0.0
cons[线路潮流约束_neg_71_71],0.0
cons[线路潮流计算_72_71],0.0
cons[线路潮流约束_72_71],0.0
cons[线路潮流约束_neg_72_71],0.0
cons[线路潮流计算_73_71],0.0
cons[线路潮流约束_73_71],0.0
cons[线路潮流约束_neg_73_71],0.0
cons[线路潮流计算_74_71],0.0
cons[线路潮流约束_74_71],0.0
cons[线路潮流约束_neg_74_71],0.0
cons[线路潮流计算_75_71],0.0
cons[线路潮流约束_75_71],0.0
cons[线路潮流约束_neg_75_71],0.0
cons[线路潮流计算_76_71],0.0
cons[线路潮流约束_76_71],0.0
cons[线路潮流约束_neg_76_71],0.0
cons[正备用约束_71],0.0
cons[负备用约束_71],0.0
cons[系统功率平衡约束_72],-6246.148999999999
cons[线路潮流计算_0_72],0.0
cons[线路潮流约束_0_72],0.0
cons[线路潮流约束_neg_0_72],0.0
cons[线路潮流计算_1_72],0.0
cons[线路潮流约束_1_72],0.0
cons[线路潮流约束_neg_1_72],0.0
cons[线路潮流计算_2_72],0.0
cons[线路潮流约束_2_72],0.0
cons[线路潮流约束_neg_2_72],0.0
cons[线路潮流计算_3_72],0.0
cons[线路潮流约束_3_72],0.0
cons[线路潮流约束_neg_3_72],0.0
cons[线路潮流计算_4_72],0.0
cons[线路潮流约束_4_72],0.0
cons[线路潮流约束_neg_4_72],0.0
cons[线路潮流计算_5_72],0.0
cons[线路潮流约束_5_72],0.0
cons[线路潮流约束_neg_5_72],0.0
cons[线路潮流计算_6_72],0.0
cons[线路潮流约束_6_72],0.0
cons[线路潮流约束_neg_6_72],0.0
cons[线路潮流计算_7_72],0.0
cons[线路潮流约束_7_72],0.0
cons[线路潮流约束_neg_7_72],0.0
cons[线路潮流计算_8_72],0.0
cons[线路潮流约束_8_72],0.0
cons[线路潮流约束_neg_8_72],0.0
cons[线路潮流计算_9_72],0.0
cons[线路潮流约束_9_72],0.0
cons[线路潮流约束_neg_9_72],0.0
cons[线路潮流计算_10_72],0.0
cons[线路潮流约束_10_72],0.0
cons[线路潮流约束_neg_10_72],0.0
cons[线路潮流计算_11_72],0.0
cons[线路潮流约束_11_72],0.0
cons[线路潮流约束_neg_11_72],0.0
cons[线路潮流计算_12_72],0.0
cons[线路潮流约束_12_72],0.0
cons[线路潮流约束_neg_12_72],0.0
cons[线路潮流计算_13_72],0.0
cons[线路潮流约束_13_72],0.0
cons[线路潮流约束_neg_13_72],0.0
cons[线路潮流计算_14_72],0.0
cons[线路潮流约束_14_72],0.0
cons[线路潮流约束_neg_14_72],0.0
cons[线路潮流计算_15_72],0.0
cons[线路潮流约束_15_72],0.0
cons[线路潮流约束_neg_15_72],0.0
cons[线路潮流计算_16_72],0.0
cons[线路潮流约束_16_72],0.0
cons[线路潮流约束_neg_16_72],0.0
cons[线路潮流计算_17_72],0.0
cons[线路潮流约束_17_72],0.0
cons[线路潮流约束_neg_17_72],0.0
cons[线路潮流计算_18_72],0.0
cons[线路潮流约束_18_72],0.0
cons[线路潮流约束_neg_18_72],0.0
cons[线路潮流计算_19_72],0.0
cons[线路潮流约束_19_72],0.0
cons[线路潮流约束_neg_19_72],0.0
cons[线路潮流计算_20_72],0.0
cons[线路潮流约束_20_72],0.0
cons[线路潮流约束_neg_20_72],0.0
cons[线路潮流计算_21_72],0.0
cons[线路潮流约束_21_72],0.0
cons[线路潮流约束_neg_21_72],0.0
cons[线路潮流计算_22_72],0.0
cons[线路潮流约束_22_72],0.0
cons[线路潮流约束_neg_22_72],0.0
cons[线路潮流计算_23_72],0.0
cons[线路潮流约束_23_72],0.0
cons[线路潮流约束_neg_23_72],0.0
cons[线路潮流计算_24_72],0.0
cons[线路潮流约束_24_72],0.0
cons[线路潮流约束_neg_24_72],0.0
cons[线路潮流计算_25_72],0.0
cons[线路潮流约束_25_72],0.0
cons[线路潮流约束_neg_25_72],0.0
cons[线路潮流计算_26_72],0.0
cons[线路潮流约束_26_72],0.0
cons[线路潮流约束_neg_26_72],0.0
cons[线路潮流计算_27_72],0.0
cons[线路潮流约束_27_72],0.0
cons[线路潮流约束_neg_27_72],0.0
cons[线路潮流计算_28_72],0.0
cons[线路潮流约束_28_72],0.0
cons[线路潮流约束_neg_28_72],0.0
cons[线路潮流计算_29_72],0.0
cons[线路潮流约束_29_72],0.0
cons[线路潮流约束_neg_29_72],0.0
cons[线路潮流计算_30_72],0.0
cons[线路潮流约束_30_72],0.0
cons[线路潮流约束_neg_30_72],0.0
cons[线路潮流计算_31_72],0.0
cons[线路潮流约束_31_72],0.0
cons[线路潮流约束_neg_31_72],0.0
cons[线路潮流计算_32_72],0.0
cons[线路潮流约束_32_72],0.0
cons[线路潮流约束_neg_32_72],0.0
cons[线路潮流计算_33_72],0.0
cons[线路潮流约束_33_72],0.0
cons[线路潮流约束_neg_33_72],0.0
cons[线路潮流计算_34_72],0.0
cons[线路潮流约束_34_72],0.0
cons[线路潮流约束_neg_34_72],0.0
cons[线路潮流计算_35_72],0.0
cons[线路潮流约束_35_72],0.0
cons[线路潮流约束_neg_35_72],0.0
cons[线路潮流计算_36_72],0.0
cons[线路潮流约束_36_72],0.0
cons[线路潮流约束_neg_36_72],0.0
cons[线路潮流计算_37_72],0.0
cons[线路潮流约束_37_72],0.0
cons[线路潮流约束_neg_37_72],0.0
cons[线路潮流计算_38_72],0.0
cons[线路潮流约束_38_72],0.0
cons[线路潮流约束_neg_38_72],0.0
cons[线路潮流计算_39_72],0.0
cons[线路潮流约束_39_72],0.0
cons[线路潮流约束_neg_39_72],0.0
cons[线路潮流计算_40_72],0.0
cons[线路潮流约束_40_72],0.0
cons[线路潮流约束_neg_40_72],0.0
cons[线路潮流计算_41_72],0.0
cons[线路潮流约束_41_72],0.0
cons[线路潮流约束_neg_41_72],0.0
cons[线路潮流计算_42_72],0.0
cons[线路潮流约束_42_72],0.0
cons[线路潮流约束_neg_42_72],0.0
cons[线路潮流计算_43_72],0.0
cons[线路潮流约束_43_72],0.0
cons[线路潮流约束_neg_43_72],0.0
cons[线路潮流计算_44_72],0.0
cons[线路潮流约束_44_72],0.0
cons[线路潮流约束_neg_44_72],0.0
cons[线路潮流计算_45_72],0.0
cons[线路潮流约束_45_72],0.0
cons[线路潮流约束_neg_45_72],0.0
cons[线路潮流计算_46_72],0.0
cons[线路潮流约束_46_72],0.0
cons[线路潮流约束_neg_46_72],0.0
cons[线路潮流计算_47_72],0.0
cons[线路潮流约束_47_72],0.0
cons[线路潮流约束_neg_47_72],0.0
cons[线路潮流计算_48_72],0.0
cons[线路潮流约束_48_72],0.0
cons[线路潮流约束_neg_48_72],0.0
cons[线路潮流计算_49_72],0.0
cons[线路潮流约束_49_72],0.0
cons[线路潮流约束_neg_49_72],0.0
cons[线路潮流计算_50_72],0.0
cons[线路潮流约束_50_72],0.0
cons[线路潮流约束_neg_50_72],0.0
cons[线路潮流计算_51_72],0.0
cons[线路潮流约束_51_72],0.0
cons[线路潮流约束_neg_51_72],0.0
cons[线路潮流计算_52_72],0.0
cons[线路潮流约束_52_72],0.0
cons[线路潮流约束_neg_52_72],0.0
cons[线路潮流计算_53_72],0.0
cons[线路潮流约束_53_72],0.0
cons[线路潮流约束_neg_53_72],0.0
cons[线路潮流计算_54_72],0.0
cons[线路潮流约束_54_72],0.0
cons[线路潮流约束_neg_54_72],0.0
cons[线路潮流计算_55_72],0.0
cons[线路潮流约束_55_72],0.0
cons[线路潮流约束_neg_55_72],0.0
cons[线路潮流计算_56_72],0.0
cons[线路潮流约束_56_72],0.0
cons[线路潮流约束_neg_56_72],0.0
cons[线路潮流计算_57_72],0.0
cons[线路潮流约束_57_72],0.0
cons[线路潮流约束_neg_57_72],0.0
cons[线路潮流计算_58_72],0.0
cons[线路潮流约束_58_72],0.0
cons[线路潮流约束_neg_58_72],0.0
cons[线路潮流计算_59_72],0.0
cons[线路潮流约束_59_72],0.0
cons[线路潮流约束_neg_59_72],0.0
cons[线路潮流计算_60_72],0.0
cons[线路潮流约束_60_72],0.0
cons[线路潮流约束_neg_60_72],0.0
cons[线路潮流计算_61_72],0.0
cons[线路潮流约束_61_72],0.0
cons[线路潮流约束_neg_61_72],0.0
cons[线路潮流计算_62_72],0.0
cons[线路潮流约束_62_72],0.0
cons[线路潮流约束_neg_62_72],0.0
cons[线路潮流计算_63_72],0.0
cons[线路潮流约束_63_72],0.0
cons[线路潮流约束_neg_63_72],0.0
cons[线路潮流计算_64_72],0.0
cons[线路潮流约束_64_72],0.0
cons[线路潮流约束_neg_64_72],0.0
cons[线路潮流计算_65_72],0.0
cons[线路潮流约束_65_72],0.0
cons[线路潮流约束_neg_65_72],0.0
cons[线路潮流计算_66_72],0.0
cons[线路潮流约束_66_72],0.0
cons[线路潮流约束_neg_66_72],0.0
cons[线路潮流计算_67_72],0.0
cons[线路潮流约束_67_72],0.0
cons[线路潮流约束_neg_67_72],0.0
cons[线路潮流计算_68_72],0.0
cons[线路潮流约束_68_72],0.0
cons[线路潮流约束_neg_68_72],0.0
cons[线路潮流计算_69_72],0.0
cons[线路潮流约束_69_72],0.0
cons[线路潮流约束_neg_69_72],0.0
cons[线路潮流计算_70_72],0.0
cons[线路潮流约束_70_72],0.0
cons[线路潮流约束_neg_70_72],0.0
cons[线路潮流计算_71_72],0.0
cons[线路潮流约束_71_72],0.0
cons[线路潮流约束_neg_71_72],0.0
cons[线路潮流计算_72_72],0.0
cons[线路潮流约束_72_72],0.0
cons[线路潮流约束_neg_72_72],0.0
cons[线路潮流计算_73_72],0.0
cons[线路潮流约束_73_72],0.0
cons[线路潮流约束_neg_73_72],0.0
cons[线路潮流计算_74_72],0.0
cons[线路潮流约束_74_72],0.0
cons[线路潮流约束_neg_74_72],0.0
cons[线路潮流计算_75_72],0.0
cons[线路潮流约束_75_72],0.0
cons[线路潮流约束_neg_75_72],0.0
cons[线路潮流计算_76_72],0.0
cons[线路潮流约束_76_72],0.0
cons[线路潮流约束_neg_76_72],0.0
cons[正备用约束_72],0.0
cons[负备用约束_72],0.0
cons[系统功率平衡约束_73],-6256.250000000003
cons[线路潮流计算_0_73],0.0
cons[线路潮流约束_0_73],0.0
cons[线路潮流约束_neg_0_73],0.0
cons[线路潮流计算_1_73],0.0
cons[线路潮流约束_1_73],0.0
cons[线路潮流约束_neg_1_73],0.0
cons[线路潮流计算_2_73],0.0
cons[线路潮流约束_2_73],0.0
cons[线路潮流约束_neg_2_73],0.0
cons[线路潮流计算_3_73],0.0
cons[线路潮流约束_3_73],0.0
cons[线路潮流约束_neg_3_73],0.0
cons[线路潮流计算_4_73],0.0
cons[线路潮流约束_4_73],0.0
cons[线路潮流约束_neg_4_73],0.0
cons[线路潮流计算_5_73],0.0
cons[线路潮流约束_5_73],0.0
cons[线路潮流约束_neg_5_73],0.0
cons[线路潮流计算_6_73],0.0
cons[线路潮流约束_6_73],0.0
cons[线路潮流约束_neg_6_73],0.0
cons[线路潮流计算_7_73],0.0
cons[线路潮流约束_7_73],0.0
cons[线路潮流约束_neg_7_73],0.0
cons[线路潮流计算_8_73],0.0
cons[线路潮流约束_8_73],0.0
cons[线路潮流约束_neg_8_73],0.0
cons[线路潮流计算_9_73],0.0
cons[线路潮流约束_9_73],0.0
cons[线路潮流约束_neg_9_73],0.0
cons[线路潮流计算_10_73],0.0
cons[线路潮流约束_10_73],0.0
cons[线路潮流约束_neg_10_73],0.0
cons[线路潮流计算_11_73],0.0
cons[线路潮流约束_11_73],0.0
cons[线路潮流约束_neg_11_73],0.0
cons[线路潮流计算_12_73],0.0
cons[线路潮流约束_12_73],0.0
cons[线路潮流约束_neg_12_73],0.0
cons[线路潮流计算_13_73],0.0
cons[线路潮流约束_13_73],0.0
cons[线路潮流约束_neg_13_73],0.0
cons[线路潮流计算_14_73],0.0
cons[线路潮流约束_14_73],0.0
cons[线路潮流约束_neg_14_73],0.0
cons[线路潮流计算_15_73],0.0
cons[线路潮流约束_15_73],0.0
cons[线路潮流约束_neg_15_73],0.0
cons[线路潮流计算_16_73],0.0
cons[线路潮流约束_16_73],0.0
cons[线路潮流约束_neg_16_73],0.0
cons[线路潮流计算_17_73],0.0
cons[线路潮流约束_17_73],0.0
cons[线路潮流约束_neg_17_73],0.0
cons[线路潮流计算_18_73],0.0
cons[线路潮流约束_18_73],0.0
cons[线路潮流约束_neg_18_73],0.0
cons[线路潮流计算_19_73],0.0
cons[线路潮流约束_19_73],0.0
cons[线路潮流约束_neg_19_73],0.0
cons[线路潮流计算_20_73],0.0
cons[线路潮流约束_20_73],0.0
cons[线路潮流约束_neg_20_73],0.0
cons[线路潮流计算_21_73],0.0
cons[线路潮流约束_21_73],0.0
cons[线路潮流约束_neg_21_73],0.0
cons[线路潮流计算_22_73],0.0
cons[线路潮流约束_22_73],0.0
cons[线路潮流约束_neg_22_73],0.0
cons[线路潮流计算_23_73],0.0
cons[线路潮流约束_23_73],0.0
cons[线路潮流约束_neg_23_73],0.0
cons[线路潮流计算_24_73],0.0
cons[线路潮流约束_24_73],0.0
cons[线路潮流约束_neg_24_73],0.0
cons[线路潮流计算_25_73],0.0
cons[线路潮流约束_25_73],0.0
cons[线路潮流约束_neg_25_73],0.0
cons[线路潮流计算_26_73],0.0
cons[线路潮流约束_26_73],0.0
cons[线路潮流约束_neg_26_73],0.0
cons[线路潮流计算_27_73],0.0
cons[线路潮流约束_27_73],0.0
cons[线路潮流约束_neg_27_73],0.0
cons[线路潮流计算_28_73],0.0
cons[线路潮流约束_28_73],0.0
cons[线路潮流约束_neg_28_73],0.0
cons[线路潮流计算_29_73],0.0
cons[线路潮流约束_29_73],0.0
cons[线路潮流约束_neg_29_73],0.0
cons[线路潮流计算_30_73],0.0
cons[线路潮流约束_30_73],0.0
cons[线路潮流约束_neg_30_73],0.0
cons[线路潮流计算_31_73],0.0
cons[线路潮流约束_31_73],0.0
cons[线路潮流约束_neg_31_73],0.0
cons[线路潮流计算_32_73],0.0
cons[线路潮流约束_32_73],0.0
cons[线路潮流约束_neg_32_73],0.0
cons[线路潮流计算_33_73],0.0
cons[线路潮流约束_33_73],0.0
cons[线路潮流约束_neg_33_73],0.0
cons[线路潮流计算_34_73],0.0
cons[线路潮流约束_34_73],0.0
cons[线路潮流约束_neg_34_73],0.0
cons[线路潮流计算_35_73],0.0
cons[线路潮流约束_35_73],0.0
cons[线路潮流约束_neg_35_73],0.0
cons[线路潮流计算_36_73],0.0
cons[线路潮流约束_36_73],0.0
cons[线路潮流约束_neg_36_73],0.0
cons[线路潮流计算_37_73],0.0
cons[线路潮流约束_37_73],0.0
cons[线路潮流约束_neg_37_73],0.0
cons[线路潮流计算_38_73],0.0
cons[线路潮流约束_38_73],0.0
cons[线路潮流约束_neg_38_73],0.0
cons[线路潮流计算_39_73],0.0
cons[线路潮流约束_39_73],0.0
cons[线路潮流约束_neg_39_73],0.0
cons[线路潮流计算_40_73],0.0
cons[线路潮流约束_40_73],0.0
cons[线路潮流约束_neg_40_73],0.0
cons[线路潮流计算_41_73],0.0
cons[线路潮流约束_41_73],0.0
cons[线路潮流约束_neg_41_73],0.0
cons[线路潮流计算_42_73],0.0
cons[线路潮流约束_42_73],0.0
cons[线路潮流约束_neg_42_73],0.0
cons[线路潮流计算_43_73],0.0
cons[线路潮流约束_43_73],0.0
cons[线路潮流约束_neg_43_73],0.0
cons[线路潮流计算_44_73],0.0
cons[线路潮流约束_44_73],0.0
cons[线路潮流约束_neg_44_73],0.0
cons[线路潮流计算_45_73],0.0
cons[线路潮流约束_45_73],0.0
cons[线路潮流约束_neg_45_73],0.0
cons[线路潮流计算_46_73],0.0
cons[线路潮流约束_46_73],0.0
cons[线路潮流约束_neg_46_73],0.0
cons[线路潮流计算_47_73],0.0
cons[线路潮流约束_47_73],0.0
cons[线路潮流约束_neg_47_73],0.0
cons[线路潮流计算_48_73],0.0
cons[线路潮流约束_48_73],0.0
cons[线路潮流约束_neg_48_73],0.0
cons[线路潮流计算_49_73],0.0
cons[线路潮流约束_49_73],0.0
cons[线路潮流约束_neg_49_73],0.0
cons[线路潮流计算_50_73],0.0
cons[线路潮流约束_50_73],0.0
cons[线路潮流约束_neg_50_73],0.0
cons[线路潮流计算_51_73],0.0
cons[线路潮流约束_51_73],0.0
cons[线路潮流约束_neg_51_73],0.0
cons[线路潮流计算_52_73],0.0
cons[线路潮流约束_52_73],0.0
cons[线路潮流约束_neg_52_73],0.0
cons[线路潮流计算_53_73],0.0
cons[线路潮流约束_53_73],0.0
cons[线路潮流约束_neg_53_73],0.0
cons[线路潮流计算_54_73],0.0
cons[线路潮流约束_54_73],0.0
cons[线路潮流约束_neg_54_73],0.0
cons[线路潮流计算_55_73],0.0
cons[线路潮流约束_55_73],0.0
cons[线路潮流约束_neg_55_73],0.0
cons[线路潮流计算_56_73],0.0
cons[线路潮流约束_56_73],0.0
cons[线路潮流约束_neg_56_73],0.0
cons[线路潮流计算_57_73],0.0
cons[线路潮流约束_57_73],0.0
cons[线路潮流约束_neg_57_73],0.0
cons[线路潮流计算_58_73],0.0
cons[线路潮流约束_58_73],0.0
cons[线路潮流约束_neg_58_73],0.0
cons[线路潮流计算_59_73],0.0
cons[线路潮流约束_59_73],0.0
cons[线路潮流约束_neg_59_73],0.0
cons[线路潮流计算_60_73],0.0
cons[线路潮流约束_60_73],0.0
cons[线路潮流约束_neg_60_73],0.0
cons[线路潮流计算_61_73],0.0
cons[线路潮流约束_61_73],0.0
cons[线路潮流约束_neg_61_73],0.0
cons[线路潮流计算_62_73],0.0
cons[线路潮流约束_62_73],0.0
cons[线路潮流约束_neg_62_73],0.0
cons[线路潮流计算_63_73],0.0
cons[线路潮流约束_63_73],0.0
cons[线路潮流约束_neg_63_73],0.0
cons[线路潮流计算_64_73],0.0
cons[线路潮流约束_64_73],0.0
cons[线路潮流约束_neg_64_73],0.0
cons[线路潮流计算_65_73],0.0
cons[线路潮流约束_65_73],0.0
cons[线路潮流约束_neg_65_73],0.0
cons[线路潮流计算_66_73],0.0
cons[线路潮流约束_66_73],0.0
cons[线路潮流约束_neg_66_73],0.0
cons[线路潮流计算_67_73],0.0
cons[线路潮流约束_67_73],0.0
cons[线路潮流约束_neg_67_73],0.0
cons[线路潮流计算_68_73],0.0
cons[线路潮流约束_68_73],0.0
cons[线路潮流约束_neg_68_73],0.0
cons[线路潮流计算_69_73],0.0
cons[线路潮流约束_69_73],0.0
cons[线路潮流约束_neg_69_73],0.0
cons[线路潮流计算_70_73],0.0
cons[线路潮流约束_70_73],0.0
cons[线路潮流约束_neg_70_73],0.0
cons[线路潮流计算_71_73],0.0
cons[线路潮流约束_71_73],0.0
cons[线路潮流约束_neg_71_73],0.0
cons[线路潮流计算_72_73],0.0
cons[线路潮流约束_72_73],0.0
cons[线路潮流约束_neg_72_73],0.0
cons[线路潮流计算_73_73],0.0
cons[线路潮流约束_73_73],0.0
cons[线路潮流约束_neg_73_73],0.0
cons[线路潮流计算_74_73],0.0
cons[线路潮流约束_74_73],0.0
cons[线路潮流约束_neg_74_73],0.0
cons[线路潮流计算_75_73],0.0
cons[线路潮流约束_75_73],0.0
cons[线路潮流约束_neg_75_73],0.0
cons[线路潮流计算_76_73],0.0
cons[线路潮流约束_76_73],0.0
cons[线路潮流约束_neg_76_73],0.0
cons[正备用约束_73],0.0
cons[负备用约束_73],0.0
cons[系统功率平衡约束_74],-6287.7815
cons[线路潮流计算_0_74],0.0
cons[线路潮流约束_0_74],0.0
cons[线路潮流约束_neg_0_74],0.0
cons[线路潮流计算_1_74],0.0
cons[线路潮流约束_1_74],0.0
cons[线路潮流约束_neg_1_74],0.0
cons[线路潮流计算_2_74],0.0
cons[线路潮流约束_2_74],0.0
cons[线路潮流约束_neg_2_74],0.0
cons[线路潮流计算_3_74],0.0
cons[线路潮流约束_3_74],0.0
cons[线路潮流约束_neg_3_74],0.0
cons[线路潮流计算_4_74],0.0
cons[线路潮流约束_4_74],0.0
cons[线路潮流约束_neg_4_74],0.0
cons[线路潮流计算_5_74],0.0
cons[线路潮流约束_5_74],0.0
cons[线路潮流约束_neg_5_74],0.0
cons[线路潮流计算_6_74],0.0
cons[线路潮流约束_6_74],0.0
cons[线路潮流约束_neg_6_74],0.0
cons[线路潮流计算_7_74],0.0
cons[线路潮流约束_7_74],0.0
cons[线路潮流约束_neg_7_74],0.0
cons[线路潮流计算_8_74],0.0
cons[线路潮流约束_8_74],0.0
cons[线路潮流约束_neg_8_74],0.0
cons[线路潮流计算_9_74],0.0
cons[线路潮流约束_9_74],0.0
cons[线路潮流约束_neg_9_74],0.0
cons[线路潮流计算_10_74],0.0
cons[线路潮流约束_10_74],0.0
cons[线路潮流约束_neg_10_74],0.0
cons[线路潮流计算_11_74],0.0
cons[线路潮流约束_11_74],0.0
cons[线路潮流约束_neg_11_74],0.0
cons[线路潮流计算_12_74],0.0
cons[线路潮流约束_12_74],0.0
cons[线路潮流约束_neg_12_74],0.0
cons[线路潮流计算_13_74],0.0
cons[线路潮流约束_13_74],0.0
cons[线路潮流约束_neg_13_74],0.0
cons[线路潮流计算_14_74],0.0
cons[线路潮流约束_14_74],0.0
cons[线路潮流约束_neg_14_74],0.0
cons[线路潮流计算_15_74],0.0
cons[线路潮流约束_15_74],0.0
cons[线路潮流约束_neg_15_74],0.0
cons[线路潮流计算_16_74],0.0
cons[线路潮流约束_16_74],0.0
cons[线路潮流约束_neg_16_74],0.0
cons[线路潮流计算_17_74],0.0
cons[线路潮流约束_17_74],0.0
cons[线路潮流约束_neg_17_74],0.0
cons[线路潮流计算_18_74],0.0
cons[线路潮流约束_18_74],0.0
cons[线路潮流约束_neg_18_74],0.0
cons[线路潮流计算_19_74],0.0
cons[线路潮流约束_19_74],0.0
cons[线路潮流约束_neg_19_74],0.0
cons[线路潮流计算_20_74],0.0
cons[线路潮流约束_20_74],0.0
cons[线路潮流约束_neg_20_74],0.0
cons[线路潮流计算_21_74],0.0
cons[线路潮流约束_21_74],0.0
cons[线路潮流约束_neg_21_74],0.0
cons[线路潮流计算_22_74],0.0
cons[线路潮流约束_22_74],0.0
cons[线路潮流约束_neg_22_74],0.0
cons[线路潮流计算_23_74],0.0
cons[线路潮流约束_23_74],0.0
cons[线路潮流约束_neg_23_74],0.0
cons[线路潮流计算_24_74],0.0
cons[线路潮流约束_24_74],0.0
cons[线路潮流约束_neg_24_74],0.0
cons[线路潮流计算_25_74],0.0
cons[线路潮流约束_25_74],0.0
cons[线路潮流约束_neg_25_74],0.0
cons[线路潮流计算_26_74],0.0
cons[线路潮流约束_26_74],0.0
cons[线路潮流约束_neg_26_74],0.0
cons[线路潮流计算_27_74],0.0
cons[线路潮流约束_27_74],0.0
cons[线路潮流约束_neg_27_74],0.0
cons[线路潮流计算_28_74],0.0
cons[线路潮流约束_28_74],0.0
cons[线路潮流约束_neg_28_74],0.0
cons[线路潮流计算_29_74],0.0
cons[线路潮流约束_29_74],0.0
cons[线路潮流约束_neg_29_74],0.0
cons[线路潮流计算_30_74],0.0
cons[线路潮流约束_30_74],0.0
cons[线路潮流约束_neg_30_74],0.0
cons[线路潮流计算_31_74],0.0
cons[线路潮流约束_31_74],0.0
cons[线路潮流约束_neg_31_74],0.0
cons[线路潮流计算_32_74],0.0
cons[线路潮流约束_32_74],0.0
cons[线路潮流约束_neg_32_74],0.0
cons[线路潮流计算_33_74],0.0
cons[线路潮流约束_33_74],0.0
cons[线路潮流约束_neg_33_74],0.0
cons[线路潮流计算_34_74],0.0
cons[线路潮流约束_34_74],0.0
cons[线路潮流约束_neg_34_74],0.0
cons[线路潮流计算_35_74],0.0
cons[线路潮流约束_35_74],0.0
cons[线路潮流约束_neg_35_74],0.0
cons[线路潮流计算_36_74],0.0
cons[线路潮流约束_36_74],0.0
cons[线路潮流约束_neg_36_74],0.0
cons[线路潮流计算_37_74],0.0
cons[线路潮流约束_37_74],0.0
cons[线路潮流约束_neg_37_74],0.0
cons[线路潮流计算_38_74],0.0
cons[线路潮流约束_38_74],0.0
cons[线路潮流约束_neg_38_74],0.0
cons[线路潮流计算_39_74],0.0
cons[线路潮流约束_39_74],0.0
cons[线路潮流约束_neg_39_74],0.0
cons[线路潮流计算_40_74],0.0
cons[线路潮流约束_40_74],0.0
cons[线路潮流约束_neg_40_74],0.0
cons[线路潮流计算_41_74],0.0
cons[线路潮流约束_41_74],0.0
cons[线路潮流约束_neg_41_74],0.0
cons[线路潮流计算_42_74],0.0
cons[线路潮流约束_42_74],0.0
cons[线路潮流约束_neg_42_74],0.0
cons[线路潮流计算_43_74],0.0
cons[线路潮流约束_43_74],0.0
cons[线路潮流约束_neg_43_74],0.0
cons[线路潮流计算_44_74],0.0
cons[线路潮流约束_44_74],0.0
cons[线路潮流约束_neg_44_74],0.0
cons[线路潮流计算_45_74],0.0
cons[线路潮流约束_45_74],0.0
cons[线路潮流约束_neg_45_74],0.0
cons[线路潮流计算_46_74],0.0
cons[线路潮流约束_46_74],0.0
cons[线路潮流约束_neg_46_74],0.0
cons[线路潮流计算_47_74],0.0
cons[线路潮流约束_47_74],0.0
cons[线路潮流约束_neg_47_74],0.0
cons[线路潮流计算_48_74],0.0
cons[线路潮流约束_48_74],0.0
cons[线路潮流约束_neg_48_74],0.0
cons[线路潮流计算_49_74],0.0
cons[线路潮流约束_49_74],0.0
cons[线路潮流约束_neg_49_74],0.0
cons[线路潮流计算_50_74],0.0
cons[线路潮流约束_50_74],0.0
cons[线路潮流约束_neg_50_74],0.0
cons[线路潮流计算_51_74],0.0
cons[线路潮流约束_51_74],0.0
cons[线路潮流约束_neg_51_74],0.0
cons[线路潮流计算_52_74],0.0
cons[线路潮流约束_52_74],0.0
cons[线路潮流约束_neg_52_74],0.0
cons[线路潮流计算_53_74],0.0
cons[线路潮流约束_53_74],0.0
cons[线路潮流约束_neg_53_74],0.0
cons[线路潮流计算_54_74],0.0
cons[线路潮流约束_54_74],0.0
cons[线路潮流约束_neg_54_74],0.0
cons[线路潮流计算_55_74],0.0
cons[线路潮流约束_55_74],0.0
cons[线路潮流约束_neg_55_74],0.0
cons[线路潮流计算_56_74],0.0
cons[线路潮流约束_56_74],0.0
cons[线路潮流约束_neg_56_74],0.0
cons[线路潮流计算_57_74],0.0
cons[线路潮流约束_57_74],0.0
cons[线路潮流约束_neg_57_74],0.0
cons[线路潮流计算_58_74],0.0
cons[线路潮流约束_58_74],0.0
cons[线路潮流约束_neg_58_74],0.0
cons[线路潮流计算_59_74],0.0
cons[线路潮流约束_59_74],0.0
cons[线路潮流约束_neg_59_74],0.0
cons[线路潮流计算_60_74],0.0
cons[线路潮流约束_60_74],0.0
cons[线路潮流约束_neg_60_74],0.0
cons[线路潮流计算_61_74],0.0
cons[线路潮流约束_61_74],0.0
cons[线路潮流约束_neg_61_74],0.0
cons[线路潮流计算_62_74],0.0
cons[线路潮流约束_62_74],0.0
cons[线路潮流约束_neg_62_74],0.0
cons[线路潮流计算_63_74],0.0
cons[线路潮流约束_63_74],0.0
cons[线路潮流约束_neg_63_74],0.0
cons[线路潮流计算_64_74],0.0
cons[线路潮流约束_64_74],0.0
cons[线路潮流约束_neg_64_74],0.0
cons[线路潮流计算_65_74],0.0
cons[线路潮流约束_65_74],0.0
cons[线路潮流约束_neg_65_74],0.0
cons[线路潮流计算_66_74],0.0
cons[线路潮流约束_66_74],0.0
cons[线路潮流约束_neg_66_74],0.0
cons[线路潮流计算_67_74],0.0
cons[线路潮流约束_67_74],0.0
cons[线路潮流约束_neg_67_74],0.0
cons[线路潮流计算_68_74],0.0
cons[线路潮流约束_68_74],0.0
cons[线路潮流约束_neg_68_74],0.0
cons[线路潮流计算_69_74],0.0
cons[线路潮流约束_69_74],0.0
cons[线路潮流约束_neg_69_74],0.0
cons[线路潮流计算_70_74],0.0
cons[线路潮流约束_70_74],0.0
cons[线路潮流约束_neg_70_74],0.0
cons[线路潮流计算_71_74],0.0
cons[线路潮流约束_71_74],0.0
cons[线路潮流约束_neg_71_74],0.0
cons[线路潮流计算_72_74],0.0
cons[线路潮流约束_72_74],0.0
cons[线路潮流约束_neg_72_74],0.0
cons[线路潮流计算_73_74],0.0
cons[线路潮流约束_73_74],0.0
cons[线路潮流约束_neg_73_74],0.0
cons[线路潮流计算_74_74],0.0
cons[线路潮流约束_74_74],0.0
cons[线路潮流约束_neg_74_74],0.0
cons[线路潮流计算_75_74],0.0
cons[线路潮流约束_75_74],0.0
cons[线路潮流约束_neg_75_74],0.0
cons[线路潮流计算_76_74],0.0
cons[线路潮流约束_76_74],0.0
cons[线路潮流约束_neg_76_74],0.0
cons[正备用约束_74],0.0
cons[负备用约束_74],0.0
cons[系统功率平衡约束_75],-6287.7815
cons[线路潮流计算_0_75],0.0
cons[线路潮流约束_0_75],0.0
cons[线路潮流约束_neg_0_75],0.0
cons[线路潮流计算_1_75],0.0
cons[线路潮流约束_1_75],0.0
cons[线路潮流约束_neg_1_75],0.0
cons[线路潮流计算_2_75],0.0
cons[线路潮流约束_2_75],0.0
cons[线路潮流约束_neg_2_75],0.0
cons[线路潮流计算_3_75],0.0
cons[线路潮流约束_3_75],0.0
cons[线路潮流约束_neg_3_75],0.0
cons[线路潮流计算_4_75],0.0
cons[线路潮流约束_4_75],0.0
cons[线路潮流约束_neg_4_75],0.0
cons[线路潮流计算_5_75],0.0
cons[线路潮流约束_5_75],0.0
cons[线路潮流约束_neg_5_75],0.0
cons[线路潮流计算_6_75],0.0
cons[线路潮流约束_6_75],0.0
cons[线路潮流约束_neg_6_75],0.0
cons[线路潮流计算_7_75],0.0
cons[线路潮流约束_7_75],0.0
cons[线路潮流约束_neg_7_75],0.0
cons[线路潮流计算_8_75],0.0
cons[线路潮流约束_8_75],0.0
cons[线路潮流约束_neg_8_75],0.0
cons[线路潮流计算_9_75],0.0
cons[线路潮流约束_9_75],0.0
cons[线路潮流约束_neg_9_75],0.0
cons[线路潮流计算_10_75],0.0
cons[线路潮流约束_10_75],0.0
cons[线路潮流约束_neg_10_75],0.0
cons[线路潮流计算_11_75],0.0
cons[线路潮流约束_11_75],0.0
cons[线路潮流约束_neg_11_75],0.0
cons[线路潮流计算_12_75],0.0
cons[线路潮流约束_12_75],0.0
cons[线路潮流约束_neg_12_75],0.0
cons[线路潮流计算_13_75],0.0
cons[线路潮流约束_13_75],0.0
cons[线路潮流约束_neg_13_75],0.0
cons[线路潮流计算_14_75],0.0
cons[线路潮流约束_14_75],0.0
cons[线路潮流约束_neg_14_75],0.0
cons[线路潮流计算_15_75],0.0
cons[线路潮流约束_15_75],0.0
cons[线路潮流约束_neg_15_75],0.0
cons[线路潮流计算_16_75],0.0
cons[线路潮流约束_16_75],0.0
cons[线路潮流约束_neg_16_75],0.0
cons[线路潮流计算_17_75],0.0
cons[线路潮流约束_17_75],0.0
cons[线路潮流约束_neg_17_75],0.0
cons[线路潮流计算_18_75],0.0
cons[线路潮流约束_18_75],0.0
cons[线路潮流约束_neg_18_75],0.0
cons[线路潮流计算_19_75],0.0
cons[线路潮流约束_19_75],0.0
cons[线路潮流约束_neg_19_75],0.0
cons[线路潮流计算_20_75],0.0
cons[线路潮流约束_20_75],0.0
cons[线路潮流约束_neg_20_75],0.0
cons[线路潮流计算_21_75],0.0
cons[线路潮流约束_21_75],0.0
cons[线路潮流约束_neg_21_75],0.0
cons[线路潮流计算_22_75],0.0
cons[线路潮流约束_22_75],0.0
cons[线路潮流约束_neg_22_75],0.0
cons[线路潮流计算_23_75],0.0
cons[线路潮流约束_23_75],0.0
cons[线路潮流约束_neg_23_75],0.0
cons[线路潮流计算_24_75],0.0
cons[线路潮流约束_24_75],0.0
cons[线路潮流约束_neg_24_75],0.0
cons[线路潮流计算_25_75],0.0
cons[线路潮流约束_25_75],0.0
cons[线路潮流约束_neg_25_75],0.0
cons[线路潮流计算_26_75],0.0
cons[线路潮流约束_26_75],0.0
cons[线路潮流约束_neg_26_75],0.0
cons[线路潮流计算_27_75],0.0
cons[线路潮流约束_27_75],0.0
cons[线路潮流约束_neg_27_75],0.0
cons[线路潮流计算_28_75],0.0
cons[线路潮流约束_28_75],0.0
cons[线路潮流约束_neg_28_75],0.0
cons[线路潮流计算_29_75],0.0
cons[线路潮流约束_29_75],0.0
cons[线路潮流约束_neg_29_75],0.0
cons[线路潮流计算_30_75],0.0
cons[线路潮流约束_30_75],0.0
cons[线路潮流约束_neg_30_75],0.0
cons[线路潮流计算_31_75],0.0
cons[线路潮流约束_31_75],0.0
cons[线路潮流约束_neg_31_75],0.0
cons[线路潮流计算_32_75],0.0
cons[线路潮流约束_32_75],0.0
cons[线路潮流约束_neg_32_75],0.0
cons[线路潮流计算_33_75],0.0
cons[线路潮流约束_33_75],0.0
cons[线路潮流约束_neg_33_75],0.0
cons[线路潮流计算_34_75],0.0
cons[线路潮流约束_34_75],0.0
cons[线路潮流约束_neg_34_75],0.0
cons[线路潮流计算_35_75],0.0
cons[线路潮流约束_35_75],0.0
cons[线路潮流约束_neg_35_75],0.0
cons[线路潮流计算_36_75],0.0
cons[线路潮流约束_36_75],0.0
cons[线路潮流约束_neg_36_75],0.0
cons[线路潮流计算_37_75],0.0
cons[线路潮流约束_37_75],0.0
cons[线路潮流约束_neg_37_75],0.0
cons[线路潮流计算_38_75],0.0
cons[线路潮流约束_38_75],0.0
cons[线路潮流约束_neg_38_75],0.0
cons[线路潮流计算_39_75],0.0
cons[线路潮流约束_39_75],0.0
cons[线路潮流约束_neg_39_75],0.0
cons[线路潮流计算_40_75],0.0
cons[线路潮流约束_40_75],0.0
cons[线路潮流约束_neg_40_75],0.0
cons[线路潮流计算_41_75],0.0
cons[线路潮流约束_41_75],0.0
cons[线路潮流约束_neg_41_75],0.0
cons[线路潮流计算_42_75],0.0
cons[线路潮流约束_42_75],0.0
cons[线路潮流约束_neg_42_75],0.0
cons[线路潮流计算_43_75],0.0
cons[线路潮流约束_43_75],0.0
cons[线路潮流约束_neg_43_75],0.0
cons[线路潮流计算_44_75],0.0
cons[线路潮流约束_44_75],0.0
cons[线路潮流约束_neg_44_75],0.0
cons[线路潮流计算_45_75],0.0
cons[线路潮流约束_45_75],0.0
cons[线路潮流约束_neg_45_75],0.0
cons[线路潮流计算_46_75],0.0
cons[线路潮流约束_46_75],0.0
cons[线路潮流约束_neg_46_75],0.0
cons[线路潮流计算_47_75],0.0
cons[线路潮流约束_47_75],0.0
cons[线路潮流约束_neg_47_75],0.0
cons[线路潮流计算_48_75],0.0
cons[线路潮流约束_48_75],0.0
cons[线路潮流约束_neg_48_75],0.0
cons[线路潮流计算_49_75],0.0
cons[线路潮流约束_49_75],0.0
cons[线路潮流约束_neg_49_75],0.0
cons[线路潮流计算_50_75],0.0
cons[线路潮流约束_50_75],0.0
cons[线路潮流约束_neg_50_75],0.0
cons[线路潮流计算_51_75],0.0
cons[线路潮流约束_51_75],0.0
cons[线路潮流约束_neg_51_75],0.0
cons[线路潮流计算_52_75],0.0
cons[线路潮流约束_52_75],0.0
cons[线路潮流约束_neg_52_75],0.0
cons[线路潮流计算_53_75],0.0
cons[线路潮流约束_53_75],0.0
cons[线路潮流约束_neg_53_75],0.0
cons[线路潮流计算_54_75],0.0
cons[线路潮流约束_54_75],0.0
cons[线路潮流约束_neg_54_75],0.0
cons[线路潮流计算_55_75],0.0
cons[线路潮流约束_55_75],0.0
cons[线路潮流约束_neg_55_75],0.0
cons[线路潮流计算_56_75],0.0
cons[线路潮流约束_56_75],0.0
cons[线路潮流约束_neg_56_75],0.0
cons[线路潮流计算_57_75],0.0
cons[线路潮流约束_57_75],0.0
cons[线路潮流约束_neg_57_75],0.0
cons[线路潮流计算_58_75],0.0
cons[线路潮流约束_58_75],0.0
cons[线路潮流约束_neg_58_75],0.0
cons[线路潮流计算_59_75],0.0
cons[线路潮流约束_59_75],0.0
cons[线路潮流约束_neg_59_75],0.0
cons[线路潮流计算_60_75],0.0
cons[线路潮流约束_60_75],0.0
cons[线路潮流约束_neg_60_75],0.0
cons[线路潮流计算_61_75],0.0
cons[线路潮流约束_61_75],0.0
cons[线路潮流约束_neg_61_75],0.0
cons[线路潮流计算_62_75],0.0
cons[线路潮流约束_62_75],0.0
cons[线路潮流约束_neg_62_75],0.0
cons[线路潮流计算_63_75],0.0
cons[线路潮流约束_63_75],0.0
cons[线路潮流约束_neg_63_75],0.0
cons[线路潮流计算_64_75],0.0
cons[线路潮流约束_64_75],0.0
cons[线路潮流约束_neg_64_75],0.0
cons[线路潮流计算_65_75],0.0
cons[线路潮流约束_65_75],0.0
cons[线路潮流约束_neg_65_75],0.0
cons[线路潮流计算_66_75],0.0
cons[线路潮流约束_66_75],0.0
cons[线路潮流约束_neg_66_75],0.0
cons[线路潮流计算_67_75],0.0
cons[线路潮流约束_67_75],0.0
cons[线路潮流约束_neg_67_75],0.0
cons[线路潮流计算_68_75],0.0
cons[线路潮流约束_68_75],0.0
cons[线路潮流约束_neg_68_75],0.0
cons[线路潮流计算_69_75],0.0
cons[线路潮流约束_69_75],0.0
cons[线路潮流约束_neg_69_75],0.0
cons[线路潮流计算_70_75],0.0
cons[线路潮流约束_70_75],0.0
cons[线路潮流约束_neg_70_75],0.0
cons[线路潮流计算_71_75],0.0
cons[线路潮流约束_71_75],0.0
cons[线路潮流约束_neg_71_75],0.0
cons[线路潮流计算_72_75],0.0
cons[线路潮流约束_72_75],0.0
cons[线路潮流约束_neg_72_75],0.0
cons[线路潮流计算_73_75],0.0
cons[线路潮流约束_73_75],0.0
cons[线路潮流约束_neg_73_75],0.0
cons[线路潮流计算_74_75],0.0
cons[线路潮流约束_74_75],0.0
cons[线路潮流约束_neg_74_75],0.0
cons[线路潮流计算_75_75],0.0
cons[线路潮流约束_75_75],0.0
cons[线路潮流约束_neg_75_75],0.0
cons[线路潮流计算_76_75],0.0
cons[线路潮流约束_76_75],0.0
cons[线路潮流约束_neg_76_75],0.0
cons[正备用约束_75],0.0
cons[负备用约束_75],0.0
cons[系统功率平衡约束_76],-6246.148999999999
cons[线路潮流计算_0_76],0.0
cons[线路潮流约束_0_76],0.0
cons[线路潮流约束_neg_0_76],0.0
cons[线路潮流计算_1_76],0.0
cons[线路潮流约束_1_76],0.0
cons[线路潮流约束_neg_1_76],0.0
cons[线路潮流计算_2_76],0.0
cons[线路潮流约束_2_76],0.0
cons[线路潮流约束_neg_2_76],0.0
cons[线路潮流计算_3_76],0.0
cons[线路潮流约束_3_76],0.0
cons[线路潮流约束_neg_3_76],0.0
cons[线路潮流计算_4_76],0.0
cons[线路潮流约束_4_76],0.0
cons[线路潮流约束_neg_4_76],0.0
cons[线路潮流计算_5_76],0.0
cons[线路潮流约束_5_76],0.0
cons[线路潮流约束_neg_5_76],0.0
cons[线路潮流计算_6_76],0.0
cons[线路潮流约束_6_76],0.0
cons[线路潮流约束_neg_6_76],0.0
cons[线路潮流计算_7_76],0.0
cons[线路潮流约束_7_76],0.0
cons[线路潮流约束_neg_7_76],0.0
cons[线路潮流计算_8_76],0.0
cons[线路潮流约束_8_76],0.0
cons[线路潮流约束_neg_8_76],0.0
cons[线路潮流计算_9_76],0.0
cons[线路潮流约束_9_76],0.0
cons[线路潮流约束_neg_9_76],0.0
cons[线路潮流计算_10_76],0.0
cons[线路潮流约束_10_76],0.0
cons[线路潮流约束_neg_10_76],0.0
cons[线路潮流计算_11_76],0.0
cons[线路潮流约束_11_76],0.0
cons[线路潮流约束_neg_11_76],0.0
cons[线路潮流计算_12_76],0.0
cons[线路潮流约束_12_76],0.0
cons[线路潮流约束_neg_12_76],0.0
cons[线路潮流计算_13_76],0.0
cons[线路潮流约束_13_76],0.0
cons[线路潮流约束_neg_13_76],0.0
cons[线路潮流计算_14_76],0.0
cons[线路潮流约束_14_76],0.0
cons[线路潮流约束_neg_14_76],0.0
cons[线路潮流计算_15_76],0.0
cons[线路潮流约束_15_76],0.0
cons[线路潮流约束_neg_15_76],0.0
cons[线路潮流计算_16_76],0.0
cons[线路潮流约束_16_76],0.0
cons[线路潮流约束_neg_16_76],0.0
cons[线路潮流计算_17_76],0.0
cons[线路潮流约束_17_76],0.0
cons[线路潮流约束_neg_17_76],0.0
cons[线路潮流计算_18_76],0.0
cons[线路潮流约束_18_76],0.0
cons[线路潮流约束_neg_18_76],0.0
cons[线路潮流计算_19_76],0.0
cons[线路潮流约束_19_76],0.0
cons[线路潮流约束_neg_19_76],0.0
cons[线路潮流计算_20_76],0.0
cons[线路潮流约束_20_76],0.0
cons[线路潮流约束_neg_20_76],0.0
cons[线路潮流计算_21_76],0.0
cons[线路潮流约束_21_76],0.0
cons[线路潮流约束_neg_21_76],0.0
cons[线路潮流计算_22_76],0.0
cons[线路潮流约束_22_76],0.0
cons[线路潮流约束_neg_22_76],0.0
cons[线路潮流计算_23_76],0.0
cons[线路潮流约束_23_76],0.0
cons[线路潮流约束_neg_23_76],0.0
cons[线路潮流计算_24_76],0.0
cons[线路潮流约束_24_76],0.0
cons[线路潮流约束_neg_24_76],0.0
cons[线路潮流计算_25_76],0.0
cons[线路潮流约束_25_76],0.0
cons[线路潮流约束_neg_25_76],0.0
cons[线路潮流计算_26_76],0.0
cons[线路潮流约束_26_76],0.0
cons[线路潮流约束_neg_26_76],0.0
cons[线路潮流计算_27_76],0.0
cons[线路潮流约束_27_76],0.0
cons[线路潮流约束_neg_27_76],0.0
cons[线路潮流计算_28_76],0.0
cons[线路潮流约束_28_76],0.0
cons[线路潮流约束_neg_28_76],0.0
cons[线路潮流计算_29_76],0.0
cons[线路潮流约束_29_76],0.0
cons[线路潮流约束_neg_29_76],0.0
cons[线路潮流计算_30_76],0.0
cons[线路潮流约束_30_76],0.0
cons[线路潮流约束_neg_30_76],0.0
cons[线路潮流计算_31_76],0.0
cons[线路潮流约束_31_76],0.0
cons[线路潮流约束_neg_31_76],0.0
cons[线路潮流计算_32_76],0.0
cons[线路潮流约束_32_76],0.0
cons[线路潮流约束_neg_32_76],0.0
cons[线路潮流计算_33_76],0.0
cons[线路潮流约束_33_76],0.0
cons[线路潮流约束_neg_33_76],0.0
cons[线路潮流计算_34_76],0.0
cons[线路潮流约束_34_76],0.0
cons[线路潮流约束_neg_34_76],0.0
cons[线路潮流计算_35_76],0.0
cons[线路潮流约束_35_76],0.0
cons[线路潮流约束_neg_35_76],0.0
cons[线路潮流计算_36_76],0.0
cons[线路潮流约束_36_76],0.0
cons[线路潮流约束_neg_36_76],0.0
cons[线路潮流计算_37_76],0.0
cons[线路潮流约束_37_76],0.0
cons[线路潮流约束_neg_37_76],0.0
cons[线路潮流计算_38_76],0.0
cons[线路潮流约束_38_76],0.0
cons[线路潮流约束_neg_38_76],0.0
cons[线路潮流计算_39_76],0.0
cons[线路潮流约束_39_76],0.0
cons[线路潮流约束_neg_39_76],0.0
cons[线路潮流计算_40_76],0.0
cons[线路潮流约束_40_76],0.0
cons[线路潮流约束_neg_40_76],0.0
cons[线路潮流计算_41_76],0.0
cons[线路潮流约束_41_76],0.0
cons[线路潮流约束_neg_41_76],0.0
cons[线路潮流计算_42_76],0.0
cons[线路潮流约束_42_76],0.0
cons[线路潮流约束_neg_42_76],0.0
cons[线路潮流计算_43_76],0.0
cons[线路潮流约束_43_76],0.0
cons[线路潮流约束_neg_43_76],0.0
cons[线路潮流计算_44_76],0.0
cons[线路潮流约束_44_76],0.0
cons[线路潮流约束_neg_44_76],0.0
cons[线路潮流计算_45_76],0.0
cons[线路潮流约束_45_76],0.0
cons[线路潮流约束_neg_45_76],0.0
cons[线路潮流计算_46_76],0.0
cons[线路潮流约束_46_76],0.0
cons[线路潮流约束_neg_46_76],0.0
cons[线路潮流计算_47_76],0.0
cons[线路潮流约束_47_76],0.0
cons[线路潮流约束_neg_47_76],0.0
cons[线路潮流计算_48_76],0.0
cons[线路潮流约束_48_76],0.0
cons[线路潮流约束_neg_48_76],0.0
cons[线路潮流计算_49_76],0.0
cons[线路潮流约束_49_76],0.0
cons[线路潮流约束_neg_49_76],0.0
cons[线路潮流计算_50_76],0.0
cons[线路潮流约束_50_76],0.0
cons[线路潮流约束_neg_50_76],0.0
cons[线路潮流计算_51_76],0.0
cons[线路潮流约束_51_76],0.0
cons[线路潮流约束_neg_51_76],0.0
cons[线路潮流计算_52_76],0.0
cons[线路潮流约束_52_76],0.0
cons[线路潮流约束_neg_52_76],0.0
cons[线路潮流计算_53_76],0.0
cons[线路潮流约束_53_76],0.0
cons[线路潮流约束_neg_53_76],0.0
cons[线路潮流计算_54_76],0.0
cons[线路潮流约束_54_76],0.0
cons[线路潮流约束_neg_54_76],0.0
cons[线路潮流计算_55_76],0.0
cons[线路潮流约束_55_76],0.0
cons[线路潮流约束_neg_55_76],0.0
cons[线路潮流计算_56_76],0.0
cons[线路潮流约束_56_76],0.0
cons[线路潮流约束_neg_56_76],0.0
cons[线路潮流计算_57_76],0.0
cons[线路潮流约束_57_76],0.0
cons[线路潮流约束_neg_57_76],0.0
cons[线路潮流计算_58_76],0.0
cons[线路潮流约束_58_76],0.0
cons[线路潮流约束_neg_58_76],0.0
cons[线路潮流计算_59_76],0.0
cons[线路潮流约束_59_76],0.0
cons[线路潮流约束_neg_59_76],0.0
cons[线路潮流计算_60_76],0.0
cons[线路潮流约束_60_76],0.0
cons[线路潮流约束_neg_60_76],0.0
cons[线路潮流计算_61_76],0.0
cons[线路潮流约束_61_76],0.0
cons[线路潮流约束_neg_61_76],0.0
cons[线路潮流计算_62_76],0.0
cons[线路潮流约束_62_76],0.0
cons[线路潮流约束_neg_62_76],0.0
cons[线路潮流计算_63_76],0.0
cons[线路潮流约束_63_76],0.0
cons[线路潮流约束_neg_63_76],0.0
cons[线路潮流计算_64_76],0.0
cons[线路潮流约束_64_76],0.0
cons[线路潮流约束_neg_64_76],0.0
cons[线路潮流计算_65_76],0.0
cons[线路潮流约束_65_76],0.0
cons[线路潮流约束_neg_65_76],0.0
cons[线路潮流计算_66_76],0.0
cons[线路潮流约束_66_76],0.0
cons[线路潮流约束_neg_66_76],0.0
cons[线路潮流计算_67_76],0.0
cons[线路潮流约束_67_76],0.0
cons[线路潮流约束_neg_67_76],0.0
cons[线路潮流计算_68_76],0.0
cons[线路潮流约束_68_76],0.0
cons[线路潮流约束_neg_68_76],0.0
cons[线路潮流计算_69_76],0.0
cons[线路潮流约束_69_76],0.0
cons[线路潮流约束_neg_69_76],0.0
cons[线路潮流计算_70_76],0.0
cons[线路潮流约束_70_76],0.0
cons[线路潮流约束_neg_70_76],0.0
cons[线路潮流计算_71_76],0.0
cons[线路潮流约束_71_76],0.0
cons[线路潮流约束_neg_71_76],0.0
cons[线路潮流计算_72_76],0.0
cons[线路潮流约束_72_76],0.0
cons[线路潮流约束_neg_72_76],0.0
cons[线路潮流计算_73_76],0.0
cons[线路潮流约束_73_76],0.0
cons[线路潮流约束_neg_73_76],0.0
cons[线路潮流计算_74_76],0.0
cons[线路潮流约束_74_76],0.0
cons[线路潮流约束_neg_74_76],0.0
cons[线路潮流计算_75_76],0.0
cons[线路潮流约束_75_76],0.0
cons[线路潮流约束_neg_75_76],0.0
cons[线路潮流计算_76_76],0.0
cons[线路潮流约束_76_76],0.0
cons[线路潮流约束_neg_76_76],0.0
cons[正备用约束_76],0.0
cons[负备用约束_76],0.0
cons[系统功率平衡约束_77],-6242.236
cons[线路潮流计算_0_77],0.0
cons[线路潮流约束_0_77],0.0
cons[线路潮流约束_neg_0_77],0.0
cons[线路潮流计算_1_77],0.0
cons[线路潮流约束_1_77],0.0
cons[线路潮流约束_neg_1_77],0.0
cons[线路潮流计算_2_77],0.0
cons[线路潮流约束_2_77],0.0
cons[线路潮流约束_neg_2_77],0.0
cons[线路潮流计算_3_77],0.0
cons[线路潮流约束_3_77],0.0
cons[线路潮流约束_neg_3_77],0.0
cons[线路潮流计算_4_77],0.0
cons[线路潮流约束_4_77],0.0
cons[线路潮流约束_neg_4_77],0.0
cons[线路潮流计算_5_77],0.0
cons[线路潮流约束_5_77],0.0
cons[线路潮流约束_neg_5_77],0.0
cons[线路潮流计算_6_77],0.0
cons[线路潮流约束_6_77],0.0
cons[线路潮流约束_neg_6_77],0.0
cons[线路潮流计算_7_77],0.0
cons[线路潮流约束_7_77],0.0
cons[线路潮流约束_neg_7_77],0.0
cons[线路潮流计算_8_77],0.0
cons[线路潮流约束_8_77],0.0
cons[线路潮流约束_neg_8_77],0.0
cons[线路潮流计算_9_77],0.0
cons[线路潮流约束_9_77],0.0
cons[线路潮流约束_neg_9_77],0.0
cons[线路潮流计算_10_77],0.0
cons[线路潮流约束_10_77],0.0
cons[线路潮流约束_neg_10_77],0.0
cons[线路潮流计算_11_77],0.0
cons[线路潮流约束_11_77],0.0
cons[线路潮流约束_neg_11_77],0.0
cons[线路潮流计算_12_77],0.0
cons[线路潮流约束_12_77],0.0
cons[线路潮流约束_neg_12_77],0.0
cons[线路潮流计算_13_77],0.0
cons[线路潮流约束_13_77],0.0
cons[线路潮流约束_neg_13_77],0.0
cons[线路潮流计算_14_77],0.0
cons[线路潮流约束_14_77],0.0
cons[线路潮流约束_neg_14_77],0.0
cons[线路潮流计算_15_77],0.0
cons[线路潮流约束_15_77],0.0
cons[线路潮流约束_neg_15_77],0.0
cons[线路潮流计算_16_77],0.0
cons[线路潮流约束_16_77],0.0
cons[线路潮流约束_neg_16_77],0.0
cons[线路潮流计算_17_77],0.0
cons[线路潮流约束_17_77],0.0
cons[线路潮流约束_neg_17_77],0.0
cons[线路潮流计算_18_77],0.0
cons[线路潮流约束_18_77],0.0
cons[线路潮流约束_neg_18_77],0.0
cons[线路潮流计算_19_77],0.0
cons[线路潮流约束_19_77],0.0
cons[线路潮流约束_neg_19_77],0.0
cons[线路潮流计算_20_77],0.0
cons[线路潮流约束_20_77],0.0
cons[线路潮流约束_neg_20_77],0.0
cons[线路潮流计算_21_77],0.0
cons[线路潮流约束_21_77],0.0
cons[线路潮流约束_neg_21_77],0.0
cons[线路潮流计算_22_77],0.0
cons[线路潮流约束_22_77],0.0
cons[线路潮流约束_neg_22_77],0.0
cons[线路潮流计算_23_77],0.0
cons[线路潮流约束_23_77],0.0
cons[线路潮流约束_neg_23_77],0.0
cons[线路潮流计算_24_77],0.0
cons[线路潮流约束_24_77],0.0
cons[线路潮流约束_neg_24_77],0.0
cons[线路潮流计算_25_77],0.0
cons[线路潮流约束_25_77],0.0
cons[线路潮流约束_neg_25_77],0.0
cons[线路潮流计算_26_77],0.0
cons[线路潮流约束_26_77],0.0
cons[线路潮流约束_neg_26_77],0.0
cons[线路潮流计算_27_77],0.0
cons[线路潮流约束_27_77],0.0
cons[线路潮流约束_neg_27_77],0.0
cons[线路潮流计算_28_77],0.0
cons[线路潮流约束_28_77],0.0
cons[线路潮流约束_neg_28_77],0.0
cons[线路潮流计算_29_77],0.0
cons[线路潮流约束_29_77],0.0
cons[线路潮流约束_neg_29_77],0.0
cons[线路潮流计算_30_77],0.0
cons[线路潮流约束_30_77],0.0
cons[线路潮流约束_neg_30_77],0.0
cons[线路潮流计算_31_77],0.0
cons[线路潮流约束_31_77],0.0
cons[线路潮流约束_neg_31_77],0.0
cons[线路潮流计算_32_77],0.0
cons[线路潮流约束_32_77],0.0
cons[线路潮流约束_neg_32_77],0.0
cons[线路潮流计算_33_77],0.0
cons[线路潮流约束_33_77],0.0
cons[线路潮流约束_neg_33_77],0.0
cons[线路潮流计算_34_77],0.0
cons[线路潮流约束_34_77],0.0
cons[线路潮流约束_neg_34_77],0.0
cons[线路潮流计算_35_77],0.0
cons[线路潮流约束_35_77],0.0
cons[线路潮流约束_neg_35_77],0.0
cons[线路潮流计算_36_77],0.0
cons[线路潮流约束_36_77],0.0
cons[线路潮流约束_neg_36_77],0.0
cons[线路潮流计算_37_77],0.0
cons[线路潮流约束_37_77],0.0
cons[线路潮流约束_neg_37_77],0.0
cons[线路潮流计算_38_77],0.0
cons[线路潮流约束_38_77],0.0
cons[线路潮流约束_neg_38_77],0.0
cons[线路潮流计算_39_77],0.0
cons[线路潮流约束_39_77],0.0
cons[线路潮流约束_neg_39_77],0.0
cons[线路潮流计算_40_77],0.0
cons[线路潮流约束_40_77],0.0
cons[线路潮流约束_neg_40_77],0.0
cons[线路潮流计算_41_77],0.0
cons[线路潮流约束_41_77],0.0
cons[线路潮流约束_neg_41_77],0.0
cons[线路潮流计算_42_77],0.0
cons[线路潮流约束_42_77],0.0
cons[线路潮流约束_neg_42_77],0.0
cons[线路潮流计算_43_77],0.0
cons[线路潮流约束_43_77],0.0
cons[线路潮流约束_neg_43_77],0.0
cons[线路潮流计算_44_77],0.0
cons[线路潮流约束_44_77],0.0
cons[线路潮流约束_neg_44_77],0.0
cons[线路潮流计算_45_77],0.0
cons[线路潮流约束_45_77],0.0
cons[线路潮流约束_neg_45_77],0.0
cons[线路潮流计算_46_77],0.0
cons[线路潮流约束_46_77],0.0
cons[线路潮流约束_neg_46_77],0.0
cons[线路潮流计算_47_77],0.0
cons[线路潮流约束_47_77],0.0
cons[线路潮流约束_neg_47_77],0.0
cons[线路潮流计算_48_77],0.0
cons[线路潮流约束_48_77],0.0
cons[线路潮流约束_neg_48_77],0.0
cons[线路潮流计算_49_77],0.0
cons[线路潮流约束_49_77],0.0
cons[线路潮流约束_neg_49_77],0.0
cons[线路潮流计算_50_77],0.0
cons[线路潮流约束_50_77],0.0
cons[线路潮流约束_neg_50_77],0.0
cons[线路潮流计算_51_77],0.0
cons[线路潮流约束_51_77],0.0
cons[线路潮流约束_neg_51_77],0.0
cons[线路潮流计算_52_77],0.0
cons[线路潮流约束_52_77],0.0
cons[线路潮流约束_neg_52_77],0.0
cons[线路潮流计算_53_77],0.0
cons[线路潮流约束_53_77],0.0
cons[线路潮流约束_neg_53_77],0.0
cons[线路潮流计算_54_77],0.0
cons[线路潮流约束_54_77],0.0
cons[线路潮流约束_neg_54_77],0.0
cons[线路潮流计算_55_77],0.0
cons[线路潮流约束_55_77],0.0
cons[线路潮流约束_neg_55_77],0.0
cons[线路潮流计算_56_77],0.0
cons[线路潮流约束_56_77],0.0
cons[线路潮流约束_neg_56_77],0.0
cons[线路潮流计算_57_77],0.0
cons[线路潮流约束_57_77],0.0
cons[线路潮流约束_neg_57_77],0.0
cons[线路潮流计算_58_77],0.0
cons[线路潮流约束_58_77],0.0
cons[线路潮流约束_neg_58_77],0.0
cons[线路潮流计算_59_77],0.0
cons[线路潮流约束_59_77],0.0
cons[线路潮流约束_neg_59_77],0.0
cons[线路潮流计算_60_77],0.0
cons[线路潮流约束_60_77],0.0
cons[线路潮流约束_neg_60_77],0.0
cons[线路潮流计算_61_77],0.0
cons[线路潮流约束_61_77],0.0
cons[线路潮流约束_neg_61_77],0.0
cons[线路潮流计算_62_77],0.0
cons[线路潮流约束_62_77],0.0
cons[线路潮流约束_neg_62_77],0.0
cons[线路潮流计算_63_77],0.0
cons[线路潮流约束_63_77],0.0
cons[线路潮流约束_neg_63_77],0.0
cons[线路潮流计算_64_77],0.0
cons[线路潮流约束_64_77],0.0
cons[线路潮流约束_neg_64_77],0.0
cons[线路潮流计算_65_77],0.0
cons[线路潮流约束_65_77],0.0
cons[线路潮流约束_neg_65_77],0.0
cons[线路潮流计算_66_77],0.0
cons[线路潮流约束_66_77],0.0
cons[线路潮流约束_neg_66_77],0.0
cons[线路潮流计算_67_77],0.0
cons[线路潮流约束_67_77],0.0
cons[线路潮流约束_neg_67_77],0.0
cons[线路潮流计算_68_77],0.0
cons[线路潮流约束_68_77],0.0
cons[线路潮流约束_neg_68_77],0.0
cons[线路潮流计算_69_77],0.0
cons[线路潮流约束_69_77],0.0
cons[线路潮流约束_neg_69_77],0.0
cons[线路潮流计算_70_77],0.0
cons[线路潮流约束_70_77],0.0
cons[线路潮流约束_neg_70_77],0.0
cons[线路潮流计算_71_77],0.0
cons[线路潮流约束_71_77],0.0
cons[线路潮流约束_neg_71_77],0.0
cons[线路潮流计算_72_77],0.0
cons[线路潮流约束_72_77],0.0
cons[线路潮流约束_neg_72_77],0.0
cons[线路潮流计算_73_77],0.0
cons[线路潮流约束_73_77],0.0
cons[线路潮流约束_neg_73_77],0.0
cons[线路潮流计算_74_77],0.0
cons[线路潮流约束_74_77],0.0
cons[线路潮流约束_neg_74_77],0.0
cons[线路潮流计算_75_77],0.0
cons[线路潮流约束_75_77],0.0
cons[线路潮流约束_neg_75_77],0.0
cons[线路潮流计算_76_77],0.0
cons[线路潮流约束_76_77],0.0
cons[线路潮流约束_neg_76_77],0.0
cons[正备用约束_77],0.0
cons[负备用约束_77],0.0
cons[系统功率平衡约束_78],-6219.85
cons[线路潮流计算_0_78],0.0
cons[线路潮流约束_0_78],0.0
cons[线路潮流约束_neg_0_78],0.0
cons[线路潮流计算_1_78],0.0
cons[线路潮流约束_1_78],0.0
cons[线路潮流约束_neg_1_78],0.0
cons[线路潮流计算_2_78],0.0
cons[线路潮流约束_2_78],0.0
cons[线路潮流约束_neg_2_78],0.0
cons[线路潮流计算_3_78],0.0
cons[线路潮流约束_3_78],0.0
cons[线路潮流约束_neg_3_78],0.0
cons[线路潮流计算_4_78],0.0
cons[线路潮流约束_4_78],0.0
cons[线路潮流约束_neg_4_78],0.0
cons[线路潮流计算_5_78],0.0
cons[线路潮流约束_5_78],0.0
cons[线路潮流约束_neg_5_78],0.0
cons[线路潮流计算_6_78],0.0
cons[线路潮流约束_6_78],0.0
cons[线路潮流约束_neg_6_78],0.0
cons[线路潮流计算_7_78],0.0
cons[线路潮流约束_7_78],0.0
cons[线路潮流约束_neg_7_78],0.0
cons[线路潮流计算_8_78],0.0
cons[线路潮流约束_8_78],0.0
cons[线路潮流约束_neg_8_78],0.0
cons[线路潮流计算_9_78],0.0
cons[线路潮流约束_9_78],0.0
cons[线路潮流约束_neg_9_78],0.0
cons[线路潮流计算_10_78],0.0
cons[线路潮流约束_10_78],0.0
cons[线路潮流约束_neg_10_78],0.0
cons[线路潮流计算_11_78],0.0
cons[线路潮流约束_11_78],0.0
cons[线路潮流约束_neg_11_78],0.0
cons[线路潮流计算_12_78],0.0
cons[线路潮流约束_12_78],0.0
cons[线路潮流约束_neg_12_78],0.0
cons[线路潮流计算_13_78],0.0
cons[线路潮流约束_13_78],0.0
cons[线路潮流约束_neg_13_78],0.0
cons[线路潮流计算_14_78],0.0
cons[线路潮流约束_14_78],0.0
cons[线路潮流约束_neg_14_78],0.0
cons[线路潮流计算_15_78],0.0
cons[线路潮流约束_15_78],0.0
cons[线路潮流约束_neg_15_78],0.0
cons[线路潮流计算_16_78],0.0
cons[线路潮流约束_16_78],0.0
cons[线路潮流约束_neg_16_78],0.0
cons[线路潮流计算_17_78],0.0
cons[线路潮流约束_17_78],0.0
cons[线路潮流约束_neg_17_78],0.0
cons[线路潮流计算_18_78],0.0
cons[线路潮流约束_18_78],0.0
cons[线路潮流约束_neg_18_78],0.0
cons[线路潮流计算_19_78],0.0
cons[线路潮流约束_19_78],0.0
cons[线路潮流约束_neg_19_78],0.0
cons[线路潮流计算_20_78],0.0
cons[线路潮流约束_20_78],0.0
cons[线路潮流约束_neg_20_78],0.0
cons[线路潮流计算_21_78],0.0
cons[线路潮流约束_21_78],0.0
cons[线路潮流约束_neg_21_78],0.0
cons[线路潮流计算_22_78],0.0
cons[线路潮流约束_22_78],0.0
cons[线路潮流约束_neg_22_78],0.0
cons[线路潮流计算_23_78],0.0
cons[线路潮流约束_23_78],0.0
cons[线路潮流约束_neg_23_78],0.0
cons[线路潮流计算_24_78],0.0
cons[线路潮流约束_24_78],0.0
cons[线路潮流约束_neg_24_78],0.0
cons[线路潮流计算_25_78],0.0
cons[线路潮流约束_25_78],0.0
cons[线路潮流约束_neg_25_78],0.0
cons[线路潮流计算_26_78],0.0
cons[线路潮流约束_26_78],0.0
cons[线路潮流约束_neg_26_78],0.0
cons[线路潮流计算_27_78],0.0
cons[线路潮流约束_27_78],0.0
cons[线路潮流约束_neg_27_78],0.0
cons[线路潮流计算_28_78],0.0
cons[线路潮流约束_28_78],0.0
cons[线路潮流约束_neg_28_78],0.0
cons[线路潮流计算_29_78],0.0
cons[线路潮流约束_29_78],0.0
cons[线路潮流约束_neg_29_78],0.0
cons[线路潮流计算_30_78],0.0
cons[线路潮流约束_30_78],0.0
cons[线路潮流约束_neg_30_78],0.0
cons[线路潮流计算_31_78],0.0
cons[线路潮流约束_31_78],0.0
cons[线路潮流约束_neg_31_78],0.0
cons[线路潮流计算_32_78],0.0
cons[线路潮流约束_32_78],0.0
cons[线路潮流约束_neg_32_78],0.0
cons[线路潮流计算_33_78],0.0
cons[线路潮流约束_33_78],0.0
cons[线路潮流约束_neg_33_78],0.0
cons[线路潮流计算_34_78],0.0
cons[线路潮流约束_34_78],0.0
cons[线路潮流约束_neg_34_78],0.0
cons[线路潮流计算_35_78],0.0
cons[线路潮流约束_35_78],0.0
cons[线路潮流约束_neg_35_78],0.0
cons[线路潮流计算_36_78],0.0
cons[线路潮流约束_36_78],0.0
cons[线路潮流约束_neg_36_78],0.0
cons[线路潮流计算_37_78],0.0
cons[线路潮流约束_37_78],0.0
cons[线路潮流约束_neg_37_78],0.0
cons[线路潮流计算_38_78],0.0
cons[线路潮流约束_38_78],0.0
cons[线路潮流约束_neg_38_78],0.0
cons[线路潮流计算_39_78],0.0
cons[线路潮流约束_39_78],0.0
cons[线路潮流约束_neg_39_78],0.0
cons[线路潮流计算_40_78],0.0
cons[线路潮流约束_40_78],0.0
cons[线路潮流约束_neg_40_78],0.0
cons[线路潮流计算_41_78],0.0
cons[线路潮流约束_41_78],0.0
cons[线路潮流约束_neg_41_78],0.0
cons[线路潮流计算_42_78],0.0
cons[线路潮流约束_42_78],0.0
cons[线路潮流约束_neg_42_78],0.0
cons[线路潮流计算_43_78],0.0
cons[线路潮流约束_43_78],0.0
cons[线路潮流约束_neg_43_78],0.0
cons[线路潮流计算_44_78],0.0
cons[线路潮流约束_44_78],0.0
cons[线路潮流约束_neg_44_78],0.0
cons[线路潮流计算_45_78],0.0
cons[线路潮流约束_45_78],0.0
cons[线路潮流约束_neg_45_78],0.0
cons[线路潮流计算_46_78],0.0
cons[线路潮流约束_46_78],0.0
cons[线路潮流约束_neg_46_78],0.0
cons[线路潮流计算_47_78],0.0
cons[线路潮流约束_47_78],0.0
cons[线路潮流约束_neg_47_78],0.0
cons[线路潮流计算_48_78],0.0
cons[线路潮流约束_48_78],0.0
cons[线路潮流约束_neg_48_78],0.0
cons[线路潮流计算_49_78],0.0
cons[线路潮流约束_49_78],0.0
cons[线路潮流约束_neg_49_78],0.0
cons[线路潮流计算_50_78],0.0
cons[线路潮流约束_50_78],0.0
cons[线路潮流约束_neg_50_78],0.0
cons[线路潮流计算_51_78],0.0
cons[线路潮流约束_51_78],0.0
cons[线路潮流约束_neg_51_78],0.0
cons[线路潮流计算_52_78],0.0
cons[线路潮流约束_52_78],0.0
cons[线路潮流约束_neg_52_78],0.0
cons[线路潮流计算_53_78],0.0
cons[线路潮流约束_53_78],0.0
cons[线路潮流约束_neg_53_78],0.0
cons[线路潮流计算_54_78],0.0
cons[线路潮流约束_54_78],0.0
cons[线路潮流约束_neg_54_78],0.0
cons[线路潮流计算_55_78],0.0
cons[线路潮流约束_55_78],0.0
cons[线路潮流约束_neg_55_78],0.0
cons[线路潮流计算_56_78],0.0
cons[线路潮流约束_56_78],0.0
cons[线路潮流约束_neg_56_78],0.0
cons[线路潮流计算_57_78],0.0
cons[线路潮流约束_57_78],0.0
cons[线路潮流约束_neg_57_78],0.0
cons[线路潮流计算_58_78],0.0
cons[线路潮流约束_58_78],0.0
cons[线路潮流约束_neg_58_78],0.0
cons[线路潮流计算_59_78],0.0
cons[线路潮流约束_59_78],0.0
cons[线路潮流约束_neg_59_78],0.0
cons[线路潮流计算_60_78],0.0
cons[线路潮流约束_60_78],0.0
cons[线路潮流约束_neg_60_78],0.0
cons[线路潮流计算_61_78],0.0
cons[线路潮流约束_61_78],0.0
cons[线路潮流约束_neg_61_78],0.0
cons[线路潮流计算_62_78],0.0
cons[线路潮流约束_62_78],0.0
cons[线路潮流约束_neg_62_78],0.0
cons[线路潮流计算_63_78],0.0
cons[线路潮流约束_63_78],0.0
cons[线路潮流约束_neg_63_78],0.0
cons[线路潮流计算_64_78],0.0
cons[线路潮流约束_64_78],0.0
cons[线路潮流约束_neg_64_78],0.0
cons[线路潮流计算_65_78],0.0
cons[线路潮流约束_65_78],0.0
cons[线路潮流约束_neg_65_78],0.0
cons[线路潮流计算_66_78],0.0
cons[线路潮流约束_66_78],0.0
cons[线路潮流约束_neg_66_78],0.0
cons[线路潮流计算_67_78],0.0
cons[线路潮流约束_67_78],0.0
cons[线路潮流约束_neg_67_78],0.0
cons[线路潮流计算_68_78],0.0
cons[线路潮流约束_68_78],0.0
cons[线路潮流约束_neg_68_78],0.0
cons[线路潮流计算_69_78],0.0
cons[线路潮流约束_69_78],0.0
cons[线路潮流约束_neg_69_78],0.0
cons[线路潮流计算_70_78],0.0
cons[线路潮流约束_70_78],0.0
cons[线路潮流约束_neg_70_78],0.0
cons[线路潮流计算_71_78],0.0
cons[线路潮流约束_71_78],0.0
cons[线路潮流约束_neg_71_78],0.0
cons[线路潮流计算_72_78],0.0
cons[线路潮流约束_72_78],0.0
cons[线路潮流约束_neg_72_78],0.0
cons[线路潮流计算_73_78],0.0
cons[线路潮流约束_73_78],0.0
cons[线路潮流约束_neg_73_78],0.0
cons[线路潮流计算_74_78],0.0
cons[线路潮流约束_74_78],0.0
cons[线路潮流约束_neg_74_78],0.0
cons[线路潮流计算_75_78],0.0
cons[线路潮流约束_75_78],0.0
cons[线路潮流约束_neg_75_78],0.0
cons[线路潮流计算_76_78],0.0
cons[线路潮流约束_76_78],0.0
cons[线路潮流约束_neg_76_78],0.0
cons[正备用约束_78],0.0
cons[负备用约束_78],0.0
cons[系统功率平衡约束_79],-6219.85
cons[线路潮流计算_0_79],0.0
cons[线路潮流约束_0_79],0.0
cons[线路潮流约束_neg_0_79],0.0
cons[线路潮流计算_1_79],0.0
cons[线路潮流约束_1_79],0.0
cons[线路潮流约束_neg_1_79],0.0
cons[线路潮流计算_2_79],0.0
cons[线路潮流约束_2_79],0.0
cons[线路潮流约束_neg_2_79],0.0
cons[线路潮流计算_3_79],0.0
cons[线路潮流约束_3_79],0.0
cons[线路潮流约束_neg_3_79],0.0
cons[线路潮流计算_4_79],0.0
cons[线路潮流约束_4_79],0.0
cons[线路潮流约束_neg_4_79],0.0
cons[线路潮流计算_5_79],0.0
cons[线路潮流约束_5_79],0.0
cons[线路潮流约束_neg_5_79],0.0
cons[线路潮流计算_6_79],0.0
cons[线路潮流约束_6_79],0.0
cons[线路潮流约束_neg_6_79],0.0
cons[线路潮流计算_7_79],0.0
cons[线路潮流约束_7_79],0.0
cons[线路潮流约束_neg_7_79],0.0
cons[线路潮流计算_8_79],0.0
cons[线路潮流约束_8_79],0.0
cons[线路潮流约束_neg_8_79],0.0
cons[线路潮流计算_9_79],0.0
cons[线路潮流约束_9_79],0.0
cons[线路潮流约束_neg_9_79],0.0
cons[线路潮流计算_10_79],0.0
cons[线路潮流约束_10_79],0.0
cons[线路潮流约束_neg_10_79],0.0
cons[线路潮流计算_11_79],0.0
cons[线路潮流约束_11_79],0.0
cons[线路潮流约束_neg_11_79],0.0
cons[线路潮流计算_12_79],0.0
cons[线路潮流约束_12_79],0.0
cons[线路潮流约束_neg_12_79],0.0
cons[线路潮流计算_13_79],0.0
cons[线路潮流约束_13_79],0.0
cons[线路潮流约束_neg_13_79],0.0
cons[线路潮流计算_14_79],0.0
cons[线路潮流约束_14_79],0.0
cons[线路潮流约束_neg_14_79],0.0
cons[线路潮流计算_15_79],0.0
cons[线路潮流约束_15_79],0.0
cons[线路潮流约束_neg_15_79],0.0
cons[线路潮流计算_16_79],0.0
cons[线路潮流约束_16_79],0.0
cons[线路潮流约束_neg_16_79],0.0
cons[线路潮流计算_17_79],0.0
cons[线路潮流约束_17_79],0.0
cons[线路潮流约束_neg_17_79],0.0
cons[线路潮流计算_18_79],0.0
cons[线路潮流约束_18_79],0.0
cons[线路潮流约束_neg_18_79],0.0
cons[线路潮流计算_19_79],0.0
cons[线路潮流约束_19_79],0.0
cons[线路潮流约束_neg_19_79],0.0
cons[线路潮流计算_20_79],0.0
cons[线路潮流约束_20_79],0.0
cons[线路潮流约束_neg_20_79],0.0
cons[线路潮流计算_21_79],0.0
cons[线路潮流约束_21_79],0.0
cons[线路潮流约束_neg_21_79],0.0
cons[线路潮流计算_22_79],0.0
cons[线路潮流约束_22_79],0.0
cons[线路潮流约束_neg_22_79],0.0
cons[线路潮流计算_23_79],0.0
cons[线路潮流约束_23_79],0.0
cons[线路潮流约束_neg_23_79],0.0
cons[线路潮流计算_24_79],0.0
cons[线路潮流约束_24_79],0.0
cons[线路潮流约束_neg_24_79],0.0
cons[线路潮流计算_25_79],0.0
cons[线路潮流约束_25_79],0.0
cons[线路潮流约束_neg_25_79],0.0
cons[线路潮流计算_26_79],0.0
cons[线路潮流约束_26_79],0.0
cons[线路潮流约束_neg_26_79],0.0
cons[线路潮流计算_27_79],0.0
cons[线路潮流约束_27_79],0.0
cons[线路潮流约束_neg_27_79],0.0
cons[线路潮流计算_28_79],0.0
cons[线路潮流约束_28_79],0.0
cons[线路潮流约束_neg_28_79],0.0
cons[线路潮流计算_29_79],0.0
cons[线路潮流约束_29_79],0.0
cons[线路潮流约束_neg_29_79],0.0
cons[线路潮流计算_30_79],0.0
cons[线路潮流约束_30_79],0.0
cons[线路潮流约束_neg_30_79],0.0
cons[线路潮流计算_31_79],0.0
cons[线路潮流约束_31_79],0.0
cons[线路潮流约束_neg_31_79],0.0
cons[线路潮流计算_32_79],0.0
cons[线路潮流约束_32_79],0.0
cons[线路潮流约束_neg_32_79],0.0
cons[线路潮流计算_33_79],0.0
cons[线路潮流约束_33_79],0.0
cons[线路潮流约束_neg_33_79],0.0
cons[线路潮流计算_34_79],0.0
cons[线路潮流约束_34_79],0.0
cons[线路潮流约束_neg_34_79],0.0
cons[线路潮流计算_35_79],0.0
cons[线路潮流约束_35_79],0.0
cons[线路潮流约束_neg_35_79],0.0
cons[线路潮流计算_36_79],0.0
cons[线路潮流约束_36_79],0.0
cons[线路潮流约束_neg_36_79],0.0
cons[线路潮流计算_37_79],0.0
cons[线路潮流约束_37_79],0.0
cons[线路潮流约束_neg_37_79],0.0
cons[线路潮流计算_38_79],0.0
cons[线路潮流约束_38_79],0.0
cons[线路潮流约束_neg_38_79],0.0
cons[线路潮流计算_39_79],0.0
cons[线路潮流约束_39_79],0.0
cons[线路潮流约束_neg_39_79],0.0
cons[线路潮流计算_40_79],0.0
cons[线路潮流约束_40_79],0.0
cons[线路潮流约束_neg_40_79],0.0
cons[线路潮流计算_41_79],0.0
cons[线路潮流约束_41_79],0.0
cons[线路潮流约束_neg_41_79],0.0
cons[线路潮流计算_42_79],0.0
cons[线路潮流约束_42_79],0.0
cons[线路潮流约束_neg_42_79],0.0
cons[线路潮流计算_43_79],0.0
cons[线路潮流约束_43_79],0.0
cons[线路潮流约束_neg_43_79],0.0
cons[线路潮流计算_44_79],0.0
cons[线路潮流约束_44_79],0.0
cons[线路潮流约束_neg_44_79],0.0
cons[线路潮流计算_45_79],0.0
cons[线路潮流约束_45_79],0.0
cons[线路潮流约束_neg_45_79],0.0
cons[线路潮流计算_46_79],0.0
cons[线路潮流约束_46_79],0.0
cons[线路潮流约束_neg_46_79],0.0
cons[线路潮流计算_47_79],0.0
cons[线路潮流约束_47_79],0.0
cons[线路潮流约束_neg_47_79],0.0
cons[线路潮流计算_48_79],0.0
cons[线路潮流约束_48_79],0.0
cons[线路潮流约束_neg_48_79],0.0
cons[线路潮流计算_49_79],0.0
cons[线路潮流约束_49_79],0.0
cons[线路潮流约束_neg_49_79],0.0
cons[线路潮流计算_50_79],0.0
cons[线路潮流约束_50_79],0.0
cons[线路潮流约束_neg_50_79],0.0
cons[线路潮流计算_51_79],0.0
cons[线路潮流约束_51_79],0.0
cons[线路潮流约束_neg_51_79],0.0
cons[线路潮流计算_52_79],0.0
cons[线路潮流约束_52_79],0.0
cons[线路潮流约束_neg_52_79],0.0
cons[线路潮流计算_53_79],0.0
cons[线路潮流约束_53_79],0.0
cons[线路潮流约束_neg_53_79],0.0
cons[线路潮流计算_54_79],0.0
cons[线路潮流约束_54_79],0.0
cons[线路潮流约束_neg_54_79],0.0
cons[线路潮流计算_55_79],0.0
cons[线路潮流约束_55_79],0.0
cons[线路潮流约束_neg_55_79],0.0
cons[线路潮流计算_56_79],0.0
cons[线路潮流约束_56_79],0.0
cons[线路潮流约束_neg_56_79],0.0
cons[线路潮流计算_57_79],0.0
cons[线路潮流约束_57_79],0.0
cons[线路潮流约束_neg_57_79],0.0
cons[线路潮流计算_58_79],0.0
cons[线路潮流约束_58_79],0.0
cons[线路潮流约束_neg_58_79],0.0
cons[线路潮流计算_59_79],0.0
cons[线路潮流约束_59_79],0.0
cons[线路潮流约束_neg_59_79],0.0
cons[线路潮流计算_60_79],0.0
cons[线路潮流约束_60_79],0.0
cons[线路潮流约束_neg_60_79],0.0
cons[线路潮流计算_61_79],0.0
cons[线路潮流约束_61_79],0.0
cons[线路潮流约束_neg_61_79],0.0
cons[线路潮流计算_62_79],0.0
cons[线路潮流约束_62_79],0.0
cons[线路潮流约束_neg_62_79],0.0
cons[线路潮流计算_63_79],0.0
cons[线路潮流约束_63_79],0.0
cons[线路潮流约束_neg_63_79],0.0
cons[线路潮流计算_64_79],0.0
cons[线路潮流约束_64_79],0.0
cons[线路潮流约束_neg_64_79],0.0
cons[线路潮流计算_65_79],0.0
cons[线路潮流约束_65_79],0.0
cons[线路潮流约束_neg_65_79],0.0
cons[线路潮流计算_66_79],0.0
cons[线路潮流约束_66_79],0.0
cons[线路潮流约束_neg_66_79],0.0
cons[线路潮流计算_67_79],0.0
cons[线路潮流约束_67_79],0.0
cons[线路潮流约束_neg_67_79],0.0
cons[线路潮流计算_68_79],0.0
cons[线路潮流约束_68_79],0.0
cons[线路潮流约束_neg_68_79],0.0
cons[线路潮流计算_69_79],0.0
cons[线路潮流约束_69_79],0.0
cons[线路潮流约束_neg_69_79],0.0
cons[线路潮流计算_70_79],0.0
cons[线路潮流约束_70_79],0.0
cons[线路潮流约束_neg_70_79],0.0
cons[线路潮流计算_71_79],0.0
cons[线路潮流约束_71_79],0.0
cons[线路潮流约束_neg_71_79],0.0
cons[线路潮流计算_72_79],0.0
cons[线路潮流约束_72_79],0.0
cons[线路潮流约束_neg_72_79],0.0
cons[线路潮流计算_73_79],0.0
cons[线路潮流约束_73_79],0.0
cons[线路潮流约束_neg_73_79],0.0
cons[线路潮流计算_74_79],0.0
cons[线路潮流约束_74_79],0.0
cons[线路潮流约束_neg_74_79],0.0
cons[线路潮流计算_75_79],0.0
cons[线路潮流约束_75_79],0.0
cons[线路潮流约束_neg_75_79],0.0
cons[线路潮流计算_76_79],0.0
cons[线路潮流约束_76_79],0.0
cons[线路潮流约束_neg_76_79],0.0
cons[正备用约束_79],0.0
cons[负备用约束_79],0.0
cons[系统功率平衡约束_80],-6200.103
cons[线路潮流计算_0_80],0.0
cons[线路潮流约束_0_80],0.0
cons[线路潮流约束_neg_0_80],0.0
cons[线路潮流计算_1_80],0.0
cons[线路潮流约束_1_80],0.0
cons[线路潮流约束_neg_1_80],0.0
cons[线路潮流计算_2_80],0.0
cons[线路潮流约束_2_80],0.0
cons[线路潮流约束_neg_2_80],0.0
cons[线路潮流计算_3_80],0.0
cons[线路潮流约束_3_80],0.0
cons[线路潮流约束_neg_3_80],0.0
cons[线路潮流计算_4_80],0.0
cons[线路潮流约束_4_80],0.0
cons[线路潮流约束_neg_4_80],0.0
cons[线路潮流计算_5_80],0.0
cons[线路潮流约束_5_80],0.0
cons[线路潮流约束_neg_5_80],0.0
cons[线路潮流计算_6_80],0.0
cons[线路潮流约束_6_80],0.0
cons[线路潮流约束_neg_6_80],0.0
cons[线路潮流计算_7_80],0.0
cons[线路潮流约束_7_80],0.0
cons[线路潮流约束_neg_7_80],0.0
cons[线路潮流计算_8_80],0.0
cons[线路潮流约束_8_80],0.0
cons[线路潮流约束_neg_8_80],0.0
cons[线路潮流计算_9_80],0.0
cons[线路潮流约束_9_80],0.0
cons[线路潮流约束_neg_9_80],0.0
cons[线路潮流计算_10_80],0.0
cons[线路潮流约束_10_80],0.0
cons[线路潮流约束_neg_10_80],0.0
cons[线路潮流计算_11_80],0.0
cons[线路潮流约束_11_80],0.0
cons[线路潮流约束_neg_11_80],0.0
cons[线路潮流计算_12_80],0.0
cons[线路潮流约束_12_80],0.0
cons[线路潮流约束_neg_12_80],0.0
cons[线路潮流计算_13_80],0.0
cons[线路潮流约束_13_80],0.0
cons[线路潮流约束_neg_13_80],0.0
cons[线路潮流计算_14_80],0.0
cons[线路潮流约束_14_80],0.0
cons[线路潮流约束_neg_14_80],0.0
cons[线路潮流计算_15_80],0.0
cons[线路潮流约束_15_80],0.0
cons[线路潮流约束_neg_15_80],0.0
cons[线路潮流计算_16_80],0.0
cons[线路潮流约束_16_80],0.0
cons[线路潮流约束_neg_16_80],0.0
cons[线路潮流计算_17_80],0.0
cons[线路潮流约束_17_80],0.0
cons[线路潮流约束_neg_17_80],0.0
cons[线路潮流计算_18_80],0.0
cons[线路潮流约束_18_80],0.0
cons[线路潮流约束_neg_18_80],0.0
cons[线路潮流计算_19_80],0.0
cons[线路潮流约束_19_80],0.0
cons[线路潮流约束_neg_19_80],0.0
cons[线路潮流计算_20_80],0.0
cons[线路潮流约束_20_80],0.0
cons[线路潮流约束_neg_20_80],0.0
cons[线路潮流计算_21_80],0.0
cons[线路潮流约束_21_80],0.0
cons[线路潮流约束_neg_21_80],0.0
cons[线路潮流计算_22_80],0.0
cons[线路潮流约束_22_80],0.0
cons[线路潮流约束_neg_22_80],0.0
cons[线路潮流计算_23_80],0.0
cons[线路潮流约束_23_80],0.0
cons[线路潮流约束_neg_23_80],0.0
cons[线路潮流计算_24_80],0.0
cons[线路潮流约束_24_80],0.0
cons[线路潮流约束_neg_24_80],0.0
cons[线路潮流计算_25_80],0.0
cons[线路潮流约束_25_80],0.0
cons[线路潮流约束_neg_25_80],0.0
cons[线路潮流计算_26_80],0.0
cons[线路潮流约束_26_80],0.0
cons[线路潮流约束_neg_26_80],0.0
cons[线路潮流计算_27_80],0.0
cons[线路潮流约束_27_80],0.0
cons[线路潮流约束_neg_27_80],0.0
cons[线路潮流计算_28_80],0.0
cons[线路潮流约束_28_80],0.0
cons[线路潮流约束_neg_28_80],0.0
cons[线路潮流计算_29_80],0.0
cons[线路潮流约束_29_80],0.0
cons[线路潮流约束_neg_29_80],0.0
cons[线路潮流计算_30_80],0.0
cons[线路潮流约束_30_80],0.0
cons[线路潮流约束_neg_30_80],0.0
cons[线路潮流计算_31_80],0.0
cons[线路潮流约束_31_80],0.0
cons[线路潮流约束_neg_31_80],0.0
cons[线路潮流计算_32_80],0.0
cons[线路潮流约束_32_80],0.0
cons[线路潮流约束_neg_32_80],0.0
cons[线路潮流计算_33_80],0.0
cons[线路潮流约束_33_80],0.0
cons[线路潮流约束_neg_33_80],0.0
cons[线路潮流计算_34_80],0.0
cons[线路潮流约束_34_80],0.0
cons[线路潮流约束_neg_34_80],0.0
cons[线路潮流计算_35_80],0.0
cons[线路潮流约束_35_80],0.0
cons[线路潮流约束_neg_35_80],0.0
cons[线路潮流计算_36_80],0.0
cons[线路潮流约束_36_80],0.0
cons[线路潮流约束_neg_36_80],0.0
cons[线路潮流计算_37_80],0.0
cons[线路潮流约束_37_80],0.0
cons[线路潮流约束_neg_37_80],0.0
cons[线路潮流计算_38_80],0.0
cons[线路潮流约束_38_80],0.0
cons[线路潮流约束_neg_38_80],0.0
cons[线路潮流计算_39_80],0.0
cons[线路潮流约束_39_80],0.0
cons[线路潮流约束_neg_39_80],0.0
cons[线路潮流计算_40_80],0.0
cons[线路潮流约束_40_80],0.0
cons[线路潮流约束_neg_40_80],0.0
cons[线路潮流计算_41_80],0.0
cons[线路潮流约束_41_80],0.0
cons[线路潮流约束_neg_41_80],0.0
cons[线路潮流计算_42_80],0.0
cons[线路潮流约束_42_80],0.0
cons[线路潮流约束_neg_42_80],0.0
cons[线路潮流计算_43_80],0.0
cons[线路潮流约束_43_80],0.0
cons[线路潮流约束_neg_43_80],0.0
cons[线路潮流计算_44_80],0.0
cons[线路潮流约束_44_80],0.0
cons[线路潮流约束_neg_44_80],0.0
cons[线路潮流计算_45_80],0.0
cons[线路潮流约束_45_80],0.0
cons[线路潮流约束_neg_45_80],0.0
cons[线路潮流计算_46_80],0.0
cons[线路潮流约束_46_80],0.0
cons[线路潮流约束_neg_46_80],0.0
cons[线路潮流计算_47_80],0.0
cons[线路潮流约束_47_80],0.0
cons[线路潮流约束_neg_47_80],0.0
cons[线路潮流计算_48_80],0.0
cons[线路潮流约束_48_80],0.0
cons[线路潮流约束_neg_48_80],0.0
cons[线路潮流计算_49_80],0.0
cons[线路潮流约束_49_80],0.0
cons[线路潮流约束_neg_49_80],0.0
cons[线路潮流计算_50_80],0.0
cons[线路潮流约束_50_80],0.0
cons[线路潮流约束_neg_50_80],0.0
cons[线路潮流计算_51_80],0.0
cons[线路潮流约束_51_80],0.0
cons[线路潮流约束_neg_51_80],0.0
cons[线路潮流计算_52_80],0.0
cons[线路潮流约束_52_80],0.0
cons[线路潮流约束_neg_52_80],0.0
cons[线路潮流计算_53_80],0.0
cons[线路潮流约束_53_80],0.0
cons[线路潮流约束_neg_53_80],0.0
cons[线路潮流计算_54_80],0.0
cons[线路潮流约束_54_80],0.0
cons[线路潮流约束_neg_54_80],0.0
cons[线路潮流计算_55_80],0.0
cons[线路潮流约束_55_80],0.0
cons[线路潮流约束_neg_55_80],0.0
cons[线路潮流计算_56_80],0.0
cons[线路潮流约束_56_80],0.0
cons[线路潮流约束_neg_56_80],0.0
cons[线路潮流计算_57_80],0.0
cons[线路潮流约束_57_80],0.0
cons[线路潮流约束_neg_57_80],0.0
cons[线路潮流计算_58_80],0.0
cons[线路潮流约束_58_80],0.0
cons[线路潮流约束_neg_58_80],0.0
cons[线路潮流计算_59_80],0.0
cons[线路潮流约束_59_80],0.0
cons[线路潮流约束_neg_59_80],0.0
cons[线路潮流计算_60_80],0.0
cons[线路潮流约束_60_80],0.0
cons[线路潮流约束_neg_60_80],0.0
cons[线路潮流计算_61_80],0.0
cons[线路潮流约束_61_80],0.0
cons[线路潮流约束_neg_61_80],0.0
cons[线路潮流计算_62_80],0.0
cons[线路潮流约束_62_80],0.0
cons[线路潮流约束_neg_62_80],0.0
cons[线路潮流计算_63_80],0.0
cons[线路潮流约束_63_80],0.0
cons[线路潮流约束_neg_63_80],0.0
cons[线路潮流计算_64_80],0.0
cons[线路潮流约束_64_80],0.0
cons[线路潮流约束_neg_64_80],0.0
cons[线路潮流计算_65_80],0.0
cons[线路潮流约束_65_80],0.0
cons[线路潮流约束_neg_65_80],0.0
cons[线路潮流计算_66_80],0.0
cons[线路潮流约束_66_80],0.0
cons[线路潮流约束_neg_66_80],0.0
cons[线路潮流计算_67_80],0.0
cons[线路潮流约束_67_80],0.0
cons[线路潮流约束_neg_67_80],0.0
cons[线路潮流计算_68_80],0.0
cons[线路潮流约束_68_80],0.0
cons[线路潮流约束_neg_68_80],0.0
cons[线路潮流计算_69_80],0.0
cons[线路潮流约束_69_80],0.0
cons[线路潮流约束_neg_69_80],0.0
cons[线路潮流计算_70_80],0.0
cons[线路潮流约束_70_80],0.0
cons[线路潮流约束_neg_70_80],0.0
cons[线路潮流计算_71_80],0.0
cons[线路潮流约束_71_80],0.0
cons[线路潮流约束_neg_71_80],0.0
cons[线路潮流计算_72_80],0.0
cons[线路潮流约束_72_80],0.0
cons[线路潮流约束_neg_72_80],0.0
cons[线路潮流计算_73_80],0.0
cons[线路潮流约束_73_80],0.0
cons[线路潮流约束_neg_73_80],0.0
cons[线路潮流计算_74_80],0.0
cons[线路潮流约束_74_80],0.0
cons[线路潮流约束_neg_74_80],0.0
cons[线路潮流计算_75_80],0.0
cons[线路潮流约束_75_80],0.0
cons[线路潮流约束_neg_75_80],0.0
cons[线路潮流计算_76_80],0.0
cons[线路潮流约束_76_80],0.0
cons[线路潮流约束_neg_76_80],0.0
cons[正备用约束_80],0.0
cons[负备用约束_80],0.0
cons[系统功率平衡约束_81],-6196.6905
cons[线路潮流计算_0_81],0.0
cons[线路潮流约束_0_81],0.0
cons[线路潮流约束_neg_0_81],0.0
cons[线路潮流计算_1_81],0.0
cons[线路潮流约束_1_81],0.0
cons[线路潮流约束_neg_1_81],0.0
cons[线路潮流计算_2_81],0.0
cons[线路潮流约束_2_81],0.0
cons[线路潮流约束_neg_2_81],0.0
cons[线路潮流计算_3_81],0.0
cons[线路潮流约束_3_81],0.0
cons[线路潮流约束_neg_3_81],0.0
cons[线路潮流计算_4_81],0.0
cons[线路潮流约束_4_81],0.0
cons[线路潮流约束_neg_4_81],0.0
cons[线路潮流计算_5_81],0.0
cons[线路潮流约束_5_81],0.0
cons[线路潮流约束_neg_5_81],0.0
cons[线路潮流计算_6_81],0.0
cons[线路潮流约束_6_81],0.0
cons[线路潮流约束_neg_6_81],0.0
cons[线路潮流计算_7_81],0.0
cons[线路潮流约束_7_81],0.0
cons[线路潮流约束_neg_7_81],0.0
cons[线路潮流计算_8_81],0.0
cons[线路潮流约束_8_81],0.0
cons[线路潮流约束_neg_8_81],0.0
cons[线路潮流计算_9_81],0.0
cons[线路潮流约束_9_81],0.0
cons[线路潮流约束_neg_9_81],0.0
cons[线路潮流计算_10_81],0.0
cons[线路潮流约束_10_81],0.0
cons[线路潮流约束_neg_10_81],0.0
cons[线路潮流计算_11_81],0.0
cons[线路潮流约束_11_81],0.0
cons[线路潮流约束_neg_11_81],0.0
cons[线路潮流计算_12_81],0.0
cons[线路潮流约束_12_81],0.0
cons[线路潮流约束_neg_12_81],0.0
cons[线路潮流计算_13_81],0.0
cons[线路潮流约束_13_81],0.0
cons[线路潮流约束_neg_13_81],0.0
cons[线路潮流计算_14_81],0.0
cons[线路潮流约束_14_81],0.0
cons[线路潮流约束_neg_14_81],0.0
cons[线路潮流计算_15_81],0.0
cons[线路潮流约束_15_81],0.0
cons[线路潮流约束_neg_15_81],0.0
cons[线路潮流计算_16_81],0.0
cons[线路潮流约束_16_81],0.0
cons[线路潮流约束_neg_16_81],0.0
cons[线路潮流计算_17_81],0.0
cons[线路潮流约束_17_81],0.0
cons[线路潮流约束_neg_17_81],0.0
cons[线路潮流计算_18_81],0.0
cons[线路潮流约束_18_81],0.0
cons[线路潮流约束_neg_18_81],0.0
cons[线路潮流计算_19_81],0.0
cons[线路潮流约束_19_81],0.0
cons[线路潮流约束_neg_19_81],0.0
cons[线路潮流计算_20_81],0.0
cons[线路潮流约束_20_81],0.0
cons[线路潮流约束_neg_20_81],0.0
cons[线路潮流计算_21_81],0.0
cons[线路潮流约束_21_81],0.0
cons[线路潮流约束_neg_21_81],0.0
cons[线路潮流计算_22_81],0.0
cons[线路潮流约束_22_81],0.0
cons[线路潮流约束_neg_22_81],0.0
cons[线路潮流计算_23_81],0.0
cons[线路潮流约束_23_81],0.0
cons[线路潮流约束_neg_23_81],0.0
cons[线路潮流计算_24_81],0.0
cons[线路潮流约束_24_81],0.0
cons[线路潮流约束_neg_24_81],0.0
cons[线路潮流计算_25_81],0.0
cons[线路潮流约束_25_81],0.0
cons[线路潮流约束_neg_25_81],0.0
cons[线路潮流计算_26_81],0.0
cons[线路潮流约束_26_81],0.0
cons[线路潮流约束_neg_26_81],0.0
cons[线路潮流计算_27_81],0.0
cons[线路潮流约束_27_81],0.0
cons[线路潮流约束_neg_27_81],0.0
cons[线路潮流计算_28_81],0.0
cons[线路潮流约束_28_81],0.0
cons[线路潮流约束_neg_28_81],0.0
cons[线路潮流计算_29_81],0.0
cons[线路潮流约束_29_81],0.0
cons[线路潮流约束_neg_29_81],0.0
cons[线路潮流计算_30_81],0.0
cons[线路潮流约束_30_81],0.0
cons[线路潮流约束_neg_30_81],0.0
cons[线路潮流计算_31_81],0.0
cons[线路潮流约束_31_81],0.0
cons[线路潮流约束_neg_31_81],0.0
cons[线路潮流计算_32_81],0.0
cons[线路潮流约束_32_81],0.0
cons[线路潮流约束_neg_32_81],0.0
cons[线路潮流计算_33_81],0.0
cons[线路潮流约束_33_81],0.0
cons[线路潮流约束_neg_33_81],0.0
cons[线路潮流计算_34_81],0.0
cons[线路潮流约束_34_81],0.0
cons[线路潮流约束_neg_34_81],0.0
cons[线路潮流计算_35_81],0.0
cons[线路潮流约束_35_81],0.0
cons[线路潮流约束_neg_35_81],0.0
cons[线路潮流计算_36_81],0.0
cons[线路潮流约束_36_81],0.0
cons[线路潮流约束_neg_36_81],0.0
cons[线路潮流计算_37_81],0.0
cons[线路潮流约束_37_81],0.0
cons[线路潮流约束_neg_37_81],0.0
cons[线路潮流计算_38_81],0.0
cons[线路潮流约束_38_81],0.0
cons[线路潮流约束_neg_38_81],0.0
cons[线路潮流计算_39_81],0.0
cons[线路潮流约束_39_81],0.0
cons[线路潮流约束_neg_39_81],0.0
cons[线路潮流计算_40_81],0.0
cons[线路潮流约束_40_81],0.0
cons[线路潮流约束_neg_40_81],0.0
cons[线路潮流计算_41_81],0.0
cons[线路潮流约束_41_81],0.0
cons[线路潮流约束_neg_41_81],0.0
cons[线路潮流计算_42_81],0.0
cons[线路潮流约束_42_81],0.0
cons[线路潮流约束_neg_42_81],0.0
cons[线路潮流计算_43_81],0.0
cons[线路潮流约束_43_81],0.0
cons[线路潮流约束_neg_43_81],0.0
cons[线路潮流计算_44_81],0.0
cons[线路潮流约束_44_81],0.0
cons[线路潮流约束_neg_44_81],0.0
cons[线路潮流计算_45_81],0.0
cons[线路潮流约束_45_81],0.0
cons[线路潮流约束_neg_45_81],0.0
cons[线路潮流计算_46_81],0.0
cons[线路潮流约束_46_81],0.0
cons[线路潮流约束_neg_46_81],0.0
cons[线路潮流计算_47_81],0.0
cons[线路潮流约束_47_81],0.0
cons[线路潮流约束_neg_47_81],0.0
cons[线路潮流计算_48_81],0.0
cons[线路潮流约束_48_81],0.0
cons[线路潮流约束_neg_48_81],0.0
cons[线路潮流计算_49_81],0.0
cons[线路潮流约束_49_81],0.0
cons[线路潮流约束_neg_49_81],0.0
cons[线路潮流计算_50_81],0.0
cons[线路潮流约束_50_81],0.0
cons[线路潮流约束_neg_50_81],0.0
cons[线路潮流计算_51_81],0.0
cons[线路潮流约束_51_81],0.0
cons[线路潮流约束_neg_51_81],0.0
cons[线路潮流计算_52_81],0.0
cons[线路潮流约束_52_81],0.0
cons[线路潮流约束_neg_52_81],0.0
cons[线路潮流计算_53_81],0.0
cons[线路潮流约束_53_81],0.0
cons[线路潮流约束_neg_53_81],0.0
cons[线路潮流计算_54_81],0.0
cons[线路潮流约束_54_81],0.0
cons[线路潮流约束_neg_54_81],0.0
cons[线路潮流计算_55_81],0.0
cons[线路潮流约束_55_81],0.0
cons[线路潮流约束_neg_55_81],0.0
cons[线路潮流计算_56_81],0.0
cons[线路潮流约束_56_81],0.0
cons[线路潮流约束_neg_56_81],0.0
cons[线路潮流计算_57_81],0.0
cons[线路潮流约束_57_81],0.0
cons[线路潮流约束_neg_57_81],0.0
cons[线路潮流计算_58_81],0.0
cons[线路潮流约束_58_81],0.0
cons[线路潮流约束_neg_58_81],0.0
cons[线路潮流计算_59_81],0.0
cons[线路潮流约束_59_81],0.0
cons[线路潮流约束_neg_59_81],0.0
cons[线路潮流计算_60_81],0.0
cons[线路潮流约束_60_81],0.0
cons[线路潮流约束_neg_60_81],0.0
cons[线路潮流计算_61_81],0.0
cons[线路潮流约束_61_81],0.0
cons[线路潮流约束_neg_61_81],0.0
cons[线路潮流计算_62_81],0.0
cons[线路潮流约束_62_81],0.0
cons[线路潮流约束_neg_62_81],0.0
cons[线路潮流计算_63_81],0.0
cons[线路潮流约束_63_81],0.0
cons[线路潮流约束_neg_63_81],0.0
cons[线路潮流计算_64_81],0.0
cons[线路潮流约束_64_81],0.0
cons[线路潮流约束_neg_64_81],0.0
cons[线路潮流计算_65_81],0.0
cons[线路潮流约束_65_81],0.0
cons[线路潮流约束_neg_65_81],0.0
cons[线路潮流计算_66_81],0.0
cons[线路潮流约束_66_81],0.0
cons[线路潮流约束_neg_66_81],0.0
cons[线路潮流计算_67_81],0.0
cons[线路潮流约束_67_81],0.0
cons[线路潮流约束_neg_67_81],0.0
cons[线路潮流计算_68_81],0.0
cons[线路潮流约束_68_81],0.0
cons[线路潮流约束_neg_68_81],0.0
cons[线路潮流计算_69_81],0.0
cons[线路潮流约束_69_81],0.0
cons[线路潮流约束_neg_69_81],0.0
cons[线路潮流计算_70_81],0.0
cons[线路潮流约束_70_81],0.0
cons[线路潮流约束_neg_70_81],0.0
cons[线路潮流计算_71_81],0.0
cons[线路潮流约束_71_81],0.0
cons[线路潮流约束_neg_71_81],0.0
cons[线路潮流计算_72_81],0.0
cons[线路潮流约束_72_81],0.0
cons[线路潮流约束_neg_72_81],0.0
cons[线路潮流计算_73_81],0.0
cons[线路潮流约束_73_81],0.0
cons[线路潮流约束_neg_73_81],0.0
cons[线路潮流计算_74_81],0.0
cons[线路潮流约束_74_81],0.0
cons[线路潮流约束_neg_74_81],0.0
cons[线路潮流计算_75_81],0.0
cons[线路潮流约束_75_81],0.0
cons[线路潮流约束_neg_75_81],0.0
cons[线路潮流计算_76_81],0.0
cons[线路潮流约束_76_81],0.0
cons[线路潮流约束_neg_76_81],0.0
cons[正备用约束_81],0.0
cons[负备用约束_81],0.0
cons[系统功率平衡约束_82],-6192.004000000002
cons[线路潮流计算_0_82],0.0
cons[线路潮流约束_0_82],0.0
cons[线路潮流约束_neg_0_82],0.0
cons[线路潮流计算_1_82],0.0
cons[线路潮流约束_1_82],0.0
cons[线路潮流约束_neg_1_82],0.0
cons[线路潮流计算_2_82],0.0
cons[线路潮流约束_2_82],0.0
cons[线路潮流约束_neg_2_82],0.0
cons[线路潮流计算_3_82],0.0
cons[线路潮流约束_3_82],0.0
cons[线路潮流约束_neg_3_82],0.0
cons[线路潮流计算_4_82],0.0
cons[线路潮流约束_4_82],0.0
cons[线路潮流约束_neg_4_82],0.0
cons[线路潮流计算_5_82],0.0
cons[线路潮流约束_5_82],0.0
cons[线路潮流约束_neg_5_82],0.0
cons[线路潮流计算_6_82],0.0
cons[线路潮流约束_6_82],0.0
cons[线路潮流约束_neg_6_82],0.0
cons[线路潮流计算_7_82],0.0
cons[线路潮流约束_7_82],0.0
cons[线路潮流约束_neg_7_82],0.0
cons[线路潮流计算_8_82],0.0
cons[线路潮流约束_8_82],0.0
cons[线路潮流约束_neg_8_82],0.0
cons[线路潮流计算_9_82],0.0
cons[线路潮流约束_9_82],0.0
cons[线路潮流约束_neg_9_82],0.0
cons[线路潮流计算_10_82],0.0
cons[线路潮流约束_10_82],0.0
cons[线路潮流约束_neg_10_82],0.0
cons[线路潮流计算_11_82],0.0
cons[线路潮流约束_11_82],0.0
cons[线路潮流约束_neg_11_82],0.0
cons[线路潮流计算_12_82],0.0
cons[线路潮流约束_12_82],0.0
cons[线路潮流约束_neg_12_82],0.0
cons[线路潮流计算_13_82],0.0
cons[线路潮流约束_13_82],0.0
cons[线路潮流约束_neg_13_82],0.0
cons[线路潮流计算_14_82],0.0
cons[线路潮流约束_14_82],0.0
cons[线路潮流约束_neg_14_82],0.0
cons[线路潮流计算_15_82],0.0
cons[线路潮流约束_15_82],0.0
cons[线路潮流约束_neg_15_82],0.0
cons[线路潮流计算_16_82],0.0
cons[线路潮流约束_16_82],0.0
cons[线路潮流约束_neg_16_82],0.0
cons[线路潮流计算_17_82],0.0
cons[线路潮流约束_17_82],0.0
cons[线路潮流约束_neg_17_82],0.0
cons[线路潮流计算_18_82],0.0
cons[线路潮流约束_18_82],0.0
cons[线路潮流约束_neg_18_82],0.0
cons[线路潮流计算_19_82],0.0
cons[线路潮流约束_19_82],0.0
cons[线路潮流约束_neg_19_82],0.0
cons[线路潮流计算_20_82],0.0
cons[线路潮流约束_20_82],0.0
cons[线路潮流约束_neg_20_82],0.0
cons[线路潮流计算_21_82],0.0
cons[线路潮流约束_21_82],0.0
cons[线路潮流约束_neg_21_82],0.0
cons[线路潮流计算_22_82],0.0
cons[线路潮流约束_22_82],0.0
cons[线路潮流约束_neg_22_82],0.0
cons[线路潮流计算_23_82],0.0
cons[线路潮流约束_23_82],0.0
cons[线路潮流约束_neg_23_82],0.0
cons[线路潮流计算_24_82],0.0
cons[线路潮流约束_24_82],0.0
cons[线路潮流约束_neg_24_82],0.0
cons[线路潮流计算_25_82],0.0
cons[线路潮流约束_25_82],0.0
cons[线路潮流约束_neg_25_82],0.0
cons[线路潮流计算_26_82],0.0
cons[线路潮流约束_26_82],0.0
cons[线路潮流约束_neg_26_82],0.0
cons[线路潮流计算_27_82],0.0
cons[线路潮流约束_27_82],0.0
cons[线路潮流约束_neg_27_82],0.0
cons[线路潮流计算_28_82],0.0
cons[线路潮流约束_28_82],0.0
cons[线路潮流约束_neg_28_82],0.0
cons[线路潮流计算_29_82],0.0
cons[线路潮流约束_29_82],0.0
cons[线路潮流约束_neg_29_82],0.0
cons[线路潮流计算_30_82],0.0
cons[线路潮流约束_30_82],0.0
cons[线路潮流约束_neg_30_82],0.0
cons[线路潮流计算_31_82],0.0
cons[线路潮流约束_31_82],0.0
cons[线路潮流约束_neg_31_82],0.0
cons[线路潮流计算_32_82],0.0
cons[线路潮流约束_32_82],0.0
cons[线路潮流约束_neg_32_82],0.0
cons[线路潮流计算_33_82],0.0
cons[线路潮流约束_33_82],0.0
cons[线路潮流约束_neg_33_82],0.0
cons[线路潮流计算_34_82],0.0
cons[线路潮流约束_34_82],0.0
cons[线路潮流约束_neg_34_82],0.0
cons[线路潮流计算_35_82],0.0
cons[线路潮流约束_35_82],0.0
cons[线路潮流约束_neg_35_82],0.0
cons[线路潮流计算_36_82],0.0
cons[线路潮流约束_36_82],0.0
cons[线路潮流约束_neg_36_82],0.0
cons[线路潮流计算_37_82],0.0
cons[线路潮流约束_37_82],0.0
cons[线路潮流约束_neg_37_82],0.0
cons[线路潮流计算_38_82],0.0
cons[线路潮流约束_38_82],0.0
cons[线路潮流约束_neg_38_82],0.0
cons[线路潮流计算_39_82],0.0
cons[线路潮流约束_39_82],0.0
cons[线路潮流约束_neg_39_82],0.0
cons[线路潮流计算_40_82],0.0
cons[线路潮流约束_40_82],0.0
cons[线路潮流约束_neg_40_82],0.0
cons[线路潮流计算_41_82],0.0
cons[线路潮流约束_41_82],0.0
cons[线路潮流约束_neg_41_82],0.0
cons[线路潮流计算_42_82],0.0
cons[线路潮流约束_42_82],0.0
cons[线路潮流约束_neg_42_82],0.0
cons[线路潮流计算_43_82],0.0
cons[线路潮流约束_43_82],0.0
cons[线路潮流约束_neg_43_82],0.0
cons[线路潮流计算_44_82],0.0
cons[线路潮流约束_44_82],0.0
cons[线路潮流约束_neg_44_82],0.0
cons[线路潮流计算_45_82],0.0
cons[线路潮流约束_45_82],0.0
cons[线路潮流约束_neg_45_82],0.0
cons[线路潮流计算_46_82],0.0
cons[线路潮流约束_46_82],0.0
cons[线路潮流约束_neg_46_82],0.0
cons[线路潮流计算_47_82],0.0
cons[线路潮流约束_47_82],0.0
cons[线路潮流约束_neg_47_82],0.0
cons[线路潮流计算_48_82],0.0
cons[线路潮流约束_48_82],0.0
cons[线路潮流约束_neg_48_82],0.0
cons[线路潮流计算_49_82],0.0
cons[线路潮流约束_49_82],0.0
cons[线路潮流约束_neg_49_82],0.0
cons[线路潮流计算_50_82],0.0
cons[线路潮流约束_50_82],0.0
cons[线路潮流约束_neg_50_82],0.0
cons[线路潮流计算_51_82],0.0
cons[线路潮流约束_51_82],0.0
cons[线路潮流约束_neg_51_82],0.0
cons[线路潮流计算_52_82],0.0
cons[线路潮流约束_52_82],0.0
cons[线路潮流约束_neg_52_82],0.0
cons[线路潮流计算_53_82],0.0
cons[线路潮流约束_53_82],0.0
cons[线路潮流约束_neg_53_82],0.0
cons[线路潮流计算_54_82],0.0
cons[线路潮流约束_54_82],0.0
cons[线路潮流约束_neg_54_82],0.0
cons[线路潮流计算_55_82],0.0
cons[线路潮流约束_55_82],0.0
cons[线路潮流约束_neg_55_82],0.0
cons[线路潮流计算_56_82],0.0
cons[线路潮流约束_56_82],0.0
cons[线路潮流约束_neg_56_82],0.0
cons[线路潮流计算_57_82],0.0
cons[线路潮流约束_57_82],0.0
cons[线路潮流约束_neg_57_82],0.0
cons[线路潮流计算_58_82],0.0
cons[线路潮流约束_58_82],0.0
cons[线路潮流约束_neg_58_82],0.0
cons[线路潮流计算_59_82],0.0
cons[线路潮流约束_59_82],0.0
cons[线路潮流约束_neg_59_82],0.0
cons[线路潮流计算_60_82],0.0
cons[线路潮流约束_60_82],0.0
cons[线路潮流约束_neg_60_82],0.0
cons[线路潮流计算_61_82],0.0
cons[线路潮流约束_61_82],0.0
cons[线路潮流约束_neg_61_82],0.0
cons[线路潮流计算_62_82],0.0
cons[线路潮流约束_62_82],0.0
cons[线路潮流约束_neg_62_82],0.0
cons[线路潮流计算_63_82],0.0
cons[线路潮流约束_63_82],0.0
cons[线路潮流约束_neg_63_82],0.0
cons[线路潮流计算_64_82],0.0
cons[线路潮流约束_64_82],0.0
cons[线路潮流约束_neg_64_82],0.0
cons[线路潮流计算_65_82],0.0
cons[线路潮流约束_65_82],0.0
cons[线路潮流约束_neg_65_82],0.0
cons[线路潮流计算_66_82],0.0
cons[线路潮流约束_66_82],0.0
cons[线路潮流约束_neg_66_82],0.0
cons[线路潮流计算_67_82],0.0
cons[线路潮流约束_67_82],0.0
cons[线路潮流约束_neg_67_82],0.0
cons[线路潮流计算_68_82],0.0
cons[线路潮流约束_68_82],0.0
cons[线路潮流约束_neg_68_82],0.0
cons[线路潮流计算_69_82],0.0
cons[线路潮流约束_69_82],0.0
cons[线路潮流约束_neg_69_82],0.0
cons[线路潮流计算_70_82],0.0
cons[线路潮流约束_70_82],0.0
cons[线路潮流约束_neg_70_82],0.0
cons[线路潮流计算_71_82],0.0
cons[线路潮流约束_71_82],0.0
cons[线路潮流约束_neg_71_82],0.0
cons[线路潮流计算_72_82],0.0
cons[线路潮流约束_72_82],0.0
cons[线路潮流约束_neg_72_82],0.0
cons[线路潮流计算_73_82],0.0
cons[线路潮流约束_73_82],0.0
cons[线路潮流约束_neg_73_82],0.0
cons[线路潮流计算_74_82],0.0
cons[线路潮流约束_74_82],0.0
cons[线路潮流约束_neg_74_82],0.0
cons[线路潮流计算_75_82],0.0
cons[线路潮流约束_75_82],0.0
cons[线路潮流约束_neg_75_82],0.0
cons[线路潮流计算_76_82],0.0
cons[线路潮流约束_76_82],0.0
cons[线路潮流约束_neg_76_82],0.0
cons[正备用约束_82],0.0
cons[负备用约束_82],0.0
cons[系统功率平衡约束_83],-6164.157999999999
cons[线路潮流计算_0_83],0.0
cons[线路潮流约束_0_83],0.0
cons[线路潮流约束_neg_0_83],0.0
cons[线路潮流计算_1_83],0.0
cons[线路潮流约束_1_83],0.0
cons[线路潮流约束_neg_1_83],0.0
cons[线路潮流计算_2_83],0.0
cons[线路潮流约束_2_83],0.0
cons[线路潮流约束_neg_2_83],0.0
cons[线路潮流计算_3_83],0.0
cons[线路潮流约束_3_83],0.0
cons[线路潮流约束_neg_3_83],0.0
cons[线路潮流计算_4_83],0.0
cons[线路潮流约束_4_83],0.0
cons[线路潮流约束_neg_4_83],0.0
cons[线路潮流计算_5_83],0.0
cons[线路潮流约束_5_83],0.0
cons[线路潮流约束_neg_5_83],0.0
cons[线路潮流计算_6_83],0.0
cons[线路潮流约束_6_83],0.0
cons[线路潮流约束_neg_6_83],0.0
cons[线路潮流计算_7_83],0.0
cons[线路潮流约束_7_83],0.0
cons[线路潮流约束_neg_7_83],0.0
cons[线路潮流计算_8_83],0.0
cons[线路潮流约束_8_83],0.0
cons[线路潮流约束_neg_8_83],0.0
cons[线路潮流计算_9_83],0.0
cons[线路潮流约束_9_83],0.0
cons[线路潮流约束_neg_9_83],0.0
cons[线路潮流计算_10_83],0.0
cons[线路潮流约束_10_83],0.0
cons[线路潮流约束_neg_10_83],0.0
cons[线路潮流计算_11_83],0.0
cons[线路潮流约束_11_83],0.0
cons[线路潮流约束_neg_11_83],0.0
cons[线路潮流计算_12_83],0.0
cons[线路潮流约束_12_83],0.0
cons[线路潮流约束_neg_12_83],0.0
cons[线路潮流计算_13_83],0.0
cons[线路潮流约束_13_83],0.0
cons[线路潮流约束_neg_13_83],0.0
cons[线路潮流计算_14_83],0.0
cons[线路潮流约束_14_83],0.0
cons[线路潮流约束_neg_14_83],0.0
cons[线路潮流计算_15_83],0.0
cons[线路潮流约束_15_83],0.0
cons[线路潮流约束_neg_15_83],0.0
cons[线路潮流计算_16_83],0.0
cons[线路潮流约束_16_83],0.0
cons[线路潮流约束_neg_16_83],0.0
cons[线路潮流计算_17_83],0.0
cons[线路潮流约束_17_83],0.0
cons[线路潮流约束_neg_17_83],0.0
cons[线路潮流计算_18_83],0.0
cons[线路潮流约束_18_83],0.0
cons[线路潮流约束_neg_18_83],0.0
cons[线路潮流计算_19_83],0.0
cons[线路潮流约束_19_83],0.0
cons[线路潮流约束_neg_19_83],0.0
cons[线路潮流计算_20_83],0.0
cons[线路潮流约束_20_83],0.0
cons[线路潮流约束_neg_20_83],0.0
cons[线路潮流计算_21_83],0.0
cons[线路潮流约束_21_83],0.0
cons[线路潮流约束_neg_21_83],0.0
cons[线路潮流计算_22_83],0.0
cons[线路潮流约束_22_83],0.0
cons[线路潮流约束_neg_22_83],0.0
cons[线路潮流计算_23_83],0.0
cons[线路潮流约束_23_83],0.0
cons[线路潮流约束_neg_23_83],0.0
cons[线路潮流计算_24_83],0.0
cons[线路潮流约束_24_83],0.0
cons[线路潮流约束_neg_24_83],0.0
cons[线路潮流计算_25_83],0.0
cons[线路潮流约束_25_83],0.0
cons[线路潮流约束_neg_25_83],0.0
cons[线路潮流计算_26_83],0.0
cons[线路潮流约束_26_83],0.0
cons[线路潮流约束_neg_26_83],0.0
cons[线路潮流计算_27_83],0.0
cons[线路潮流约束_27_83],0.0
cons[线路潮流约束_neg_27_83],0.0
cons[线路潮流计算_28_83],0.0
cons[线路潮流约束_28_83],0.0
cons[线路潮流约束_neg_28_83],0.0
cons[线路潮流计算_29_83],0.0
cons[线路潮流约束_29_83],0.0
cons[线路潮流约束_neg_29_83],0.0
cons[线路潮流计算_30_83],0.0
cons[线路潮流约束_30_83],0.0
cons[线路潮流约束_neg_30_83],0.0
cons[线路潮流计算_31_83],0.0
cons[线路潮流约束_31_83],0.0
cons[线路潮流约束_neg_31_83],0.0
cons[线路潮流计算_32_83],0.0
cons[线路潮流约束_32_83],0.0
cons[线路潮流约束_neg_32_83],0.0
cons[线路潮流计算_33_83],0.0
cons[线路潮流约束_33_83],0.0
cons[线路潮流约束_neg_33_83],0.0
cons[线路潮流计算_34_83],0.0
cons[线路潮流约束_34_83],0.0
cons[线路潮流约束_neg_34_83],0.0
cons[线路潮流计算_35_83],0.0
cons[线路潮流约束_35_83],0.0
cons[线路潮流约束_neg_35_83],0.0
cons[线路潮流计算_36_83],0.0
cons[线路潮流约束_36_83],0.0
cons[线路潮流约束_neg_36_83],0.0
cons[线路潮流计算_37_83],0.0
cons[线路潮流约束_37_83],0.0
cons[线路潮流约束_neg_37_83],0.0
cons[线路潮流计算_38_83],0.0
cons[线路潮流约束_38_83],0.0
cons[线路潮流约束_neg_38_83],0.0
cons[线路潮流计算_39_83],0.0
cons[线路潮流约束_39_83],0.0
cons[线路潮流约束_neg_39_83],0.0
cons[线路潮流计算_40_83],0.0
cons[线路潮流约束_40_83],0.0
cons[线路潮流约束_neg_40_83],0.0
cons[线路潮流计算_41_83],0.0
cons[线路潮流约束_41_83],0.0
cons[线路潮流约束_neg_41_83],0.0
cons[线路潮流计算_42_83],0.0
cons[线路潮流约束_42_83],0.0
cons[线路潮流约束_neg_42_83],0.0
cons[线路潮流计算_43_83],0.0
cons[线路潮流约束_43_83],0.0
cons[线路潮流约束_neg_43_83],0.0
cons[线路潮流计算_44_83],0.0
cons[线路潮流约束_44_83],0.0
cons[线路潮流约束_neg_44_83],0.0
cons[线路潮流计算_45_83],0.0
cons[线路潮流约束_45_83],0.0
cons[线路潮流约束_neg_45_83],0.0
cons[线路潮流计算_46_83],0.0
cons[线路潮流约束_46_83],0.0
cons[线路潮流约束_neg_46_83],0.0
cons[线路潮流计算_47_83],0.0
cons[线路潮流约束_47_83],0.0
cons[线路潮流约束_neg_47_83],0.0
cons[线路潮流计算_48_83],0.0
cons[线路潮流约束_48_83],0.0
cons[线路潮流约束_neg_48_83],0.0
cons[线路潮流计算_49_83],0.0
cons[线路潮流约束_49_83],0.0
cons[线路潮流约束_neg_49_83],0.0
cons[线路潮流计算_50_83],0.0
cons[线路潮流约束_50_83],0.0
cons[线路潮流约束_neg_50_83],0.0
cons[线路潮流计算_51_83],0.0
cons[线路潮流约束_51_83],0.0
cons[线路潮流约束_neg_51_83],0.0
cons[线路潮流计算_52_83],0.0
cons[线路潮流约束_52_83],0.0
cons[线路潮流约束_neg_52_83],0.0
cons[线路潮流计算_53_83],0.0
cons[线路潮流约束_53_83],0.0
cons[线路潮流约束_neg_53_83],0.0
cons[线路潮流计算_54_83],0.0
cons[线路潮流约束_54_83],0.0
cons[线路潮流约束_neg_54_83],0.0
cons[线路潮流计算_55_83],0.0
cons[线路潮流约束_55_83],0.0
cons[线路潮流约束_neg_55_83],0.0
cons[线路潮流计算_56_83],0.0
cons[线路潮流约束_56_83],0.0
cons[线路潮流约束_neg_56_83],0.0
cons[线路潮流计算_57_83],0.0
cons[线路潮流约束_57_83],0.0
cons[线路潮流约束_neg_57_83],0.0
cons[线路潮流计算_58_83],0.0
cons[线路潮流约束_58_83],0.0
cons[线路潮流约束_neg_58_83],0.0
cons[线路潮流计算_59_83],0.0
cons[线路潮流约束_59_83],0.0
cons[线路潮流约束_neg_59_83],0.0
cons[线路潮流计算_60_83],0.0
cons[线路潮流约束_60_83],0.0
cons[线路潮流约束_neg_60_83],0.0
cons[线路潮流计算_61_83],0.0
cons[线路潮流约束_61_83],0.0
cons[线路潮流约束_neg_61_83],0.0
cons[线路潮流计算_62_83],0.0
cons[线路潮流约束_62_83],0.0
cons[线路潮流约束_neg_62_83],0.0
cons[线路潮流计算_63_83],0.0
cons[线路潮流约束_63_83],0.0
cons[线路潮流约束_neg_63_83],0.0
cons[线路潮流计算_64_83],0.0
cons[线路潮流约束_64_83],0.0
cons[线路潮流约束_neg_64_83],0.0
cons[线路潮流计算_65_83],0.0
cons[线路潮流约束_65_83],0.0
cons[线路潮流约束_neg_65_83],0.0
cons[线路潮流计算_66_83],0.0
cons[线路潮流约束_66_83],0.0
cons[线路潮流约束_neg_66_83],0.0
cons[线路潮流计算_67_83],0.0
cons[线路潮流约束_67_83],0.0
cons[线路潮流约束_neg_67_83],0.0
cons[线路潮流计算_68_83],0.0
cons[线路潮流约束_68_83],0.0
cons[线路潮流约束_neg_68_83],0.0
cons[线路潮流计算_69_83],0.0
cons[线路潮流约束_69_83],0.0
cons[线路潮流约束_neg_69_83],0.0
cons[线路潮流计算_70_83],0.0
cons[线路潮流约束_70_83],0.0
cons[线路潮流约束_neg_70_83],0.0
cons[线路潮流计算_71_83],0.0
cons[线路潮流约束_71_83],0.0
cons[线路潮流约束_neg_71_83],0.0
cons[线路潮流计算_72_83],0.0
cons[线路潮流约束_72_83],0.0
cons[线路潮流约束_neg_72_83],0.0
cons[线路潮流计算_73_83],0.0
cons[线路潮流约束_73_83],0.0
cons[线路潮流约束_neg_73_83],0.0
cons[线路潮流计算_74_83],0.0
cons[线路潮流约束_74_83],0.0
cons[线路潮流约束_neg_74_83],0.0
cons[线路潮流计算_75_83],0.0
cons[线路潮流约束_75_83],0.0
cons[线路潮流约束_neg_75_83],0.0
cons[线路潮流计算_76_83],0.0
cons[线路潮流约束_76_83],0.0
cons[线路潮流约束_neg_76_83],0.0
cons[正备用约束_83],0.0
cons[负备用约束_83],0.0
cons[系统功率平衡约束_84],-6164.157999999999
cons[线路潮流计算_0_84],0.0
cons[线路潮流约束_0_84],0.0
cons[线路潮流约束_neg_0_84],0.0
cons[线路潮流计算_1_84],0.0
cons[线路潮流约束_1_84],0.0
cons[线路潮流约束_neg_1_84],0.0
cons[线路潮流计算_2_84],0.0
cons[线路潮流约束_2_84],0.0
cons[线路潮流约束_neg_2_84],0.0
cons[线路潮流计算_3_84],0.0
cons[线路潮流约束_3_84],0.0
cons[线路潮流约束_neg_3_84],0.0
cons[线路潮流计算_4_84],0.0
cons[线路潮流约束_4_84],0.0
cons[线路潮流约束_neg_4_84],0.0
cons[线路潮流计算_5_84],0.0
cons[线路潮流约束_5_84],0.0
cons[线路潮流约束_neg_5_84],0.0
cons[线路潮流计算_6_84],0.0
cons[线路潮流约束_6_84],0.0
cons[线路潮流约束_neg_6_84],0.0
cons[线路潮流计算_7_84],0.0
cons[线路潮流约束_7_84],0.0
cons[线路潮流约束_neg_7_84],0.0
cons[线路潮流计算_8_84],0.0
cons[线路潮流约束_8_84],0.0
cons[线路潮流约束_neg_8_84],0.0
cons[线路潮流计算_9_84],0.0
cons[线路潮流约束_9_84],0.0
cons[线路潮流约束_neg_9_84],0.0
cons[线路潮流计算_10_84],0.0
cons[线路潮流约束_10_84],0.0
cons[线路潮流约束_neg_10_84],0.0
cons[线路潮流计算_11_84],0.0
cons[线路潮流约束_11_84],0.0
cons[线路潮流约束_neg_11_84],0.0
cons[线路潮流计算_12_84],0.0
cons[线路潮流约束_12_84],0.0
cons[线路潮流约束_neg_12_84],0.0
cons[线路潮流计算_13_84],0.0
cons[线路潮流约束_13_84],0.0
cons[线路潮流约束_neg_13_84],0.0
cons[线路潮流计算_14_84],0.0
cons[线路潮流约束_14_84],0.0
cons[线路潮流约束_neg_14_84],0.0
cons[线路潮流计算_15_84],0.0
cons[线路潮流约束_15_84],0.0
cons[线路潮流约束_neg_15_84],0.0
cons[线路潮流计算_16_84],0.0
cons[线路潮流约束_16_84],0.0
cons[线路潮流约束_neg_16_84],0.0
cons[线路潮流计算_17_84],0.0
cons[线路潮流约束_17_84],0.0
cons[线路潮流约束_neg_17_84],0.0
cons[线路潮流计算_18_84],0.0
cons[线路潮流约束_18_84],0.0
cons[线路潮流约束_neg_18_84],0.0
cons[线路潮流计算_19_84],0.0
cons[线路潮流约束_19_84],0.0
cons[线路潮流约束_neg_19_84],0.0
cons[线路潮流计算_20_84],0.0
cons[线路潮流约束_20_84],0.0
cons[线路潮流约束_neg_20_84],0.0
cons[线路潮流计算_21_84],0.0
cons[线路潮流约束_21_84],0.0
cons[线路潮流约束_neg_21_84],0.0
cons[线路潮流计算_22_84],0.0
cons[线路潮流约束_22_84],0.0
cons[线路潮流约束_neg_22_84],0.0
cons[线路潮流计算_23_84],0.0
cons[线路潮流约束_23_84],0.0
cons[线路潮流约束_neg_23_84],0.0
cons[线路潮流计算_24_84],0.0
cons[线路潮流约束_24_84],0.0
cons[线路潮流约束_neg_24_84],0.0
cons[线路潮流计算_25_84],0.0
cons[线路潮流约束_25_84],0.0
cons[线路潮流约束_neg_25_84],0.0
cons[线路潮流计算_26_84],0.0
cons[线路潮流约束_26_84],0.0
cons[线路潮流约束_neg_26_84],0.0
cons[线路潮流计算_27_84],0.0
cons[线路潮流约束_27_84],0.0
cons[线路潮流约束_neg_27_84],0.0
cons[线路潮流计算_28_84],0.0
cons[线路潮流约束_28_84],0.0
cons[线路潮流约束_neg_28_84],0.0
cons[线路潮流计算_29_84],0.0
cons[线路潮流约束_29_84],0.0
cons[线路潮流约束_neg_29_84],0.0
cons[线路潮流计算_30_84],0.0
cons[线路潮流约束_30_84],0.0
cons[线路潮流约束_neg_30_84],0.0
cons[线路潮流计算_31_84],0.0
cons[线路潮流约束_31_84],0.0
cons[线路潮流约束_neg_31_84],0.0
cons[线路潮流计算_32_84],0.0
cons[线路潮流约束_32_84],0.0
cons[线路潮流约束_neg_32_84],0.0
cons[线路潮流计算_33_84],0.0
cons[线路潮流约束_33_84],0.0
cons[线路潮流约束_neg_33_84],0.0
cons[线路潮流计算_34_84],0.0
cons[线路潮流约束_34_84],0.0
cons[线路潮流约束_neg_34_84],0.0
cons[线路潮流计算_35_84],0.0
cons[线路潮流约束_35_84],0.0
cons[线路潮流约束_neg_35_84],0.0
cons[线路潮流计算_36_84],0.0
cons[线路潮流约束_36_84],0.0
cons[线路潮流约束_neg_36_84],0.0
cons[线路潮流计算_37_84],0.0
cons[线路潮流约束_37_84],0.0
cons[线路潮流约束_neg_37_84],0.0
cons[线路潮流计算_38_84],0.0
cons[线路潮流约束_38_84],0.0
cons[线路潮流约束_neg_38_84],0.0
cons[线路潮流计算_39_84],0.0
cons[线路潮流约束_39_84],0.0
cons[线路潮流约束_neg_39_84],0.0
cons[线路潮流计算_40_84],0.0
cons[线路潮流约束_40_84],0.0
cons[线路潮流约束_neg_40_84],0.0
cons[线路潮流计算_41_84],0.0
cons[线路潮流约束_41_84],0.0
cons[线路潮流约束_neg_41_84],0.0
cons[线路潮流计算_42_84],0.0
cons[线路潮流约束_42_84],0.0
cons[线路潮流约束_neg_42_84],0.0
cons[线路潮流计算_43_84],0.0
cons[线路潮流约束_43_84],0.0
cons[线路潮流约束_neg_43_84],0.0
cons[线路潮流计算_44_84],0.0
cons[线路潮流约束_44_84],0.0
cons[线路潮流约束_neg_44_84],0.0
cons[线路潮流计算_45_84],0.0
cons[线路潮流约束_45_84],0.0
cons[线路潮流约束_neg_45_84],0.0
cons[线路潮流计算_46_84],0.0
cons[线路潮流约束_46_84],0.0
cons[线路潮流约束_neg_46_84],0.0
cons[线路潮流计算_47_84],0.0
cons[线路潮流约束_47_84],0.0
cons[线路潮流约束_neg_47_84],0.0
cons[线路潮流计算_48_84],0.0
cons[线路潮流约束_48_84],0.0
cons[线路潮流约束_neg_48_84],0.0
cons[线路潮流计算_49_84],0.0
cons[线路潮流约束_49_84],0.0
cons[线路潮流约束_neg_49_84],0.0
cons[线路潮流计算_50_84],0.0
cons[线路潮流约束_50_84],0.0
cons[线路潮流约束_neg_50_84],0.0
cons[线路潮流计算_51_84],0.0
cons[线路潮流约束_51_84],0.0
cons[线路潮流约束_neg_51_84],0.0
cons[线路潮流计算_52_84],0.0
cons[线路潮流约束_52_84],0.0
cons[线路潮流约束_neg_52_84],0.0
cons[线路潮流计算_53_84],0.0
cons[线路潮流约束_53_84],0.0
cons[线路潮流约束_neg_53_84],0.0
cons[线路潮流计算_54_84],0.0
cons[线路潮流约束_54_84],0.0
cons[线路潮流约束_neg_54_84],0.0
cons[线路潮流计算_55_84],0.0
cons[线路潮流约束_55_84],0.0
cons[线路潮流约束_neg_55_84],0.0
cons[线路潮流计算_56_84],0.0
cons[线路潮流约束_56_84],0.0
cons[线路潮流约束_neg_56_84],0.0
cons[线路潮流计算_57_84],0.0
cons[线路潮流约束_57_84],0.0
cons[线路潮流约束_neg_57_84],0.0
cons[线路潮流计算_58_84],0.0
cons[线路潮流约束_58_84],0.0
cons[线路潮流约束_neg_58_84],0.0
cons[线路潮流计算_59_84],0.0
cons[线路潮流约束_59_84],0.0
cons[线路潮流约束_neg_59_84],0.0
cons[线路潮流计算_60_84],0.0
cons[线路潮流约束_60_84],0.0
cons[线路潮流约束_neg_60_84],0.0
cons[线路潮流计算_61_84],0.0
cons[线路潮流约束_61_84],0.0
cons[线路潮流约束_neg_61_84],0.0
cons[线路潮流计算_62_84],0.0
cons[线路潮流约束_62_84],0.0
cons[线路潮流约束_neg_62_84],0.0
cons[线路潮流计算_63_84],0.0
cons[线路潮流约束_63_84],0.0
cons[线路潮流约束_neg_63_84],0.0
cons[线路潮流计算_64_84],0.0
cons[线路潮流约束_64_84],0.0
cons[线路潮流约束_neg_64_84],0.0
cons[线路潮流计算_65_84],0.0
cons[线路潮流约束_65_84],0.0
cons[线路潮流约束_neg_65_84],0.0
cons[线路潮流计算_66_84],0.0
cons[线路潮流约束_66_84],0.0
cons[线路潮流约束_neg_66_84],0.0
cons[线路潮流计算_67_84],0.0
cons[线路潮流约束_67_84],0.0
cons[线路潮流约束_neg_67_84],0.0
cons[线路潮流计算_68_84],0.0
cons[线路潮流约束_68_84],0.0
cons[线路潮流约束_neg_68_84],0.0
cons[线路潮流计算_69_84],0.0
cons[线路潮流约束_69_84],0.0
cons[线路潮流约束_neg_69_84],0.0
cons[线路潮流计算_70_84],0.0
cons[线路潮流约束_70_84],0.0
cons[线路潮流约束_neg_70_84],0.0
cons[线路潮流计算_71_84],0.0
cons[线路潮流约束_71_84],0.0
cons[线路潮流约束_neg_71_84],0.0
cons[线路潮流计算_72_84],0.0
cons[线路潮流约束_72_84],0.0
cons[线路潮流约束_neg_72_84],0.0
cons[线路潮流计算_73_84],0.0
cons[线路潮流约束_73_84],0.0
cons[线路潮流约束_neg_73_84],0.0
cons[线路潮流计算_74_84],0.0
cons[线路潮流约束_74_84],0.0
cons[线路潮流约束_neg_74_84],0.0
cons[线路潮流计算_75_84],0.0
cons[线路潮流约束_75_84],0.0
cons[线路潮流约束_neg_75_84],0.0
cons[线路潮流计算_76_84],0.0
cons[线路潮流约束_76_84],0.0
cons[线路潮流约束_neg_76_84],0.0
cons[正备用约束_84],0.0
cons[负备用约束_84],0.0
cons[系统功率平衡约束_85],-6164.157999999999
cons[线路潮流计算_0_85],0.0
cons[线路潮流约束_0_85],0.0
cons[线路潮流约束_neg_0_85],0.0
cons[线路潮流计算_1_85],0.0
cons[线路潮流约束_1_85],0.0
cons[线路潮流约束_neg_1_85],0.0
cons[线路潮流计算_2_85],0.0
cons[线路潮流约束_2_85],0.0
cons[线路潮流约束_neg_2_85],0.0
cons[线路潮流计算_3_85],0.0
cons[线路潮流约束_3_85],0.0
cons[线路潮流约束_neg_3_85],0.0
cons[线路潮流计算_4_85],0.0
cons[线路潮流约束_4_85],0.0
cons[线路潮流约束_neg_4_85],0.0
cons[线路潮流计算_5_85],0.0
cons[线路潮流约束_5_85],0.0
cons[线路潮流约束_neg_5_85],0.0
cons[线路潮流计算_6_85],0.0
cons[线路潮流约束_6_85],0.0
cons[线路潮流约束_neg_6_85],0.0
cons[线路潮流计算_7_85],0.0
cons[线路潮流约束_7_85],0.0
cons[线路潮流约束_neg_7_85],0.0
cons[线路潮流计算_8_85],0.0
cons[线路潮流约束_8_85],0.0
cons[线路潮流约束_neg_8_85],0.0
cons[线路潮流计算_9_85],0.0
cons[线路潮流约束_9_85],0.0
cons[线路潮流约束_neg_9_85],0.0
cons[线路潮流计算_10_85],0.0
cons[线路潮流约束_10_85],0.0
cons[线路潮流约束_neg_10_85],0.0
cons[线路潮流计算_11_85],0.0
cons[线路潮流约束_11_85],0.0
cons[线路潮流约束_neg_11_85],0.0
cons[线路潮流计算_12_85],0.0
cons[线路潮流约束_12_85],0.0
cons[线路潮流约束_neg_12_85],0.0
cons[线路潮流计算_13_85],0.0
cons[线路潮流约束_13_85],0.0
cons[线路潮流约束_neg_13_85],0.0
cons[线路潮流计算_14_85],0.0
cons[线路潮流约束_14_85],0.0
cons[线路潮流约束_neg_14_85],0.0
cons[线路潮流计算_15_85],0.0
cons[线路潮流约束_15_85],0.0
cons[线路潮流约束_neg_15_85],0.0
cons[线路潮流计算_16_85],0.0
cons[线路潮流约束_16_85],0.0
cons[线路潮流约束_neg_16_85],0.0
cons[线路潮流计算_17_85],0.0
cons[线路潮流约束_17_85],0.0
cons[线路潮流约束_neg_17_85],0.0
cons[线路潮流计算_18_85],0.0
cons[线路潮流约束_18_85],0.0
cons[线路潮流约束_neg_18_85],0.0
cons[线路潮流计算_19_85],0.0
cons[线路潮流约束_19_85],0.0
cons[线路潮流约束_neg_19_85],0.0
cons[线路潮流计算_20_85],0.0
cons[线路潮流约束_20_85],0.0
cons[线路潮流约束_neg_20_85],0.0
cons[线路潮流计算_21_85],0.0
cons[线路潮流约束_21_85],0.0
cons[线路潮流约束_neg_21_85],0.0
cons[线路潮流计算_22_85],0.0
cons[线路潮流约束_22_85],0.0
cons[线路潮流约束_neg_22_85],0.0
cons[线路潮流计算_23_85],0.0
cons[线路潮流约束_23_85],0.0
cons[线路潮流约束_neg_23_85],0.0
cons[线路潮流计算_24_85],0.0
cons[线路潮流约束_24_85],0.0
cons[线路潮流约束_neg_24_85],0.0
cons[线路潮流计算_25_85],0.0
cons[线路潮流约束_25_85],0.0
cons[线路潮流约束_neg_25_85],0.0
cons[线路潮流计算_26_85],0.0
cons[线路潮流约束_26_85],0.0
cons[线路潮流约束_neg_26_85],0.0
cons[线路潮流计算_27_85],0.0
cons[线路潮流约束_27_85],0.0
cons[线路潮流约束_neg_27_85],0.0
cons[线路潮流计算_28_85],0.0
cons[线路潮流约束_28_85],0.0
cons[线路潮流约束_neg_28_85],0.0
cons[线路潮流计算_29_85],0.0
cons[线路潮流约束_29_85],0.0
cons[线路潮流约束_neg_29_85],0.0
cons[线路潮流计算_30_85],0.0
cons[线路潮流约束_30_85],0.0
cons[线路潮流约束_neg_30_85],0.0
cons[线路潮流计算_31_85],0.0
cons[线路潮流约束_31_85],0.0
cons[线路潮流约束_neg_31_85],0.0
cons[线路潮流计算_32_85],0.0
cons[线路潮流约束_32_85],0.0
cons[线路潮流约束_neg_32_85],0.0
cons[线路潮流计算_33_85],0.0
cons[线路潮流约束_33_85],0.0
cons[线路潮流约束_neg_33_85],0.0
cons[线路潮流计算_34_85],0.0
cons[线路潮流约束_34_85],0.0
cons[线路潮流约束_neg_34_85],0.0
cons[线路潮流计算_35_85],0.0
cons[线路潮流约束_35_85],0.0
cons[线路潮流约束_neg_35_85],0.0
cons[线路潮流计算_36_85],0.0
cons[线路潮流约束_36_85],0.0
cons[线路潮流约束_neg_36_85],0.0
cons[线路潮流计算_37_85],0.0
cons[线路潮流约束_37_85],0.0
cons[线路潮流约束_neg_37_85],0.0
cons[线路潮流计算_38_85],0.0
cons[线路潮流约束_38_85],0.0
cons[线路潮流约束_neg_38_85],0.0
cons[线路潮流计算_39_85],0.0
cons[线路潮流约束_39_85],0.0
cons[线路潮流约束_neg_39_85],0.0
cons[线路潮流计算_40_85],0.0
cons[线路潮流约束_40_85],0.0
cons[线路潮流约束_neg_40_85],0.0
cons[线路潮流计算_41_85],0.0
cons[线路潮流约束_41_85],0.0
cons[线路潮流约束_neg_41_85],0.0
cons[线路潮流计算_42_85],0.0
cons[线路潮流约束_42_85],0.0
cons[线路潮流约束_neg_42_85],0.0
cons[线路潮流计算_43_85],0.0
cons[线路潮流约束_43_85],0.0
cons[线路潮流约束_neg_43_85],0.0
cons[线路潮流计算_44_85],0.0
cons[线路潮流约束_44_85],0.0
cons[线路潮流约束_neg_44_85],0.0
cons[线路潮流计算_45_85],0.0
cons[线路潮流约束_45_85],0.0
cons[线路潮流约束_neg_45_85],0.0
cons[线路潮流计算_46_85],0.0
cons[线路潮流约束_46_85],0.0
cons[线路潮流约束_neg_46_85],0.0
cons[线路潮流计算_47_85],0.0
cons[线路潮流约束_47_85],0.0
cons[线路潮流约束_neg_47_85],0.0
cons[线路潮流计算_48_85],0.0
cons[线路潮流约束_48_85],0.0
cons[线路潮流约束_neg_48_85],0.0
cons[线路潮流计算_49_85],0.0
cons[线路潮流约束_49_85],0.0
cons[线路潮流约束_neg_49_85],0.0
cons[线路潮流计算_50_85],0.0
cons[线路潮流约束_50_85],0.0
cons[线路潮流约束_neg_50_85],0.0
cons[线路潮流计算_51_85],0.0
cons[线路潮流约束_51_85],0.0
cons[线路潮流约束_neg_51_85],0.0
cons[线路潮流计算_52_85],0.0
cons[线路潮流约束_52_85],0.0
cons[线路潮流约束_neg_52_85],0.0
cons[线路潮流计算_53_85],0.0
cons[线路潮流约束_53_85],0.0
cons[线路潮流约束_neg_53_85],0.0
cons[线路潮流计算_54_85],0.0
cons[线路潮流约束_54_85],0.0
cons[线路潮流约束_neg_54_85],0.0
cons[线路潮流计算_55_85],0.0
cons[线路潮流约束_55_85],0.0
cons[线路潮流约束_neg_55_85],0.0
cons[线路潮流计算_56_85],0.0
cons[线路潮流约束_56_85],0.0
cons[线路潮流约束_neg_56_85],0.0
cons[线路潮流计算_57_85],0.0
cons[线路潮流约束_57_85],0.0
cons[线路潮流约束_neg_57_85],0.0
cons[线路潮流计算_58_85],0.0
cons[线路潮流约束_58_85],0.0
cons[线路潮流约束_neg_58_85],0.0
cons[线路潮流计算_59_85],0.0
cons[线路潮流约束_59_85],0.0
cons[线路潮流约束_neg_59_85],0.0
cons[线路潮流计算_60_85],0.0
cons[线路潮流约束_60_85],0.0
cons[线路潮流约束_neg_60_85],0.0
cons[线路潮流计算_61_85],0.0
cons[线路潮流约束_61_85],0.0
cons[线路潮流约束_neg_61_85],0.0
cons[线路潮流计算_62_85],0.0
cons[线路潮流约束_62_85],0.0
cons[线路潮流约束_neg_62_85],0.0
cons[线路潮流计算_63_85],0.0
cons[线路潮流约束_63_85],0.0
cons[线路潮流约束_neg_63_85],0.0
cons[线路潮流计算_64_85],0.0
cons[线路潮流约束_64_85],0.0
cons[线路潮流约束_neg_64_85],0.0
cons[线路潮流计算_65_85],0.0
cons[线路潮流约束_65_85],0.0
cons[线路潮流约束_neg_65_85],0.0
cons[线路潮流计算_66_85],0.0
cons[线路潮流约束_66_85],0.0
cons[线路潮流约束_neg_66_85],0.0
cons[线路潮流计算_67_85],0.0
cons[线路潮流约束_67_85],0.0
cons[线路潮流约束_neg_67_85],0.0
cons[线路潮流计算_68_85],0.0
cons[线路潮流约束_68_85],0.0
cons[线路潮流约束_neg_68_85],0.0
cons[线路潮流计算_69_85],0.0
cons[线路潮流约束_69_85],0.0
cons[线路潮流约束_neg_69_85],0.0
cons[线路潮流计算_70_85],0.0
cons[线路潮流约束_70_85],0.0
cons[线路潮流约束_neg_70_85],0.0
cons[线路潮流计算_71_85],0.0
cons[线路潮流约束_71_85],0.0
cons[线路潮流约束_neg_71_85],0.0
cons[线路潮流计算_72_85],0.0
cons[线路潮流约束_72_85],0.0
cons[线路潮流约束_neg_72_85],0.0
cons[线路潮流计算_73_85],0.0
cons[线路潮流约束_73_85],0.0
cons[线路潮流约束_neg_73_85],0.0
cons[线路潮流计算_74_85],0.0
cons[线路潮流约束_74_85],0.0
cons[线路潮流约束_neg_74_85],0.0
cons[线路潮流计算_75_85],0.0
cons[线路潮流约束_75_85],0.0
cons[线路潮流约束_neg_75_85],0.0
cons[线路潮流计算_76_85],0.0
cons[线路潮流约束_76_85],0.0
cons[线路潮流约束_neg_76_85],0.0
cons[正备用约束_85],0.0
cons[负备用约束_85],0.0
cons[系统功率平衡约束_86],-6164.157999999999
cons[线路潮流计算_0_86],0.0
cons[线路潮流约束_0_86],0.0
cons[线路潮流约束_neg_0_86],0.0
cons[线路潮流计算_1_86],0.0
cons[线路潮流约束_1_86],0.0
cons[线路潮流约束_neg_1_86],0.0
cons[线路潮流计算_2_86],0.0
cons[线路潮流约束_2_86],0.0
cons[线路潮流约束_neg_2_86],0.0
cons[线路潮流计算_3_86],0.0
cons[线路潮流约束_3_86],0.0
cons[线路潮流约束_neg_3_86],0.0
cons[线路潮流计算_4_86],0.0
cons[线路潮流约束_4_86],0.0
cons[线路潮流约束_neg_4_86],0.0
cons[线路潮流计算_5_86],0.0
cons[线路潮流约束_5_86],0.0
cons[线路潮流约束_neg_5_86],0.0
cons[线路潮流计算_6_86],0.0
cons[线路潮流约束_6_86],0.0
cons[线路潮流约束_neg_6_86],0.0
cons[线路潮流计算_7_86],0.0
cons[线路潮流约束_7_86],0.0
cons[线路潮流约束_neg_7_86],0.0
cons[线路潮流计算_8_86],0.0
cons[线路潮流约束_8_86],0.0
cons[线路潮流约束_neg_8_86],0.0
cons[线路潮流计算_9_86],0.0
cons[线路潮流约束_9_86],0.0
cons[线路潮流约束_neg_9_86],0.0
cons[线路潮流计算_10_86],0.0
cons[线路潮流约束_10_86],0.0
cons[线路潮流约束_neg_10_86],0.0
cons[线路潮流计算_11_86],0.0
cons[线路潮流约束_11_86],0.0
cons[线路潮流约束_neg_11_86],0.0
cons[线路潮流计算_12_86],0.0
cons[线路潮流约束_12_86],0.0
cons[线路潮流约束_neg_12_86],0.0
cons[线路潮流计算_13_86],0.0
cons[线路潮流约束_13_86],0.0
cons[线路潮流约束_neg_13_86],0.0
cons[线路潮流计算_14_86],0.0
cons[线路潮流约束_14_86],0.0
cons[线路潮流约束_neg_14_86],0.0
cons[线路潮流计算_15_86],0.0
cons[线路潮流约束_15_86],0.0
cons[线路潮流约束_neg_15_86],0.0
cons[线路潮流计算_16_86],0.0
cons[线路潮流约束_16_86],0.0
cons[线路潮流约束_neg_16_86],0.0
cons[线路潮流计算_17_86],0.0
cons[线路潮流约束_17_86],0.0
cons[线路潮流约束_neg_17_86],0.0
cons[线路潮流计算_18_86],0.0
cons[线路潮流约束_18_86],0.0
cons[线路潮流约束_neg_18_86],0.0
cons[线路潮流计算_19_86],0.0
cons[线路潮流约束_19_86],0.0
cons[线路潮流约束_neg_19_86],0.0
cons[线路潮流计算_20_86],0.0
cons[线路潮流约束_20_86],0.0
cons[线路潮流约束_neg_20_86],0.0
cons[线路潮流计算_21_86],0.0
cons[线路潮流约束_21_86],0.0
cons[线路潮流约束_neg_21_86],0.0
cons[线路潮流计算_22_86],0.0
cons[线路潮流约束_22_86],0.0
cons[线路潮流约束_neg_22_86],0.0
cons[线路潮流计算_23_86],0.0
cons[线路潮流约束_23_86],0.0
cons[线路潮流约束_neg_23_86],0.0
cons[线路潮流计算_24_86],0.0
cons[线路潮流约束_24_86],0.0
cons[线路潮流约束_neg_24_86],0.0
cons[线路潮流计算_25_86],0.0
cons[线路潮流约束_25_86],0.0
cons[线路潮流约束_neg_25_86],0.0
cons[线路潮流计算_26_86],0.0
cons[线路潮流约束_26_86],0.0
cons[线路潮流约束_neg_26_86],0.0
cons[线路潮流计算_27_86],0.0
cons[线路潮流约束_27_86],0.0
cons[线路潮流约束_neg_27_86],0.0
cons[线路潮流计算_28_86],0.0
cons[线路潮流约束_28_86],0.0
cons[线路潮流约束_neg_28_86],0.0
cons[线路潮流计算_29_86],0.0
cons[线路潮流约束_29_86],0.0
cons[线路潮流约束_neg_29_86],0.0
cons[线路潮流计算_30_86],0.0
cons[线路潮流约束_30_86],0.0
cons[线路潮流约束_neg_30_86],0.0
cons[线路潮流计算_31_86],0.0
cons[线路潮流约束_31_86],0.0
cons[线路潮流约束_neg_31_86],0.0
cons[线路潮流计算_32_86],0.0
cons[线路潮流约束_32_86],0.0
cons[线路潮流约束_neg_32_86],0.0
cons[线路潮流计算_33_86],0.0
cons[线路潮流约束_33_86],0.0
cons[线路潮流约束_neg_33_86],0.0
cons[线路潮流计算_34_86],0.0
cons[线路潮流约束_34_86],0.0
cons[线路潮流约束_neg_34_86],0.0
cons[线路潮流计算_35_86],0.0
cons[线路潮流约束_35_86],0.0
cons[线路潮流约束_neg_35_86],0.0
cons[线路潮流计算_36_86],0.0
cons[线路潮流约束_36_86],0.0
cons[线路潮流约束_neg_36_86],0.0
cons[线路潮流计算_37_86],0.0
cons[线路潮流约束_37_86],0.0
cons[线路潮流约束_neg_37_86],0.0
cons[线路潮流计算_38_86],0.0
cons[线路潮流约束_38_86],0.0
cons[线路潮流约束_neg_38_86],0.0
cons[线路潮流计算_39_86],0.0
cons[线路潮流约束_39_86],0.0
cons[线路潮流约束_neg_39_86],0.0
cons[线路潮流计算_40_86],0.0
cons[线路潮流约束_40_86],0.0
cons[线路潮流约束_neg_40_86],0.0
cons[线路潮流计算_41_86],0.0
cons[线路潮流约束_41_86],0.0
cons[线路潮流约束_neg_41_86],0.0
cons[线路潮流计算_42_86],0.0
cons[线路潮流约束_42_86],0.0
cons[线路潮流约束_neg_42_86],0.0
cons[线路潮流计算_43_86],0.0
cons[线路潮流约束_43_86],0.0
cons[线路潮流约束_neg_43_86],0.0
cons[线路潮流计算_44_86],0.0
cons[线路潮流约束_44_86],0.0
cons[线路潮流约束_neg_44_86],0.0
cons[线路潮流计算_45_86],0.0
cons[线路潮流约束_45_86],0.0
cons[线路潮流约束_neg_45_86],0.0
cons[线路潮流计算_46_86],0.0
cons[线路潮流约束_46_86],0.0
cons[线路潮流约束_neg_46_86],0.0
cons[线路潮流计算_47_86],0.0
cons[线路潮流约束_47_86],0.0
cons[线路潮流约束_neg_47_86],0.0
cons[线路潮流计算_48_86],0.0
cons[线路潮流约束_48_86],0.0
cons[线路潮流约束_neg_48_86],0.0
cons[线路潮流计算_49_86],0.0
cons[线路潮流约束_49_86],0.0
cons[线路潮流约束_neg_49_86],0.0
cons[线路潮流计算_50_86],0.0
cons[线路潮流约束_50_86],0.0
cons[线路潮流约束_neg_50_86],0.0
cons[线路潮流计算_51_86],0.0
cons[线路潮流约束_51_86],0.0
cons[线路潮流约束_neg_51_86],0.0
cons[线路潮流计算_52_86],0.0
cons[线路潮流约束_52_86],0.0
cons[线路潮流约束_neg_52_86],0.0
cons[线路潮流计算_53_86],0.0
cons[线路潮流约束_53_86],0.0
cons[线路潮流约束_neg_53_86],0.0
cons[线路潮流计算_54_86],0.0
cons[线路潮流约束_54_86],0.0
cons[线路潮流约束_neg_54_86],0.0
cons[线路潮流计算_55_86],0.0
cons[线路潮流约束_55_86],0.0
cons[线路潮流约束_neg_55_86],0.0
cons[线路潮流计算_56_86],0.0
cons[线路潮流约束_56_86],0.0
cons[线路潮流约束_neg_56_86],0.0
cons[线路潮流计算_57_86],0.0
cons[线路潮流约束_57_86],0.0
cons[线路潮流约束_neg_57_86],0.0
cons[线路潮流计算_58_86],0.0
cons[线路潮流约束_58_86],0.0
cons[线路潮流约束_neg_58_86],0.0
cons[线路潮流计算_59_86],0.0
cons[线路潮流约束_59_86],0.0
cons[线路潮流约束_neg_59_86],0.0
cons[线路潮流计算_60_86],0.0
cons[线路潮流约束_60_86],0.0
cons[线路潮流约束_neg_60_86],0.0
cons[线路潮流计算_61_86],0.0
cons[线路潮流约束_61_86],0.0
cons[线路潮流约束_neg_61_86],0.0
cons[线路潮流计算_62_86],0.0
cons[线路潮流约束_62_86],0.0
cons[线路潮流约束_neg_62_86],0.0
cons[线路潮流计算_63_86],0.0
cons[线路潮流约束_63_86],0.0
cons[线路潮流约束_neg_63_86],0.0
cons[线路潮流计算_64_86],0.0
cons[线路潮流约束_64_86],0.0
cons[线路潮流约束_neg_64_86],0.0
cons[线路潮流计算_65_86],0.0
cons[线路潮流约束_65_86],0.0
cons[线路潮流约束_neg_65_86],0.0
cons[线路潮流计算_66_86],0.0
cons[线路潮流约束_66_86],0.0
cons[线路潮流约束_neg_66_86],0.0
cons[线路潮流计算_67_86],0.0
cons[线路潮流约束_67_86],0.0
cons[线路潮流约束_neg_67_86],0.0
cons[线路潮流计算_68_86],0.0
cons[线路潮流约束_68_86],0.0
cons[线路潮流约束_neg_68_86],0.0
cons[线路潮流计算_69_86],0.0
cons[线路潮流约束_69_86],0.0
cons[线路潮流约束_neg_69_86],0.0
cons[线路潮流计算_70_86],0.0
cons[线路潮流约束_70_86],0.0
cons[线路潮流约束_neg_70_86],0.0
cons[线路潮流计算_71_86],0.0
cons[线路潮流约束_71_86],0.0
cons[线路潮流约束_neg_71_86],0.0
cons[线路潮流计算_72_86],0.0
cons[线路潮流约束_72_86],0.0
cons[线路潮流约束_neg_72_86],0.0
cons[线路潮流计算_73_86],0.0
cons[线路潮流约束_73_86],0.0
cons[线路潮流约束_neg_73_86],0.0
cons[线路潮流计算_74_86],0.0
cons[线路潮流约束_74_86],0.0
cons[线路潮流约束_neg_74_86],0.0
cons[线路潮流计算_75_86],0.0
cons[线路潮流约束_75_86],0.0
cons[线路潮流约束_neg_75_86],0.0
cons[线路潮流计算_76_86],0.0
cons[线路潮流约束_76_86],0.0
cons[线路潮流约束_neg_76_86],0.0
cons[正备用约束_86],0.0
cons[负备用约束_86],0.0
cons[系统功率平衡约束_87],-6154.057000000001
cons[线路潮流计算_0_87],0.0
cons[线路潮流约束_0_87],0.0
cons[线路潮流约束_neg_0_87],0.0
cons[线路潮流计算_1_87],0.0
cons[线路潮流约束_1_87],0.0
cons[线路潮流约束_neg_1_87],0.0
cons[线路潮流计算_2_87],0.0
cons[线路潮流约束_2_87],0.0
cons[线路潮流约束_neg_2_87],0.0
cons[线路潮流计算_3_87],0.0
cons[线路潮流约束_3_87],0.0
cons[线路潮流约束_neg_3_87],0.0
cons[线路潮流计算_4_87],0.0
cons[线路潮流约束_4_87],0.0
cons[线路潮流约束_neg_4_87],0.0
cons[线路潮流计算_5_87],0.0
cons[线路潮流约束_5_87],0.0
cons[线路潮流约束_neg_5_87],0.0
cons[线路潮流计算_6_87],0.0
cons[线路潮流约束_6_87],0.0
cons[线路潮流约束_neg_6_87],0.0
cons[线路潮流计算_7_87],0.0
cons[线路潮流约束_7_87],0.0
cons[线路潮流约束_neg_7_87],0.0
cons[线路潮流计算_8_87],0.0
cons[线路潮流约束_8_87],0.0
cons[线路潮流约束_neg_8_87],0.0
cons[线路潮流计算_9_87],0.0
cons[线路潮流约束_9_87],0.0
cons[线路潮流约束_neg_9_87],0.0
cons[线路潮流计算_10_87],0.0
cons[线路潮流约束_10_87],0.0
cons[线路潮流约束_neg_10_87],0.0
cons[线路潮流计算_11_87],0.0
cons[线路潮流约束_11_87],0.0
cons[线路潮流约束_neg_11_87],0.0
cons[线路潮流计算_12_87],0.0
cons[线路潮流约束_12_87],0.0
cons[线路潮流约束_neg_12_87],0.0
cons[线路潮流计算_13_87],0.0
cons[线路潮流约束_13_87],0.0
cons[线路潮流约束_neg_13_87],0.0
cons[线路潮流计算_14_87],0.0
cons[线路潮流约束_14_87],0.0
cons[线路潮流约束_neg_14_87],0.0
cons[线路潮流计算_15_87],0.0
cons[线路潮流约束_15_87],0.0
cons[线路潮流约束_neg_15_87],0.0
cons[线路潮流计算_16_87],0.0
cons[线路潮流约束_16_87],0.0
cons[线路潮流约束_neg_16_87],0.0
cons[线路潮流计算_17_87],0.0
cons[线路潮流约束_17_87],0.0
cons[线路潮流约束_neg_17_87],0.0
cons[线路潮流计算_18_87],0.0
cons[线路潮流约束_18_87],0.0
cons[线路潮流约束_neg_18_87],0.0
cons[线路潮流计算_19_87],0.0
cons[线路潮流约束_19_87],0.0
cons[线路潮流约束_neg_19_87],0.0
cons[线路潮流计算_20_87],0.0
cons[线路潮流约束_20_87],0.0
cons[线路潮流约束_neg_20_87],0.0
cons[线路潮流计算_21_87],0.0
cons[线路潮流约束_21_87],0.0
cons[线路潮流约束_neg_21_87],0.0
cons[线路潮流计算_22_87],0.0
cons[线路潮流约束_22_87],0.0
cons[线路潮流约束_neg_22_87],0.0
cons[线路潮流计算_23_87],0.0
cons[线路潮流约束_23_87],0.0
cons[线路潮流约束_neg_23_87],0.0
cons[线路潮流计算_24_87],0.0
cons[线路潮流约束_24_87],0.0
cons[线路潮流约束_neg_24_87],0.0
cons[线路潮流计算_25_87],0.0
cons[线路潮流约束_25_87],0.0
cons[线路潮流约束_neg_25_87],0.0
cons[线路潮流计算_26_87],0.0
cons[线路潮流约束_26_87],0.0
cons[线路潮流约束_neg_26_87],0.0
cons[线路潮流计算_27_87],0.0
cons[线路潮流约束_27_87],0.0
cons[线路潮流约束_neg_27_87],0.0
cons[线路潮流计算_28_87],0.0
cons[线路潮流约束_28_87],0.0
cons[线路潮流约束_neg_28_87],0.0
cons[线路潮流计算_29_87],0.0
cons[线路潮流约束_29_87],0.0
cons[线路潮流约束_neg_29_87],0.0
cons[线路潮流计算_30_87],0.0
cons[线路潮流约束_30_87],0.0
cons[线路潮流约束_neg_30_87],0.0
cons[线路潮流计算_31_87],0.0
cons[线路潮流约束_31_87],0.0
cons[线路潮流约束_neg_31_87],0.0
cons[线路潮流计算_32_87],0.0
cons[线路潮流约束_32_87],0.0
cons[线路潮流约束_neg_32_87],0.0
cons[线路潮流计算_33_87],0.0
cons[线路潮流约束_33_87],0.0
cons[线路潮流约束_neg_33_87],0.0
cons[线路潮流计算_34_87],0.0
cons[线路潮流约束_34_87],0.0
cons[线路潮流约束_neg_34_87],0.0
cons[线路潮流计算_35_87],0.0
cons[线路潮流约束_35_87],0.0
cons[线路潮流约束_neg_35_87],0.0
cons[线路潮流计算_36_87],0.0
cons[线路潮流约束_36_87],0.0
cons[线路潮流约束_neg_36_87],0.0
cons[线路潮流计算_37_87],0.0
cons[线路潮流约束_37_87],0.0
cons[线路潮流约束_neg_37_87],0.0
cons[线路潮流计算_38_87],0.0
cons[线路潮流约束_38_87],0.0
cons[线路潮流约束_neg_38_87],0.0
cons[线路潮流计算_39_87],0.0
cons[线路潮流约束_39_87],0.0
cons[线路潮流约束_neg_39_87],0.0
cons[线路潮流计算_40_87],0.0
cons[线路潮流约束_40_87],0.0
cons[线路潮流约束_neg_40_87],0.0
cons[线路潮流计算_41_87],0.0
cons[线路潮流约束_41_87],0.0
cons[线路潮流约束_neg_41_87],0.0
cons[线路潮流计算_42_87],0.0
cons[线路潮流约束_42_87],0.0
cons[线路潮流约束_neg_42_87],0.0
cons[线路潮流计算_43_87],0.0
cons[线路潮流约束_43_87],0.0
cons[线路潮流约束_neg_43_87],0.0
cons[线路潮流计算_44_87],0.0
cons[线路潮流约束_44_87],0.0
cons[线路潮流约束_neg_44_87],0.0
cons[线路潮流计算_45_87],0.0
cons[线路潮流约束_45_87],0.0
cons[线路潮流约束_neg_45_87],0.0
cons[线路潮流计算_46_87],0.0
cons[线路潮流约束_46_87],0.0
cons[线路潮流约束_neg_46_87],0.0
cons[线路潮流计算_47_87],0.0
cons[线路潮流约束_47_87],0.0
cons[线路潮流约束_neg_47_87],0.0
cons[线路潮流计算_48_87],0.0
cons[线路潮流约束_48_87],0.0
cons[线路潮流约束_neg_48_87],0.0
cons[线路潮流计算_49_87],0.0
cons[线路潮流约束_49_87],0.0
cons[线路潮流约束_neg_49_87],0.0
cons[线路潮流计算_50_87],0.0
cons[线路潮流约束_50_87],0.0
cons[线路潮流约束_neg_50_87],0.0
cons[线路潮流计算_51_87],0.0
cons[线路潮流约束_51_87],0.0
cons[线路潮流约束_neg_51_87],0.0
cons[线路潮流计算_52_87],0.0
cons[线路潮流约束_52_87],0.0
cons[线路潮流约束_neg_52_87],0.0
cons[线路潮流计算_53_87],0.0
cons[线路潮流约束_53_87],0.0
cons[线路潮流约束_neg_53_87],0.0
cons[线路潮流计算_54_87],0.0
cons[线路潮流约束_54_87],0.0
cons[线路潮流约束_neg_54_87],0.0
cons[线路潮流计算_55_87],0.0
cons[线路潮流约束_55_87],0.0
cons[线路潮流约束_neg_55_87],0.0
cons[线路潮流计算_56_87],0.0
cons[线路潮流约束_56_87],0.0
cons[线路潮流约束_neg_56_87],0.0
cons[线路潮流计算_57_87],0.0
cons[线路潮流约束_57_87],0.0
cons[线路潮流约束_neg_57_87],0.0
cons[线路潮流计算_58_87],0.0
cons[线路潮流约束_58_87],0.0
cons[线路潮流约束_neg_58_87],0.0
cons[线路潮流计算_59_87],0.0
cons[线路潮流约束_59_87],0.0
cons[线路潮流约束_neg_59_87],0.0
cons[线路潮流计算_60_87],0.0
cons[线路潮流约束_60_87],0.0
cons[线路潮流约束_neg_60_87],0.0
cons[线路潮流计算_61_87],0.0
cons[线路潮流约束_61_87],0.0
cons[线路潮流约束_neg_61_87],0.0
cons[线路潮流计算_62_87],0.0
cons[线路潮流约束_62_87],0.0
cons[线路潮流约束_neg_62_87],0.0
cons[线路潮流计算_63_87],0.0
cons[线路潮流约束_63_87],0.0
cons[线路潮流约束_neg_63_87],0.0
cons[线路潮流计算_64_87],0.0
cons[线路潮流约束_64_87],0.0
cons[线路潮流约束_neg_64_87],0.0
cons[线路潮流计算_65_87],0.0
cons[线路潮流约束_65_87],0.0
cons[线路潮流约束_neg_65_87],0.0
cons[线路潮流计算_66_87],0.0
cons[线路潮流约束_66_87],0.0
cons[线路潮流约束_neg_66_87],0.0
cons[线路潮流计算_67_87],0.0
cons[线路潮流约束_67_87],0.0
cons[线路潮流约束_neg_67_87],0.0
cons[线路潮流计算_68_87],0.0
cons[线路潮流约束_68_87],0.0
cons[线路潮流约束_neg_68_87],0.0
cons[线路潮流计算_69_87],0.0
cons[线路潮流约束_69_87],0.0
cons[线路潮流约束_neg_69_87],0.0
cons[线路潮流计算_70_87],0.0
cons[线路潮流约束_70_87],0.0
cons[线路潮流约束_neg_70_87],0.0
cons[线路潮流计算_71_87],0.0
cons[线路潮流约束_71_87],0.0
cons[线路潮流约束_neg_71_87],0.0
cons[线路潮流计算_72_87],0.0
cons[线路潮流约束_72_87],0.0
cons[线路潮流约束_neg_72_87],0.0
cons[线路潮流计算_73_87],0.0
cons[线路潮流约束_73_87],0.0
cons[线路潮流约束_neg_73_87],0.0
cons[线路潮流计算_74_87],0.0
cons[线路潮流约束_74_87],0.0
cons[线路潮流约束_neg_74_87],0.0
cons[线路潮流计算_75_87],0.0
cons[线路潮流约束_75_87],0.0
cons[线路潮流约束_neg_75_87],0.0
cons[线路潮流计算_76_87],0.0
cons[线路潮流约束_76_87],0.0
cons[线路潮流约束_neg_76_87],0.0
cons[正备用约束_87],0.0
cons[负备用约束_87],0.0
cons[系统功率平衡约束_88],-6108.466
cons[线路潮流计算_0_88],0.0
cons[线路潮流约束_0_88],0.0
cons[线路潮流约束_neg_0_88],0.0
cons[线路潮流计算_1_88],0.0
cons[线路潮流约束_1_88],0.0
cons[线路潮流约束_neg_1_88],0.0
cons[线路潮流计算_2_88],0.0
cons[线路潮流约束_2_88],0.0
cons[线路潮流约束_neg_2_88],0.0
cons[线路潮流计算_3_88],0.0
cons[线路潮流约束_3_88],0.0
cons[线路潮流约束_neg_3_88],0.0
cons[线路潮流计算_4_88],0.0
cons[线路潮流约束_4_88],0.0
cons[线路潮流约束_neg_4_88],0.0
cons[线路潮流计算_5_88],0.0
cons[线路潮流约束_5_88],0.0
cons[线路潮流约束_neg_5_88],0.0
cons[线路潮流计算_6_88],0.0
cons[线路潮流约束_6_88],0.0
cons[线路潮流约束_neg_6_88],0.0
cons[线路潮流计算_7_88],0.0
cons[线路潮流约束_7_88],0.0
cons[线路潮流约束_neg_7_88],0.0
cons[线路潮流计算_8_88],0.0
cons[线路潮流约束_8_88],0.0
cons[线路潮流约束_neg_8_88],0.0
cons[线路潮流计算_9_88],0.0
cons[线路潮流约束_9_88],0.0
cons[线路潮流约束_neg_9_88],0.0
cons[线路潮流计算_10_88],0.0
cons[线路潮流约束_10_88],0.0
cons[线路潮流约束_neg_10_88],0.0
cons[线路潮流计算_11_88],0.0
cons[线路潮流约束_11_88],0.0
cons[线路潮流约束_neg_11_88],0.0
cons[线路潮流计算_12_88],0.0
cons[线路潮流约束_12_88],0.0
cons[线路潮流约束_neg_12_88],0.0
cons[线路潮流计算_13_88],0.0
cons[线路潮流约束_13_88],0.0
cons[线路潮流约束_neg_13_88],0.0
cons[线路潮流计算_14_88],0.0
cons[线路潮流约束_14_88],0.0
cons[线路潮流约束_neg_14_88],0.0
cons[线路潮流计算_15_88],0.0
cons[线路潮流约束_15_88],0.0
cons[线路潮流约束_neg_15_88],0.0
cons[线路潮流计算_16_88],0.0
cons[线路潮流约束_16_88],0.0
cons[线路潮流约束_neg_16_88],0.0
cons[线路潮流计算_17_88],0.0
cons[线路潮流约束_17_88],0.0
cons[线路潮流约束_neg_17_88],0.0
cons[线路潮流计算_18_88],0.0
cons[线路潮流约束_18_88],0.0
cons[线路潮流约束_neg_18_88],0.0
cons[线路潮流计算_19_88],0.0
cons[线路潮流约束_19_88],0.0
cons[线路潮流约束_neg_19_88],0.0
cons[线路潮流计算_20_88],0.0
cons[线路潮流约束_20_88],0.0
cons[线路潮流约束_neg_20_88],0.0
cons[线路潮流计算_21_88],0.0
cons[线路潮流约束_21_88],0.0
cons[线路潮流约束_neg_21_88],0.0
cons[线路潮流计算_22_88],0.0
cons[线路潮流约束_22_88],0.0
cons[线路潮流约束_neg_22_88],0.0
cons[线路潮流计算_23_88],0.0
cons[线路潮流约束_23_88],0.0
cons[线路潮流约束_neg_23_88],0.0
cons[线路潮流计算_24_88],0.0
cons[线路潮流约束_24_88],0.0
cons[线路潮流约束_neg_24_88],0.0
cons[线路潮流计算_25_88],0.0
cons[线路潮流约束_25_88],0.0
cons[线路潮流约束_neg_25_88],0.0
cons[线路潮流计算_26_88],0.0
cons[线路潮流约束_26_88],0.0
cons[线路潮流约束_neg_26_88],0.0
cons[线路潮流计算_27_88],0.0
cons[线路潮流约束_27_88],0.0
cons[线路潮流约束_neg_27_88],0.0
cons[线路潮流计算_28_88],0.0
cons[线路潮流约束_28_88],0.0
cons[线路潮流约束_neg_28_88],0.0
cons[线路潮流计算_29_88],0.0
cons[线路潮流约束_29_88],0.0
cons[线路潮流约束_neg_29_88],0.0
cons[线路潮流计算_30_88],0.0
cons[线路潮流约束_30_88],0.0
cons[线路潮流约束_neg_30_88],0.0
cons[线路潮流计算_31_88],0.0
cons[线路潮流约束_31_88],0.0
cons[线路潮流约束_neg_31_88],0.0
cons[线路潮流计算_32_88],0.0
cons[线路潮流约束_32_88],0.0
cons[线路潮流约束_neg_32_88],0.0
cons[线路潮流计算_33_88],0.0
cons[线路潮流约束_33_88],0.0
cons[线路潮流约束_neg_33_88],0.0
cons[线路潮流计算_34_88],0.0
cons[线路潮流约束_34_88],0.0
cons[线路潮流约束_neg_34_88],0.0
cons[线路潮流计算_35_88],0.0
cons[线路潮流约束_35_88],0.0
cons[线路潮流约束_neg_35_88],0.0
cons[线路潮流计算_36_88],0.0
cons[线路潮流约束_36_88],0.0
cons[线路潮流约束_neg_36_88],0.0
cons[线路潮流计算_37_88],0.0
cons[线路潮流约束_37_88],0.0
cons[线路潮流约束_neg_37_88],0.0
cons[线路潮流计算_38_88],0.0
cons[线路潮流约束_38_88],0.0
cons[线路潮流约束_neg_38_88],0.0
cons[线路潮流计算_39_88],0.0
cons[线路潮流约束_39_88],0.0
cons[线路潮流约束_neg_39_88],0.0
cons[线路潮流计算_40_88],0.0
cons[线路潮流约束_40_88],0.0
cons[线路潮流约束_neg_40_88],0.0
cons[线路潮流计算_41_88],0.0
cons[线路潮流约束_41_88],0.0
cons[线路潮流约束_neg_41_88],0.0
cons[线路潮流计算_42_88],0.0
cons[线路潮流约束_42_88],0.0
cons[线路潮流约束_neg_42_88],0.0
cons[线路潮流计算_43_88],0.0
cons[线路潮流约束_43_88],0.0
cons[线路潮流约束_neg_43_88],0.0
cons[线路潮流计算_44_88],0.0
cons[线路潮流约束_44_88],0.0
cons[线路潮流约束_neg_44_88],0.0
cons[线路潮流计算_45_88],0.0
cons[线路潮流约束_45_88],0.0
cons[线路潮流约束_neg_45_88],0.0
cons[线路潮流计算_46_88],0.0
cons[线路潮流约束_46_88],0.0
cons[线路潮流约束_neg_46_88],0.0
cons[线路潮流计算_47_88],0.0
cons[线路潮流约束_47_88],0.0
cons[线路潮流约束_neg_47_88],0.0
cons[线路潮流计算_48_88],0.0
cons[线路潮流约束_48_88],0.0
cons[线路潮流约束_neg_48_88],0.0
cons[线路潮流计算_49_88],0.0
cons[线路潮流约束_49_88],0.0
cons[线路潮流约束_neg_49_88],0.0
cons[线路潮流计算_50_88],0.0
cons[线路潮流约束_50_88],0.0
cons[线路潮流约束_neg_50_88],0.0
cons[线路潮流计算_51_88],0.0
cons[线路潮流约束_51_88],0.0
cons[线路潮流约束_neg_51_88],0.0
cons[线路潮流计算_52_88],0.0
cons[线路潮流约束_52_88],0.0
cons[线路潮流约束_neg_52_88],0.0
cons[线路潮流计算_53_88],0.0
cons[线路潮流约束_53_88],0.0
cons[线路潮流约束_neg_53_88],0.0
cons[线路潮流计算_54_88],0.0
cons[线路潮流约束_54_88],0.0
cons[线路潮流约束_neg_54_88],0.0
cons[线路潮流计算_55_88],0.0
cons[线路潮流约束_55_88],0.0
cons[线路潮流约束_neg_55_88],0.0
cons[线路潮流计算_56_88],0.0
cons[线路潮流约束_56_88],0.0
cons[线路潮流约束_neg_56_88],0.0
cons[线路潮流计算_57_88],0.0
cons[线路潮流约束_57_88],0.0
cons[线路潮流约束_neg_57_88],0.0
cons[线路潮流计算_58_88],0.0
cons[线路潮流约束_58_88],0.0
cons[线路潮流约束_neg_58_88],0.0
cons[线路潮流计算_59_88],0.0
cons[线路潮流约束_59_88],0.0
cons[线路潮流约束_neg_59_88],0.0
cons[线路潮流计算_60_88],0.0
cons[线路潮流约束_60_88],0.0
cons[线路潮流约束_neg_60_88],0.0
cons[线路潮流计算_61_88],0.0
cons[线路潮流约束_61_88],0.0
cons[线路潮流约束_neg_61_88],0.0
cons[线路潮流计算_62_88],0.0
cons[线路潮流约束_62_88],0.0
cons[线路潮流约束_neg_62_88],0.0
cons[线路潮流计算_63_88],0.0
cons[线路潮流约束_63_88],0.0
cons[线路潮流约束_neg_63_88],0.0
cons[线路潮流计算_64_88],0.0
cons[线路潮流约束_64_88],0.0
cons[线路潮流约束_neg_64_88],0.0
cons[线路潮流计算_65_88],0.0
cons[线路潮流约束_65_88],0.0
cons[线路潮流约束_neg_65_88],0.0
cons[线路潮流计算_66_88],0.0
cons[线路潮流约束_66_88],0.0
cons[线路潮流约束_neg_66_88],0.0
cons[线路潮流计算_67_88],0.0
cons[线路潮流约束_67_88],0.0
cons[线路潮流约束_neg_67_88],0.0
cons[线路潮流计算_68_88],0.0
cons[线路潮流约束_68_88],0.0
cons[线路潮流约束_neg_68_88],0.0
cons[线路潮流计算_69_88],0.0
cons[线路潮流约束_69_88],0.0
cons[线路潮流约束_neg_69_88],0.0
cons[线路潮流计算_70_88],0.0
cons[线路潮流约束_70_88],0.0
cons[线路潮流约束_neg_70_88],0.0
cons[线路潮流计算_71_88],0.0
cons[线路潮流约束_71_88],0.0
cons[线路潮流约束_neg_71_88],0.0
cons[线路潮流计算_72_88],0.0
cons[线路潮流约束_72_88],0.0
cons[线路潮流约束_neg_72_88],0.0
cons[线路潮流计算_73_88],0.0
cons[线路潮流约束_73_88],0.0
cons[线路潮流约束_neg_73_88],0.0
cons[线路潮流计算_74_88],0.0
cons[线路潮流约束_74_88],0.0
cons[线路潮流约束_neg_74_88],0.0
cons[线路潮流计算_75_88],0.0
cons[线路潮流约束_75_88],0.0
cons[线路潮流约束_neg_75_88],0.0
cons[线路潮流计算_76_88],0.0
cons[线路潮流约束_76_88],0.0
cons[线路潮流约束_neg_76_88],0.0
cons[正备用约束_88],0.0
cons[负备用约束_88],0.0
cons[系统功率平衡约束_89],-6080.62
cons[线路潮流计算_0_89],0.0
cons[线路潮流约束_0_89],0.0
cons[线路潮流约束_neg_0_89],0.0
cons[线路潮流计算_1_89],0.0
cons[线路潮流约束_1_89],0.0
cons[线路潮流约束_neg_1_89],0.0
cons[线路潮流计算_2_89],0.0
cons[线路潮流约束_2_89],0.0
cons[线路潮流约束_neg_2_89],0.0
cons[线路潮流计算_3_89],0.0
cons[线路潮流约束_3_89],0.0
cons[线路潮流约束_neg_3_89],0.0
cons[线路潮流计算_4_89],0.0
cons[线路潮流约束_4_89],0.0
cons[线路潮流约束_neg_4_89],0.0
cons[线路潮流计算_5_89],0.0
cons[线路潮流约束_5_89],0.0
cons[线路潮流约束_neg_5_89],0.0
cons[线路潮流计算_6_89],0.0
cons[线路潮流约束_6_89],0.0
cons[线路潮流约束_neg_6_89],0.0
cons[线路潮流计算_7_89],0.0
cons[线路潮流约束_7_89],0.0
cons[线路潮流约束_neg_7_89],0.0
cons[线路潮流计算_8_89],0.0
cons[线路潮流约束_8_89],0.0
cons[线路潮流约束_neg_8_89],0.0
cons[线路潮流计算_9_89],0.0
cons[线路潮流约束_9_89],0.0
cons[线路潮流约束_neg_9_89],0.0
cons[线路潮流计算_10_89],0.0
cons[线路潮流约束_10_89],0.0
cons[线路潮流约束_neg_10_89],0.0
cons[线路潮流计算_11_89],0.0
cons[线路潮流约束_11_89],0.0
cons[线路潮流约束_neg_11_89],0.0
cons[线路潮流计算_12_89],0.0
cons[线路潮流约束_12_89],0.0
cons[线路潮流约束_neg_12_89],0.0
cons[线路潮流计算_13_89],0.0
cons[线路潮流约束_13_89],0.0
cons[线路潮流约束_neg_13_89],0.0
cons[线路潮流计算_14_89],0.0
cons[线路潮流约束_14_89],0.0
cons[线路潮流约束_neg_14_89],0.0
cons[线路潮流计算_15_89],0.0
cons[线路潮流约束_15_89],0.0
cons[线路潮流约束_neg_15_89],0.0
cons[线路潮流计算_16_89],0.0
cons[线路潮流约束_16_89],0.0
cons[线路潮流约束_neg_16_89],0.0
cons[线路潮流计算_17_89],0.0
cons[线路潮流约束_17_89],0.0
cons[线路潮流约束_neg_17_89],0.0
cons[线路潮流计算_18_89],0.0
cons[线路潮流约束_18_89],0.0
cons[线路潮流约束_neg_18_89],0.0
cons[线路潮流计算_19_89],0.0
cons[线路潮流约束_19_89],0.0
cons[线路潮流约束_neg_19_89],0.0
cons[线路潮流计算_20_89],0.0
cons[线路潮流约束_20_89],0.0
cons[线路潮流约束_neg_20_89],0.0
cons[线路潮流计算_21_89],0.0
cons[线路潮流约束_21_89],0.0
cons[线路潮流约束_neg_21_89],0.0
cons[线路潮流计算_22_89],0.0
cons[线路潮流约束_22_89],0.0
cons[线路潮流约束_neg_22_89],0.0
cons[线路潮流计算_23_89],0.0
cons[线路潮流约束_23_89],0.0
cons[线路潮流约束_neg_23_89],0.0
cons[线路潮流计算_24_89],0.0
cons[线路潮流约束_24_89],0.0
cons[线路潮流约束_neg_24_89],0.0
cons[线路潮流计算_25_89],0.0
cons[线路潮流约束_25_89],0.0
cons[线路潮流约束_neg_25_89],0.0
cons[线路潮流计算_26_89],0.0
cons[线路潮流约束_26_89],0.0
cons[线路潮流约束_neg_26_89],0.0
cons[线路潮流计算_27_89],0.0
cons[线路潮流约束_27_89],0.0
cons[线路潮流约束_neg_27_89],0.0
cons[线路潮流计算_28_89],0.0
cons[线路潮流约束_28_89],0.0
cons[线路潮流约束_neg_28_89],0.0
cons[线路潮流计算_29_89],0.0
cons[线路潮流约束_29_89],0.0
cons[线路潮流约束_neg_29_89],0.0
cons[线路潮流计算_30_89],0.0
cons[线路潮流约束_30_89],0.0
cons[线路潮流约束_neg_30_89],0.0
cons[线路潮流计算_31_89],0.0
cons[线路潮流约束_31_89],0.0
cons[线路潮流约束_neg_31_89],0.0
cons[线路潮流计算_32_89],0.0
cons[线路潮流约束_32_89],0.0
cons[线路潮流约束_neg_32_89],0.0
cons[线路潮流计算_33_89],0.0
cons[线路潮流约束_33_89],0.0
cons[线路潮流约束_neg_33_89],0.0
cons[线路潮流计算_34_89],0.0
cons[线路潮流约束_34_89],0.0
cons[线路潮流约束_neg_34_89],0.0
cons[线路潮流计算_35_89],0.0
cons[线路潮流约束_35_89],0.0
cons[线路潮流约束_neg_35_89],0.0
cons[线路潮流计算_36_89],0.0
cons[线路潮流约束_36_89],0.0
cons[线路潮流约束_neg_36_89],0.0
cons[线路潮流计算_37_89],0.0
cons[线路潮流约束_37_89],0.0
cons[线路潮流约束_neg_37_89],0.0
cons[线路潮流计算_38_89],0.0
cons[线路潮流约束_38_89],0.0
cons[线路潮流约束_neg_38_89],0.0
cons[线路潮流计算_39_89],0.0
cons[线路潮流约束_39_89],0.0
cons[线路潮流约束_neg_39_89],0.0
cons[线路潮流计算_40_89],0.0
cons[线路潮流约束_40_89],0.0
cons[线路潮流约束_neg_40_89],0.0
cons[线路潮流计算_41_89],0.0
cons[线路潮流约束_41_89],0.0
cons[线路潮流约束_neg_41_89],0.0
cons[线路潮流计算_42_89],0.0
cons[线路潮流约束_42_89],0.0
cons[线路潮流约束_neg_42_89],0.0
cons[线路潮流计算_43_89],0.0
cons[线路潮流约束_43_89],0.0
cons[线路潮流约束_neg_43_89],0.0
cons[线路潮流计算_44_89],0.0
cons[线路潮流约束_44_89],0.0
cons[线路潮流约束_neg_44_89],0.0
cons[线路潮流计算_45_89],0.0
cons[线路潮流约束_45_89],0.0
cons[线路潮流约束_neg_45_89],0.0
cons[线路潮流计算_46_89],0.0
cons[线路潮流约束_46_89],0.0
cons[线路潮流约束_neg_46_89],0.0
cons[线路潮流计算_47_89],0.0
cons[线路潮流约束_47_89],0.0
cons[线路潮流约束_neg_47_89],0.0
cons[线路潮流计算_48_89],0.0
cons[线路潮流约束_48_89],0.0
cons[线路潮流约束_neg_48_89],0.0
cons[线路潮流计算_49_89],0.0
cons[线路潮流约束_49_89],0.0
cons[线路潮流约束_neg_49_89],0.0
cons[线路潮流计算_50_89],0.0
cons[线路潮流约束_50_89],0.0
cons[线路潮流约束_neg_50_89],0.0
cons[线路潮流计算_51_89],0.0
cons[线路潮流约束_51_89],0.0
cons[线路潮流约束_neg_51_89],0.0
cons[线路潮流计算_52_89],0.0
cons[线路潮流约束_52_89],0.0
cons[线路潮流约束_neg_52_89],0.0
cons[线路潮流计算_53_89],0.0
cons[线路潮流约束_53_89],0.0
cons[线路潮流约束_neg_53_89],0.0
cons[线路潮流计算_54_89],0.0
cons[线路潮流约束_54_89],0.0
cons[线路潮流约束_neg_54_89],0.0
cons[线路潮流计算_55_89],0.0
cons[线路潮流约束_55_89],0.0
cons[线路潮流约束_neg_55_89],0.0
cons[线路潮流计算_56_89],0.0
cons[线路潮流约束_56_89],0.0
cons[线路潮流约束_neg_56_89],0.0
cons[线路潮流计算_57_89],0.0
cons[线路潮流约束_57_89],0.0
cons[线路潮流约束_neg_57_89],0.0
cons[线路潮流计算_58_89],0.0
cons[线路潮流约束_58_89],0.0
cons[线路潮流约束_neg_58_89],0.0
cons[线路潮流计算_59_89],0.0
cons[线路潮流约束_59_89],0.0
cons[线路潮流约束_neg_59_89],0.0
cons[线路潮流计算_60_89],0.0
cons[线路潮流约束_60_89],0.0
cons[线路潮流约束_neg_60_89],0.0
cons[线路潮流计算_61_89],0.0
cons[线路潮流约束_61_89],0.0
cons[线路潮流约束_neg_61_89],0.0
cons[线路潮流计算_62_89],0.0
cons[线路潮流约束_62_89],0.0
cons[线路潮流约束_neg_62_89],0.0
cons[线路潮流计算_63_89],0.0
cons[线路潮流约束_63_89],0.0
cons[线路潮流约束_neg_63_89],0.0
cons[线路潮流计算_64_89],0.0
cons[线路潮流约束_64_89],0.0
cons[线路潮流约束_neg_64_89],0.0
cons[线路潮流计算_65_89],0.0
cons[线路潮流约束_65_89],0.0
cons[线路潮流约束_neg_65_89],0.0
cons[线路潮流计算_66_89],0.0
cons[线路潮流约束_66_89],0.0
cons[线路潮流约束_neg_66_89],0.0
cons[线路潮流计算_67_89],0.0
cons[线路潮流约束_67_89],0.0
cons[线路潮流约束_neg_67_89],0.0
cons[线路潮流计算_68_89],0.0
cons[线路潮流约束_68_89],0.0
cons[线路潮流约束_neg_68_89],0.0
cons[线路潮流计算_69_89],0.0
cons[线路潮流约束_69_89],0.0
cons[线路潮流约束_neg_69_89],0.0
cons[线路潮流计算_70_89],0.0
cons[线路潮流约束_70_89],0.0
cons[线路潮流约束_neg_70_89],0.0
cons[线路潮流计算_71_89],0.0
cons[线路潮流约束_71_89],0.0
cons[线路潮流约束_neg_71_89],0.0
cons[线路潮流计算_72_89],0.0
cons[线路潮流约束_72_89],0.0
cons[线路潮流约束_neg_72_89],0.0
cons[线路潮流计算_73_89],0.0
cons[线路潮流约束_73_89],0.0
cons[线路潮流约束_neg_73_89],0.0
cons[线路潮流计算_74_89],0.0
cons[线路潮流约束_74_89],0.0
cons[线路潮流约束_neg_74_89],0.0
cons[线路潮流计算_75_89],0.0
cons[线路潮流约束_75_89],0.0
cons[线路潮流约束_neg_75_89],0.0
cons[线路潮流计算_76_89],0.0
cons[线路潮流约束_76_89],0.0
cons[线路潮流约束_neg_76_89],0.0
cons[正备用约束_89],0.0
cons[负备用约束_89],0.0
cons[系统功率平衡约束_90],-6052.774
cons[线路潮流计算_0_90],0.0
cons[线路潮流约束_0_90],0.0
cons[线路潮流约束_neg_0_90],0.0
cons[线路潮流计算_1_90],0.0
cons[线路潮流约束_1_90],0.0
cons[线路潮流约束_neg_1_90],0.0
cons[线路潮流计算_2_90],0.0
cons[线路潮流约束_2_90],0.0
cons[线路潮流约束_neg_2_90],0.0
cons[线路潮流计算_3_90],0.0
cons[线路潮流约束_3_90],0.0
cons[线路潮流约束_neg_3_90],0.0
cons[线路潮流计算_4_90],0.0
cons[线路潮流约束_4_90],0.0
cons[线路潮流约束_neg_4_90],0.0
cons[线路潮流计算_5_90],0.0
cons[线路潮流约束_5_90],0.0
cons[线路潮流约束_neg_5_90],0.0
cons[线路潮流计算_6_90],0.0
cons[线路潮流约束_6_90],0.0
cons[线路潮流约束_neg_6_90],0.0
cons[线路潮流计算_7_90],0.0
cons[线路潮流约束_7_90],0.0
cons[线路潮流约束_neg_7_90],0.0
cons[线路潮流计算_8_90],0.0
cons[线路潮流约束_8_90],0.0
cons[线路潮流约束_neg_8_90],0.0
cons[线路潮流计算_9_90],0.0
cons[线路潮流约束_9_90],0.0
cons[线路潮流约束_neg_9_90],0.0
cons[线路潮流计算_10_90],0.0
cons[线路潮流约束_10_90],0.0
cons[线路潮流约束_neg_10_90],0.0
cons[线路潮流计算_11_90],0.0
cons[线路潮流约束_11_90],0.0
cons[线路潮流约束_neg_11_90],0.0
cons[线路潮流计算_12_90],0.0
cons[线路潮流约束_12_90],0.0
cons[线路潮流约束_neg_12_90],0.0
cons[线路潮流计算_13_90],0.0
cons[线路潮流约束_13_90],0.0
cons[线路潮流约束_neg_13_90],0.0
cons[线路潮流计算_14_90],0.0
cons[线路潮流约束_14_90],0.0
cons[线路潮流约束_neg_14_90],0.0
cons[线路潮流计算_15_90],0.0
cons[线路潮流约束_15_90],0.0
cons[线路潮流约束_neg_15_90],0.0
cons[线路潮流计算_16_90],0.0
cons[线路潮流约束_16_90],0.0
cons[线路潮流约束_neg_16_90],0.0
cons[线路潮流计算_17_90],0.0
cons[线路潮流约束_17_90],0.0
cons[线路潮流约束_neg_17_90],0.0
cons[线路潮流计算_18_90],0.0
cons[线路潮流约束_18_90],0.0
cons[线路潮流约束_neg_18_90],0.0
cons[线路潮流计算_19_90],0.0
cons[线路潮流约束_19_90],0.0
cons[线路潮流约束_neg_19_90],0.0
cons[线路潮流计算_20_90],0.0
cons[线路潮流约束_20_90],0.0
cons[线路潮流约束_neg_20_90],0.0
cons[线路潮流计算_21_90],0.0
cons[线路潮流约束_21_90],0.0
cons[线路潮流约束_neg_21_90],0.0
cons[线路潮流计算_22_90],0.0
cons[线路潮流约束_22_90],0.0
cons[线路潮流约束_neg_22_90],0.0
cons[线路潮流计算_23_90],0.0
cons[线路潮流约束_23_90],0.0
cons[线路潮流约束_neg_23_90],0.0
cons[线路潮流计算_24_90],0.0
cons[线路潮流约束_24_90],0.0
cons[线路潮流约束_neg_24_90],0.0
cons[线路潮流计算_25_90],0.0
cons[线路潮流约束_25_90],0.0
cons[线路潮流约束_neg_25_90],0.0
cons[线路潮流计算_26_90],0.0
cons[线路潮流约束_26_90],0.0
cons[线路潮流约束_neg_26_90],0.0
cons[线路潮流计算_27_90],0.0
cons[线路潮流约束_27_90],0.0
cons[线路潮流约束_neg_27_90],0.0
cons[线路潮流计算_28_90],0.0
cons[线路潮流约束_28_90],0.0
cons[线路潮流约束_neg_28_90],0.0
cons[线路潮流计算_29_90],0.0
cons[线路潮流约束_29_90],0.0
cons[线路潮流约束_neg_29_90],0.0
cons[线路潮流计算_30_90],0.0
cons[线路潮流约束_30_90],0.0
cons[线路潮流约束_neg_30_90],0.0
cons[线路潮流计算_31_90],0.0
cons[线路潮流约束_31_90],0.0
cons[线路潮流约束_neg_31_90],0.0
cons[线路潮流计算_32_90],0.0
cons[线路潮流约束_32_90],0.0
cons[线路潮流约束_neg_32_90],0.0
cons[线路潮流计算_33_90],0.0
cons[线路潮流约束_33_90],0.0
cons[线路潮流约束_neg_33_90],0.0
cons[线路潮流计算_34_90],0.0
cons[线路潮流约束_34_90],0.0
cons[线路潮流约束_neg_34_90],0.0
cons[线路潮流计算_35_90],0.0
cons[线路潮流约束_35_90],0.0
cons[线路潮流约束_neg_35_90],0.0
cons[线路潮流计算_36_90],0.0
cons[线路潮流约束_36_90],0.0
cons[线路潮流约束_neg_36_90],0.0
cons[线路潮流计算_37_90],0.0
cons[线路潮流约束_37_90],0.0
cons[线路潮流约束_neg_37_90],0.0
cons[线路潮流计算_38_90],0.0
cons[线路潮流约束_38_90],0.0
cons[线路潮流约束_neg_38_90],0.0
cons[线路潮流计算_39_90],0.0
cons[线路潮流约束_39_90],0.0
cons[线路潮流约束_neg_39_90],0.0
cons[线路潮流计算_40_90],0.0
cons[线路潮流约束_40_90],0.0
cons[线路潮流约束_neg_40_90],0.0
cons[线路潮流计算_41_90],0.0
cons[线路潮流约束_41_90],0.0
cons[线路潮流约束_neg_41_90],0.0
cons[线路潮流计算_42_90],0.0
cons[线路潮流约束_42_90],0.0
cons[线路潮流约束_neg_42_90],0.0
cons[线路潮流计算_43_90],0.0
cons[线路潮流约束_43_90],0.0
cons[线路潮流约束_neg_43_90],0.0
cons[线路潮流计算_44_90],0.0
cons[线路潮流约束_44_90],0.0
cons[线路潮流约束_neg_44_90],0.0
cons[线路潮流计算_45_90],0.0
cons[线路潮流约束_45_90],0.0
cons[线路潮流约束_neg_45_90],0.0
cons[线路潮流计算_46_90],0.0
cons[线路潮流约束_46_90],0.0
cons[线路潮流约束_neg_46_90],0.0
cons[线路潮流计算_47_90],0.0
cons[线路潮流约束_47_90],0.0
cons[线路潮流约束_neg_47_90],0.0
cons[线路潮流计算_48_90],0.0
cons[线路潮流约束_48_90],0.0
cons[线路潮流约束_neg_48_90],0.0
cons[线路潮流计算_49_90],0.0
cons[线路潮流约束_49_90],0.0
cons[线路潮流约束_neg_49_90],0.0
cons[线路潮流计算_50_90],0.0
cons[线路潮流约束_50_90],0.0
cons[线路潮流约束_neg_50_90],0.0
cons[线路潮流计算_51_90],0.0
cons[线路潮流约束_51_90],0.0
cons[线路潮流约束_neg_51_90],0.0
cons[线路潮流计算_52_90],0.0
cons[线路潮流约束_52_90],0.0
cons[线路潮流约束_neg_52_90],0.0
cons[线路潮流计算_53_90],0.0
cons[线路潮流约束_53_90],0.0
cons[线路潮流约束_neg_53_90],0.0
cons[线路潮流计算_54_90],0.0
cons[线路潮流约束_54_90],0.0
cons[线路潮流约束_neg_54_90],0.0
cons[线路潮流计算_55_90],0.0
cons[线路潮流约束_55_90],0.0
cons[线路潮流约束_neg_55_90],0.0
cons[线路潮流计算_56_90],0.0
cons[线路潮流约束_56_90],0.0
cons[线路潮流约束_neg_56_90],0.0
cons[线路潮流计算_57_90],0.0
cons[线路潮流约束_57_90],0.0
cons[线路潮流约束_neg_57_90],0.0
cons[线路潮流计算_58_90],0.0
cons[线路潮流约束_58_90],0.0
cons[线路潮流约束_neg_58_90],0.0
cons[线路潮流计算_59_90],0.0
cons[线路潮流约束_59_90],0.0
cons[线路潮流约束_neg_59_90],0.0
cons[线路潮流计算_60_90],0.0
cons[线路潮流约束_60_90],0.0
cons[线路潮流约束_neg_60_90],0.0
cons[线路潮流计算_61_90],0.0
cons[线路潮流约束_61_90],0.0
cons[线路潮流约束_neg_61_90],0.0
cons[线路潮流计算_62_90],0.0
cons[线路潮流约束_62_90],0.0
cons[线路潮流约束_neg_62_90],0.0
cons[线路潮流计算_63_90],0.0
cons[线路潮流约束_63_90],0.0
cons[线路潮流约束_neg_63_90],0.0
cons[线路潮流计算_64_90],0.0
cons[线路潮流约束_64_90],0.0
cons[线路潮流约束_neg_64_90],0.0
cons[线路潮流计算_65_90],0.0
cons[线路潮流约束_65_90],0.0
cons[线路潮流约束_neg_65_90],0.0
cons[线路潮流计算_66_90],0.0
cons[线路潮流约束_66_90],0.0
cons[线路潮流约束_neg_66_90],0.0
cons[线路潮流计算_67_90],0.0
cons[线路潮流约束_67_90],0.0
cons[线路潮流约束_neg_67_90],0.0
cons[线路潮流计算_68_90],0.0
cons[线路潮流约束_68_90],0.0
cons[线路潮流约束_neg_68_90],0.0
cons[线路潮流计算_69_90],0.0
cons[线路潮流约束_69_90],0.0
cons[线路潮流约束_neg_69_90],0.0
cons[线路潮流计算_70_90],0.0
cons[线路潮流约束_70_90],0.0
cons[线路潮流约束_neg_70_90],0.0
cons[线路潮流计算_71_90],0.0
cons[线路潮流约束_71_90],0.0
cons[线路潮流约束_neg_71_90],0.0
cons[线路潮流计算_72_90],0.0
cons[线路潮流约束_72_90],0.0
cons[线路潮流约束_neg_72_90],0.0
cons[线路潮流计算_73_90],0.0
cons[线路潮流约束_73_90],0.0
cons[线路潮流约束_neg_73_90],0.0
cons[线路潮流计算_74_90],0.0
cons[线路潮流约束_74_90],0.0
cons[线路潮流约束_neg_74_90],0.0
cons[线路潮流计算_75_90],0.0
cons[线路潮流约束_75_90],0.0
cons[线路潮流约束_neg_75_90],0.0
cons[线路潮流计算_76_90],0.0
cons[线路潮流约束_76_90],0.0
cons[线路潮流约束_neg_76_90],0.0
cons[正备用约束_90],0.0
cons[负备用约束_90],0.0
cons[系统功率平衡约束_91],-6024.928
cons[线路潮流计算_0_91],0.0
cons[线路潮流约束_0_91],0.0
cons[线路潮流约束_neg_0_91],0.0
cons[线路潮流计算_1_91],0.0
cons[线路潮流约束_1_91],0.0
cons[线路潮流约束_neg_1_91],0.0
cons[线路潮流计算_2_91],0.0
cons[线路潮流约束_2_91],0.0
cons[线路潮流约束_neg_2_91],0.0
cons[线路潮流计算_3_91],0.0
cons[线路潮流约束_3_91],0.0
cons[线路潮流约束_neg_3_91],0.0
cons[线路潮流计算_4_91],0.0
cons[线路潮流约束_4_91],0.0
cons[线路潮流约束_neg_4_91],0.0
cons[线路潮流计算_5_91],0.0
cons[线路潮流约束_5_91],0.0
cons[线路潮流约束_neg_5_91],0.0
cons[线路潮流计算_6_91],0.0
cons[线路潮流约束_6_91],0.0
cons[线路潮流约束_neg_6_91],0.0
cons[线路潮流计算_7_91],0.0
cons[线路潮流约束_7_91],0.0
cons[线路潮流约束_neg_7_91],0.0
cons[线路潮流计算_8_91],0.0
cons[线路潮流约束_8_91],0.0
cons[线路潮流约束_neg_8_91],0.0
cons[线路潮流计算_9_91],0.0
cons[线路潮流约束_9_91],0.0
cons[线路潮流约束_neg_9_91],0.0
cons[线路潮流计算_10_91],0.0
cons[线路潮流约束_10_91],0.0
cons[线路潮流约束_neg_10_91],0.0
cons[线路潮流计算_11_91],0.0
cons[线路潮流约束_11_91],0.0
cons[线路潮流约束_neg_11_91],0.0
cons[线路潮流计算_12_91],0.0
cons[线路潮流约束_12_91],0.0
cons[线路潮流约束_neg_12_91],0.0
cons[线路潮流计算_13_91],0.0
cons[线路潮流约束_13_91],0.0
cons[线路潮流约束_neg_13_91],0.0
cons[线路潮流计算_14_91],0.0
cons[线路潮流约束_14_91],0.0
cons[线路潮流约束_neg_14_91],0.0
cons[线路潮流计算_15_91],0.0
cons[线路潮流约束_15_91],0.0
cons[线路潮流约束_neg_15_91],0.0
cons[线路潮流计算_16_91],0.0
cons[线路潮流约束_16_91],0.0
cons[线路潮流约束_neg_16_91],0.0
cons[线路潮流计算_17_91],0.0
cons[线路潮流约束_17_91],0.0
cons[线路潮流约束_neg_17_91],0.0
cons[线路潮流计算_18_91],0.0
cons[线路潮流约束_18_91],0.0
cons[线路潮流约束_neg_18_91],0.0
cons[线路潮流计算_19_91],0.0
cons[线路潮流约束_19_91],0.0
cons[线路潮流约束_neg_19_91],0.0
cons[线路潮流计算_20_91],0.0
cons[线路潮流约束_20_91],0.0
cons[线路潮流约束_neg_20_91],0.0
cons[线路潮流计算_21_91],0.0
cons[线路潮流约束_21_91],0.0
cons[线路潮流约束_neg_21_91],0.0
cons[线路潮流计算_22_91],0.0
cons[线路潮流约束_22_91],0.0
cons[线路潮流约束_neg_22_91],0.0
cons[线路潮流计算_23_91],0.0
cons[线路潮流约束_23_91],0.0
cons[线路潮流约束_neg_23_91],0.0
cons[线路潮流计算_24_91],0.0
cons[线路潮流约束_24_91],0.0
cons[线路潮流约束_neg_24_91],0.0
cons[线路潮流计算_25_91],0.0
cons[线路潮流约束_25_91],0.0
cons[线路潮流约束_neg_25_91],0.0
cons[线路潮流计算_26_91],0.0
cons[线路潮流约束_26_91],0.0
cons[线路潮流约束_neg_26_91],0.0
cons[线路潮流计算_27_91],0.0
cons[线路潮流约束_27_91],0.0
cons[线路潮流约束_neg_27_91],0.0
cons[线路潮流计算_28_91],0.0
cons[线路潮流约束_28_91],0.0
cons[线路潮流约束_neg_28_91],0.0
cons[线路潮流计算_29_91],0.0
cons[线路潮流约束_29_91],0.0
cons[线路潮流约束_neg_29_91],0.0
cons[线路潮流计算_30_91],0.0
cons[线路潮流约束_30_91],0.0
cons[线路潮流约束_neg_30_91],0.0
cons[线路潮流计算_31_91],0.0
cons[线路潮流约束_31_91],0.0
cons[线路潮流约束_neg_31_91],0.0
cons[线路潮流计算_32_91],0.0
cons[线路潮流约束_32_91],0.0
cons[线路潮流约束_neg_32_91],0.0
cons[线路潮流计算_33_91],0.0
cons[线路潮流约束_33_91],0.0
cons[线路潮流约束_neg_33_91],0.0
cons[线路潮流计算_34_91],0.0
cons[线路潮流约束_34_91],0.0
cons[线路潮流约束_neg_34_91],0.0
cons[线路潮流计算_35_91],0.0
cons[线路潮流约束_35_91],0.0
cons[线路潮流约束_neg_35_91],0.0
cons[线路潮流计算_36_91],0.0
cons[线路潮流约束_36_91],0.0
cons[线路潮流约束_neg_36_91],0.0
cons[线路潮流计算_37_91],0.0
cons[线路潮流约束_37_91],0.0
cons[线路潮流约束_neg_37_91],0.0
cons[线路潮流计算_38_91],0.0
cons[线路潮流约束_38_91],0.0
cons[线路潮流约束_neg_38_91],0.0
cons[线路潮流计算_39_91],0.0
cons[线路潮流约束_39_91],0.0
cons[线路潮流约束_neg_39_91],0.0
cons[线路潮流计算_40_91],0.0
cons[线路潮流约束_40_91],0.0
cons[线路潮流约束_neg_40_91],0.0
cons[线路潮流计算_41_91],0.0
cons[线路潮流约束_41_91],0.0
cons[线路潮流约束_neg_41_91],0.0
cons[线路潮流计算_42_91],0.0
cons[线路潮流约束_42_91],0.0
cons[线路潮流约束_neg_42_91],0.0
cons[线路潮流计算_43_91],0.0
cons[线路潮流约束_43_91],0.0
cons[线路潮流约束_neg_43_91],0.0
cons[线路潮流计算_44_91],0.0
cons[线路潮流约束_44_91],0.0
cons[线路潮流约束_neg_44_91],0.0
cons[线路潮流计算_45_91],0.0
cons[线路潮流约束_45_91],0.0
cons[线路潮流约束_neg_45_91],0.0
cons[线路潮流计算_46_91],0.0
cons[线路潮流约束_46_91],0.0
cons[线路潮流约束_neg_46_91],0.0
cons[线路潮流计算_47_91],0.0
cons[线路潮流约束_47_91],0.0
cons[线路潮流约束_neg_47_91],0.0
cons[线路潮流计算_48_91],0.0
cons[线路潮流约束_48_91],0.0
cons[线路潮流约束_neg_48_91],0.0
cons[线路潮流计算_49_91],0.0
cons[线路潮流约束_49_91],0.0
cons[线路潮流约束_neg_49_91],0.0
cons[线路潮流计算_50_91],0.0
cons[线路潮流约束_50_91],0.0
cons[线路潮流约束_neg_50_91],0.0
cons[线路潮流计算_51_91],0.0
cons[线路潮流约束_51_91],0.0
cons[线路潮流约束_neg_51_91],0.0
cons[线路潮流计算_52_91],0.0
cons[线路潮流约束_52_91],0.0
cons[线路潮流约束_neg_52_91],0.0
cons[线路潮流计算_53_91],0.0
cons[线路潮流约束_53_91],0.0
cons[线路潮流约束_neg_53_91],0.0
cons[线路潮流计算_54_91],0.0
cons[线路潮流约束_54_91],0.0
cons[线路潮流约束_neg_54_91],0.0
cons[线路潮流计算_55_91],0.0
cons[线路潮流约束_55_91],0.0
cons[线路潮流约束_neg_55_91],0.0
cons[线路潮流计算_56_91],0.0
cons[线路潮流约束_56_91],0.0
cons[线路潮流约束_neg_56_91],0.0
cons[线路潮流计算_57_91],0.0
cons[线路潮流约束_57_91],0.0
cons[线路潮流约束_neg_57_91],0.0
cons[线路潮流计算_58_91],0.0
cons[线路潮流约束_58_91],0.0
cons[线路潮流约束_neg_58_91],0.0
cons[线路潮流计算_59_91],0.0
cons[线路潮流约束_59_91],0.0
cons[线路潮流约束_neg_59_91],0.0
cons[线路潮流计算_60_91],0.0
cons[线路潮流约束_60_91],0.0
cons[线路潮流约束_neg_60_91],0.0
cons[线路潮流计算_61_91],0.0
cons[线路潮流约束_61_91],0.0
cons[线路潮流约束_neg_61_91],0.0
cons[线路潮流计算_62_91],0.0
cons[线路潮流约束_62_91],0.0
cons[线路潮流约束_neg_62_91],0.0
cons[线路潮流计算_63_91],0.0
cons[线路潮流约束_63_91],0.0
cons[线路潮流约束_neg_63_91],0.0
cons[线路潮流计算_64_91],0.0
cons[线路潮流约束_64_91],0.0
cons[线路潮流约束_neg_64_91],0.0
cons[线路潮流计算_65_91],0.0
cons[线路潮流约束_65_91],0.0
cons[线路潮流约束_neg_65_91],0.0
cons[线路潮流计算_66_91],0.0
cons[线路潮流约束_66_91],0.0
cons[线路潮流约束_neg_66_91],0.0
cons[线路潮流计算_67_91],0.0
cons[线路潮流约束_67_91],0.0
cons[线路潮流约束_neg_67_91],0.0
cons[线路潮流计算_68_91],0.0
cons[线路潮流约束_68_91],0.0
cons[线路潮流约束_neg_68_91],0.0
cons[线路潮流计算_69_91],0.0
cons[线路潮流约束_69_91],0.0
cons[线路潮流约束_neg_69_91],0.0
cons[线路潮流计算_70_91],0.0
cons[线路潮流约束_70_91],0.0
cons[线路潮流约束_neg_70_91],0.0
cons[线路潮流计算_71_91],0.0
cons[线路潮流约束_71_91],0.0
cons[线路潮流约束_neg_71_91],0.0
cons[线路潮流计算_72_91],0.0
cons[线路潮流约束_72_91],0.0
cons[线路潮流约束_neg_72_91],0.0
cons[线路潮流计算_73_91],0.0
cons[线路潮流约束_73_91],0.0
cons[线路潮流约束_neg_73_91],0.0
cons[线路潮流计算_74_91],0.0
cons[线路潮流约束_74_91],0.0
cons[线路潮流约束_neg_74_91],0.0
cons[线路潮流计算_75_91],0.0
cons[线路潮流约束_75_91],0.0
cons[线路潮流约束_neg_75_91],0.0
cons[线路潮流计算_76_91],0.0
cons[线路潮流约束_76_91],0.0
cons[线路潮流约束_neg_76_91],0.0
cons[正备用约束_91],0.0
cons[负备用约束_91],0.0
cons[系统功率平衡约束_92],-5979.974000000003
cons[线路潮流计算_0_92],0.0
cons[线路潮流约束_0_92],0.0
cons[线路潮流约束_neg_0_92],0.0
cons[线路潮流计算_1_92],0.0
cons[线路潮流约束_1_92],0.0
cons[线路潮流约束_neg_1_92],0.0
cons[线路潮流计算_2_92],0.0
cons[线路潮流约束_2_92],0.0
cons[线路潮流约束_neg_2_92],0.0
cons[线路潮流计算_3_92],0.0
cons[线路潮流约束_3_92],0.0
cons[线路潮流约束_neg_3_92],0.0
cons[线路潮流计算_4_92],0.0
cons[线路潮流约束_4_92],0.0
cons[线路潮流约束_neg_4_92],0.0
cons[线路潮流计算_5_92],0.0
cons[线路潮流约束_5_92],0.0
cons[线路潮流约束_neg_5_92],0.0
cons[线路潮流计算_6_92],0.0
cons[线路潮流约束_6_92],0.0
cons[线路潮流约束_neg_6_92],0.0
cons[线路潮流计算_7_92],0.0
cons[线路潮流约束_7_92],0.0
cons[线路潮流约束_neg_7_92],0.0
cons[线路潮流计算_8_92],0.0
cons[线路潮流约束_8_92],0.0
cons[线路潮流约束_neg_8_92],0.0
cons[线路潮流计算_9_92],0.0
cons[线路潮流约束_9_92],0.0
cons[线路潮流约束_neg_9_92],0.0
cons[线路潮流计算_10_92],0.0
cons[线路潮流约束_10_92],0.0
cons[线路潮流约束_neg_10_92],0.0
cons[线路潮流计算_11_92],0.0
cons[线路潮流约束_11_92],0.0
cons[线路潮流约束_neg_11_92],0.0
cons[线路潮流计算_12_92],0.0
cons[线路潮流约束_12_92],0.0
cons[线路潮流约束_neg_12_92],0.0
cons[线路潮流计算_13_92],0.0
cons[线路潮流约束_13_92],0.0
cons[线路潮流约束_neg_13_92],0.0
cons[线路潮流计算_14_92],0.0
cons[线路潮流约束_14_92],0.0
cons[线路潮流约束_neg_14_92],0.0
cons[线路潮流计算_15_92],0.0
cons[线路潮流约束_15_92],0.0
cons[线路潮流约束_neg_15_92],0.0
cons[线路潮流计算_16_92],0.0
cons[线路潮流约束_16_92],0.0
cons[线路潮流约束_neg_16_92],0.0
cons[线路潮流计算_17_92],0.0
cons[线路潮流约束_17_92],0.0
cons[线路潮流约束_neg_17_92],0.0
cons[线路潮流计算_18_92],0.0
cons[线路潮流约束_18_92],0.0
cons[线路潮流约束_neg_18_92],0.0
cons[线路潮流计算_19_92],0.0
cons[线路潮流约束_19_92],0.0
cons[线路潮流约束_neg_19_92],0.0
cons[线路潮流计算_20_92],0.0
cons[线路潮流约束_20_92],0.0
cons[线路潮流约束_neg_20_92],0.0
cons[线路潮流计算_21_92],0.0
cons[线路潮流约束_21_92],0.0
cons[线路潮流约束_neg_21_92],0.0
cons[线路潮流计算_22_92],0.0
cons[线路潮流约束_22_92],0.0
cons[线路潮流约束_neg_22_92],0.0
cons[线路潮流计算_23_92],0.0
cons[线路潮流约束_23_92],0.0
cons[线路潮流约束_neg_23_92],0.0
cons[线路潮流计算_24_92],0.0
cons[线路潮流约束_24_92],0.0
cons[线路潮流约束_neg_24_92],0.0
cons[线路潮流计算_25_92],0.0
cons[线路潮流约束_25_92],0.0
cons[线路潮流约束_neg_25_92],0.0
cons[线路潮流计算_26_92],0.0
cons[线路潮流约束_26_92],0.0
cons[线路潮流约束_neg_26_92],0.0
cons[线路潮流计算_27_92],0.0
cons[线路潮流约束_27_92],0.0
cons[线路潮流约束_neg_27_92],0.0
cons[线路潮流计算_28_92],0.0
cons[线路潮流约束_28_92],0.0
cons[线路潮流约束_neg_28_92],0.0
cons[线路潮流计算_29_92],0.0
cons[线路潮流约束_29_92],0.0
cons[线路潮流约束_neg_29_92],0.0
cons[线路潮流计算_30_92],0.0
cons[线路潮流约束_30_92],0.0
cons[线路潮流约束_neg_30_92],0.0
cons[线路潮流计算_31_92],0.0
cons[线路潮流约束_31_92],0.0
cons[线路潮流约束_neg_31_92],0.0
cons[线路潮流计算_32_92],0.0
cons[线路潮流约束_32_92],0.0
cons[线路潮流约束_neg_32_92],0.0
cons[线路潮流计算_33_92],0.0
cons[线路潮流约束_33_92],0.0
cons[线路潮流约束_neg_33_92],0.0
cons[线路潮流计算_34_92],0.0
cons[线路潮流约束_34_92],0.0
cons[线路潮流约束_neg_34_92],0.0
cons[线路潮流计算_35_92],0.0
cons[线路潮流约束_35_92],0.0
cons[线路潮流约束_neg_35_92],0.0
cons[线路潮流计算_36_92],0.0
cons[线路潮流约束_36_92],0.0
cons[线路潮流约束_neg_36_92],0.0
cons[线路潮流计算_37_92],0.0
cons[线路潮流约束_37_92],0.0
cons[线路潮流约束_neg_37_92],0.0
cons[线路潮流计算_38_92],0.0
cons[线路潮流约束_38_92],0.0
cons[线路潮流约束_neg_38_92],0.0
cons[线路潮流计算_39_92],0.0
cons[线路潮流约束_39_92],0.0
cons[线路潮流约束_neg_39_92],0.0
cons[线路潮流计算_40_92],0.0
cons[线路潮流约束_40_92],0.0
cons[线路潮流约束_neg_40_92],0.0
cons[线路潮流计算_41_92],0.0
cons[线路潮流约束_41_92],0.0
cons[线路潮流约束_neg_41_92],0.0
cons[线路潮流计算_42_92],0.0
cons[线路潮流约束_42_92],0.0
cons[线路潮流约束_neg_42_92],0.0
cons[线路潮流计算_43_92],0.0
cons[线路潮流约束_43_92],0.0
cons[线路潮流约束_neg_43_92],0.0
cons[线路潮流计算_44_92],0.0
cons[线路潮流约束_44_92],0.0
cons[线路潮流约束_neg_44_92],0.0
cons[线路潮流计算_45_92],0.0
cons[线路潮流约束_45_92],0.0
cons[线路潮流约束_neg_45_92],0.0
cons[线路潮流计算_46_92],0.0
cons[线路潮流约束_46_92],0.0
cons[线路潮流约束_neg_46_92],0.0
cons[线路潮流计算_47_92],0.0
cons[线路潮流约束_47_92],0.0
cons[线路潮流约束_neg_47_92],0.0
cons[线路潮流计算_48_92],0.0
cons[线路潮流约束_48_92],0.0
cons[线路潮流约束_neg_48_92],0.0
cons[线路潮流计算_49_92],0.0
cons[线路潮流约束_49_92],0.0
cons[线路潮流约束_neg_49_92],0.0
cons[线路潮流计算_50_92],0.0
cons[线路潮流约束_50_92],0.0
cons[线路潮流约束_neg_50_92],0.0
cons[线路潮流计算_51_92],0.0
cons[线路潮流约束_51_92],0.0
cons[线路潮流约束_neg_51_92],0.0
cons[线路潮流计算_52_92],0.0
cons[线路潮流约束_52_92],0.0
cons[线路潮流约束_neg_52_92],0.0
cons[线路潮流计算_53_92],0.0
cons[线路潮流约束_53_92],0.0
cons[线路潮流约束_neg_53_92],0.0
cons[线路潮流计算_54_92],0.0
cons[线路潮流约束_54_92],0.0
cons[线路潮流约束_neg_54_92],0.0
cons[线路潮流计算_55_92],0.0
cons[线路潮流约束_55_92],0.0
cons[线路潮流约束_neg_55_92],0.0
cons[线路潮流计算_56_92],0.0
cons[线路潮流约束_56_92],0.0
cons[线路潮流约束_neg_56_92],0.0
cons[线路潮流计算_57_92],0.0
cons[线路潮流约束_57_92],0.0
cons[线路潮流约束_neg_57_92],0.0
cons[线路潮流计算_58_92],0.0
cons[线路潮流约束_58_92],0.0
cons[线路潮流约束_neg_58_92],0.0
cons[线路潮流计算_59_92],0.0
cons[线路潮流约束_59_92],0.0
cons[线路潮流约束_neg_59_92],0.0
cons[线路潮流计算_60_92],0.0
cons[线路潮流约束_60_92],0.0
cons[线路潮流约束_neg_60_92],0.0
cons[线路潮流计算_61_92],0.0
cons[线路潮流约束_61_92],0.0
cons[线路潮流约束_neg_61_92],0.0
cons[线路潮流计算_62_92],0.0
cons[线路潮流约束_62_92],0.0
cons[线路潮流约束_neg_62_92],0.0
cons[线路潮流计算_63_92],0.0
cons[线路潮流约束_63_92],0.0
cons[线路潮流约束_neg_63_92],0.0
cons[线路潮流计算_64_92],0.0
cons[线路潮流约束_64_92],0.0
cons[线路潮流约束_neg_64_92],0.0
cons[线路潮流计算_65_92],0.0
cons[线路潮流约束_65_92],0.0
cons[线路潮流约束_neg_65_92],0.0
cons[线路潮流计算_66_92],0.0
cons[线路潮流约束_66_92],0.0
cons[线路潮流约束_neg_66_92],0.0
cons[线路潮流计算_67_92],0.0
cons[线路潮流约束_67_92],0.0
cons[线路潮流约束_neg_67_92],0.0
cons[线路潮流计算_68_92],0.0
cons[线路潮流约束_68_92],0.0
cons[线路潮流约束_neg_68_92],0.0
cons[线路潮流计算_69_92],0.0
cons[线路潮流约束_69_92],0.0
cons[线路潮流约束_neg_69_92],0.0
cons[线路潮流计算_70_92],0.0
cons[线路潮流约束_70_92],0.0
cons[线路潮流约束_neg_70_92],0.0
cons[线路潮流计算_71_92],0.0
cons[线路潮流约束_71_92],0.0
cons[线路潮流约束_neg_71_92],0.0
cons[线路潮流计算_72_92],0.0
cons[线路潮流约束_72_92],0.0
cons[线路潮流约束_neg_72_92],0.0
cons[线路潮流计算_73_92],0.0
cons[线路潮流约束_73_92],0.0
cons[线路潮流约束_neg_73_92],0.0
cons[线路潮流计算_74_92],0.0
cons[线路潮流约束_74_92],0.0
cons[线路潮流约束_neg_74_92],0.0
cons[线路潮流计算_75_92],0.0
cons[线路潮流约束_75_92],0.0
cons[线路潮流约束_neg_75_92],0.0
cons[线路潮流计算_76_92],0.0
cons[线路潮流约束_76_92],0.0
cons[线路潮流约束_neg_76_92],0.0
cons[正备用约束_92],0.0
cons[负备用约束_92],0.0
cons[系统功率平衡约束_93],-5933.928
cons[线路潮流计算_0_93],0.0
cons[线路潮流约束_0_93],0.0
cons[线路潮流约束_neg_0_93],0.0
cons[线路潮流计算_1_93],0.0
cons[线路潮流约束_1_93],0.0
cons[线路潮流约束_neg_1_93],0.0
cons[线路潮流计算_2_93],0.0
cons[线路潮流约束_2_93],0.0
cons[线路潮流约束_neg_2_93],0.0
cons[线路潮流计算_3_93],0.0
cons[线路潮流约束_3_93],0.0
cons[线路潮流约束_neg_3_93],0.0
cons[线路潮流计算_4_93],0.0
cons[线路潮流约束_4_93],0.0
cons[线路潮流约束_neg_4_93],0.0
cons[线路潮流计算_5_93],0.0
cons[线路潮流约束_5_93],0.0
cons[线路潮流约束_neg_5_93],0.0
cons[线路潮流计算_6_93],0.0
cons[线路潮流约束_6_93],0.0
cons[线路潮流约束_neg_6_93],0.0
cons[线路潮流计算_7_93],0.0
cons[线路潮流约束_7_93],0.0
cons[线路潮流约束_neg_7_93],0.0
cons[线路潮流计算_8_93],0.0
cons[线路潮流约束_8_93],0.0
cons[线路潮流约束_neg_8_93],0.0
cons[线路潮流计算_9_93],0.0
cons[线路潮流约束_9_93],0.0
cons[线路潮流约束_neg_9_93],0.0
cons[线路潮流计算_10_93],0.0
cons[线路潮流约束_10_93],0.0
cons[线路潮流约束_neg_10_93],0.0
cons[线路潮流计算_11_93],0.0
cons[线路潮流约束_11_93],0.0
cons[线路潮流约束_neg_11_93],0.0
cons[线路潮流计算_12_93],0.0
cons[线路潮流约束_12_93],0.0
cons[线路潮流约束_neg_12_93],0.0
cons[线路潮流计算_13_93],0.0
cons[线路潮流约束_13_93],0.0
cons[线路潮流约束_neg_13_93],0.0
cons[线路潮流计算_14_93],0.0
cons[线路潮流约束_14_93],0.0
cons[线路潮流约束_neg_14_93],0.0
cons[线路潮流计算_15_93],0.0
cons[线路潮流约束_15_93],0.0
cons[线路潮流约束_neg_15_93],0.0
cons[线路潮流计算_16_93],0.0
cons[线路潮流约束_16_93],0.0
cons[线路潮流约束_neg_16_93],0.0
cons[线路潮流计算_17_93],0.0
cons[线路潮流约束_17_93],0.0
cons[线路潮流约束_neg_17_93],0.0
cons[线路潮流计算_18_93],0.0
cons[线路潮流约束_18_93],0.0
cons[线路潮流约束_neg_18_93],0.0
cons[线路潮流计算_19_93],0.0
cons[线路潮流约束_19_93],0.0
cons[线路潮流约束_neg_19_93],0.0
cons[线路潮流计算_20_93],0.0
cons[线路潮流约束_20_93],0.0
cons[线路潮流约束_neg_20_93],0.0
cons[线路潮流计算_21_93],0.0
cons[线路潮流约束_21_93],0.0
cons[线路潮流约束_neg_21_93],0.0
cons[线路潮流计算_22_93],0.0
cons[线路潮流约束_22_93],0.0
cons[线路潮流约束_neg_22_93],0.0
cons[线路潮流计算_23_93],0.0
cons[线路潮流约束_23_93],0.0
cons[线路潮流约束_neg_23_93],0.0
cons[线路潮流计算_24_93],0.0
cons[线路潮流约束_24_93],0.0
cons[线路潮流约束_neg_24_93],0.0
cons[线路潮流计算_25_93],0.0
cons[线路潮流约束_25_93],0.0
cons[线路潮流约束_neg_25_93],0.0
cons[线路潮流计算_26_93],0.0
cons[线路潮流约束_26_93],0.0
cons[线路潮流约束_neg_26_93],0.0
cons[线路潮流计算_27_93],0.0
cons[线路潮流约束_27_93],0.0
cons[线路潮流约束_neg_27_93],0.0
cons[线路潮流计算_28_93],0.0
cons[线路潮流约束_28_93],0.0
cons[线路潮流约束_neg_28_93],0.0
cons[线路潮流计算_29_93],0.0
cons[线路潮流约束_29_93],0.0
cons[线路潮流约束_neg_29_93],0.0
cons[线路潮流计算_30_93],0.0
cons[线路潮流约束_30_93],0.0
cons[线路潮流约束_neg_30_93],0.0
cons[线路潮流计算_31_93],0.0
cons[线路潮流约束_31_93],0.0
cons[线路潮流约束_neg_31_93],0.0
cons[线路潮流计算_32_93],0.0
cons[线路潮流约束_32_93],0.0
cons[线路潮流约束_neg_32_93],0.0
cons[线路潮流计算_33_93],0.0
cons[线路潮流约束_33_93],0.0
cons[线路潮流约束_neg_33_93],0.0
cons[线路潮流计算_34_93],0.0
cons[线路潮流约束_34_93],0.0
cons[线路潮流约束_neg_34_93],0.0
cons[线路潮流计算_35_93],0.0
cons[线路潮流约束_35_93],0.0
cons[线路潮流约束_neg_35_93],0.0
cons[线路潮流计算_36_93],0.0
cons[线路潮流约束_36_93],0.0
cons[线路潮流约束_neg_36_93],0.0
cons[线路潮流计算_37_93],0.0
cons[线路潮流约束_37_93],0.0
cons[线路潮流约束_neg_37_93],0.0
cons[线路潮流计算_38_93],0.0
cons[线路潮流约束_38_93],0.0
cons[线路潮流约束_neg_38_93],0.0
cons[线路潮流计算_39_93],0.0
cons[线路潮流约束_39_93],0.0
cons[线路潮流约束_neg_39_93],0.0
cons[线路潮流计算_40_93],0.0
cons[线路潮流约束_40_93],0.0
cons[线路潮流约束_neg_40_93],0.0
cons[线路潮流计算_41_93],0.0
cons[线路潮流约束_41_93],0.0
cons[线路潮流约束_neg_41_93],0.0
cons[线路潮流计算_42_93],0.0
cons[线路潮流约束_42_93],0.0
cons[线路潮流约束_neg_42_93],0.0
cons[线路潮流计算_43_93],0.0
cons[线路潮流约束_43_93],0.0
cons[线路潮流约束_neg_43_93],0.0
cons[线路潮流计算_44_93],0.0
cons[线路潮流约束_44_93],0.0
cons[线路潮流约束_neg_44_93],0.0
cons[线路潮流计算_45_93],0.0
cons[线路潮流约束_45_93],0.0
cons[线路潮流约束_neg_45_93],0.0
cons[线路潮流计算_46_93],0.0
cons[线路潮流约束_46_93],0.0
cons[线路潮流约束_neg_46_93],0.0
cons[线路潮流计算_47_93],0.0
cons[线路潮流约束_47_93],0.0
cons[线路潮流约束_neg_47_93],0.0
cons[线路潮流计算_48_93],0.0
cons[线路潮流约束_48_93],0.0
cons[线路潮流约束_neg_48_93],0.0
cons[线路潮流计算_49_93],0.0
cons[线路潮流约束_49_93],0.0
cons[线路潮流约束_neg_49_93],0.0
cons[线路潮流计算_50_93],0.0
cons[线路潮流约束_50_93],0.0
cons[线路潮流约束_neg_50_93],0.0
cons[线路潮流计算_51_93],0.0
cons[线路潮流约束_51_93],0.0
cons[线路潮流约束_neg_51_93],0.0
cons[线路潮流计算_52_93],0.0
cons[线路潮流约束_52_93],0.0
cons[线路潮流约束_neg_52_93],0.0
cons[线路潮流计算_53_93],0.0
cons[线路潮流约束_53_93],0.0
cons[线路潮流约束_neg_53_93],0.0
cons[线路潮流计算_54_93],0.0
cons[线路潮流约束_54_93],0.0
cons[线路潮流约束_neg_54_93],0.0
cons[线路潮流计算_55_93],0.0
cons[线路潮流约束_55_93],0.0
cons[线路潮流约束_neg_55_93],0.0
cons[线路潮流计算_56_93],0.0
cons[线路潮流约束_56_93],0.0
cons[线路潮流约束_neg_56_93],0.0
cons[线路潮流计算_57_93],0.0
cons[线路潮流约束_57_93],0.0
cons[线路潮流约束_neg_57_93],0.0
cons[线路潮流计算_58_93],0.0
cons[线路潮流约束_58_93],0.0
cons[线路潮流约束_neg_58_93],0.0
cons[线路潮流计算_59_93],0.0
cons[线路潮流约束_59_93],0.0
cons[线路潮流约束_neg_59_93],0.0
cons[线路潮流计算_60_93],0.0
cons[线路潮流约束_60_93],0.0
cons[线路潮流约束_neg_60_93],0.0
cons[线路潮流计算_61_93],0.0
cons[线路潮流约束_61_93],0.0
cons[线路潮流约束_neg_61_93],0.0
cons[线路潮流计算_62_93],0.0
cons[线路潮流约束_62_93],0.0
cons[线路潮流约束_neg_62_93],0.0
cons[线路潮流计算_63_93],0.0
cons[线路潮流约束_63_93],0.0
cons[线路潮流约束_neg_63_93],0.0
cons[线路潮流计算_64_93],0.0
cons[线路潮流约束_64_93],0.0
cons[线路潮流约束_neg_64_93],0.0
cons[线路潮流计算_65_93],0.0
cons[线路潮流约束_65_93],0.0
cons[线路潮流约束_neg_65_93],0.0
cons[线路潮流计算_66_93],0.0
cons[线路潮流约束_66_93],0.0
cons[线路潮流约束_neg_66_93],0.0
cons[线路潮流计算_67_93],0.0
cons[线路潮流约束_67_93],0.0
cons[线路潮流约束_neg_67_93],0.0
cons[线路潮流计算_68_93],0.0
cons[线路潮流约束_68_93],0.0
cons[线路潮流约束_neg_68_93],0.0
cons[线路潮流计算_69_93],0.0
cons[线路潮流约束_69_93],0.0
cons[线路潮流约束_neg_69_93],0.0
cons[线路潮流计算_70_93],0.0
cons[线路潮流约束_70_93],0.0
cons[线路潮流约束_neg_70_93],0.0
cons[线路潮流计算_71_93],0.0
cons[线路潮流约束_71_93],0.0
cons[线路潮流约束_neg_71_93],0.0
cons[线路潮流计算_72_93],0.0
cons[线路潮流约束_72_93],0.0
cons[线路潮流约束_neg_72_93],0.0
cons[线路潮流计算_73_93],0.0
cons[线路潮流约束_73_93],0.0
cons[线路潮流约束_neg_73_93],0.0
cons[线路潮流计算_74_93],0.0
cons[线路潮流约束_74_93],0.0
cons[线路潮流约束_neg_74_93],0.0
cons[线路潮流计算_75_93],0.0
cons[线路潮流约束_75_93],0.0
cons[线路潮流约束_neg_75_93],0.0
cons[线路潮流计算_76_93],0.0
cons[线路潮流约束_76_93],0.0
cons[线路潮流约束_neg_76_93],0.0
cons[正备用约束_93],0.0
cons[负备用约束_93],0.0
cons[系统功率平衡约束_94],-5887.882
cons[线路潮流计算_0_94],0.0
cons[线路潮流约束_0_94],0.0
cons[线路潮流约束_neg_0_94],0.0
cons[线路潮流计算_1_94],0.0
cons[线路潮流约束_1_94],0.0
cons[线路潮流约束_neg_1_94],0.0
cons[线路潮流计算_2_94],0.0
cons[线路潮流约束_2_94],0.0
cons[线路潮流约束_neg_2_94],0.0
cons[线路潮流计算_3_94],0.0
cons[线路潮流约束_3_94],0.0
cons[线路潮流约束_neg_3_94],0.0
cons[线路潮流计算_4_94],0.0
cons[线路潮流约束_4_94],0.0
cons[线路潮流约束_neg_4_94],0.0
cons[线路潮流计算_5_94],0.0
cons[线路潮流约束_5_94],0.0
cons[线路潮流约束_neg_5_94],0.0
cons[线路潮流计算_6_94],0.0
cons[线路潮流约束_6_94],0.0
cons[线路潮流约束_neg_6_94],0.0
cons[线路潮流计算_7_94],0.0
cons[线路潮流约束_7_94],0.0
cons[线路潮流约束_neg_7_94],0.0
cons[线路潮流计算_8_94],0.0
cons[线路潮流约束_8_94],0.0
cons[线路潮流约束_neg_8_94],0.0
cons[线路潮流计算_9_94],0.0
cons[线路潮流约束_9_94],0.0
cons[线路潮流约束_neg_9_94],0.0
cons[线路潮流计算_10_94],0.0
cons[线路潮流约束_10_94],0.0
cons[线路潮流约束_neg_10_94],0.0
cons[线路潮流计算_11_94],0.0
cons[线路潮流约束_11_94],0.0
cons[线路潮流约束_neg_11_94],0.0
cons[线路潮流计算_12_94],0.0
cons[线路潮流约束_12_94],0.0
cons[线路潮流约束_neg_12_94],0.0
cons[线路潮流计算_13_94],0.0
cons[线路潮流约束_13_94],0.0
cons[线路潮流约束_neg_13_94],0.0
cons[线路潮流计算_14_94],0.0
cons[线路潮流约束_14_94],0.0
cons[线路潮流约束_neg_14_94],0.0
cons[线路潮流计算_15_94],0.0
cons[线路潮流约束_15_94],0.0
cons[线路潮流约束_neg_15_94],0.0
cons[线路潮流计算_16_94],0.0
cons[线路潮流约束_16_94],0.0
cons[线路潮流约束_neg_16_94],0.0
cons[线路潮流计算_17_94],0.0
cons[线路潮流约束_17_94],0.0
cons[线路潮流约束_neg_17_94],0.0
cons[线路潮流计算_18_94],0.0
cons[线路潮流约束_18_94],0.0
cons[线路潮流约束_neg_18_94],0.0
cons[线路潮流计算_19_94],0.0
cons[线路潮流约束_19_94],0.0
cons[线路潮流约束_neg_19_94],0.0
cons[线路潮流计算_20_94],0.0
cons[线路潮流约束_20_94],0.0
cons[线路潮流约束_neg_20_94],0.0
cons[线路潮流计算_21_94],0.0
cons[线路潮流约束_21_94],0.0
cons[线路潮流约束_neg_21_94],0.0
cons[线路潮流计算_22_94],0.0
cons[线路潮流约束_22_94],0.0
cons[线路潮流约束_neg_22_94],0.0
cons[线路潮流计算_23_94],0.0
cons[线路潮流约束_23_94],0.0
cons[线路潮流约束_neg_23_94],0.0
cons[线路潮流计算_24_94],0.0
cons[线路潮流约束_24_94],0.0
cons[线路潮流约束_neg_24_94],0.0
cons[线路潮流计算_25_94],0.0
cons[线路潮流约束_25_94],0.0
cons[线路潮流约束_neg_25_94],0.0
cons[线路潮流计算_26_94],0.0
cons[线路潮流约束_26_94],0.0
cons[线路潮流约束_neg_26_94],0.0
cons[线路潮流计算_27_94],0.0
cons[线路潮流约束_27_94],0.0
cons[线路潮流约束_neg_27_94],0.0
cons[线路潮流计算_28_94],0.0
cons[线路潮流约束_28_94],0.0
cons[线路潮流约束_neg_28_94],0.0
cons[线路潮流计算_29_94],0.0
cons[线路潮流约束_29_94],0.0
cons[线路潮流约束_neg_29_94],0.0
cons[线路潮流计算_30_94],0.0
cons[线路潮流约束_30_94],0.0
cons[线路潮流约束_neg_30_94],0.0
cons[线路潮流计算_31_94],0.0
cons[线路潮流约束_31_94],0.0
cons[线路潮流约束_neg_31_94],0.0
cons[线路潮流计算_32_94],0.0
cons[线路潮流约束_32_94],0.0
cons[线路潮流约束_neg_32_94],0.0
cons[线路潮流计算_33_94],0.0
cons[线路潮流约束_33_94],0.0
cons[线路潮流约束_neg_33_94],0.0
cons[线路潮流计算_34_94],0.0
cons[线路潮流约束_34_94],0.0
cons[线路潮流约束_neg_34_94],0.0
cons[线路潮流计算_35_94],0.0
cons[线路潮流约束_35_94],0.0
cons[线路潮流约束_neg_35_94],0.0
cons[线路潮流计算_36_94],0.0
cons[线路潮流约束_36_94],0.0
cons[线路潮流约束_neg_36_94],0.0
cons[线路潮流计算_37_94],0.0
cons[线路潮流约束_37_94],0.0
cons[线路潮流约束_neg_37_94],0.0
cons[线路潮流计算_38_94],0.0
cons[线路潮流约束_38_94],0.0
cons[线路潮流约束_neg_38_94],0.0
cons[线路潮流计算_39_94],0.0
cons[线路潮流约束_39_94],0.0
cons[线路潮流约束_neg_39_94],0.0
cons[线路潮流计算_40_94],0.0
cons[线路潮流约束_40_94],0.0
cons[线路潮流约束_neg_40_94],0.0
cons[线路潮流计算_41_94],0.0
cons[线路潮流约束_41_94],0.0
cons[线路潮流约束_neg_41_94],0.0
cons[线路潮流计算_42_94],0.0
cons[线路潮流约束_42_94],0.0
cons[线路潮流约束_neg_42_94],0.0
cons[线路潮流计算_43_94],0.0
cons[线路潮流约束_43_94],0.0
cons[线路潮流约束_neg_43_94],0.0
cons[线路潮流计算_44_94],0.0
cons[线路潮流约束_44_94],0.0
cons[线路潮流约束_neg_44_94],0.0
cons[线路潮流计算_45_94],0.0
cons[线路潮流约束_45_94],0.0
cons[线路潮流约束_neg_45_94],0.0
cons[线路潮流计算_46_94],0.0
cons[线路潮流约束_46_94],0.0
cons[线路潮流约束_neg_46_94],0.0
cons[线路潮流计算_47_94],0.0
cons[线路潮流约束_47_94],0.0
cons[线路潮流约束_neg_47_94],0.0
cons[线路潮流计算_48_94],0.0
cons[线路潮流约束_48_94],0.0
cons[线路潮流约束_neg_48_94],0.0
cons[线路潮流计算_49_94],0.0
cons[线路潮流约束_49_94],0.0
cons[线路潮流约束_neg_49_94],0.0
cons[线路潮流计算_50_94],0.0
cons[线路潮流约束_50_94],0.0
cons[线路潮流约束_neg_50_94],0.0
cons[线路潮流计算_51_94],0.0
cons[线路潮流约束_51_94],0.0
cons[线路潮流约束_neg_51_94],0.0
cons[线路潮流计算_52_94],0.0
cons[线路潮流约束_52_94],0.0
cons[线路潮流约束_neg_52_94],0.0
cons[线路潮流计算_53_94],0.0
cons[线路潮流约束_53_94],0.0
cons[线路潮流约束_neg_53_94],0.0
cons[线路潮流计算_54_94],0.0
cons[线路潮流约束_54_94],0.0
cons[线路潮流约束_neg_54_94],0.0
cons[线路潮流计算_55_94],0.0
cons[线路潮流约束_55_94],0.0
cons[线路潮流约束_neg_55_94],0.0
cons[线路潮流计算_56_94],0.0
cons[线路潮流约束_56_94],0.0
cons[线路潮流约束_neg_56_94],0.0
cons[线路潮流计算_57_94],0.0
cons[线路潮流约束_57_94],0.0
cons[线路潮流约束_neg_57_94],0.0
cons[线路潮流计算_58_94],0.0
cons[线路潮流约束_58_94],0.0
cons[线路潮流约束_neg_58_94],0.0
cons[线路潮流计算_59_94],0.0
cons[线路潮流约束_59_94],0.0
cons[线路潮流约束_neg_59_94],0.0
cons[线路潮流计算_60_94],0.0
cons[线路潮流约束_60_94],0.0
cons[线路潮流约束_neg_60_94],0.0
cons[线路潮流计算_61_94],0.0
cons[线路潮流约束_61_94],0.0
cons[线路潮流约束_neg_61_94],0.0
cons[线路潮流计算_62_94],0.0
cons[线路潮流约束_62_94],0.0
cons[线路潮流约束_neg_62_94],0.0
cons[线路潮流计算_63_94],0.0
cons[线路潮流约束_63_94],0.0
cons[线路潮流约束_neg_63_94],0.0
cons[线路潮流计算_64_94],0.0
cons[线路潮流约束_64_94],0.0
cons[线路潮流约束_neg_64_94],0.0
cons[线路潮流计算_65_94],0.0
cons[线路潮流约束_65_94],0.0
cons[线路潮流约束_neg_65_94],0.0
cons[线路潮流计算_66_94],0.0
cons[线路潮流约束_66_94],0.0
cons[线路潮流约束_neg_66_94],0.0
cons[线路潮流计算_67_94],0.0
cons[线路潮流约束_67_94],0.0
cons[线路潮流约束_neg_67_94],0.0
cons[线路潮流计算_68_94],0.0
cons[线路潮流约束_68_94],0.0
cons[线路潮流约束_neg_68_94],0.0
cons[线路潮流计算_69_94],0.0
cons[线路潮流约束_69_94],0.0
cons[线路潮流约束_neg_69_94],0.0
cons[线路潮流计算_70_94],0.0
cons[线路潮流约束_70_94],0.0
cons[线路潮流约束_neg_70_94],0.0
cons[线路潮流计算_71_94],0.0
cons[线路潮流约束_71_94],0.0
cons[线路潮流约束_neg_71_94],0.0
cons[线路潮流计算_72_94],0.0
cons[线路潮流约束_72_94],0.0
cons[线路潮流约束_neg_72_94],0.0
cons[线路潮流计算_73_94],0.0
cons[线路潮流约束_73_94],0.0
cons[线路潮流约束_neg_73_94],0.0
cons[线路潮流计算_74_94],0.0
cons[线路潮流约束_74_94],0.0
cons[线路潮流约束_neg_74_94],0.0
cons[线路潮流计算_75_94],0.0
cons[线路潮流约束_75_94],0.0
cons[线路潮流约束_neg_75_94],0.0
cons[线路潮流计算_76_94],0.0
cons[线路潮流约束_76_94],0.0
cons[线路潮流约束_neg_76_94],0.0
cons[正备用约束_94],0.0
cons[负备用约束_94],0.0
cons[系统功率平衡约束_95],-5414.317999999999
cons[线路潮流计算_0_95],0.0
cons[线路潮流约束_0_95],0.0
cons[线路潮流约束_neg_0_95],0.0
cons[线路潮流计算_1_95],0.0
cons[线路潮流约束_1_95],0.0
cons[线路潮流约束_neg_1_95],0.0
cons[线路潮流计算_2_95],0.0
cons[线路潮流约束_2_95],0.0
cons[线路潮流约束_neg_2_95],0.0
cons[线路潮流计算_3_95],0.0
cons[线路潮流约束_3_95],0.0
cons[线路潮流约束_neg_3_95],0.0
cons[线路潮流计算_4_95],0.0
cons[线路潮流约束_4_95],0.0
cons[线路潮流约束_neg_4_95],0.0
cons[线路潮流计算_5_95],0.0
cons[线路潮流约束_5_95],0.0
cons[线路潮流约束_neg_5_95],0.0
cons[线路潮流计算_6_95],0.0
cons[线路潮流约束_6_95],0.0
cons[线路潮流约束_neg_6_95],0.0
cons[线路潮流计算_7_95],0.0
cons[线路潮流约束_7_95],0.0
cons[线路潮流约束_neg_7_95],0.0
cons[线路潮流计算_8_95],0.0
cons[线路潮流约束_8_95],0.0
cons[线路潮流约束_neg_8_95],0.0
cons[线路潮流计算_9_95],0.0
cons[线路潮流约束_9_95],0.0
cons[线路潮流约束_neg_9_95],0.0
cons[线路潮流计算_10_95],0.0
cons[线路潮流约束_10_95],0.0
cons[线路潮流约束_neg_10_95],0.0
cons[线路潮流计算_11_95],0.0
cons[线路潮流约束_11_95],0.0
cons[线路潮流约束_neg_11_95],0.0
cons[线路潮流计算_12_95],0.0
cons[线路潮流约束_12_95],0.0
cons[线路潮流约束_neg_12_95],0.0
cons[线路潮流计算_13_95],0.0
cons[线路潮流约束_13_95],0.0
cons[线路潮流约束_neg_13_95],0.0
cons[线路潮流计算_14_95],0.0
cons[线路潮流约束_14_95],0.0
cons[线路潮流约束_neg_14_95],0.0
cons[线路潮流计算_15_95],0.0
cons[线路潮流约束_15_95],0.0
cons[线路潮流约束_neg_15_95],0.0
cons[线路潮流计算_16_95],0.0
cons[线路潮流约束_16_95],0.0
cons[线路潮流约束_neg_16_95],0.0
cons[线路潮流计算_17_95],0.0
cons[线路潮流约束_17_95],0.0
cons[线路潮流约束_neg_17_95],0.0
cons[线路潮流计算_18_95],0.0
cons[线路潮流约束_18_95],0.0
cons[线路潮流约束_neg_18_95],0.0
cons[线路潮流计算_19_95],0.0
cons[线路潮流约束_19_95],0.0
cons[线路潮流约束_neg_19_95],0.0
cons[线路潮流计算_20_95],0.0
cons[线路潮流约束_20_95],0.0
cons[线路潮流约束_neg_20_95],0.0
cons[线路潮流计算_21_95],0.0
cons[线路潮流约束_21_95],0.0
cons[线路潮流约束_neg_21_95],0.0
cons[线路潮流计算_22_95],0.0
cons[线路潮流约束_22_95],0.0
cons[线路潮流约束_neg_22_95],0.0
cons[线路潮流计算_23_95],0.0
cons[线路潮流约束_23_95],0.0
cons[线路潮流约束_neg_23_95],0.0
cons[线路潮流计算_24_95],0.0
cons[线路潮流约束_24_95],0.0
cons[线路潮流约束_neg_24_95],0.0
cons[线路潮流计算_25_95],0.0
cons[线路潮流约束_25_95],0.0
cons[线路潮流约束_neg_25_95],0.0
cons[线路潮流计算_26_95],0.0
cons[线路潮流约束_26_95],0.0
cons[线路潮流约束_neg_26_95],0.0
cons[线路潮流计算_27_95],0.0
cons[线路潮流约束_27_95],0.0
cons[线路潮流约束_neg_27_95],0.0
cons[线路潮流计算_28_95],0.0
cons[线路潮流约束_28_95],0.0
cons[线路潮流约束_neg_28_95],0.0
cons[线路潮流计算_29_95],0.0
cons[线路潮流约束_29_95],0.0
cons[线路潮流约束_neg_29_95],0.0
cons[线路潮流计算_30_95],0.0
cons[线路潮流约束_30_95],0.0
cons[线路潮流约束_neg_30_95],0.0
cons[线路潮流计算_31_95],0.0
cons[线路潮流约束_31_95],0.0
cons[线路潮流约束_neg_31_95],0.0
cons[线路潮流计算_32_95],0.0
cons[线路潮流约束_32_95],0.0
cons[线路潮流约束_neg_32_95],0.0
cons[线路潮流计算_33_95],0.0
cons[线路潮流约束_33_95],0.0
cons[线路潮流约束_neg_33_95],0.0
cons[线路潮流计算_34_95],0.0
cons[线路潮流约束_34_95],0.0
cons[线路潮流约束_neg_34_95],0.0
cons[线路潮流计算_35_95],0.0
cons[线路潮流约束_35_95],0.0
cons[线路潮流约束_neg_35_95],0.0
cons[线路潮流计算_36_95],0.0
cons[线路潮流约束_36_95],0.0
cons[线路潮流约束_neg_36_95],0.0
cons[线路潮流计算_37_95],0.0
cons[线路潮流约束_37_95],0.0
cons[线路潮流约束_neg_37_95],0.0
cons[线路潮流计算_38_95],0.0
cons[线路潮流约束_38_95],0.0
cons[线路潮流约束_neg_38_95],0.0
cons[线路潮流计算_39_95],0.0
cons[线路潮流约束_39_95],0.0
cons[线路潮流约束_neg_39_95],0.0
cons[线路潮流计算_40_95],0.0
cons[线路潮流约束_40_95],0.0
cons[线路潮流约束_neg_40_95],0.0
cons[线路潮流计算_41_95],0.0
cons[线路潮流约束_41_95],0.0
cons[线路潮流约束_neg_41_95],0.0
cons[线路潮流计算_42_95],0.0
cons[线路潮流约束_42_95],0.0
cons[线路潮流约束_neg_42_95],0.0
cons[线路潮流计算_43_95],0.0
cons[线路潮流约束_43_95],0.0
cons[线路潮流约束_neg_43_95],0.0
cons[线路潮流计算_44_95],0.0
cons[线路潮流约束_44_95],0.0
cons[线路潮流约束_neg_44_95],0.0
cons[线路潮流计算_45_95],0.0
cons[线路潮流约束_45_95],0.0
cons[线路潮流约束_neg_45_95],0.0
cons[线路潮流计算_46_95],0.0
cons[线路潮流约束_46_95],0.0
cons[线路潮流约束_neg_46_95],0.0
cons[线路潮流计算_47_95],0.0
cons[线路潮流约束_47_95],0.0
cons[线路潮流约束_neg_47_95],0.0
cons[线路潮流计算_48_95],0.0
cons[线路潮流约束_48_95],0.0
cons[线路潮流约束_neg_48_95],0.0
cons[线路潮流计算_49_95],0.0
cons[线路潮流约束_49_95],0.0
cons[线路潮流约束_neg_49_95],0.0
cons[线路潮流计算_50_95],0.0
cons[线路潮流约束_50_95],0.0
cons[线路潮流约束_neg_50_95],0.0
cons[线路潮流计算_51_95],0.0
cons[线路潮流约束_51_95],0.0
cons[线路潮流约束_neg_51_95],0.0
cons[线路潮流计算_52_95],0.0
cons[线路潮流约束_52_95],0.0
cons[线路潮流约束_neg_52_95],0.0
cons[线路潮流计算_53_95],0.0
cons[线路潮流约束_53_95],0.0
cons[线路潮流约束_neg_53_95],0.0
cons[线路潮流计算_54_95],0.0
cons[线路潮流约束_54_95],0.0
cons[线路潮流约束_neg_54_95],0.0
cons[线路潮流计算_55_95],0.0
cons[线路潮流约束_55_95],0.0
cons[线路潮流约束_neg_55_95],0.0
cons[线路潮流计算_56_95],0.0
cons[线路潮流约束_56_95],0.0
cons[线路潮流约束_neg_56_95],0.0
cons[线路潮流计算_57_95],0.0
cons[线路潮流约束_57_95],0.0
cons[线路潮流约束_neg_57_95],0.0
cons[线路潮流计算_58_95],0.0
cons[线路潮流约束_58_95],0.0
cons[线路潮流约束_neg_58_95],0.0
cons[线路潮流计算_59_95],0.0
cons[线路潮流约束_59_95],0.0
cons[线路潮流约束_neg_59_95],0.0
cons[线路潮流计算_60_95],0.0
cons[线路潮流约束_60_95],0.0
cons[线路潮流约束_neg_60_95],0.0
cons[线路潮流计算_61_95],0.0
cons[线路潮流约束_61_95],0.0
cons[线路潮流约束_neg_61_95],0.0
cons[线路潮流计算_62_95],0.0
cons[线路潮流约束_62_95],0.0
cons[线路潮流约束_neg_62_95],0.0
cons[线路潮流计算_63_95],0.0
cons[线路潮流约束_63_95],0.0
cons[线路潮流约束_neg_63_95],0.0
cons[线路潮流计算_64_95],0.0
cons[线路潮流约束_64_95],0.0
cons[线路潮流约束_neg_64_95],0.0
cons[线路潮流计算_65_95],0.0
cons[线路潮流约束_65_95],0.0
cons[线路潮流约束_neg_65_95],0.0
cons[线路潮流计算_66_95],0.0
cons[线路潮流约束_66_95],0.0
cons[线路潮流约束_neg_66_95],0.0
cons[线路潮流计算_67_95],0.0
cons[线路潮流约束_67_95],0.0
cons[线路潮流约束_neg_67_95],0.0
cons[线路潮流计算_68_95],0.0
cons[线路潮流约束_68_95],0.0
cons[线路潮流约束_neg_68_95],0.0
cons[线路潮流计算_69_95],0.0
cons[线路潮流约束_69_95],0.0
cons[线路潮流约束_neg_69_95],0.0
cons[线路潮流计算_70_95],0.0
cons[线路潮流约束_70_95],0.0
cons[线路潮流约束_neg_70_95],0.0
cons[线路潮流计算_71_95],0.0
cons[线路潮流约束_71_95],0.0
cons[线路潮流约束_neg_71_95],0.0
cons[线路潮流计算_72_95],0.0
cons[线路潮流约束_72_95],0.0
cons[线路潮流约束_neg_72_95],0.0
cons[线路潮流计算_73_95],0.0
cons[线路潮流约束_73_95],0.0
cons[线路潮流约束_neg_73_95],0.0
cons[线路潮流计算_74_95],0.0
cons[线路潮流约束_74_95],0.0
cons[线路潮流约束_neg_74_95],0.0
cons[线路潮流计算_75_95],0.0
cons[线路潮流约束_75_95],0.0
cons[线路潮流约束_neg_75_95],0.0
cons[线路潮流计算_76_95],0.0
cons[线路潮流约束_76_95],0.0
cons[线路潮流约束_neg_76_95],0.0
cons[正备用约束_95],0.0
cons[负备用约束_95],0.0
cons[断面潮流计算_0_0],0.0
cons[断面输入功率下限约束_0_0],0.0
cons[断面输入功率上限约束_0_0],0.0
cons[断面潮流计算_0_1],0.0
cons[断面输入功率下限约束_0_1],0.0
cons[断面输入功率上限约束_0_1],0.0
cons[断面潮流计算_0_2],0.0
cons[断面输入功率下限约束_0_2],0.0
cons[断面输入功率上限约束_0_2],0.0
cons[断面潮流计算_0_3],0.0
cons[断面输入功率下限约束_0_3],0.0
cons[断面输入功率上限约束_0_3],0.0
cons[断面潮流计算_0_4],0.0
cons[断面输入功率下限约束_0_4],0.0
cons[断面输入功率上限约束_0_4],0.0
cons[断面潮流计算_0_5],0.0
cons[断面输入功率下限约束_0_5],0.0
cons[断面输入功率上限约束_0_5],0.0
cons[断面潮流计算_0_6],0.0
cons[断面输入功率下限约束_0_6],0.0
cons[断面输入功率上限约束_0_6],0.0
cons[断面潮流计算_0_7],0.0
cons[断面输入功率下限约束_0_7],0.0
cons[断面输入功率上限约束_0_7],0.0
cons[断面潮流计算_0_8],0.0
cons[断面输入功率下限约束_0_8],0.0
cons[断面输入功率上限约束_0_8],0.0
cons[断面潮流计算_0_9],0.0
cons[断面输入功率下限约束_0_9],0.0
cons[断面输入功率上限约束_0_9],0.0
cons[断面潮流计算_0_10],0.0
cons[断面输入功率下限约束_0_10],0.0
cons[断面输入功率上限约束_0_10],0.0
cons[断面潮流计算_0_11],0.0
cons[断面输入功率下限约束_0_11],0.0
cons[断面输入功率上限约束_0_11],0.0
cons[断面潮流计算_0_12],0.0
cons[断面输入功率下限约束_0_12],0.0
cons[断面输入功率上限约束_0_12],0.0
cons[断面潮流计算_0_13],0.0
cons[断面输入功率下限约束_0_13],0.0
cons[断面输入功率上限约束_0_13],0.0
cons[断面潮流计算_0_14],0.0
cons[断面输入功率下限约束_0_14],0.0
cons[断面输入功率上限约束_0_14],0.0
cons[断面潮流计算_0_15],0.0
cons[断面输入功率下限约束_0_15],0.0
cons[断面输入功率上限约束_0_15],0.0
cons[断面潮流计算_0_16],0.0
cons[断面输入功率下限约束_0_16],0.0
cons[断面输入功率上限约束_0_16],0.0
cons[断面潮流计算_0_17],0.0
cons[断面输入功率下限约束_0_17],0.0
cons[断面输入功率上限约束_0_17],0.0
cons[断面潮流计算_0_18],0.0
cons[断面输入功率下限约束_0_18],0.0
cons[断面输入功率上限约束_0_18],0.0
cons[断面潮流计算_0_19],0.0
cons[断面输入功率下限约束_0_19],0.0
cons[断面输入功率上限约束_0_19],0.0
cons[断面潮流计算_0_20],0.0
cons[断面输入功率下限约束_0_20],0.0
cons[断面输入功率上限约束_0_20],0.0
cons[断面潮流计算_0_21],0.0
cons[断面输入功率下限约束_0_21],0.0
cons[断面输入功率上限约束_0_21],0.0
cons[断面潮流计算_0_22],0.0
cons[断面输入功率下限约束_0_22],0.0
cons[断面输入功率上限约束_0_22],0.0
cons[断面潮流计算_0_23],0.0
cons[断面输入功率下限约束_0_23],0.0
cons[断面输入功率上限约束_0_23],0.0
cons[断面潮流计算_0_24],0.0
cons[断面输入功率下限约束_0_24],0.0
cons[断面输入功率上限约束_0_24],0.0
cons[断面潮流计算_0_25],0.0
cons[断面输入功率下限约束_0_25],0.0
cons[断面输入功率上限约束_0_25],0.0
cons[断面潮流计算_0_26],0.0
cons[断面输入功率下限约束_0_26],0.0
cons[断面输入功率上限约束_0_26],0.0
cons[断面潮流计算_0_27],0.0
cons[断面输入功率下限约束_0_27],0.0
cons[断面输入功率上限约束_0_27],0.0
cons[断面潮流计算_0_28],0.0
cons[断面输入功率下限约束_0_28],0.0
cons[断面输入功率上限约束_0_28],0.0
cons[断面潮流计算_0_29],0.0
cons[断面输入功率下限约束_0_29],0.0
cons[断面输入功率上限约束_0_29],0.0
cons[断面潮流计算_0_30],0.0
cons[断面输入功率下限约束_0_30],0.0
cons[断面输入功率上限约束_0_30],0.0
cons[断面潮流计算_0_31],0.0
cons[断面输入功率下限约束_0_31],0.0
cons[断面输入功率上限约束_0_31],0.0
cons[断面潮流计算_0_32],0.0
cons[断面输入功率下限约束_0_32],0.0
cons[断面输入功率上限约束_0_32],0.0
cons[断面潮流计算_0_33],0.0
cons[断面输入功率下限约束_0_33],0.0
cons[断面输入功率上限约束_0_33],0.0
cons[断面潮流计算_0_34],0.0
cons[断面输入功率下限约束_0_34],0.0
cons[断面输入功率上限约束_0_34],0.0
cons[断面潮流计算_0_35],0.0
cons[断面输入功率下限约束_0_35],0.0
cons[断面输入功率上限约束_0_35],0.0
cons[断面潮流计算_0_36],0.0
cons[断面输入功率下限约束_0_36],0.0
cons[断面输入功率上限约束_0_36],0.0
cons[断面潮流计算_0_37],0.0
cons[断面输入功率下限约束_0_37],0.0
cons[断面输入功率上限约束_0_37],0.0
cons[断面潮流计算_0_38],0.0
cons[断面输入功率下限约束_0_38],0.0
cons[断面输入功率上限约束_0_38],0.0
cons[断面潮流计算_0_39],0.0
cons[断面输入功率下限约束_0_39],0.0
cons[断面输入功率上限约束_0_39],0.0
cons[断面潮流计算_0_40],0.0
cons[断面输入功率下限约束_0_40],0.0
cons[断面输入功率上限约束_0_40],0.0
cons[断面潮流计算_0_41],0.0
cons[断面输入功率下限约束_0_41],0.0
cons[断面输入功率上限约束_0_41],0.0
cons[断面潮流计算_0_42],0.0
cons[断面输入功率下限约束_0_42],0.0
cons[断面输入功率上限约束_0_42],0.0
cons[断面潮流计算_0_43],0.0
cons[断面输入功率下限约束_0_43],0.0
cons[断面输入功率上限约束_0_43],0.0
cons[断面潮流计算_0_44],0.0
cons[断面输入功率下限约束_0_44],0.0
cons[断面输入功率上限约束_0_44],0.0
cons[断面潮流计算_0_45],0.0
cons[断面输入功率下限约束_0_45],0.0
cons[断面输入功率上限约束_0_45],0.0
cons[断面潮流计算_0_46],0.0
cons[断面输入功率下限约束_0_46],0.0
cons[断面输入功率上限约束_0_46],0.0
cons[断面潮流计算_0_47],0.0
cons[断面输入功率下限约束_0_47],0.0
cons[断面输入功率上限约束_0_47],0.0
cons[断面潮流计算_0_48],0.0
cons[断面输入功率下限约束_0_48],0.0
cons[断面输入功率上限约束_0_48],0.0
cons[断面潮流计算_0_49],0.0
cons[断面输入功率下限约束_0_49],0.0
cons[断面输入功率上限约束_0_49],0.0
cons[断面潮流计算_0_50],0.0
cons[断面输入功率下限约束_0_50],0.0
cons[断面输入功率上限约束_0_50],0.0
cons[断面潮流计算_0_51],0.0
cons[断面输入功率下限约束_0_51],0.0
cons[断面输入功率上限约束_0_51],0.0
cons[断面潮流计算_0_52],0.0
cons[断面输入功率下限约束_0_52],0.0
cons[断面输入功率上限约束_0_52],0.0
cons[断面潮流计算_0_53],0.0
cons[断面输入功率下限约束_0_53],0.0
cons[断面输入功率上限约束_0_53],0.0
cons[断面潮流计算_0_54],0.0
cons[断面输入功率下限约束_0_54],0.0
cons[断面输入功率上限约束_0_54],0.0
cons[断面潮流计算_0_55],0.0
cons[断面输入功率下限约束_0_55],0.0
cons[断面输入功率上限约束_0_55],0.0
cons[断面潮流计算_0_56],0.0
cons[断面输入功率下限约束_0_56],0.0
cons[断面输入功率上限约束_0_56],0.0
cons[断面潮流计算_0_57],0.0
cons[断面输入功率下限约束_0_57],0.0
cons[断面输入功率上限约束_0_57],0.0
cons[断面潮流计算_0_58],0.0
cons[断面输入功率下限约束_0_58],0.0
cons[断面输入功率上限约束_0_58],0.0
cons[断面潮流计算_0_59],0.0
cons[断面输入功率下限约束_0_59],0.0
cons[断面输入功率上限约束_0_59],0.0
cons[断面潮流计算_0_60],0.0
cons[断面输入功率下限约束_0_60],0.0
cons[断面输入功率上限约束_0_60],0.0
cons[断面潮流计算_0_61],0.0
cons[断面输入功率下限约束_0_61],0.0
cons[断面输入功率上限约束_0_61],0.0
cons[断面潮流计算_0_62],0.0
cons[断面输入功率下限约束_0_62],0.0
cons[断面输入功率上限约束_0_62],0.0
cons[断面潮流计算_0_63],0.0
cons[断面输入功率下限约束_0_63],0.0
cons[断面输入功率上限约束_0_63],0.0
cons[断面潮流计算_0_64],0.0
cons[断面输入功率下限约束_0_64],0.0
cons[断面输入功率上限约束_0_64],0.0
cons[断面潮流计算_0_65],0.0
cons[断面输入功率下限约束_0_65],0.0
cons[断面输入功率上限约束_0_65],0.0
cons[断面潮流计算_0_66],0.0
cons[断面输入功率下限约束_0_66],0.0
cons[断面输入功率上限约束_0_66],0.0
cons[断面潮流计算_0_67],0.0
cons[断面输入功率下限约束_0_67],0.0
cons[断面输入功率上限约束_0_67],0.0
cons[断面潮流计算_0_68],0.0
cons[断面输入功率下限约束_0_68],0.0
cons[断面输入功率上限约束_0_68],0.0
cons[断面潮流计算_0_69],0.0
cons[断面输入功率下限约束_0_69],0.0
cons[断面输入功率上限约束_0_69],0.0
cons[断面潮流计算_0_70],0.0
cons[断面输入功率下限约束_0_70],0.0
cons[断面输入功率上限约束_0_70],0.0
cons[断面潮流计算_0_71],0.0
cons[断面输入功率下限约束_0_71],0.0
cons[断面输入功率上限约束_0_71],0.0
cons[断面潮流计算_0_72],0.0
cons[断面输入功率下限约束_0_72],0.0
cons[断面输入功率上限约束_0_72],0.0
cons[断面潮流计算_0_73],0.0
cons[断面输入功率下限约束_0_73],0.0
cons[断面输入功率上限约束_0_73],0.0
cons[断面潮流计算_0_74],0.0
cons[断面输入功率下限约束_0_74],0.0
cons[断面输入功率上限约束_0_74],0.0
cons[断面潮流计算_0_75],0.0
cons[断面输入功率下限约束_0_75],0.0
cons[断面输入功率上限约束_0_75],0.0
cons[断面潮流计算_0_76],0.0
cons[断面输入功率下限约束_0_76],0.0
cons[断面输入功率上限约束_0_76],0.0
cons[断面潮流计算_0_77],0.0
cons[断面输入功率下限约束_0_77],0.0
cons[断面输入功率上限约束_0_77],0.0
cons[断面潮流计算_0_78],0.0
cons[断面输入功率下限约束_0_78],0.0
cons[断面输入功率上限约束_0_78],0.0
cons[断面潮流计算_0_79],0.0
cons[断面输入功率下限约束_0_79],0.0
cons[断面输入功率上限约束_0_79],0.0
cons[断面潮流计算_0_80],0.0
cons[断面输入功率下限约束_0_80],0.0
cons[断面输入功率上限约束_0_80],0.0
cons[断面潮流计算_0_81],0.0
cons[断面输入功率下限约束_0_81],0.0
cons[断面输入功率上限约束_0_81],0.0
cons[断面潮流计算_0_82],0.0
cons[断面输入功率下限约束_0_82],0.0
cons[断面输入功率上限约束_0_82],0.0
cons[断面潮流计算_0_83],0.0
cons[断面输入功率下限约束_0_83],0.0
cons[断面输入功率上限约束_0_83],0.0
cons[断面潮流计算_0_84],0.0
cons[断面输入功率下限约束_0_84],0.0
cons[断面输入功率上限约束_0_84],0.0
cons[断面潮流计算_0_85],0.0
cons[断面输入功率下限约束_0_85],0.0
cons[断面输入功率上限约束_0_85],0.0
cons[断面潮流计算_0_86],0.0
cons[断面输入功率下限约束_0_86],0.0
cons[断面输入功率上限约束_0_86],0.0
cons[断面潮流计算_0_87],0.0
cons[断面输入功率下限约束_0_87],0.0
cons[断面输入功率上限约束_0_87],0.0
cons[断面潮流计算_0_88],0.0
cons[断面输入功率下限约束_0_88],0.0
cons[断面输入功率上限约束_0_88],0.0
cons[断面潮流计算_0_89],0.0
cons[断面输入功率下限约束_0_89],0.0
cons[断面输入功率上限约束_0_89],0.0
cons[断面潮流计算_0_90],0.0
cons[断面输入功率下限约束_0_90],0.0
cons[断面输入功率上限约束_0_90],0.0
cons[断面潮流计算_0_91],0.0
cons[断面输入功率下限约束_0_91],0.0
cons[断面输入功率上限约束_0_91],0.0
cons[断面潮流计算_0_92],0.0
cons[断面输入功率下限约束_0_92],0.0
cons[断面输入功率上限约束_0_92],0.0
cons[断面潮流计算_0_93],0.0
cons[断面输入功率下限约束_0_93],0.0
cons[断面输入功率上限约束_0_93],0.0
cons[断面潮流计算_0_94],0.0
cons[断面输入功率下限约束_0_94],0.0
cons[断面输入功率上限约束_0_94],0.0
cons[断面潮流计算_0_95],0.0
cons[断面输入功率下限约束_0_95],0.0
cons[断面输入功率上限约束_0_95],0.0
cons[断面潮流计算_1_0],0.0
cons[断面输入功率下限约束_1_0],0.0
cons[断面输入功率上限约束_1_0],0.0
cons[断面潮流计算_1_1],0.0
cons[断面输入功率下限约束_1_1],0.0
cons[断面输入功率上限约束_1_1],0.0
cons[断面潮流计算_1_2],0.0
cons[断面输入功率下限约束_1_2],0.0
cons[断面输入功率上限约束_1_2],0.0
cons[断面潮流计算_1_3],0.0
cons[断面输入功率下限约束_1_3],0.0
cons[断面输入功率上限约束_1_3],0.0
cons[断面潮流计算_1_4],0.0
cons[断面输入功率下限约束_1_4],0.0
cons[断面输入功率上限约束_1_4],0.0
cons[断面潮流计算_1_5],0.0
cons[断面输入功率下限约束_1_5],0.0
cons[断面输入功率上限约束_1_5],0.0
cons[断面潮流计算_1_6],0.0
cons[断面输入功率下限约束_1_6],0.0
cons[断面输入功率上限约束_1_6],0.0
cons[断面潮流计算_1_7],0.0
cons[断面输入功率下限约束_1_7],0.0
cons[断面输入功率上限约束_1_7],0.0
cons[断面潮流计算_1_8],0.0
cons[断面输入功率下限约束_1_8],0.0
cons[断面输入功率上限约束_1_8],0.0
cons[断面潮流计算_1_9],0.0
cons[断面输入功率下限约束_1_9],0.0
cons[断面输入功率上限约束_1_9],0.0
cons[断面潮流计算_1_10],0.0
cons[断面输入功率下限约束_1_10],0.0
cons[断面输入功率上限约束_1_10],0.0
cons[断面潮流计算_1_11],0.0
cons[断面输入功率下限约束_1_11],0.0
cons[断面输入功率上限约束_1_11],0.0
cons[断面潮流计算_1_12],0.0
cons[断面输入功率下限约束_1_12],0.0
cons[断面输入功率上限约束_1_12],0.0
cons[断面潮流计算_1_13],0.0
cons[断面输入功率下限约束_1_13],0.0
cons[断面输入功率上限约束_1_13],0.0
cons[断面潮流计算_1_14],0.0
cons[断面输入功率下限约束_1_14],0.0
cons[断面输入功率上限约束_1_14],0.0
cons[断面潮流计算_1_15],0.0
cons[断面输入功率下限约束_1_15],0.0
cons[断面输入功率上限约束_1_15],0.0
cons[断面潮流计算_1_16],0.0
cons[断面输入功率下限约束_1_16],0.0
cons[断面输入功率上限约束_1_16],0.0
cons[断面潮流计算_1_17],0.0
cons[断面输入功率下限约束_1_17],0.0
cons[断面输入功率上限约束_1_17],0.0
cons[断面潮流计算_1_18],0.0
cons[断面输入功率下限约束_1_18],0.0
cons[断面输入功率上限约束_1_18],0.0
cons[断面潮流计算_1_19],0.0
cons[断面输入功率下限约束_1_19],0.0
cons[断面输入功率上限约束_1_19],0.0
cons[断面潮流计算_1_20],0.0
cons[断面输入功率下限约束_1_20],0.0
cons[断面输入功率上限约束_1_20],0.0
cons[断面潮流计算_1_21],0.0
cons[断面输入功率下限约束_1_21],0.0
cons[断面输入功率上限约束_1_21],0.0
cons[断面潮流计算_1_22],0.0
cons[断面输入功率下限约束_1_22],0.0
cons[断面输入功率上限约束_1_22],0.0
cons[断面潮流计算_1_23],0.0
cons[断面输入功率下限约束_1_23],0.0
cons[断面输入功率上限约束_1_23],0.0
cons[断面潮流计算_1_24],0.0
cons[断面输入功率下限约束_1_24],0.0
cons[断面输入功率上限约束_1_24],0.0
cons[断面潮流计算_1_25],0.0
cons[断面输入功率下限约束_1_25],0.0
cons[断面输入功率上限约束_1_25],0.0
cons[断面潮流计算_1_26],0.0
cons[断面输入功率下限约束_1_26],0.0
cons[断面输入功率上限约束_1_26],0.0
cons[断面潮流计算_1_27],0.0
cons[断面输入功率下限约束_1_27],0.0
cons[断面输入功率上限约束_1_27],0.0
cons[断面潮流计算_1_28],0.0
cons[断面输入功率下限约束_1_28],0.0
cons[断面输入功率上限约束_1_28],0.0
cons[断面潮流计算_1_29],0.0
cons[断面输入功率下限约束_1_29],0.0
cons[断面输入功率上限约束_1_29],0.0
cons[断面潮流计算_1_30],0.0
cons[断面输入功率下限约束_1_30],0.0
cons[断面输入功率上限约束_1_30],0.0
cons[断面潮流计算_1_31],0.0
cons[断面输入功率下限约束_1_31],0.0
cons[断面输入功率上限约束_1_31],0.0
cons[断面潮流计算_1_32],0.0
cons[断面输入功率下限约束_1_32],0.0
cons[断面输入功率上限约束_1_32],0.0
cons[断面潮流计算_1_33],0.0
cons[断面输入功率下限约束_1_33],0.0
cons[断面输入功率上限约束_1_33],0.0
cons[断面潮流计算_1_34],0.0
cons[断面输入功率下限约束_1_34],0.0
cons[断面输入功率上限约束_1_34],0.0
cons[断面潮流计算_1_35],0.0
cons[断面输入功率下限约束_1_35],0.0
cons[断面输入功率上限约束_1_35],0.0
cons[断面潮流计算_1_36],0.0
cons[断面输入功率下限约束_1_36],0.0
cons[断面输入功率上限约束_1_36],0.0
cons[断面潮流计算_1_37],0.0
cons[断面输入功率下限约束_1_37],0.0
cons[断面输入功率上限约束_1_37],0.0
cons[断面潮流计算_1_38],0.0
cons[断面输入功率下限约束_1_38],0.0
cons[断面输入功率上限约束_1_38],0.0
cons[断面潮流计算_1_39],0.0
cons[断面输入功率下限约束_1_39],0.0
cons[断面输入功率上限约束_1_39],0.0
cons[断面潮流计算_1_40],0.0
cons[断面输入功率下限约束_1_40],0.0
cons[断面输入功率上限约束_1_40],0.0
cons[断面潮流计算_1_41],0.0
cons[断面输入功率下限约束_1_41],0.0
cons[断面输入功率上限约束_1_41],0.0
cons[断面潮流计算_1_42],0.0
cons[断面输入功率下限约束_1_42],0.0
cons[断面输入功率上限约束_1_42],0.0
cons[断面潮流计算_1_43],0.0
cons[断面输入功率下限约束_1_43],0.0
cons[断面输入功率上限约束_1_43],0.0
cons[断面潮流计算_1_44],0.0
cons[断面输入功率下限约束_1_44],0.0
cons[断面输入功率上限约束_1_44],0.0
cons[断面潮流计算_1_45],0.0
cons[断面输入功率下限约束_1_45],0.0
cons[断面输入功率上限约束_1_45],0.0
cons[断面潮流计算_1_46],0.0
cons[断面输入功率下限约束_1_46],0.0
cons[断面输入功率上限约束_1_46],0.0
cons[断面潮流计算_1_47],0.0
cons[断面输入功率下限约束_1_47],0.0
cons[断面输入功率上限约束_1_47],0.0
cons[断面潮流计算_1_48],0.0
cons[断面输入功率下限约束_1_48],0.0
cons[断面输入功率上限约束_1_48],0.0
cons[断面潮流计算_1_49],0.0
cons[断面输入功率下限约束_1_49],0.0
cons[断面输入功率上限约束_1_49],0.0
cons[断面潮流计算_1_50],0.0
cons[断面输入功率下限约束_1_50],0.0
cons[断面输入功率上限约束_1_50],0.0
cons[断面潮流计算_1_51],0.0
cons[断面输入功率下限约束_1_51],0.0
cons[断面输入功率上限约束_1_51],0.0
cons[断面潮流计算_1_52],0.0
cons[断面输入功率下限约束_1_52],0.0
cons[断面输入功率上限约束_1_52],0.0
cons[断面潮流计算_1_53],0.0
cons[断面输入功率下限约束_1_53],0.0
cons[断面输入功率上限约束_1_53],0.0
cons[断面潮流计算_1_54],0.0
cons[断面输入功率下限约束_1_54],0.0
cons[断面输入功率上限约束_1_54],0.0
cons[断面潮流计算_1_55],0.0
cons[断面输入功率下限约束_1_55],0.0
cons[断面输入功率上限约束_1_55],0.0
cons[断面潮流计算_1_56],0.0
cons[断面输入功率下限约束_1_56],0.0
cons[断面输入功率上限约束_1_56],0.0
cons[断面潮流计算_1_57],0.0
cons[断面输入功率下限约束_1_57],0.0
cons[断面输入功率上限约束_1_57],0.0
cons[断面潮流计算_1_58],0.0
cons[断面输入功率下限约束_1_58],0.0
cons[断面输入功率上限约束_1_58],0.0
cons[断面潮流计算_1_59],0.0
cons[断面输入功率下限约束_1_59],0.0
cons[断面输入功率上限约束_1_59],0.0
cons[断面潮流计算_1_60],0.0
cons[断面输入功率下限约束_1_60],0.0
cons[断面输入功率上限约束_1_60],0.0
cons[断面潮流计算_1_61],0.0
cons[断面输入功率下限约束_1_61],0.0
cons[断面输入功率上限约束_1_61],0.0
cons[断面潮流计算_1_62],0.0
cons[断面输入功率下限约束_1_62],0.0
cons[断面输入功率上限约束_1_62],0.0
cons[断面潮流计算_1_63],0.0
cons[断面输入功率下限约束_1_63],0.0
cons[断面输入功率上限约束_1_63],0.0
cons[断面潮流计算_1_64],0.0
cons[断面输入功率下限约束_1_64],0.0
cons[断面输入功率上限约束_1_64],0.0
cons[断面潮流计算_1_65],0.0
cons[断面输入功率下限约束_1_65],0.0
cons[断面输入功率上限约束_1_65],0.0
cons[断面潮流计算_1_66],0.0
cons[断面输入功率下限约束_1_66],0.0
cons[断面输入功率上限约束_1_66],0.0
cons[断面潮流计算_1_67],0.0
cons[断面输入功率下限约束_1_67],0.0
cons[断面输入功率上限约束_1_67],0.0
cons[断面潮流计算_1_68],0.0
cons[断面输入功率下限约束_1_68],0.0
cons[断面输入功率上限约束_1_68],0.0
cons[断面潮流计算_1_69],0.0
cons[断面输入功率下限约束_1_69],0.0
cons[断面输入功率上限约束_1_69],0.0
cons[断面潮流计算_1_70],0.0
cons[断面输入功率下限约束_1_70],0.0
cons[断面输入功率上限约束_1_70],0.0
cons[断面潮流计算_1_71],0.0
cons[断面输入功率下限约束_1_71],0.0
cons[断面输入功率上限约束_1_71],0.0
cons[断面潮流计算_1_72],0.0
cons[断面输入功率下限约束_1_72],0.0
cons[断面输入功率上限约束_1_72],0.0
cons[断面潮流计算_1_73],0.0
cons[断面输入功率下限约束_1_73],0.0
cons[断面输入功率上限约束_1_73],0.0
cons[断面潮流计算_1_74],0.0
cons[断面输入功率下限约束_1_74],0.0
cons[断面输入功率上限约束_1_74],0.0
cons[断面潮流计算_1_75],0.0
cons[断面输入功率下限约束_1_75],0.0
cons[断面输入功率上限约束_1_75],0.0
cons[断面潮流计算_1_76],0.0
cons[断面输入功率下限约束_1_76],0.0
cons[断面输入功率上限约束_1_76],0.0
cons[断面潮流计算_1_77],0.0
cons[断面输入功率下限约束_1_77],0.0
cons[断面输入功率上限约束_1_77],0.0
cons[断面潮流计算_1_78],0.0
cons[断面输入功率下限约束_1_78],0.0
cons[断面输入功率上限约束_1_78],0.0
cons[断面潮流计算_1_79],0.0
cons[断面输入功率下限约束_1_79],0.0
cons[断面输入功率上限约束_1_79],0.0
cons[断面潮流计算_1_80],0.0
cons[断面输入功率下限约束_1_80],0.0
cons[断面输入功率上限约束_1_80],0.0
cons[断面潮流计算_1_81],0.0
cons[断面输入功率下限约束_1_81],0.0
cons[断面输入功率上限约束_1_81],0.0
cons[断面潮流计算_1_82],0.0
cons[断面输入功率下限约束_1_82],0.0
cons[断面输入功率上限约束_1_82],0.0
cons[断面潮流计算_1_83],0.0
cons[断面输入功率下限约束_1_83],0.0
cons[断面输入功率上限约束_1_83],0.0
cons[断面潮流计算_1_84],0.0
cons[断面输入功率下限约束_1_84],0.0
cons[断面输入功率上限约束_1_84],0.0
cons[断面潮流计算_1_85],0.0
cons[断面输入功率下限约束_1_85],0.0
cons[断面输入功率上限约束_1_85],0.0
cons[断面潮流计算_1_86],0.0
cons[断面输入功率下限约束_1_86],0.0
cons[断面输入功率上限约束_1_86],0.0
cons[断面潮流计算_1_87],0.0
cons[断面输入功率下限约束_1_87],0.0
cons[断面输入功率上限约束_1_87],0.0
cons[断面潮流计算_1_88],0.0
cons[断面输入功率下限约束_1_88],0.0
cons[断面输入功率上限约束_1_88],0.0
cons[断面潮流计算_1_89],0.0
cons[断面输入功率下限约束_1_89],0.0
cons[断面输入功率上限约束_1_89],0.0
cons[断面潮流计算_1_90],0.0
cons[断面输入功率下限约束_1_90],0.0
cons[断面输入功率上限约束_1_90],0.0
cons[断面潮流计算_1_91],0.0
cons[断面输入功率下限约束_1_91],0.0
cons[断面输入功率上限约束_1_91],0.0
cons[断面潮流计算_1_92],0.0
cons[断面输入功率下限约束_1_92],0.0
cons[断面输入功率上限约束_1_92],0.0
cons[断面潮流计算_1_93],0.0
cons[断面输入功率下限约束_1_93],0.0
cons[断面输入功率上限约束_1_93],0.0
cons[断面潮流计算_1_94],0.0
cons[断面输入功率下限约束_1_94],0.0
cons[断面输入功率上限约束_1_94],0.0
cons[断面潮流计算_1_95],0.0
cons[断面输入功率下限约束_1_95],0.0
cons[断面输入功率上限约束_1_95],0.0
